32.6816976106991	713.674987792969
35.6535599501435	713.804992675781
38.6244374909659	713.755004882813
41.5943306947054	713.585021972656
44.5632400226282	713.724975585938
47.5311659356917	713.905029296875
50.4981088945929	713.534973144531
53.4640693597127	713.804992675781
56.4290477911676	713.719970703125
59.3930446487746	713.695007324219
62.356060392067	713.684997558594
65.3180954802906	713.755004882813
68.2791503724084	713.724975585938
71.2392255270922	713.75
74.1983214027271	713.594970703125
77.1564384574159	713.849975585938
80.113577148983	713.715026855469
83.0697379349549	713.780029296875
86.0249212725722	713.679992675781
88.9791276188058	713.554992675781
91.9323574303255	713.820007324219
94.8846111635238	713.710021972656
97.8358892745121	713.994995117188
100.786192219114	713.875
103.73552045287	713.965026855469
106.683874431037	713.799987792969
109.631254608583	714.195007324219
112.577661440203	714
115.523095380307	714.195007324219
118.467556883015	714.465026855469
121.411046402175	715.10498046875
124.353564391344	716.054992675781
127.295111303796	717.630004882813
130.235687592532	720.924987792969
133.175293710265	725.965026855469
136.113930109434	733.875
139.051597242185	745.344970703125
141.98829556039	758.765014648438
144.92402551564	773.469970703125
147.858787559244	789.609985351563
150.792582142239	804.664978027344
153.725409715372	818.385009765625
156.65727072911	826.965026855469
159.588165633643	834.650024414063
162.518094878884	837.445007324219
165.447058914469	839.059997558594
168.375058189747	839.705017089844
171.302093153792	838.549987792969
174.228164255401	837.815002441406
177.153271943091	838.539978027344
180.077416665101	838.39501953125
183.000598869394	838.25
185.922819003656	837.89501953125
188.84407751529	840.695007324219
191.764374851424	840.525024414063
194.683711458919	841.515014648438
197.60208778434	844.320007324219
200.519504273992	847.440002441406
203.435961373894	851.554992675781
206.351459529801	856
209.265999187174	862.080017089844
212.179580791207	869.75
215.092204786825	876.52001953125
218.003871618673	882.054992675781
220.914581731116	888.205017089844
223.824335568247	894.969970703125
226.733133573893	901.25
229.640976191593	904.284973144531
232.547863864614	905.155029296875
235.453797035961	908.690002441406
238.358776148354	910.309997558594
241.26280164424	909.25
244.1658739658	905.700012207031
247.067993554929	903.130004882813
249.969160853266	904.835021972656
252.869376302162	904.455017089844
255.768640342707	902.72998046875
258.666953415705	899.309997558594
261.564315961705	897.130004882813
264.46072842097	895.739990234375
267.356191233499	893.719970703125
270.25070483901	890.945007324219
273.144269676967	891.650024414063
276.036886186551	889.375
278.928554806671	888.914978027344
281.819275975966	888.755004882813
284.709050132812	886.825012207031
287.597877715306	885.409973144531
290.485759161281	886.075012207031
293.372694908298	884.674987792969
296.258685393644	884.090026855469
299.143731054352	884.655029296875
302.027832327156	884.669982910156
304.910989648557	881.599975585938
307.79320345476	878.280029296875
310.674474181717	877.570007324219
313.554802265101	880.385009765625
316.434188140326	882.380004882813
319.312632242533	882.164978027344
322.190135006593	881.64501953125
325.066696867117	881.265014648438
327.942318258443	879.619995117188
330.816999614641	878.150024414063
333.690741369517	878.320007324219
336.56354395661	876.794982910156
339.435407809193	875.929992675781
342.306333360273	875.630004882813
345.176321042591	876.405029296875
348.045371288612	875.35498046875
350.913484530551	873.875
353.78066120035	874.070007324219
356.64690172969	873.10498046875
359.512206549972	872.094970703125
362.376576092357	868.945007324219
365.240010787716	866.890014648438
368.102511066677	865.510009765625
370.964077359587	862.934997558594
373.82471009654	861.599975585938
376.684409707364	860.530029296875
379.543176621612	859.090026855469
382.401011268595	857.859985351563
385.257914077343	858.030029296875
388.113885476627	859.864990234375
390.968925894961	858.830017089844
393.823035760591	858.505004882813
396.676215501503	862.325012207031
399.528465545415	862.799987792969
402.379786319791	866.299987792969
405.230178251834	870.239990234375
408.079641768472	871.869995117188
410.928177296387	872.14501953125
413.775785261992	872.059997558594
416.622466091445	875.015014648438
419.468220210631	875.017517089844
422.313048045182	875.02001953125
425.156950020479	875.859985351563
427.999926561623	875.330017089844
430.841978093471	874.065002441406
433.683105040613	872.869995117188
436.523307827384	871.190002441406
439.362586877851	869.705017089844
442.200942615829	869.549987792969
445.038375464876	867.690002441406
447.874885848283	866.75
450.710474189089	866.505004882813
453.54514091007	864.934997558594
456.37888643375	863.809997558594
459.211711182386	861.940002441406
462.043615577986	860.575012207031
464.874600042297	861.255004882813
467.704664996804	861.015014648438
470.533810862741	861.094970703125
473.36203806108	859.875
476.189347012547	858.715026855469
479.015738137594	858.14501953125
481.841211856432	859.955017089844
484.665768589008	861.14501953125
487.489408755009	861.005004882813
490.312132773878	862
493.133941064796	862.284973144531
495.954834046683	863.784973144531
498.77481213821	864.255004882813
501.593875757797	863.35498046875
504.412025323601	862.809997558594
507.229261253524	860.505004882813
510.045583965226	862.015014648438
512.860993876093	859.820007324219
515.675491403271	858.664978027344
518.489076963649	856.900024414063
521.301750973863	857.539978027344
524.113513850293	855.39501953125
526.924366009065	852.184997558594
529.734307866052	850.150024414063
532.543339836881	848.405029296875
535.35146233692	846.190002441406
538.158675781281	844.289978027344
540.964980584833	842.799987792969
543.770377162182	842.169982910156
546.574865927692	840.539978027344
549.378447295465	838.315002441406
552.181121679365	836.864990234375
554.982889492993	834.940002441406
557.783751149701	834.570007324219
560.583707062591	833.890014648438
563.38275764452	836.010009765625
566.180903308083	836.330017089844
568.978144465633	834.275024414063
571.774481529266	832.044982910156
574.569914910839	830.085021972656
577.364445021949	828.830017089844
580.158072273946	827.919982910156
582.950797077926	828.234985351563
585.742619844752	827.400024414063
588.533540985018	826.989990234375
591.323560909078	827.450012207031
594.112680027034	827.489990234375
596.90089874875	826.304992675781
599.688217483828	824.784973144531
602.474636641629	824.989990234375
605.260156631263	824.945007324219
608.044777861596	824.135009765625
610.828500741241	823.005004882813
613.611325678567	825.114990234375
616.393253081697	828.60498046875
619.174283358506	827.75
621.954416916616	828.655029296875
624.733654163414	828.775024414063
627.511995506029	828.299987792969
630.289441351351	827.059997558594
633.065992106022	825.109985351563
635.841648176434	824.669982910156
638.616409968744	825.775024414063
641.390277888847	826.090026855469
644.163252342408	825.474975585938
646.93533373484	825.760009765625
649.706522471307	825.344970703125
652.47681895674	825.349975585938
655.246223595811	824.505004882813
658.014736792957	823.289978027344
660.782358952371	823.880004882813
663.549090477999	822.205017089844
666.314931773542	822.195007324219
669.079883242452	824.054992675781
671.843945287955	824.205017089844
674.607118313019	824.234985351563
677.369402720366	823.825012207031
680.130798912488	822.905029296875
682.891307291627	822.525024414063
685.650928259784	823.700012207031
688.409662218708	823.119995117188
691.167509569927	821.744995117188
693.924470714705	821.299987792969
696.680546054078	821.140014648438
699.435735988832	822.5
702.190040919516	822.780029296875
704.943461246442	823.429992675781
707.695997369667	823.039978027344
710.447649689022	822.934997558594
713.198418604088	823.169982910156
715.948304514206	823.455017089844
718.697307818481	823.429992675781
721.445428915779	823.669982910156
724.192668204716	824.445007324219
726.93902608368	823.330017089844
729.684502950805	822.494995117188
732.429099204005	823.505004882813
735.172815240936	824.210021972656
737.915651459026	822.849975585938
740.657608255463	822.690002441406
743.398686027186	823.965026855469
746.13888517091	825.625
748.878206083102	827.35498046875
751.616649159998	828.744995117188
754.354214797584	829.330017089844
757.09090339162	829.469970703125
759.826715337622	829.864990234375
762.561651030868	830.64501953125
765.295710866406	828.719970703125
768.028895239041	826.460021972656
770.761204543336	822.724975585938
773.492639173626	820.309997558594
776.223199524006	820.099975585938
778.952885988334	819.515014648438
781.681698960235	818.244995117188
784.40963883309	818.260009765625
787.136706000052	818.905029296875
789.862900854037	819.215026855469
792.588223787721	819.380004882813
795.312675193549	818.369995117188
798.036255463728	817.984985351563
800.758964990228	818.02001953125
803.480804164792	820.505004882813
806.201773378919	820.015014648438
808.921873023884	821.719970703125
811.641103490712	822.744995117188
814.359465170214	825.184997558594
817.076958452946	828.054992675781
819.793583729246	832.025024414063
822.509341389214	836.325012207031
825.224231822712	841.090026855469
827.938255419375	844.150024414063
830.651412568596	845.590026855469
833.363703659544	846.75
836.075129081157	847.155029296875
838.785689222127	847.409973144531
841.495384470928	849.169982910156
844.204215215788	850.715026855469
846.912181844721	853.034973144531
849.619284745491	857.525024414063
852.325524305638	860.914978027344
855.030900912475	861.015014648438
857.735414953079	861.114990234375
860.439066814289	859.164978027344
863.141856882725	856.049987792969
865.843785544769	853.375
868.544853186571	852.015014648438
871.245060194063	850.875
873.944406952925	849.049987792969
876.642893848625	849.164978027344
879.340521266398	850.809997558594
882.037289591241	852.065002441406
884.733199207927	851.255004882813
887.428250501001	852.070007324219
890.122443854778	854.320007324219
892.815779653335	856.015014648438
895.508258280534	857.890014648438
898.199880119997	860.22998046875
900.890645555129	859.97998046875
903.580554969094	860.135009765625
906.269608744832	858.929992675781
908.957807265056	856.794982910156
911.645150912257	856.77001953125
914.331640068689	856.35498046875
917.017275116375	854.905029296875
919.702056437128	856.02001953125
922.385984412518	858.919982910156
925.069059423886	860.380004882813
927.751281852366	860.799987792969
930.432652078842	862.909973144531
933.113170483983	865.880004882813
935.79283744823	868.109985351563
938.471653351806	870.559997558594
941.149618574686	873.015014648438
943.826733496641	873.64501953125
946.502998497206	873.677490234375
949.178413955689	873.710021972656
951.85298025118	871.215026855469
954.526697762544	871.195007324219
957.199566868403	871.575012207031
959.87158794718	872.385009765625
962.542761377054	870.344970703125
965.213087535987	868.494995117188
967.882566801719	866.169982910156
970.551199551761	865.5
973.218986163399	863.695007324219
975.885927013698	862.390014648438
978.552022479501	862.684997558594
981.217272937423	863.635009765625
983.88167876386	864.875
986.545240334978	867.275024414063
989.207958026729	873.025024414063
991.869832214835	878.349975585938
994.530863274798	885.710021972656
997.191051581895	900.705017089844
999.850397511185	916.380004882813
1002.50890143751	931.544982910156
1005.16656373546	943.385009765625
1007.82338477944	944.554992675781
1010.47936494363	936.239990234375
1013.13450460195	922.815002441406
1015.78880412815	902.794982910156
1018.44226389572	887.715026855469
1021.09488427794	877.945007324219
1023.74666564789	873.869995117188
1026.3976083784	874.109985351563
1029.04771284208	876.905029296875
1031.69697941135	879.849975585938
1034.34540845838	881.369995117188
1036.99300035512	878.77001953125
1039.63975547333	878.835021972656
1042.28567418452	877.640014648438
1044.93075685998	877.530029296875
1047.57500387081	877.284973144531
1050.21841558786	880.47998046875
1052.86099238177	884.030029296875
1055.50273462297	888.679992675781
1058.14364268167	890.794982910156
1060.78371692784	891.97998046875
1063.42295773126	896.85498046875
1066.06136546148	902.739990234375
1068.69894048781	905.544982910156
1071.33568317939	904.849975585938
1073.9715939051	903.859985351563
1076.60667303362	898.635009765625
1079.24092093341	891.909973144531
1081.87433797271	889.929992675781
1084.50692451954	887.424987792969
1087.13868094172	884.234985351563
1089.76960760684	885.130004882813
1092.39970488226	883.27001953125
1095.02897313516	880.799987792969
1097.65741273246	878.885009765625
1100.28502404089	876.984985351563
1102.91180742697	876.919982910156
1105.53776325698	875.760009765625
1108.16289189701	874.344970703125
1110.78719371291	872.940002441406
1113.41066907033	872.919982910156
1116.0333183347	873.994995117188
1118.65514187124	875.924987792969
1121.27614004495	879.554992675781
1123.89631322061	881.344970703125
1126.51566176279	883.234985351563
1129.13418603585	882.460021972656
1131.75188640394	877.85498046875
1134.36876323098	871.469970703125
1136.98481688069	865.380004882813
1139.60004771655	858.159973144531
1142.21445610187	851.5
1144.82804239972	848.184997558594
1147.44080697295	846.799987792969
1150.05275018421	848.599975585938
1152.66387239593	849.85498046875
1155.27417397034	850.260009765625
1157.88365526943	850.065002441406
1160.49231665502	850.155029296875
1163.10015848867	850.244995117188
1165.70718113176	850.315002441406
1168.31338494544	852.224975585938
1170.91877029067	852.244995117188
1173.52333752817	852
1176.12708701847	851.510009765625
1178.73001912187	850.174987792969
1181.33213419848	849.260009765625
1183.93343260819	847.039978027344
1186.53391471068	845.460021972656
1189.13358086539	844.054992675781
1191.73243143161	845.820007324219
1194.33046676836	847.554992675781
1196.92768723449	850.950012207031
1199.52409318861	854.114990234375
1202.11968498915	858.614990234375
1204.7144629943	861.900024414063
1207.30842756206	865.424987792969
1209.90157905021	869.015014648438
1212.49391781634	869.405029296875
1215.08544421779	867.364990234375
1217.67615861174	865.835021972656
1220.26606135512	862.700012207031
1222.85515280468	861.97998046875
1225.44343331694	865.825012207031
1228.03090324823	869.565002441406
1230.61756295466	875.010009765625
1233.20341279213	879.664978027344
1235.78845311634	883.239990234375
1238.37268428278	886
1240.95610664673	888.094970703125
1243.53872056325	891.52001953125
1246.12052638722	891.445007324219
1248.70152447329	893.440002441406
1251.28171517591	895.125
1253.86109884934	894.094970703125
1256.43967584759	893.799987792969
1259.0174465245	895.715026855469
1261.5944112337	897.484985351563
1264.1705703286	897.669982910156
1266.74592416241	898.10498046875
1269.32047308814	896.97998046875
1271.89421745858	898.755004882813
1274.46715762633	897.549987792969
1277.03929394377	896.210021972656
1279.61062676308	896.364990234375
1282.18115643624	895.429992675781
1284.75088331502	894.77001953125
1287.31980775098	894.719970703125
1289.88793009548	891.815002441406
1292.45525069969	889.35498046875
1295.02176991454	889.789978027344
1297.58748809078	891.919982910156
1300.15240557897	893.099975585938
1302.71652272942	895.929992675781
1305.27983989229	899.190002441406
1307.84235741749	900.784973144531
1310.40407565475	902.039978027344
1312.9649949536	904.265014648438
1315.52511566335	908.539978027344
1318.08443813311	909.400024414063
1320.64296271181	909.625
1323.20068974815	908.955017089844
1325.75761959063	908.859985351563
1328.31375258756	911.510009765625
1330.86908908704	910.744995117188
1333.42362943696	913.609985351563
1335.97737398503	914.974975585938
1338.53032307874	912.375
1341.08247706537	912.150024414063
1343.63383629202	912.169982910156
1346.18440110558	909.695007324219
1348.73417185274	905.409973144531
1351.28314887997	898.294982910156
1353.83133253357	891.924987792969
1356.37872315961	889.010009765625
1358.92532110398	885.734985351563
1361.47112671237	879.909973144531
1364.01614033024	875.049987792969
1366.56036230288	870.284973144531
1369.10379297537	867.054992675781
1371.64643269258	864.125
1374.18828179921	860.679992675781
1376.72934063972	858.090026855469
1379.2696095584	856.284973144531
1381.80908889932	856.030029296875
1384.34777900637	856.494995117188
1386.88568022323	856.340026855469
1389.42279289337	857.005004882813
1391.95911736009	857.640014648438
1394.49465396645	857.349975585938
1397.02940305537	859.585021972656
1399.5633649695	858.994995117188
1402.09654005135	859.085021972656
1404.6289286432	861.674987792969
1407.16053108714	864.695007324219
1409.69134772507	866.070007324219
1412.22137889868	867.359985351563
1414.75062494947	867.864990234375
1417.27908621874	867.875
1419.80676304759	868.590026855469
1422.33365577692	870.155029296875
1424.85976474744	871.234985351563
1427.38509029967	873.025024414063
1429.90963277392	878.140014648438
1432.4333925103	884.109985351563
1434.95636984873	889.945007324219
1437.47856512894	897.094970703125
1439.99997869045	904.934997558594
1442.5206108726	911.919982910156
1445.04046201452	922.025024414063
1447.55953245515	930.284973144531
1450.07782253323	934.734985351563
1452.59533258731	936.650024414063
1455.11206295574	933.805053710938
1457.62801397668	930.960021972656
1460.14318598809	923.239990234375
1462.65757932774	918.309997558594
1465.1711943332	910.344970703125
1467.68403134184	898.679992675781
1470.19609069085	886.875
1472.70737271721	875.405029296875
1475.21787775772	863.034973144531
1477.72760614897	850.700012207031
1480.23655822738	839.409973144531
1482.74473432914	830.034973144531
1485.25213479029	821.609985351563
1487.75875994664	815.530029296875
1490.26461013382	810.335021972656
1492.76968568726	806.835021972656
1495.27398694222	804.599975585938
1497.77751423374	802.765014648438
1500.28026789667	802.059997558594
1502.78224826569	800.484985351563
1505.28345567526	799.359985351563
1507.78389045967	799.02001953125
1510.28355295299	798.215026855469
1512.78244348913	797.109985351563
1515.28056240178	797.614990234375
1517.77791002445	797.280029296875
1520.27448669047	796.815002441406
1522.77029273296	798.630004882813
1525.26532848486	798.434997558594
1527.75959427889	799.094970703125
1530.25309044764	800.369995117188
1532.74581732344	801.030029296875
1535.23777523847	801.400024414063
1537.72896452471	801.392517089844
1540.21938551394	801.385009765625
1542.70903853778	803.190002441406
1545.19792392761	807.085021972656
1547.68604201466	809.335021972656
1550.17339312997	812.049987792969
1552.65997760434	813.570007324219
1555.14579576845	815.034973144531
1557.63084795275	816.179992675781
1560.11513448749	816.080017089844
1562.59865570276	814.864990234375
1565.08141192845	815.945007324219
1567.56340349426	813.210021972656
1570.04463072969	812.830017089844
1572.52509396406	813.025024414063
1575.00479352652	813.505004882813
1577.48372974599	815.815002441406
1579.96190295124	818.02001953125
1582.43931347083	819.840026855469
1584.91596163314	821.804992675781
1587.39184776636	822.710021972656
1589.86697219849	822.575012207031
1592.34133525734	824.025024414063
1594.81493727054	825.570007324219
1597.28777856553	827
1599.75985946955	830.859985351563
1602.23118030968	836.64501953125
1604.70174141278	843.359985351563
1607.17154310555	846.905029296875
1609.64058571449	848.844970703125
1612.10886956591	848.900024414063
1614.57639498595	848.955017089844
1617.04316230054	846.260009765625
1619.50917183543	845.724975585938
1621.97442391621	845.135009765625
1624.43891886825	844.919982910156
1626.90265701674	843.890014648438
1629.36563868671	842.744995117188
1631.82786420296	842.27001953125
1634.28933389016	844.010009765625
1636.75004807274	847.715026855469
1639.21000707498	853.049987792969
1641.66921122097	859.760009765625
1644.12766083459	865.885009765625
1646.58535623956	871.64501953125
1649.04229775941	879.39501953125
1651.4984857175	884.330017089844
1653.95392043697	891.780029296875
1656.40860224079	896.049987792969
1658.86253145177	900.375
1661.3157083925	900.844970703125
1663.76813338542	902.914978027344
1666.21980675275	901.414978027344
1668.67072881656	897.460021972656
1671.1208998987	892.614990234375
1673.57032032089	888.510009765625
1676.0189904046	883.575012207031
1678.46691047118	875.549987792969
1680.91408084174	865.97998046875
1683.36050183726	857.679992675781
1685.8061737785	850.010009765625
1688.25109698605	841.35498046875
1690.69527178032	834.065002441406
1693.13869848153	826.215026855469
1695.58137740972	817.534973144531
1698.02330888476	810.340026855469
1700.46449322631	803.934997558594
1702.90493075388	799.325012207031
1705.34462178678	794.505004882813
1707.78356664414	790.445007324219
1710.22176564492	788.455017089844
1712.65921910787	785.905029296875
1715.0959273516	784.109985351563
1717.53189069449	781.835021972656
1719.9671094548	781.294982910156
1722.40158395054	780.130004882813
1724.8353144996	778.77001953125
1727.26830141965	777.575012207031
1729.70054502819	777.510009765625
1732.13204564255	777.320007324219
1734.56280357987	777.349975585938
1736.99281915711	776.130004882813
1739.42209269106	775.594970703125
1741.85062449831	775.510009765625
1744.27841489529	774.424987792969
1746.70546419823	774.085021972656
1749.13177272321	773.760009765625
1751.5573407861	773.7099609375
1753.98216870262	773.659973144531
1756.40625678828	773.890014648438
1758.82960535844	773.315002441406
1761.25221472825	773.10498046875
1763.67408521271	772.734985351563
1766.09521712663	772.570007324219
1768.51561078464	772.304992675781
1770.93526650119	772.859985351563
1773.35418459056	772.474975585938
1775.77236536684	772.739990234375
1778.18980914396	771.969970703125
1780.60651623565	771.594970703125
1783.02248695548	771.552490234375
1785.43772161684	771.510009765625
1787.85222053292	771.054992675781
1790.26598401677	771.494995117188
1792.67901238123	770.695007324219
1795.09130593899	769.840026855469
1797.50286500254	769.864990234375
1799.9136898842	769.679992675781
1802.32378089613	769.6875
1804.73313835028	769.695007324219
1807.14176255846	769.640014648438
1809.54965383228	769.460021972656
1811.95681248317	768.934997558594
1814.36323882242	768.909973144531
1816.76893316109	768.85498046875
1819.17389581011	769.330017089844
1821.57812708021	769.219970703125
1823.98162728196	768.869995117188
1826.38439672573	768.799987792969
1828.78643572174	768.265014648438
1831.18774458003	768.77001953125
1833.58832361045	767.630004882813
1835.98817312269	767.835021972656
1838.38729342625	768.044982910156
1840.78568483048	768.349975585938
1843.18334764454	768.505004882813
1845.58028217741	768.659973144531
1847.9764887379	767.049987792969
1850.37196763465	767.140014648438
1852.76671917613	767.705017089844
1855.16074367062	768.575012207031
1857.55404142624	768.085021972656
1859.94661275094	767.85498046875
1862.33845795247	767.039978027344
1864.72957733844	767.335021972656
1867.11997121627	767.205017089844
1869.5096398932	767.630004882813
1871.89858367631	767.635009765625
1874.28680287251	767.640014648438
1876.67429778851	767.210021972656
1879.06106873089	767.664978027344
1881.44711600601	768.575012207031
1883.8324399201	766.445007324219
1886.21704077919	766.960021972656
1888.60091888915	767.025024414063
1890.98407455567	767.265014648438
1893.36650808428	767.267517089844
1895.74821978033	767.27001953125
1898.12920994899	767.297485351563
1900.50947889527	767.325012207031
1902.88902692401	766.929992675781
1905.26785433986	766.949951171875
1907.64596144734	766.969970703125
1910.02334855075	766.799987792969
1912.40001595424	767.330017089844
1914.7759639618	767.320007324219
1917.15119287724	767.214965820313
1919.52570300419	767.109985351563
1921.89949464611	767.635009765625
1924.27256810632	767.652465820313
1926.64492368793	767.669982910156
1929.0165616939	767.150024414063
1931.38748242701	767.559997558594
1933.75768618989	767.864990234375
1936.12717328497	767.059997558594
1938.49594401455	767.580017089844
1940.86399868071	767.489990234375
1943.23133758541	767.400024414063
1945.5979610304	767.549987792969
1947.96386931729	767.5
1950.32906274751	767.169982910156
1952.69354162232	767.445007324219
1955.0573062428	767.614990234375
1957.42035690989	767.315002441406
1959.78269392434	766.864990234375
1962.14431758673	767.109985351563
1964.50522819748	767.025024414063
1966.86542605684	767.554992675781
1969.22491146488	767.552490234375
1971.58368472153	767.549987792969
1973.94174612654	767.174987792969
1976.29909597945	767.200012207031
1978.65573457971	767.530029296875
1981.01166222654	767.284973144531
1983.36687921902	767.429992675781
1985.72138585606	767.585021972656
1988.07518243639	766.924987792969
1990.42826925859	766.299987792969
1992.78064662106	766.679992675781
1995.13231482205	767.054992675781
1997.48327415961	766.880004882813
1999.83352493167	767.690002441406
2002.18306743594	767.380004882813
2004.53190197002	766.794982910156
2006.8800288313	766.705017089844
2009.22744831703	767.140014648438
2011.57416072427	767.130004882813
2013.92016634993	766.364990234375
2016.26546549076	766.494995117188
2018.61005844332	766.640014648438
2020.95394550404	766.590026855469
2023.29712696915	766.515014648438
2025.63960313474	767.080017089844
2027.98137429672	767.239990234375
2030.32244075083	767.080017089844
2032.66280279266	767.780029296875
2035.00246071763	767.614990234375
2037.34141482099	767.539978027344
2039.67966539784	767.265014648438
2042.01721274309	766.734985351563
2044.35405715151	767.299987792969
2046.69019891769	766.890014648438
2049.02563833606	767.400024414063
2051.3603757009	767.659973144531
2053.6944113063	767.924987792969
2056.0277454462	768.195007324219
2058.36037841439	768.52001953125
2060.69231050446	768.369995117188
2063.02354200988	767.619995117188
2065.35407322392	767.630004882813
2067.68390443971	767.744995117188
2070.01303595021	767.762512207031
2072.3414680482	767.780029296875
2074.66920102633	767.775024414063
2076.99623517706	768.380004882813
2079.32257079271	768.614990234375
2081.6482081654	767.460021972656
2083.97314758713	767.734985351563
2086.29738934971	767.945007324219
2088.62093374481	768.465026855469
2090.94378106391	768.565002441406
2093.26593159835	768.715026855469
2095.5873856393	769.015014648438
2097.90814347777	768.950012207031
2100.2282054046	767.934997558594
2102.54757171048	768.755004882813
2104.86624268594	769.320007324219
2107.18421862133	769.179992675781
2109.50149980686	769.260009765625
2111.81808653257	769.20751953125
2114.13397908834	769.155029296875
2116.44917776388	769.239990234375
2118.76368284875	769.659973144531
2121.07749463235	769.635009765625
2123.39061340391	769.414978027344
2125.70303945252	769.405029296875
2128.01477306707	768.909973144531
2130.32581453634	769.684997558594
2132.63616414891	769.525024414063
2134.94582219322	769.309997558594
2137.25478895754	769.344970703125
2139.56306472999	770.090026855469
2141.87064979851	769.60498046875
2144.17754445092	769.409973144531
2146.48374897484	768.89501953125
2148.78926365774	768.719970703125
2151.09408878695	769.419982910156
2153.39822464963	769.265014648438
2155.70167153277	769.044982910156
2158.00442972321	769.570007324219
2160.30649950763	769.390014648438
2162.60788117256	770.070007324219
2164.90857500436	769.89501953125
2167.20858128923	769.239990234375
2169.50790031323	768.559997558594
2171.80653236223	768.705017089844
2174.10447772198	768.675048828125
2176.40173667804	768.64501953125
2178.69830951582	769.234985351563
2180.99419652058	769.224975585938
2183.28939797743	769.215026855469
2185.5839141713	768.664978027344
2187.87774538698	769.044982910156
2190.17089190908	767.950012207031
2192.46335402209	768.005004882813
2194.75513201032	768.260009765625
2197.04622615791	768.974975585938
2199.33663674886	769.150024414063
2201.62636406702	768.315002441406
2203.91540839606	768.094970703125
2206.20377001952	767.184997558594
2208.49144922077	768.309997558594
2210.77844628302	769.130004882813
2213.06476148933	769.184997558594
2215.3503951226	767.734985351563
2217.63534746557	768.344970703125
2219.91961880085	767.934997558594
2222.20320941085	767.869995117188
2224.48611957785	768.184997558594
2226.76834958399	768.27001953125
2229.04989971122	767.989990234375
2231.33077024136	767.669982910156
2233.61096145607	767.260009765625
2235.89047363683	768.054992675781
2238.169307065	768.109985351563
2240.44746202178	767.869995117188
2242.72493878819	768.049987792969
2245.00173764511	767.25
2247.27785887327	767.950012207031
2249.55330275324	768.85498046875
2251.82806956545	769.030029296875
2254.10215959014	768.710021972656
2256.37557310744	768.690002441406
2258.64831039729	768.755004882813
2260.92037173949	768.070007324219
2263.19175741368	767.320007324219
2265.46246769938	767.909973144531
2267.7325028759	768.14501953125
2270.00186322243	768.02001953125
2272.270549018	768.030029296875
2274.5385605415	768.005004882813
2276.80589807165	767.97998046875
2279.07256188702	768.059997558594
2281.33855226601	768.092529296875
2283.60386948691	768.125
2285.86851382782	768.864990234375
2288.1324855667	767.780029296875
2290.39578498136	767.885009765625
2292.65841234945	767.585021972656
2294.92036794847	767.789978027344
2297.18165205578	767.799987792969
2299.44226494856	768.090026855469
2301.70220690387	768.434997558594
2303.96147819859	768.630004882813
2306.22007910947	768.650024414063
2308.47800991309	768.440002441406
2310.73527088589	768.325012207031
2312.99186230416	768.387512207031
2315.24778444403	768.450012207031
2317.50303758149	768.650024414063
2319.75762199235	768.205017089844
2322.01153795231	768.460021972656
2324.26478573689	769.219970703125
2326.51736562147	769.424987792969
2328.76927788127	769.434997558594
2331.02052279137	768.599975585938
2333.2711006267	768.340026855469
2335.52101166203	768.554992675781
2337.77025617198	768.789978027344
2340.01883443103	769.440002441406
2342.2667467135	769.960021972656
2344.51399329356	768.275024414063
2346.76057444525	768.044982910156
2349.00649044241	768.150024414063
2351.2517415588	768.255004882813
2353.49632806796	768.034973144531
2355.74025024334	768.265014648438
2357.98350835819	767.484985351563
2360.22610268566	767.455017089844
2362.4680334987	767.869995117188
2364.70930107016	767.580017089844
2366.94990567269	768.494995117188
2369.18984757884	768.219970703125
2371.42912706098	767.440002441406
2373.66774439134	766.919982910156
2375.90569984199	767.780029296875
2378.14299368488	767.539978027344
2380.37962619179	768.445007324219
2382.61559763435	768.705017089844
2384.85090828405	767.919982910156
2387.08555841222	767.809997558594
2389.31954829006	767.914978027344
2391.55287818861	767.809997558594
2393.78554837877	767.489990234375
2396.01755913128	767.594970703125
2398.24891071673	767.635009765625
2400.47960340558	767.739990234375
2402.70963746814	768.974975585938
2404.93901317456	768.549987792969
2407.16773079485	768.239990234375
2409.39579059887	768.2275390625
2411.62319285633	768.215026855469
2413.84993783681	768.505004882813
2416.07602580971	768.594970703125
2418.30145704432	768.22998046875
2420.52623180977	768.755004882813
2422.75035037503	769.864990234375
2424.97381300893	769.424987792969
2427.19661998017	769.554992675781
2429.41877155729	769.494995117188
2431.64026800867	771.280029296875
2433.86110960257	771.275024414063
2436.08129660709	770.599975585938
2438.30082929019	771.075012207031
2440.51970791967	771.005004882813
2442.73793276321	770.534973144531
2444.95550408832	770.044982910156
2447.17242216237	769.159973144531
2449.38868725259	768.515014648438
2451.60429962607	767.900024414063
2453.81925954975	768.375
2456.03356729041	769.284973144531
2458.2472231147	769.880004882813
2460.46022728913	768.655029296875
2462.67258008005	769.35498046875
2464.88428175368	768.955017089844
2467.09533257608	768.525024414063
2469.30573281318	768.150024414063
2471.51548273076	768.734985351563
2473.72458259445	768.465026855469
2475.93303266974	768.414978027344
2478.14083322198	769.130004882813
2480.34798451637	768.799987792969
2482.55448681797	768.835021972656
2484.76034039169	770.294982910156
2486.96554550231	770.575012207031
2489.17010241445	770.885009765625
2491.37401139259	770.280029296875
2493.57727270109	769.914978027344
2495.77988660412	769.664978027344
2497.98185336574	769.5849609375
2500.18317324987	769.505004882813
2502.38384652028	769.25
2504.58387344058	769.159973144531
2506.78325427425	768.969970703125
2508.98198928465	768.929992675781
2511.18007873495	769.35498046875
2513.37752288821	769.760009765625
2515.57432200735	769.705017089844
2517.77047635514	769.650024414063
2519.96598619419	769.594970703125
2522.16085178699	769.429992675781
2524.35507339589	769.984985351563
2526.54865128308	769.830017089844
2528.74158571062	770.085021972656
2530.93387694042	770.450012207031
2533.12552523427	770.429992675781
2535.31653085379	770.510009765625
2537.50689406046	770.344970703125
2539.69661511566	770.080017089844
2541.88569428057	770.525024414063
2544.07413181627	770.815002441406
2546.26192798368	770.875
2548.44908304359	770.765014648438
2550.63559725664	770.114990234375
2552.82147088333	770.5
2555.00670418402	771.25
2557.19129741894	770.840026855469
2559.37525084817	770.364990234375
2561.55856473164	770.299987792969
2563.74123932917	770.664978027344
2565.92327490039	770.950012207031
2568.10467170484	772.094970703125
2570.28543000189	771.825012207031
2572.46555005079	771.72998046875
2574.64503211063	771.260009765625
2576.82387644036	770.744995117188
2579.00208329882	771.094970703125
2581.17965294468	771.52001953125
2583.35658563648	771.744995117188
2585.53288163263	772.14501953125
2587.70854119137	771.974975585938
2589.88356457084	771.775024414063
2592.05795202902	772.234985351563
2594.23170382376	772.289978027344
2596.40482021275	771.590026855469
2598.57730145356	772.184997558594
2600.74914780363	772.224975585938
2602.92035952023	772.114990234375
2605.09093686053	772.765014648438
2607.26088008153	773.359985351563
2609.4301894401	773.390014648438
2611.59886519299	773.419982910156
2613.76690759678	774.109985351563
2615.93431690793	774.650024414063
2618.10109338277	774.734985351563
2620.26723727748	774.789978027344
2622.4327488481	775.614990234375
2624.59762835054	775.030029296875
2626.76187604057	775.164978027344
2628.92549217382	775.094970703125
2631.08847700579	775.315002441406
2633.25083079182	776.419982910156
2635.41255378715	776.794982910156
2637.57364624684	776.75
2639.73410842586	776.030029296875
2641.893940579	776.047485351563
2644.05314296094	776.065002441406
2646.21171582621	777.474975585938
2648.36965942921	777.349975585938
2650.5269740242	777.559997558594
2652.6836598653	777.255004882813
2654.83971720651	777.429992675781
2656.99514630167	776.89501953125
2659.1499474045	776.809997558594
2661.30412076857	776.955017089844
2663.45766664734	778.195007324219
2665.61058529411	778.549987792969
2667.76287696204	778.544982910156
2669.91454190418	778.700012207031
2672.06558037342	779.005004882813
2674.21599262253	780.380004882813
2676.36577890413	780.255004882813
2678.51493947072	779.465026855469
2680.66347457466	778.950012207031
2682.81138446816	779.994995117188
2684.95866940332	779.885009765625
2687.10532963209	779.450012207031
2689.25136540628	779.789978027344
2691.39677697757	780.89501953125
2693.54156459752	781.744995117188
2695.68572851753	781.710021972656
2697.82926898888	781.330017089844
2699.97218626272	781.994995117188
2702.11448059006	782.635009765625
2704.25615222175	783.955017089844
2706.39720140856	783.780029296875
2708.53762840109	784.445007324219
2710.67743344979	785.799987792969
2712.81661680503	787.195007324219
2714.95517871698	788.330017089844
2717.09311943574	788.429992675781
2719.23043921123	789.070007324219
2721.36713829325	790.840026855469
2723.50321693148	791.815002441406
2725.63867537545	792.409973144531
2727.77351387456	793.539978027344
2729.90773267809	792.900024414063
2732.04133203516	793.705017089844
2734.17431219478	793.609985351563
2736.30667340581	793.549987792969
2738.438415917	793.159973144531
2740.56953997695	792.200012207031
2742.70004583414	791.325012207031
2744.82993373688	789.989990234375
2746.9592039334	789.775024414063
2749.08785667177	789.785034179688
2751.21589219993	789.794982910156
2753.34331076568	788.655029296875
2755.4701126167	788.179992675781
2757.59629800054	788.132507324219
2759.7218671646	788.085021972656
2761.84682035617	788
2763.9711578224	789.575012207031
2766.0948798103	789.820007324219
2768.21798656676	788.554992675781
2770.34047833852	788.159973144531
2772.46235537222	787.549987792969
2774.58361791434	787.429992675781
2776.70426621124	787.377502441406
2778.82430050915	787.325012207031
2780.94372105416	787.119995117188
2783.06252809224	785.929992675781
2785.18072186922	785.440002441406
2787.29830263081	785.89501953125
2789.41527062257	786.200012207031
2791.53162608996	785.340026855469
2793.64736927828	785.234985351563
2795.76250043271	786.22998046875
2797.8770197983	786.364990234375
2799.99092761997	786.994995117188
2802.10422414252	786.75
2804.21690961059	786.570007324219
2806.32898426873	787.14501953125
2808.44044836132	789.215026855469
2810.55130213264	791.005004882813
2812.66154582682	792.35498046875
2814.77117968788	792.919982910156
2816.8802039597	794.070007324219
2818.98861888601	796.190002441406
2821.09642471046	797.625
2823.20362167653	798.385009765625
2825.31021002756	801.684997558594
2827.41619000682	803.969970703125
2829.52156185738	807.015014648438
2831.62632582224	809.455017089844
2833.73048214422	812.35498046875
2835.83403106606	816.650024414063
2837.93697283033	821.344970703125
2840.03930767951	826.284973144531
2842.1410358559	833.094970703125
2844.24215760173	840.380004882813
2846.34267315905	849.419982910156
2848.44258276982	861.325012207031
2850.54188667585	872.325012207031
2852.64058511883	882.609985351563
2854.73867834032	890.965026855469
2856.83616658175	901.840026855469
2858.93305008443	915.190002441406
2861.02932908952	929.515014648438
2863.12500383809	941.859985351563
2865.22007457104	959.340026855469
2867.31454152918	980.190002441406
2869.40840495316	999.304992675781
2871.50166508353	1016.53002929688
2873.59432216069	1029.75500488281
2875.68637642493	1042.34497070313
2877.77782811641	1047.80505371094
2879.86867747515	1050.5849609375
2881.95892474105	1057.56005859375
2884.0485701539	1064.11499023438
2886.13761395333	1067.24499511719
2888.22605637886	1067.50500488281
2890.3138976699	1069.38500976563
2892.40113806571	1075.46997070313
2894.48777780544	1087.17004394531
2896.57381712808	1097.67004394531
2898.65925627254	1105.71496582031
2900.74409547758	1115.23999023438
2902.82833498183	1125.55505371094
2904.9119750238	1129.80505371094
2906.99501584188	1135.73999023438
2909.07745767432	1144.58996582031
2911.15930075925	1160.69494628906
2913.24054533469	1183.22998046875
2915.3211916385	1198.29504394531
2917.40123990846	1207.84497070313
2919.48069038217	1225.25
2921.55954329716	1242.5
2923.63779889079	1260.28002929688
2925.71545740033	1275.69494628906
2927.79251906289	1285.82495117188
2929.86898411548	1297.7900390625
2931.94485279498	1306.60498046875
2934.02012533815	1312.57995605469
2936.0948019816	1316.61499023438
2938.16888296184	1315.20495605469
2940.24236851525	1310.42504882813
2942.31525887809	1300.04504394531
2944.38755428648	1278.92004394531
2946.45925497643	1250.3349609375
2948.53036118382	1219.55505371094
2950.6008731444	1205.55505371094
2952.67079109381	1198.59997558594
2954.74011526755	1180.8349609375
2956.80884590101	1160.48498535156
2958.87698322944	1149.9599609375
2960.94452748799	1141.5849609375
2963.01147891167	1134.03002929688
2965.07783773535	1122.85498046875
2967.14360419382	1113.95495605469
2969.2087785217	1103.93994140625
2971.27336095352	1091.28503417969
2973.33735172366	1079.76000976563
2975.40075106641	1070.7900390625
2977.46355921591	1062.66003417969
2979.52577640618	1050.23999023438
2981.58740287112	1040.30004882813
2983.64843884452	1032.43994140625
2985.70888456003	1021.69500732422
2987.76874025117	1012.47998046875
2989.82800615137	998.034973144531
2991.88668249391	983.494995117188
2993.94476951194	969.989990234375
2996.00226743852	956.835021972656
2998.05917650657	944.369995117188
3000.11549694887	935.35498046875
3002.17122899812	923.525024414063
3004.22637288685	912.700012207031
3006.2809288475	901.505004882813
3008.33489711238	890.320007324219
3010.38827791368	881.289978027344
3012.44107148345	872.864990234375
3014.49327805366	868.590026855469
3016.5448978561	864.590026855469
3018.59593112249	857.77001953125
3020.64637808441	853.260009765625
3022.6962389733	848.030029296875
3024.74551402051	842.674987792969
3026.79420345725	839.77001953125
3028.84230751461	839.099975585938
3030.88982642357	836.195007324219
3032.93676041497	835.809997558594
3034.98310971955	837.469970703125
3037.02887456791	838.780029296875
3039.07405519054	841.575012207031
3041.11865181781	843.260009765625
3043.16266467996	844.940002441406
3045.20609400713	845.715026855469
3047.24894002932	846.695007324219
3049.2912029764	847.75
3051.33288307815	852.005004882813
3053.37398056421	855.049987792969
3055.41449566411	860.955017089844
3057.45442860725	864.429992675781
3059.49377962291	866.775024414063
3061.53254894026	869.034973144531
3063.57073678834	870.174987792969
3065.60834339607	869.864990234375
3067.64536899227	868.140014648438
3069.68181380561	863.609985351563
3071.71767806467	858.969970703125
3073.75296199788	853.390014648438
3075.78766583357	847.934997558594
3077.82178979997	841.984985351563
3079.85533412513	836.344970703125
3081.88829903705	831.195007324219
3083.92068476356	828.380004882813
3085.95249153241	825.659973144531
3087.98371957119	823.585021972656
3090.01436910741	822.070007324219
3092.04444036844	819.809997558594
3094.07393358152	817.929992675781
3096.10284897381	816.609985351563
3098.13118677232	816.380004882813
3100.15894720395	815.89501953125
3102.18613049548	817.065002441406
3104.21273687357	816.775024414063
3106.23876656477	816.880004882813
3108.2642197955	816.804992675781
3110.28909679208	816.429992675781
3112.31339778069	816.664978027344
3114.33712298741	816.955017089844
3116.36027263819	817
3118.38284695887	817.119995117188
3120.40484617516	818.650024414063
3122.42627051268	819.039978027344
3124.4471201969	820.419982910156
3126.46739545319	819.734985351563
3128.4870965068	819.049987792969
3130.50622358287	820.034973144531
3132.5247769064	820.030029296875
3134.54275670229	820.344970703125
3136.56016319534	821.304992675781
3138.57699661019	821.344970703125
3140.59325717139	822.539978027344
3142.60894510338	824.700012207031
3144.62406063047	824.525024414063
3146.63860397686	824.539978027344
3148.65257536662	824.005004882813
3150.66597502371	825.205017089844
3152.67880317199	825.460021972656
3154.69106003518	825.784973144531
3156.70274583691	827.765014648438
3158.71386080065	830.14501953125
3160.72440514981	830.349975585938
3162.73437910763	831.239990234375
3164.74378289728	831.719970703125
3166.75261674179	833.60498046875
3168.76088086407	835.299987792969
3170.76857548692	835.260009765625
3172.77570083303	838.109985351563
3174.78225712498	838.809997558594
3176.78824458521	839.150024414063
3178.79366343607	839.400024414063
3180.79851389977	840.284973144531
3182.80279619844	842.859985351563
3184.80651055405	843.549987792969
3186.80965718849	846.010009765625
3188.81223632353	846.080017089844
3190.81424818081	847.155029296875
3192.81569298186	849.224975585938
3194.8165709481	849.155029296875
3196.81688230084	851.049987792969
3198.81662726126	852.109985351563
3200.81580605044	854.650024414063
3202.81441888933	856.559997558594
3204.81246599879	858.424987792969
3206.80994759954	859.109985351563
3208.80686391219	860.984985351563
3210.80321515726	863.164978027344
3212.79900155512	864.075012207031
3214.79422332605	865.215026855469
3216.78888069021	867.294982910156
3218.78297386765	867.410034179688
3220.77650307828	867.525024414063
3222.76946854195	868.260009765625
3224.76187047834	870.765014648438
3226.75370910705	871.700012207031
3228.74498464755	872.585021972656
3230.73569731921	875
3232.72584734127	878.5
3234.71543493287	882.044982910156
3236.70446031304	880.744995117188
3238.69292370068	880.419982910156
3240.68082531459	879.969970703125
3242.66816537345	880.440002441406
3244.65494409583	884.205017089844
3246.6411617002	888.330017089844
3248.62681840488	889.570007324219
3250.61191442812	890.994995117188
3252.59644998804	891.705017089844
3254.58042530263	892.640014648438
3256.56384058979	893.155029296875
3258.54669606731	893.179992675781
3260.52899195285	895.400024414063
3262.51072846396	898.960021972656
3264.4919058181	901.52001953125
3266.47252423259	902.630004882813
3268.45258392464	901.945007324219
3270.43208511138	903.385009765625
3272.41102800978	906.315002441406
3274.38941283675	908.724975585938
3276.36723980904	908.664978027344
3278.34450914332	908.400024414063
3280.32122105613	911.085021972656
3282.29737576392	910.960021972656
3284.272973483	910.835021972656
3286.24801442958	913.135009765625
3288.22249881978	916.585021972656
3290.19642686957	917.445007324219
3292.16979879485	919.219970703125
3294.14261481136	921.455017089844
3296.11487513478	921.5
3298.08657998065	920.640014648438
3300.0577295644	918.090026855469
3302.02832410136	918.27001953125
3303.99836380673	918.525024414063
3305.96784889563	918.695007324219
3307.93677958303	918.929992675781
3309.90515608383	920.64501953125
3311.87297861278	919.809997558594
3313.84024738456	917.044982910156
3315.80696261371	915.75
3317.77312451466	916.054992675781
3319.73873330175	916.054992675781
3321.70378918919	916.47998046875
3323.66829239109	912.64501953125
3325.63224312145	913.400024414063
3327.59564159416	914.294982910156
3329.55848802299	915.989990234375
3331.52078262162	916.424987792969
3333.4825256036	915.210021972656
3335.44371718237	911.35498046875
3337.40435757128	912.340026855469
3339.36444698356	913.875
3341.32398563232	910.705017089844
3343.28297373058	911.359985351563
3345.24141149124	914.47998046875
3347.19929912709	913.969970703125
3349.15663685081	914.10498046875
3351.11342487497	914.239990234375
3353.06966341204	915.75
3355.02535267437	918.039978027344
3356.98049287421	917.02001953125
3358.9350842237	916.450012207031
3360.88912693486	917.945007324219
3362.84262121962	918.530029296875
3364.79556728978	918.460021972656
3366.74796535705	918.390014648438
3368.69981563302	918.534973144531
3370.65111832917	916.909973144531
3372.60187365689	916.715026855469
3374.55208182744	916.585021972656
3376.50174305198	916.255004882813
3378.45085754157	913.960021972656
3380.39942550714	914.39501953125
3382.34744715954	912.640014648438
3384.29492270949	911.405029296875
3386.24185236761	911.780029296875
3388.18823634442	916.664978027344
3390.13407485031	919.039978027344
3392.07936809559	917.489990234375
3394.02411629045	914.140014648438
3395.96831964496	915.325012207031
3397.91197836911	915.755004882813
3399.85509267275	913.60498046875
3401.79766276564	912.815002441406
3403.73968885745	912.825012207031
3405.68117115771	913.869995117188
3407.62210987586	916.825012207031
3409.56250522123	918.474975585938
3411.50235740305	917.625
3413.44166663043	916.434997558594
3415.38043311238	916.804992675781
3417.3186570578	916.159973144531
3419.2563386755	915.184997558594
3421.19347817415	914.950012207031
3423.13007576235	913.02001953125
3425.06613164857	913.234985351563
3427.00164604118	910.765014648438
3428.93661914844	910.049987792969
3430.87105117852	909.780029296875
3432.80494233945	911.664978027344
3434.73829283919	914.969970703125
3436.67110288558	913.635009765625
3438.60337268634	911.85498046875
3440.53510244911	910.835021972656
3442.4662923814	910.505004882813
3444.39694269064	911.570007324219
3446.32705358412	911.275024414063
3448.25662526905	908.080017089844
3450.18565795254	907.14501953125
3452.11415184156	908.674987792969
3454.04210714302	909.984985351563
3455.96952406369	907.22998046875
3457.89640281024	903.030029296875
3459.82274358924	900.539978027344
3461.74854660717	897.414978027344
3463.67381207038	896.10498046875
3465.59854018513	897.585021972656
3467.52273115756	897.315002441406
3469.44638519373	897.044982910156
3471.36950249956	894.155029296875
3473.29208328091	891.260009765625
3475.21412774349	888.559997558594
3477.13563609293	889.099975585938
3479.05660853476	887.52001953125
3480.97704527438	886.75
3482.89694651712	884.719970703125
3484.81631246818	884.070007324219
3486.73514333266	881.320007324219
3488.65343931557	878.775024414063
3490.57120062179	877.070007324219
3492.48842745612	876.094970703125
3494.40512002324	876.97998046875
3496.32127852773	875.125
3498.23690317408	872.659973144531
3500.15199416666	868.715026855469
3502.06655170974	868.130004882813
3503.98057600749	865.835021972656
3505.89406726396	863.034973144531
3507.80702568312	860.809997558594
3509.71945146883	856.099975585938
3511.63134482483	854.25
3513.54270595478	854.109985351563
3515.45353506222	854.099975585938
3517.3638323506	852.650024414063
3519.27359802324	850.380004882813
3521.1828322834	848.455017089844
3523.09153533419	846.619995117188
3524.99970737866	843.27001953125
3526.90734861972	840.335021972656
3528.81445926021	840.169982910156
3530.72103950283	838.875
3532.62708955022	836.789978027344
3534.53260960488	834.289978027344
3536.43759986923	834.034973144531
3538.34206054558	831.934997558594
3540.24599183613	828.914978027344
3542.149393943	825.724975585938
3544.05226706817	822.945007324219
3545.95461141357	822.280029296875
3547.85642718097	821.140014648438
3549.75771457208	820.349975585938
3551.6584737885	819.400024414063
3553.55870503171	816.065002441406
3555.4584085031	814.47998046875
3557.35758440396	812.609985351563
3559.25623293548	811.27001953125
3561.15435429874	810.130004882813
3563.05194869473	810.950012207031
3564.94901632432	811.684997558594
3566.84555738829	808.289978027344
3568.74157208732	806.455017089844
3570.63706062199	806.299987792969
3572.53202319277	803.880004882813
3574.42646000003	802.039978027344
3576.32037124406	801.265014648438
3578.213757125	800.804992675781
3580.10661784295	799.825012207031
3581.99895359786	798.869995117188
3583.8907645896	797.474975585938
3585.78205101794	797.094970703125
3587.67281308254	795.755004882813
3589.56305098297	793.914978027344
3591.4527649187	792.5
3593.34195508907	791.700012207031
3595.23062169338	790.455017089844
3597.11876493075	789.969970703125
3599.00638500027	789.309997558594
3600.89348210089	788.445007324219
3602.78005643148	787.565002441406
3604.66610819078	786.340026855469
3606.55163757747	784.760009765625
3608.4366447901	782.719970703125
3610.32113002713	781.780029296875
3612.20509348693	782.125
3614.08853536774	781.414978027344
3615.97145586773	781.099975585938
3617.85385518497	779.619995117188
3619.7357335174	778.775024414063
3621.61709106289	777.849975585938
3623.4979280192	776.609985351563
3625.37824458399	774.070007324219
3627.25804095482	772.859985351563
3629.13731732915	772.034973144531
3631.01607390435	771.47998046875
3632.89431087767	771.580017089844
3634.77202844629	771.414978027344
3636.64922680726	771.275024414063
3638.52590615754	769.260009765625
3640.40206669402	767.969970703125
3642.27770861344	767.659973144531
3644.15283211248	766.315002441406
3646.02743738771	765.284973144531
3647.90152463559	764.674987792969
3649.77509405251	763.85498046875
3651.64814583473	762.825012207031
3653.52068017842	763.02001953125
3655.39269727965	762.184997558594
3657.26419733442	760.659973144531
3659.13518053858	759.859985351563
3661.00564708793	759.859985351563
3662.87559717814	759.219970703125
3664.7450310048	758.044982910156
3666.61394876338	757.200012207031
3668.48235064928	756.419982910156
3670.35023685779	755.705017089844
3672.21760758409	755.635009765625
3674.08446302327	754.945007324219
3675.95080337033	754.059997558594
3677.81662882017	753.215026855469
3679.68193956758	752.710021972656
3681.54673580727	752.844970703125
3683.41101773383	752.010009765625
3685.27478554178	750.830017089844
3687.13803942551	749.900024414063
3689.00077957934	749.539978027344
3690.86300619748	749.244995117188
3692.72471947405	749.294982910156
3694.58591960306	749.289978027344
3696.44660677844	748.679992675781
3698.306781194	748.594970703125
3700.16644304348	747.89501953125
3702.02559252049	747.614990234375
3703.88422981859	746.315002441406
3705.74235513119	746.239990234375
3707.59996865164	746.400024414063
3709.45707057318	745.784973144531
3711.31366108895	745.734985351563
3713.16974039199	745.10498046875
3715.02530867527	745.275024414063
3716.88036613164	744.005004882813
3718.73491295385	743.924987792969
3720.58894933456	743.705017089844
3722.44247546634	743.565002441406
3724.29549154166	743.799987792969
3726.14799775289	743.760009765625
3727.9999942923	743.760009765625
3729.85148135209	743.625
3731.70245912432	742.590026855469
3733.55292780098	742.455017089844
3735.40288757397	742.39501953125
3737.25233863509	742.465026855469
3739.10128117603	742.335021972656
3740.9497153884	741.919982910156
3742.7976414637	742.125
3744.64505959335	742.054992675781
3746.49196996866	742.090026855469
3748.33837278086	741.989990234375
3750.18426822108	742.030029296875
3752.02965648033	741.85498046875
3753.87453774956	741.85498046875
3755.7189122196	740.989990234375
3757.5627800812	740.984985351563
3759.40614152501	741.299987792969
3761.24899674159	741.317504882813
3763.09134592138	741.335021972656
3764.93318925476	741.534973144531
3766.77452693199	741.02001953125
3768.61535914325	740.669982910156
3770.45568607861	740.934997558594
3772.29550792807	740.840026855469
3774.1348248815	740.02001953125
3775.9736371287	740.335021972656
3777.81194485938	740.304992675781
