32.6816976106991	713.909973144531
35.6535599501435	713.669982910156
38.6244374909659	713.677490234375
41.5943306947054	713.684997558594
44.5632400226282	713.825012207031
47.5311659356917	713.60498046875
50.4981088945929	713.669982910156
53.4640693597127	713.60498046875
56.4290477911676	713.52001953125
59.3930446487746	713.72998046875
62.356060392067	713.640014648438
65.3180954802906	713.669982910156
68.2791503724084	713.724975585938
71.2392255270922	713.744995117188
74.1983214027271	713.690002441406
77.1564384574159	713.825012207031
80.113577148983	713.909973144531
83.0697379349549	713.690002441406
86.0249212725722	713.677490234375
88.9791276188058	713.664978027344
91.9323574303255	713.789978027344
94.8846111635238	713.905029296875
97.8358892745121	713.912475585938
100.786192219114	713.919982910156
103.73552045287	713.784973144531
106.683874431037	713.974975585938
109.631254608583	714.309997558594
112.577661440203	714.065002441406
115.523095380307	714.429992675781
118.467556883015	714.705017089844
121.411046402175	715.450012207031
124.353564391344	716.75
127.295111303796	718.960021972656
130.235687592532	722.890014648438
133.175293710265	729.460021972656
136.113930109434	739.724975585938
139.051597242185	754.47998046875
141.98829556039	773.119995117188
144.92402551564	792.739990234375
147.858787559244	813.60498046875
150.792582142239	833.659973144531
153.725409715372	850.765014648438
156.65727072911	863.155029296875
159.588165633643	869.97998046875
162.518094878884	877.299987792969
165.447058914469	879.934997558594
168.375058189747	880.559997558594
171.302093153792	878.809997558594
174.228164255401	876.900024414063
177.153271943091	878.840026855469
180.077416665101	879.515014648438
183.000598869394	877.965026855469
185.922819003656	877.760009765625
188.84407751529	881.534973144531
191.764374851424	882.424987792969
194.683711458919	883.789978027344
197.60208778434	885.780029296875
200.519504273992	890.284973144531
203.435961373894	895.565002441406
206.351459529801	902.650024414063
209.265999187174	909.664978027344
212.179580791207	918.864990234375
215.092204786825	928.625
218.003871618673	937.830017089844
220.914581731116	943.559997558594
223.824335568247	952.635009765625
226.733133573893	960.5
229.640976191593	965.030029296875
232.547863864614	967.864990234375
235.453797035961	970.945007324219
238.358776148354	971.027465820313
241.26280164424	971.109985351563
244.1658739658	969.299987792969
247.067993554929	966.284973144531
249.969160853266	969.099975585938
252.869376302162	968.400024414063
255.768640342707	964.52001953125
258.666953415705	961.609985351563
261.564315961705	958.340026855469
264.46072842097	958.010009765625
267.356191233499	956.35498046875
270.25070483901	953.174987792969
273.144269676967	954.169982910156
276.036886186551	954.049987792969
278.928554806671	950.700012207031
281.819275975966	945.864990234375
284.709050132812	946.815002441406
287.597877715306	946.510009765625
290.485759161281	945.299987792969
293.372694908298	944.075012207031
296.258685393644	945.265014648438
299.143731054352	944.419982910156
302.027832327156	943.400024414063
304.910989648557	938.469970703125
307.79320345476	935.380004882813
310.674474181717	934.080017089844
313.554802265101	934.77001953125
316.434188140326	940.825012207031
319.312632242533	941.174987792969
322.190135006593	938.664978027344
325.066696867117	940.445007324219
327.942318258443	939.114990234375
330.816999614641	937.950012207031
333.690741369517	936.840026855469
336.56354395661	931.929992675781
339.435407809193	929.940002441406
342.306333360273	931.364990234375
345.176321042591	931.10498046875
348.045371288612	930.114990234375
350.913484530551	929.400024414063
353.78066120035	929.342529296875
356.64690172969	929.284973144531
359.512206549972	926.054992675781
362.376576092357	924.320007324219
365.240010787716	924.330017089844
368.102511066677	923.75
370.964077359587	923.775024414063
373.82471009654	923.799987792969
376.684409707364	922.940002441406
379.543176621612	921.869995117188
382.401011268595	922.544982910156
385.257914077343	921.590026855469
388.113885476627	923.304992675781
390.968925894961	924.239990234375
393.823035760591	925.715026855469
396.676215501503	930.825012207031
399.528465545415	932.594970703125
402.379786319791	935.619995117188
405.230178251834	940.484985351563
408.079641768472	943.760009765625
410.928177296387	942.924987792969
413.775785261992	945.974975585938
416.622466091445	949.320007324219
419.468220210631	949.349975585938
422.313048045182	948.47998046875
425.156950020479	949.325012207031
427.999926561623	949.4375
430.841978093471	949.549987792969
433.683105040613	948.239990234375
436.523307827384	944.799987792969
439.362586877851	942.60498046875
442.200942615829	940.924987792969
445.038375464876	939.890014648438
447.874885848283	939.070007324219
450.710474189089	940.260009765625
453.54514091007	939.705017089844
456.37888643375	936.455017089844
459.211711182386	933.349975585938
462.043615577986	929.830017089844
464.874600042297	929.289978027344
467.704664996804	930.35498046875
470.533810862741	930.224975585938
473.36203806108	928.724975585938
476.189347012547	928.530029296875
479.015738137594	927.994995117188
481.841211856432	927.940002441406
484.665768589008	928.460021972656
487.489408755009	929.405029296875
490.312132773878	933.599975585938
493.133941064796	933.924987792969
495.954834046683	937.489990234375
498.77481213821	944.739990234375
501.593875757797	943.135009765625
504.412025323601	940.390014648438
507.229261253524	935.575012207031
510.045583965226	935.830017089844
512.860993876093	934.580017089844
515.675491403271	933.650024414063
518.489076963649	932.304992675781
521.301750973863	931.359985351563
524.113513850293	928.440002441406
526.924366009065	924.349975585938
529.734307866052	923.320007324219
532.543339836881	920.580017089844
535.35146233692	917.390014648438
538.158675781281	914.924987792969
540.964980584833	913.030029296875
543.770377162182	912.565002441406
546.574865927692	910.64501953125
549.378447295465	907.215026855469
552.181121679365	903.200012207031
554.982889492993	901.434997558594
557.783751149701	899.880004882813
560.583707062591	899.299987792969
563.38275764452	900.200012207031
566.180903308083	902.710021972656
568.978144465633	901.109985351563
571.774481529266	898.924987792969
574.569914910839	896.505004882813
577.364445021949	894.155029296875
580.158072273946	891.684997558594
582.950797077926	892.630004882813
585.742619844752	889.789978027344
588.533540985018	889.304992675781
591.323560909078	888.169982910156
594.112680027034	888.489990234375
596.90089874875	889.22998046875
599.688217483828	887.544982910156
602.474636641629	886.450012207031
605.260156631263	886.739990234375
608.044777861596	884.780029296875
610.828500741241	884.419982910156
613.611325678567	886.659973144531
616.393253081697	890.554992675781
619.174283358506	890.835021972656
621.954416916616	890.280029296875
624.733654163414	889.72998046875
627.511995506029	887.215026855469
630.289441351351	885.385009765625
633.065992106022	884.830017089844
635.841648176434	883.554992675781
638.616409968744	885.075012207031
641.390277888847	887.309997558594
644.163252342408	887.640014648438
646.93533373484	888.484985351563
649.706522471307	887.054992675781
652.47681895674	886.090026855469
655.246223595811	886.594970703125
658.014736792957	887.635009765625
660.782358952371	885.650024414063
663.549090477999	884.619995117188
666.314931773542	884.375
669.079883242452	886.27001953125
671.843945287955	887.465026855469
674.607118313019	887.869995117188
677.369402720366	887.885009765625
680.130798912488	886.505004882813
682.891307291627	886.5
685.650928259784	886.494995117188
688.409662218708	886.684997558594
691.167509569927	884.265014648438
693.924470714705	884.260009765625
696.680546054078	884.190002441406
699.435735988832	884.390014648438
702.190040919516	884.02001953125
704.943461246442	886.494995117188
707.695997369667	886.442504882813
710.447649689022	886.390014648438
713.198418604088	887.065002441406
715.948304514206	887.234985351563
718.697307818481	888.359985351563
721.445428915779	888.385009765625
724.192668204716	888.409973144531
726.93902608368	888.215026855469
729.684502950805	887.549987792969
732.429099204005	888.280029296875
735.172815240936	888.179992675781
737.915651459026	887.119995117188
740.657608255463	886.715026855469
743.398686027186	888.385009765625
746.13888517091	890.77001953125
748.878206083102	892.760009765625
751.616649159998	896.114990234375
754.354214797584	896.052490234375
757.09090339162	895.989990234375
759.826715337622	897.179992675781
762.561651030868	896.5
765.295710866406	895.789978027344
768.028895239041	893.75
770.761204543336	888.875
773.492639173626	884.835021972656
776.223199524006	883.77001953125
778.952885988334	883
781.681698960235	881.390014648438
784.40963883309	880.460021972656
787.136706000052	880.419982910156
789.862900854037	879.905029296875
792.588223787721	881.700012207031
795.312675193549	881.784973144531
798.036255463728	881.539978027344
800.758964990228	881.424987792969
803.480804164792	883.494995117188
806.201773378919	884.969970703125
808.921873023884	884.525024414063
811.641103490712	887.450012207031
814.359465170214	889.450012207031
817.076958452946	894.070007324219
819.793583729246	899.474975585938
822.509341389214	906.565002441406
825.224231822712	913.169982910156
827.938255419375	918.034973144531
830.651412568596	920.030029296875
833.363703659544	921.585021972656
836.075129081157	923.575012207031
838.785689222127	923.669982910156
841.495384470928	925.590026855469
844.204215215788	929.849975585938
846.912181844721	932.765014648438
849.619284745491	939.239990234375
852.325524305638	942.659973144531
855.030900912475	942.75
857.735414953079	943.289978027344
860.439066814289	938.090026855469
863.141856882725	934.474975585938
865.843785544769	931.859985351563
868.544853186571	929.534973144531
871.245060194063	927.905029296875
873.944406952925	925.799987792969
876.642893848625	925.784973144531
879.340521266398	926.190002441406
882.037289591241	928.809997558594
884.733199207927	928.049987792969
887.428250501001	929.530029296875
890.122443854778	931.570007324219
892.815779653335	935.234985351563
895.508258280534	937.784973144531
898.199880119997	939.080017089844
900.890645555129	940.059997558594
903.580554969094	939.835021972656
906.269608744832	938.440002441406
908.957807265056	933.875
911.645150912257	934.72998046875
914.331640068689	935.030029296875
917.017275116375	935.330017089844
919.702056437128	934.989990234375
922.385984412518	938.380004882813
925.069059423886	941.325012207031
927.751281852366	943.869995117188
930.432652078842	945.015014648438
933.113170483983	947.710021972656
935.79283744823	949.75
938.471653351806	952.255004882813
941.149618574686	955.900024414063
943.826733496641	959.469970703125
946.502998497206	963.594970703125
949.178413955689	956.340026855469
951.85298025118	954.304992675781
954.526697762544	952.690002441406
957.199566868403	952.455017089844
959.87158794718	952.234985351563
962.542761377054	951.349975585938
965.213087535987	948.424987792969
967.882566801719	945.155029296875
970.551199551761	945.375
973.218986163399	944.030029296875
975.885927013698	941.030029296875
978.552022479501	939.75
981.217272937423	939.914978027344
983.88167876386	944.794982910156
986.545240334978	948.440002441406
989.207958026729	955.309997558594
991.869832214835	962.47998046875
994.530863274798	973.554992675781
997.191051581895	992.179992675781
999.850397511185	1014.20501708984
1002.50890143751	1032.88500976563
1005.16656373546	1050.21496582031
1007.82338477944	1053.54504394531
1010.47936494363	1043.06494140625
1013.13450460195	1026.23498535156
1015.78880412815	1001.21502685547
1018.44226389572	976.955017089844
1021.09488427794	962.575012207031
1023.74666564789	957.940002441406
1026.3976083784	955.320007324219
1029.04771284208	960.010009765625
1031.69697941135	964.664978027344
1034.34540845838	966.5
1036.99300035512	963.39501953125
1039.63975547333	960.065002441406
1042.28567418452	961.109985351563
1044.93075685998	962.179992675781
1047.57500387081	961.835021972656
1050.21841558786	963.72998046875
1052.86099238177	969.710021972656
1055.50273462297	977.195007324219
1058.14364268167	980.640014648438
1060.78371692784	982.684997558594
1063.42295773126	986.320007324219
1066.06136546148	992.640014648438
1068.69894048781	997.02001953125
1071.33568317939	995.890014648438
1073.9715939051	995.130004882813
1076.60667303362	991.85498046875
1079.24092093341	983.390014648438
1081.87433797271	977.054992675781
1084.50692451954	974.075012207031
1087.13868094172	971.099975585938
1089.76960760684	970.260009765625
1092.39970488226	968.210021972656
1095.02897313516	964.130004882813
1097.65741273246	961.210021972656
1100.28502404089	959.700012207031
1102.91180742697	961.119995117188
1105.53776325698	960.510009765625
1108.16289189701	958.929992675781
1110.78719371291	956.789978027344
1113.41066907033	957.984985351563
1116.0333183347	962.969970703125
1118.65514187124	962.679992675781
1121.27614004495	968.784973144531
1123.89631322061	971.760009765625
1126.51566176279	973.14501953125
1129.13418603585	972.765014648438
1131.75188640394	966.484985351563
1134.36876323098	957.359985351563
1136.98481688069	949.700012207031
1139.60004771655	941.174987792969
1142.21445610187	931.580017089844
1144.82804239972	926.39501953125
1147.44080697295	926.700012207031
1150.05275018421	927.650024414063
1152.66387239593	930.359985351563
1155.27417397034	930.467529296875
1157.88365526943	930.575012207031
1160.49231665502	931.815002441406
1163.10015848867	932.054992675781
1165.70718113176	931.664978027344
1168.31338494544	931.765014648438
1170.91877029067	931.200012207031
1173.52333752817	931.945007324219
1176.12708701847	928.510009765625
1178.73001912187	927.575012207031
1181.33213419848	926.190002441406
1183.93343260819	923.940002441406
1186.53391471068	919.684997558594
1189.13358086539	916.664978027344
1191.73243143161	917.27001953125
1194.33046676836	919.909973144531
1196.92768723449	925.434997558594
1199.52409318861	930.159973144531
1202.11968498915	935.39501953125
1204.7144629943	938.809997558594
1207.30842756206	943.179992675781
1209.90157905021	948.875
1212.49391781634	950.390014648438
1215.08544421779	946.559997558594
1217.67615861174	941.059997558594
1220.26606135512	938.715026855469
1222.85515280468	940.905029296875
1225.44343331694	944.280029296875
1228.03090324823	949.840026855469
1230.61756295466	957.765014648438
1233.20341279213	963.544982910156
1235.78845311634	968.210021972656
1238.37268428278	970.164978027344
1240.95610664673	974.945007324219
1243.53872056325	978.375
1246.12052638722	981.099975585938
1248.70152447329	982.044982910156
1251.28171517591	982.929992675781
1253.86109884934	982.89501953125
1256.43967584759	984.664978027344
1259.0174465245	986.460021972656
1261.5944112337	987.260009765625
1264.1705703286	989.049987792969
1266.74592416241	988.650024414063
1269.32047308814	987.419982910156
1271.89421745858	990.719970703125
1274.46715762633	991.325012207031
1277.03929394377	988.27001953125
1279.61062676308	987.585021972656
1282.18115643624	989.155029296875
1284.75088331502	985.465026855469
1287.31980775098	984.97998046875
1289.88793009548	980.674987792969
1292.45525069969	977.184997558594
1295.02176991454	976.52001953125
1297.58748809078	978.864990234375
1300.15240557897	982.489990234375
1302.71652272942	985.215026855469
1305.27983989229	990.034973144531
1307.84235741749	993.39501953125
1310.40407565475	998.010009765625
1312.9649949536	996.905029296875
1315.52511566335	1001.97998046875
1318.08443813311	1003.92999267578
1320.64296271181	1004.05749511719
1323.20068974815	1004.18499755859
1325.75761959063	1002.71502685547
1328.31375258756	1006.02502441406
1330.86908908704	1006.94000244141
1333.42362943696	1009.52001953125
1335.97737398503	1009.3525390625
1338.53032307874	1009.18499755859
1341.08247706537	1008.17498779297
1343.63383629202	1008.44500732422
1346.18440110558	1006.47998046875
1348.73417185274	998.684997558594
1351.28314887997	988.065002441406
1353.83133253357	978.489990234375
1356.37872315961	974.575012207031
1358.92532110398	972.030029296875
1361.47112671237	965.905029296875
1364.01614033024	958.905029296875
1366.56036230288	952.924987792969
1369.10379297537	950.044982910156
1371.64643269258	945.494995117188
1374.18828179921	939.515014648438
1376.72934063972	936.010009765625
1379.2696095584	934.179992675781
1381.80908889932	935.164978027344
1384.34777900637	933.755004882813
1386.88568022323	933.825012207031
1389.42279289337	935.909973144531
1391.95911736009	936.630004882813
1394.49465396645	934.679992675781
1397.02940305537	936.440002441406
1399.5633649695	936.205017089844
1402.09654005135	936.405029296875
1404.6289286432	939.700012207031
1407.16053108714	944.299987792969
1409.69134772507	946.705017089844
1412.22137889868	947.585021972656
1414.75062494947	948.559997558594
1417.27908621874	947.924987792969
1419.80676304759	948.400024414063
1422.33365577692	950.700012207031
1424.85976474744	951.950012207031
1427.38509029967	953.320007324219
1429.90963277392	957.5
1432.4333925103	965.530029296875
1434.95636984873	972.359985351563
1437.47856512894	982.755004882813
1439.99997869045	996.52001953125
1442.5206108726	1008.56500244141
1445.04046201452	1021.34002685547
1447.55953245515	1030.24499511719
1450.07782253323	1037.06494140625
1452.59533258731	1038.27001953125
1455.11206295574	1053.92004394531
1457.62801397668	1032.5400390625
1460.14318598809	1020.83001708984
1462.65757932774	1015.53497314453
1465.1711943332	1008.44000244141
1467.68403134184	994.380004882813
1470.19609069085	975
1472.70737271721	958.335021972656
1475.21787775772	943.984985351563
1477.72760614897	926.349975585938
1480.23655822738	911.224975585938
1482.74473432914	897.054992675781
1485.25213479029	885.60498046875
1487.75875994664	878.905029296875
1490.26461013382	873.265014648438
1492.76968568726	868.299987792969
1495.27398694222	863.875
1497.77751423374	862.330017089844
1500.28026789667	860.155029296875
1502.78224826569	859.5
1505.28345567526	857.784973144531
1507.78389045967	856.429992675781
1510.28355295299	855.724975585938
1512.78244348913	856.205017089844
1515.28056240178	856.340026855469
1517.77791002445	856.349975585938
1520.27448669047	855.830017089844
1522.77029273296	856.440002441406
1525.26532848486	857.994995117188
1527.75959427889	859.5
1530.25309044764	860.085021972656
1532.74581732344	860.049987792969
1535.23777523847	859.987487792969
1537.72896452471	859.924987792969
1540.21938551394	859.919982910156
1542.70903853778	860.775024414063
1545.19792392761	865.429992675781
1547.68604201466	869.460021972656
1550.17339312997	873.565002441406
1552.65997760434	874.690002441406
1555.14579576845	877.390014648438
1557.63084795275	878.614990234375
1560.11513448749	879.320007324219
1562.59865570276	877.085021972656
1565.08141192845	878.140014648438
1567.56340349426	874.039978027344
1570.04463072969	873.25
1572.52509396406	873.489990234375
1575.00479352652	875.609985351563
1577.48372974599	877.609985351563
1579.96190295124	881.385009765625
1582.43931347083	883.195007324219
1584.91596163314	886.469970703125
1587.39184776636	887.10498046875
1589.86697219849	887.239990234375
1592.34133525734	889.864990234375
1594.81493727054	892.169982910156
1597.28777856553	894.065002441406
1599.75985946955	898.090026855469
1602.23118030968	904.594970703125
1604.70174141278	913.010009765625
1607.17154310555	918.469970703125
1609.64058571449	921.914978027344
1612.10886956591	922.265014648438
1614.57639498595	922.614990234375
1617.04316230054	918.85498046875
1619.50917183543	916.565002441406
1621.97442391621	915.049987792969
1624.43891886825	914.119995117188
1626.90265701674	913.299987792969
1629.36563868671	912.945007324219
1631.82786420296	915.094970703125
1634.28933389016	914.955017089844
1636.75004807274	918.239990234375
1639.21000707498	926.400024414063
1641.66921122097	934.414978027344
1644.12766083459	944.60498046875
1646.58535623956	952.674987792969
1649.04229775941	960.64501953125
1651.4984857175	970.155029296875
1653.95392043697	979.22998046875
1656.40860224079	985.325012207031
1658.86253145177	989.184997558594
1661.3157083925	989.075012207031
1663.76813338542	992.515014648438
1666.21980675275	993.994995117188
1668.67072881656	984.284973144531
1671.1208998987	977.719970703125
1673.57032032089	974.02001953125
1676.0189904046	966.775024414063
1678.46691047118	956.934997558594
1680.91408084174	943.715026855469
1683.36050183726	931.299987792969
1685.8061737785	919.914978027344
1688.25109698605	908
1690.69527178032	900.275024414063
1693.13869848153	889.159973144531
1695.58137740972	878.075012207031
1698.02330888476	869.544982910156
1700.46449322631	860.369995117188
1702.90493075388	853.784973144531
1705.34462178678	847.135009765625
1707.78356664414	843.174987792969
1710.22176564492	839.530029296875
1712.65921910787	835.070007324219
1715.0959273516	833.255004882813
1717.53189069449	831.695007324219
1719.9671094548	831.469970703125
1722.40158395054	829.590026855469
1724.8353144996	827.445007324219
1727.26830141965	826.890014648438
1729.70054502819	827.52001953125
1732.13204564255	826.210021972656
1734.56280357987	826.159973144531
1736.99281915711	825.72998046875
1739.42209269106	823.575012207031
1741.85062449831	824.234985351563
1744.27841489529	822.265014648438
1746.70546419823	821.840026855469
1749.13177272321	821.385009765625
1751.5573407861	821.190002441406
1753.98216870262	821.299987792969
1756.40625678828	821.190002441406
1758.82960535844	822.150024414063
1761.25221472825	821.469970703125
1763.67408521271	820.304992675781
1766.09521712663	819.734985351563
1768.51561078464	819.799987792969
1770.93526650119	820.635009765625
1773.35418459056	820.52001953125
1775.77236536684	820.405029296875
1778.18980914396	819.60498046875
1780.60651623565	818.880004882813
1783.02248695548	820.059997558594
1785.43772161684	819.419982910156
1787.85222053292	818.849975585938
1790.26598401677	818.619995117188
1792.67901238123	818.054992675781
1795.09130593899	817.650024414063
1797.50286500254	816.945007324219
1799.9136898842	816.450012207031
1802.32378089613	817.570007324219
1804.73313835028	817.674987792969
1807.14176255846	816.609985351563
1809.54965383228	816.304992675781
1811.95681248317	815.835021972656
1814.36323882242	816.195007324219
1816.76893316109	816.215026855469
1819.17389581011	816.02001953125
1821.57812708021	815.929992675781
1823.98162728196	815.434997558594
1826.38439672573	815.085021972656
1828.78643572174	816.075012207031
1831.18774458003	815.625
1833.58832361045	814.864990234375
1835.98817312269	814.862487792969
1838.38729342625	814.859985351563
1840.78568483048	815.094970703125
1843.18334764454	815.25
1845.58028217741	814.130004882813
1847.9764887379	813.559997558594
1850.37196763465	813.10498046875
1852.76671917613	813.679992675781
1855.16074367062	814.205017089844
1857.55404142624	814.109985351563
1859.94661275094	813.72998046875
1862.33845795247	813.075012207031
1864.72957733844	813.630004882813
1867.11997121627	813.960021972656
1869.5096398932	813.455017089844
1871.89858367631	813.575012207031
1874.28680287251	813.304992675781
1876.67429778851	813.755004882813
1879.06106873089	814.284973144531
1881.44711600601	814.184997558594
1883.8324399201	812.994995117188
1886.21704077919	812.119995117188
1888.60091888915	812.224975585938
1890.98407455567	812.380004882813
1893.36650808428	813.924987792969
1895.74821978033	813.554992675781
1898.12920994899	813.684997558594
1900.50947889527	813.075012207031
1902.88902692401	812.924987792969
1905.26785433986	812.859985351563
1907.64596144734	811.924987792969
1910.02334855075	812.710021972656
1912.40001595424	812.940002441406
1914.7759639618	813.309997558594
1917.15119287724	814.684997558594
1919.52570300419	814.700012207031
1921.89949464611	814.099975585938
1924.27256810632	814.059997558594
1926.64492368793	813.544982910156
1929.0165616939	813.679992675781
1931.38748242701	813.684997558594
1933.75768618989	813.690002441406
1936.12717328497	813.710021972656
1938.49594401455	812.565002441406
1940.86399868071	813.859985351563
1943.23133758541	813.664978027344
1945.5979610304	814.164978027344
1947.96386931729	812.195007324219
1950.32906274751	812.809997558594
1952.69354162232	813.789978027344
1955.0573062428	813.27001953125
1957.42035690989	812.489990234375
1959.78269392434	812.044982910156
1962.14431758673	811.64501953125
1964.50522819748	812.72998046875
1966.86542605684	812.679992675781
1969.22491146488	813.614990234375
1971.58368472153	813.164978027344
1973.94174612654	813.275024414063
1976.29909597945	814.405029296875
1978.65573457971	814.320007324219
1981.01166222654	814.090026855469
1983.36687921902	813.830017089844
1985.72138585606	812.89501953125
1988.07518243639	812.940002441406
1990.42826925859	812.690002441406
1992.78064662106	813.065002441406
1995.13231482205	812.875
1997.48327415961	813.215026855469
1999.83352493167	813.294982910156
2002.18306743594	812.909973144531
2004.53190197002	812.195007324219
2006.8800288313	813.054992675781
2009.22744831703	812.565002441406
2011.57416072427	812.592529296875
2013.92016634993	812.619995117188
2016.26546549076	812.534973144531
2018.61005844332	812.590026855469
2020.95394550404	812.130004882813
2023.29712696915	811.804992675781
2025.63960313474	812.489990234375
2027.98137429672	812.650024414063
2030.32244075083	812.690002441406
2032.66280279266	813.844970703125
2035.00246071763	813.934997558594
2037.34141482099	813.390014648438
2039.67966539784	813.710021972656
2042.01721274309	812.734985351563
2044.35405715151	812.885009765625
2046.69019891769	813.184997558594
2049.02563833606	813.119995117188
2051.3603757009	813.284973144531
2053.6944113063	813.320007324219
2056.0277454462	813.77001953125
2058.36037841439	814.114990234375
2060.69231050446	813.905029296875
2063.02354200988	814.695007324219
2065.35407322392	814.400024414063
2067.68390443971	814.085021972656
2070.01303595021	813.294982910156
2072.3414680482	814.359985351563
2074.66920102633	813.780029296875
2076.99623517706	814.47998046875
2079.32257079271	814.474975585938
2081.6482081654	814.765014648438
2083.97314758713	813.200012207031
2086.29738934971	814.309997558594
2088.62093374481	814.260009765625
2090.94378106391	814.815002441406
2093.26593159835	814.640014648438
2095.5873856393	814.739990234375
2097.90814347777	815.635009765625
2100.2282054046	814.070007324219
2102.54757171048	815.184997558594
2104.86624268594	814.784973144531
2107.18421862133	816.109985351563
2109.50149980686	816.349975585938
2111.81808653257	816.462524414063
2114.13397908834	816.575012207031
2116.44917776388	816.77001953125
2118.76368284875	816.789978027344
2121.07749463235	816.684997558594
2123.39061340391	816.580017089844
2125.70303945252	816.400024414063
2128.01477306707	815.835021972656
2130.32581453634	816.505004882813
2132.63616414891	817.049987792969
2134.94582219322	815.505004882813
2137.25478895754	816.075012207031
2139.56306472999	817.664978027344
2141.87064979851	817.434997558594
2144.17754445092	817.260009765625
2146.48374897484	816.255004882813
2148.78926365774	815.950012207031
2151.09408878695	817.515014648438
2153.39822464963	816.559997558594
2155.70167153277	816.775024414063
2158.00442972321	816.905029296875
2160.30649950763	816.890014648438
2162.60788117256	817.364990234375
2164.90857500436	817.534973144531
2167.20858128923	817.109985351563
2169.50790031323	815.960021972656
2171.80653236223	815.950012207031
2174.10447772198	815.940002441406
2176.40173667804	815.994995117188
2178.69830951582	816.505004882813
2180.99419652058	816.200012207031
2183.28939797743	815.969970703125
2185.5839141713	815.010009765625
2187.87774538698	814.992492675781
2190.17089190908	814.974975585938
2192.46335402209	815.190002441406
2194.75513201032	815.60498046875
2197.04622615791	816.72998046875
2199.33663674886	816.559997558594
2201.62636406702	816.510009765625
2203.91540839606	814.474975585938
2206.20377001952	814.125
2208.49144922077	814.130004882813
2210.77844628302	815.460021972656
2213.06476148933	815.744995117188
2215.3503951226	814.950012207031
2217.63534746557	814.794982910156
2219.91961880085	814.659973144531
2222.20320941085	814.919982910156
2224.48611957785	815.380004882813
2226.76834958399	815.359985351563
2229.04989971122	814.994995117188
2231.33077024136	814.455017089844
2233.61096145607	814.434997558594
2235.89047363683	814.402465820313
2238.169307065	814.369995117188
2240.44746202178	814.349975585938
2242.72493878819	814.330017089844
2245.00173764511	814.599975585938
2247.27785887327	814.669982910156
2249.55330275324	815.590026855469
2251.82806956545	816.159973144531
2254.10215959014	817.025024414063
2256.37557310744	816.47998046875
2258.64831039729	815.909973144531
2260.92037173949	814.989990234375
2263.19175741368	814.380004882813
2265.46246769938	813.765014648438
2267.7325028759	814.260009765625
2270.00186322243	815.325012207031
2272.270549018	817.054992675781
2274.5385605415	816.565002441406
2276.80589807165	816.234985351563
2279.07256188702	815.025024414063
2281.33855226601	815.789978027344
2283.60386948691	815.599975585938
2285.86851382782	815.825012207031
2288.1324855667	816.190002441406
2290.39578498136	815.184997558594
2292.65841234945	815.125
2294.92036794847	814.900024414063
2297.18165205578	815.739990234375
2299.44226494856	816.114990234375
2301.70220690387	816.349975585938
2303.96147819859	816.359985351563
2306.22007910947	816.369995117188
2308.47800991309	816.875
2310.73527088589	816.809997558594
2312.99186230416	816.965026855469
2315.24778444403	817.125
2317.50303758149	816.510009765625
2319.75762199235	816.109985351563
2322.01153795231	816.289978027344
2324.26478573689	817.950012207031
2326.51736562147	818.64501953125
2328.76927788127	818.289978027344
2331.02052279137	817.275024414063
2333.2711006267	816.099975585938
2335.52101166203	816.325012207031
2337.77025617198	816.469970703125
2340.01883443103	817.284973144531
2342.2667467135	817.114990234375
2344.51399329356	816.945007324219
2346.76057444525	815.844970703125
2349.00649044241	816.054992675781
2351.2517415588	816.635009765625
2353.49632806796	815.554992675781
2355.74025024334	816.150024414063
2357.98350835819	815.315002441406
2360.22610268566	815.434997558594
2362.4680334987	815.4375
2364.70930107016	815.440002441406
2366.94990567269	814.455017089844
2369.18984757884	815.275024414063
2371.42912706098	814.77001953125
2373.66774439134	814.835021972656
2375.90569984199	814.830017089844
2378.14299368488	816.114990234375
2380.37962619179	816.174987792969
2382.61559763435	816.195007324219
2384.85090828405	816.215026855469
2387.08555841222	815.465026855469
2389.31954829006	815.155029296875
2391.55287818861	814.929992675781
2393.78554837877	814.174987792969
2396.01755913128	814.079956054688
2398.24891071673	813.984985351563
2400.47960340558	816.539978027344
2402.70963746814	816.494995117188
2404.93901317456	815.784973144531
2407.16773079485	815.530029296875
2409.39579059887	815.280029296875
2411.62319285633	814.945007324219
2413.84993783681	815.710021972656
2416.07602580971	815.760009765625
2418.30145704432	815.059997558594
2420.52623180977	815.974975585938
2422.75035037503	816.405029296875
2424.97381300893	816.85498046875
2427.19661998017	815.909973144531
2429.41877155729	815.8125
2431.64026800867	815.715026855469
2433.86110960257	817.159973144531
2436.08129660709	817.559997558594
2438.30082929019	817.309997558594
2440.51970791967	817.590026855469
2442.73793276321	817.784973144531
2444.95550408832	817.375
2447.17242216237	816.159973144531
2449.38868725259	815.465026855469
2451.60429962607	815.534973144531
2453.81925954975	815.400024414063
2456.03356729041	816.705017089844
2458.2472231147	817.080017089844
2460.46022728913	817.294982910156
2462.67258008005	816.64501953125
2464.88428175368	816.635009765625
2467.09533257608	816.625
2469.30573281318	815.974975585938
2471.51548273076	815.89501953125
2473.72458259445	815.760009765625
2475.93303266974	816.844970703125
2478.14083322198	816.554992675781
2480.34798451637	817.190002441406
2482.55448681797	816.969970703125
2484.76034039169	816.885009765625
2486.96554550231	819.375
2489.17010241445	820.14501953125
2491.37401139259	820.224975585938
2493.57727270109	818.22998046875
2495.77988660412	817.950012207031
2497.98185336574	818.390014648438
2500.18317324987	818.234985351563
2502.38384652028	817.919982910156
2504.58387344058	818.380004882813
2506.78325427425	818.065002441406
2508.98198928465	816.455017089844
2511.18007873495	817.320007324219
2513.37752288821	818.405029296875
2515.57432200735	819.35498046875
2517.77047635514	818.825012207031
2519.96598619419	817.669982910156
2522.16085178699	818.140014648438
2524.35507339589	818.159973144531
2526.54865128308	819.684997558594
2528.74158571062	818.64501953125
2530.93387694042	819.5
2533.12552523427	819.210021972656
2535.31653085379	820.260009765625
2537.50689406046	819.484985351563
2539.69661511566	819.864990234375
2541.88569428057	819.205017089844
2544.07413181627	818.859985351563
2546.26192798368	820.715026855469
2548.44908304359	819.599975585938
2550.63559725664	819.97998046875
2552.82147088333	819.909973144531
2555.00670418402	820.880004882813
2557.19129741894	821.450012207031
2559.37525084817	819.659973144531
2561.55856473164	819.919982910156
2563.74123932917	819.299987792969
2565.92327490039	820.094970703125
2568.10467170484	821.594970703125
2570.28543000189	821.632446289063
2572.46555005079	821.669982910156
2574.64503211063	821.659973144531
2576.82387644036	820.075012207031
2579.00208329882	819.880004882813
2581.17965294468	821.534973144531
2583.35658563648	822.059997558594
2585.53288163263	820.984985351563
2587.70854119137	821.080017089844
2589.88356457084	821.554992675781
2592.05795202902	821.969970703125
2594.23170382376	822.067504882813
2596.40482021275	822.164978027344
2598.57730145356	821.405029296875
2600.74914780363	821.41748046875
2602.92035952023	821.429992675781
2605.09093686053	823.515014648438
2607.26088008153	823.85498046875
2609.4301894401	824.424987792969
2611.59886519299	825.150024414063
2613.76690759678	825.164978027344
2615.93431690793	825.364990234375
2618.10109338277	825.559997558594
2620.26723727748	826.590026855469
2622.4327488481	827.72998046875
2624.59762835054	827.284973144531
2626.76187604057	826.875
2628.92549217382	828.049987792969
2631.08847700579	828.005004882813
2633.25083079182	828.674987792969
2635.41255378715	828.974975585938
2637.57364624684	830.184997558594
2639.73410842586	829.434997558594
2641.893940579	828.469970703125
2644.05314296094	827.60498046875
2646.21171582621	829.200012207031
2648.36965942921	831.275024414063
2650.5269740242	830.974975585938
2652.6836598653	830.719970703125
2654.83971720651	830.544982910156
2656.99514630167	830.275024414063
2659.1499474045	829.109985351563
2661.30412076857	830.590026855469
2663.45766664734	831.905029296875
2665.61058529411	831.987548828125
2667.76287696204	832.070007324219
2669.91454190418	833.380004882813
2672.06558037342	833.22998046875
2674.21599262253	833.989990234375
2676.36577890413	835.164978027344
2678.51493947072	834.614990234375
2680.66347457466	835.304992675781
2682.81138446816	834.85498046875
2684.95866940332	835.640014648438
2687.10532963209	835.575012207031
2689.25136540628	834.994995117188
2691.39677697757	835.85498046875
2693.54156459752	837.195007324219
2695.68572851753	836.955017089844
2697.82926898888	837.875
2699.97218626272	838.070007324219
2702.11448059006	838.39501953125
2704.25615222175	840.184997558594
2706.39720140856	841.109985351563
2708.53762840109	840.875
2710.67743344979	843.304992675781
2712.81661680503	845.710021972656
2714.95517871698	846.755004882813
2717.09311943574	847.244995117188
2719.23043921123	848.159973144531
2721.36713829325	850.809997558594
2723.50321693148	853.35498046875
2725.63867537545	853.400024414063
2727.77351387456	853.52001953125
2729.90773267809	854.359985351563
2732.04133203516	855.210021972656
2734.17431219478	853.909973144531
2736.30667340581	854.390014648438
2738.438415917	855.539978027344
2740.56953997695	853.840026855469
2742.70004583414	851.52001953125
2744.82993373688	849.825012207031
2746.9592039334	849.114990234375
2749.08785667177	850.570007324219
2751.21589219993	850.5849609375
2753.34331076568	850.599975585938
2755.4701126167	846.190002441406
2757.59629800054	846.775024414063
2759.7218671646	847.640014648438
2761.84682035617	848.030029296875
2763.9711578224	849.544982910156
2766.0948798103	850.64501953125
2768.21798656676	848.594970703125
2770.34047833852	846.450012207031
2772.46235537222	845.659973144531
2774.58361791434	846.419982910156
2776.70426621124	847.700012207031
2778.82430050915	847.044982910156
2780.94372105416	845.724975585938
2783.06252809224	844.385009765625
2785.18072186922	843.580017089844
2787.29830263081	844.905029296875
2789.41527062257	844.710021972656
2791.53162608996	844.539978027344
2793.64736927828	843.349975585938
2795.76250043271	844.534973144531
2797.8770197983	845.414978027344
2799.99092761997	846.14501953125
2802.10422414252	846.054992675781
2804.21690961059	845.494995117188
2806.32898426873	845.994995117188
2808.44044836132	849.455017089844
2810.55130213264	851.960021972656
2812.66154582682	853.549987792969
2814.77117968788	857.385009765625
2816.8802039597	858.52001953125
2818.98861888601	860.255004882813
2821.09642471046	861.190002441406
2823.20362167653	864.474975585938
2825.31021002756	868.609985351563
2827.41619000682	871.974975585938
2829.52156185738	876.414978027344
2831.62632582224	880.575012207031
2833.73048214422	884.510009765625
2835.83403106606	889.159973144531
2837.93697283033	896.025024414063
2840.03930767951	905.494995117188
2842.1410358559	914.934997558594
2844.24215760173	924.174987792969
2846.34267315905	936.455017089844
2848.44258276982	955.070007324219
2850.54188667585	971.635009765625
2852.64058511883	986.085021972656
2854.73867834032	999.044982910156
2856.83616658175	1011.70001220703
2858.93305008443	1031.51501464844
2861.02932908952	1053.69995117188
2863.12500383809	1074.84497070313
2865.22007457104	1096.67504882813
2867.31454152918	1123.08996582031
2869.40840495316	1152.61999511719
2871.50166508353	1177.97497558594
2873.59432216069	1200.56994628906
2875.68637642493	1219.85998535156
2877.77782811641	1227.18994140625
2879.86867747515	1225.27502441406
2881.95892474105	1233.25
2884.0485701539	1247.38500976563
2886.13761395333	1256.61999511719
2888.22605637886	1260.46997070313
2890.3138976699	1254.8349609375
2892.40113806571	1257.5400390625
2894.48777780544	1273.9599609375
2896.57381712808	1290.84497070313
2898.65925627254	1306.26000976563
2900.74409547758	1323.20495605469
2902.82833498183	1338.21496582031
2904.9119750238	1344.81005859375
2906.99501584188	1350.76501464844
2909.07745767432	1365.48999023438
2911.15930075925	1390.1650390625
2913.24054533469	1416.32995605469
2915.3211916385	1435.20495605469
2917.40123990846	1453.32995605469
2919.48069038217	1474.4150390625
2921.55954329716	1497.90002441406
2923.63779889079	1517.86999511719
2925.71545740033	1539.7900390625
2927.79251906289	1567.76501464844
2929.86898411548	1580.98498535156
2931.94485279498	1590.89501953125
2934.02012533815	1600.63000488281
2936.0948019816	1602.84497070313
2938.16888296184	1601.98498535156
2940.24236851525	1592.58996582031
2942.31525887809	1578.77502441406
2944.38755428648	1553.17004394531
2946.45925497643	1519.03002929688
2948.53036118382	1470.11499023438
2950.6008731444	1437.3349609375
2952.67079109381	1423.28503417969
2954.74011526755	1401.2099609375
2956.80884590101	1375.18005371094
2958.87698322944	1356.93994140625
2960.94452748799	1344.69995117188
2963.01147891167	1334.78503417969
2965.07783773535	1322.11499023438
2967.14360419382	1313.64501953125
2969.2087785217	1301.47998046875
2971.27336095352	1284.16003417969
2973.33735172366	1266.95495605469
2975.40075106641	1248.97497558594
2977.46355921591	1236.625
2979.52577640618	1221.27502441406
2981.58740287112	1207.9150390625
2983.64843884452	1198.00500488281
2985.70888456003	1184.26501464844
2987.76874025117	1167.77001953125
2989.82800615137	1148.02001953125
2991.88668249391	1129.73999023438
2993.94476951194	1105.78002929688
2996.00226743852	1086.28503417969
2998.05917650657	1070.48498535156
3000.11549694887	1057.46997070313
3002.17122899812	1042.89001464844
3004.22637288685	1026.15502929688
3006.2809288475	1010.39001464844
3008.33489711238	996.450012207031
3010.38827791368	983.349975585938
3012.44107148345	971.400024414063
3014.49327805366	963.135009765625
3016.5448978561	956.64501953125
3018.59593112249	950.820007324219
3020.64637808441	942.10498046875
3022.6962389733	934.590026855469
3024.74551402051	928.719970703125
3026.79420345725	923.700012207031
3028.84230751461	922.150024414063
3030.88982642357	917.664978027344
3032.93676041497	916.364990234375
3034.98310971955	918.099975585938
3037.02887456791	922.294982910156
3039.07405519054	925.190002441406
3041.11865181781	925.5
3043.16266467996	929.090026855469
3045.20609400713	932.424987792969
3047.24894002932	933.655029296875
3049.2912029764	935.575012207031
3051.33288307815	939.155029296875
3053.37398056421	944.755004882813
3055.41449566411	951.299987792969
3057.45442860725	958.335021972656
3059.49377962291	962.14501953125
3061.53254894026	963.820007324219
3063.57073678834	965.450012207031
3065.60834339607	966.820007324219
3067.64536899227	962.460021972656
3069.68181380561	956.700012207031
3071.71767806467	948.780029296875
3073.75296199788	940.789978027344
3075.78766583357	934.094970703125
3077.82178979997	927.215026855469
3079.85533412513	919.510009765625
3081.88829903705	912.724975585938
3083.92068476356	907.659973144531
3085.95249153241	903.460021972656
3087.98371957119	899.164978027344
3090.01436910741	899.015014648438
3092.04444036844	895.414978027344
3094.07393358152	892.679992675781
3096.10284897381	889.219970703125
3098.13118677232	887.414978027344
3100.15894720395	889.60498046875
3102.18613049548	890.265014648438
3104.21273687357	889.940002441406
3106.23876656477	891.294982910156
3108.2642197955	890.77001953125
3110.28909679208	888.880004882813
3112.31339778069	888.375
3114.33712298741	889.255004882813
3116.36027263819	889.594970703125
3118.38284695887	891.015014648438
3120.40484617516	892.010009765625
3122.42627051268	895.090026855469
3124.4471201969	895.809997558594
3126.46739545319	894.369995117188
3128.4870965068	893
3130.50622358287	895.380004882813
3132.5247769064	895.784973144531
3134.54275670229	894.974975585938
3136.56016319534	896.14501953125
3138.57699661019	897.52001953125
3140.59325717139	899.059997558594
3142.60894510338	900.679992675781
3144.62406063047	900.66748046875
3146.63860397686	900.655029296875
3148.65257536662	901.52001953125
3150.66597502371	901.39501953125
3152.67880317199	901.565002441406
3154.69106003518	902.869995117188
3156.70274583691	904.25
3158.71386080065	907.880004882813
3160.72440514981	909.25
3162.73437910763	908.594970703125
3164.74378289728	909.22998046875
3166.75261674179	912.419982910156
3168.76088086407	914.554992675781
3170.76857548692	915.875
3172.77570083303	917.994995117188
3174.78225712498	921.755004882813
3176.78824458521	920.820007324219
3178.79366343607	920.380004882813
3180.79851389977	921.239990234375
3182.80279619844	923.164978027344
3184.80651055405	926.679992675781
3186.80965718849	927.72998046875
3188.81223632353	928.984985351563
3190.81424818081	931.280029296875
3192.81569298186	932.119995117188
3194.8165709481	933.015014648438
3196.81688230084	935.900024414063
3198.81662726126	937.825012207031
3200.81580605044	941.494995117188
3202.81441888933	944.265014648438
3204.81246599879	945.164978027344
3206.80994759954	945.830017089844
3208.80686391219	948.89501953125
3210.80321515726	952.39501953125
3212.79900155512	955.200012207031
3214.79422332605	955.655029296875
3216.78888069021	959.070007324219
3218.78297386765	963.905029296875
3220.77650307828	960.705017089844
3222.76946854195	959.609985351563
3224.76187047834	960.255004882813
3226.75370910705	963.659973144531
3228.74498464755	964.390014648438
3230.73569731921	969.054992675781
3232.72584734127	971.474975585938
3234.71543493287	974.465026855469
3236.70446031304	976.5
3238.69292370068	976.410034179688
3240.68082531459	976.320007324219
3242.66816537345	975.625
3244.65494409583	980.880004882813
3246.6411617002	988.950012207031
3248.62681840488	990.849975585938
3250.61191442812	989.559997558594
3252.59644998804	991.789978027344
3254.58042530263	991.5625
3256.56384058979	991.335021972656
3258.54669606731	991.085021972656
3260.52899195285	993.429992675781
3262.51072846396	1000.39001464844
3264.4919058181	1005.65502929688
3266.47252423259	1007.15502929688
3268.45258392464	1009.02502441406
3270.43208511138	1009.48999023438
3272.41102800978	1011.14501953125
3274.38941283675	1015.61499023438
3276.36723980904	1016.96002197266
3278.34450914332	1013.88500976563
3280.32122105613	1014.125
3282.29737576392	1021.15002441406
3284.272973483	1021.40002441406
3286.24801442958	1021.63500976563
3288.22249881978	1027.13000488281
3290.19642686957	1029.22497558594
3292.16979879485	1029.28503417969
3294.14261481136	1031.63000488281
3296.11487513478	1031.70251464844
3298.08657998065	1031.77502441406
3300.0577295644	1028.0849609375
3302.02832410136	1025.70495605469
3303.99836380673	1027.99499511719
3305.96784889563	1030.27502441406
3307.93677958303	1028.71496582031
3309.90515608383	1028.794921875
3311.87297861278	1028.875
3313.84024738456	1024.67004394531
3315.80696261371	1023.22497558594
3317.77312451466	1023.25500488281
3319.73873330175	1022.30499267578
3321.70378918919	1024.5
3323.66829239109	1020.23999023438
3325.63224312145	1018.67498779297
3327.59564159416	1020.88000488281
3329.55848802299	1020.80499267578
3331.52078262162	1020.72998046875
3333.4825256036	1018.82501220703
3335.44371718237	1017.49499511719
3337.40435757128	1019.29498291016
3339.36444698356	1018.34997558594
3341.32398563232	1014.21002197266
3343.28297373058	1014.77001953125
3345.24141149124	1018.02502441406
3347.19929912709	1019.30999755859
3349.15663685081	1019.59753417969
3351.11342487497	1019.88500976563
3353.06966341204	1018.875
3355.02535267437	1021.73999023438
3356.98049287421	1020.64501953125
3358.9350842237	1020.61499023438
3360.88912693486	1020.58502197266
3362.84262121962	1023
3364.79556728978	1023.63500976563
3366.74796535705	1023.72998046875
3368.69981563302	1024.07995605469
3370.65111832917	1024.18505859375
3372.60187365689	1022.17999267578
3374.55208182744	1020.80999755859
3376.50174305198	1019.16497802734
3378.45085754157	1016.05999755859
3380.39942550714	1014.66497802734
3382.34744715954	1014.30999755859
3384.29492270949	1011.75500488281
3386.24185236761	1012.27502441406
3388.18823634442	1017.39001464844
3390.13407485031	1020.59997558594
3392.07936809559	1018.875
3394.02411629045	1012.40997314453
3395.96831964496	1014.42999267578
3397.91197836911	1018.06500244141
3399.85509267275	1017.28997802734
3401.79766276564	1012.82501220703
3403.73968885745	1011.91497802734
3405.68117115771	1011.04498291016
3407.62210987586	1016.78002929688
3409.56250522123	1017.13000488281
3411.50235740305	1014.77001953125
3413.44166663043	1013.53497314453
3415.38043311238	1017.02001953125
3417.3186570578	1017.31500244141
3419.2563386755	1014.45501708984
3421.19347817415	1013.81500244141
3423.13007576235	1013.38500976563
3425.06613164857	1011.96002197266
3427.00164604118	1007.88500976563
3428.93661914844	1005.73498535156
3430.87105117852	1008.28497314453
3432.80494233945	1009.43499755859
3434.73829283919	1011.24499511719
3436.67110288558	1010.19500732422
3438.60337268634	1007.69500732422
3440.53510244911	1007.53002929688
3442.4662923814	1007.51501464844
3444.39694269064	1006.35998535156
3446.32705358412	1004.55499267578
3448.25662526905	1000.15502929688
3450.18565795254	1000.59997558594
3452.11415184156	1004.65502929688
3454.04210714302	1004.19500732422
3455.96952406369	1004.81500244141
3457.89640281024	999.320007324219
3459.82274358924	990.059997558594
3461.74854660717	986.080017089844
3463.67381207038	985.849975585938
3465.59854018513	989.010009765625
3467.52273115756	989.549987792969
3469.44638519373	988.335021972656
3471.36950249956	985.690002441406
3473.29208328091	982.179992675781
3475.21412774349	977.109985351563
3477.13563609293	975.349975585938
3479.05660853476	975.330017089844
3480.97704527438	972.190002441406
3482.89694651712	970.169982910156
3484.81631246818	966.765014648438
3486.73514333266	964.234985351563
3488.65343931557	962.155029296875
3490.57120062179	960.974975585938
3492.48842745612	959.760009765625
3494.40512002324	958.945007324219
3496.32127852773	957.900024414063
3498.23690317408	953.455017089844
3500.15199416666	947.75
3502.06655170974	944.549987792969
3503.98057600749	944.184997558594
3505.89406726396	941.760009765625
3507.80702568312	938.304992675781
3509.71945146883	934.159973144531
3511.63134482483	929.525024414063
3513.54270595478	927.75
3515.45353506222	928.549987792969
3517.3638323506	927.455017089844
3519.27359802324	923.570007324219
3521.1828322834	919.89501953125
3523.09153533419	917.10498046875
3524.99970737866	913.135009765625
3526.90734861972	909.914978027344
3528.81445926021	909.474975585938
3530.72103950283	909.984985351563
3532.62708955022	907.109985351563
3534.53260960488	903.344970703125
3536.43759986923	901.155029296875
3538.34206054558	897.945007324219
3540.24599183613	894.950012207031
3542.149393943	891.739990234375
3544.05226706817	888.244995117188
3545.95461141357	883.864990234375
3547.85642718097	884.570007324219
3549.75771457208	883.575012207031
3551.6584737885	881.945007324219
3553.55870503171	878.325012207031
3555.4584085031	875.239990234375
3557.35758440396	874.844970703125
3559.25623293548	871.179992675781
3561.15435429874	869.140014648438
3563.05194869473	869.905029296875
3564.94901632432	871.684997558594
3566.84555738829	868.965026855469
3568.74157208732	865.234985351563
3570.63706062199	864.705017089844
3572.53202319277	862.734985351563
3574.42646000003	860.304992675781
3576.32037124406	858.635009765625
3578.213757125	856.22998046875
3580.10661784295	855.719970703125
3581.99895359786	854.835021972656
3583.8907645896	854.150024414063
3585.78205101794	852.255004882813
3587.67281308254	850.719970703125
3589.56305098297	847.909973144531
3591.4527649187	847.210021972656
3593.34195508907	844.880004882813
3595.23062169338	844.090026855469
3597.11876493075	842.47998046875
3599.00638500027	841.934997558594
3600.89348210089	840.085021972656
3602.78005643148	838.77001953125
3604.66610819078	838.25
3606.55163757747	836.299987792969
3608.4366447901	833.260009765625
3610.32113002713	832.739990234375
3612.20509348693	832.484985351563
3614.08853536774	831.530029296875
3615.97145586773	831.114990234375
3617.85385518497	829.369995117188
3619.7357335174	827.924987792969
3621.61709106289	827.494995117188
3623.4979280192	825.200012207031
3625.37824458399	822.364990234375
3627.25804095482	819.960021972656
3629.13731732915	818.534973144531
3631.01607390435	818.344970703125
3632.89431087767	817.164978027344
3634.77202844629	817.14501953125
3636.64922680726	817.125
3638.52590615754	814.890014648438
3640.40206669402	813.809997558594
3642.27770861344	812.320007324219
3644.15283211248	810.715026855469
3646.02743738771	809.945007324219
3647.90152463559	808.599975585938
3649.77509405251	807.650024414063
3651.64814583473	806.885009765625
3653.52068017842	806.710021972656
3655.39269727965	806.010009765625
3657.26419733442	803.835021972656
3659.13518053858	802.085021972656
3661.00564708793	802.575012207031
3662.87559717814	802.419982910156
3664.7450310048	799.655029296875
3666.61394876338	799.094970703125
3668.48235064928	797.650024414063
3670.35023685779	797.385009765625
3672.21760758409	796.734985351563
3674.08446302327	796.080017089844
3675.95080337033	794.614990234375
3677.81662882017	794.049987792969
3679.68193956758	793.159973144531
3681.54673580727	793.005004882813
3683.41101773383	791.614990234375
3685.27478554178	790.054992675781
3687.13803942551	789.280029296875
3689.00077957934	787.815002441406
3690.86300619748	787.820007324219
3692.72471947405	787.825012207031
3694.58591960306	788.130004882813
3696.44660677844	787.275024414063
3698.306781194	787.039978027344
3700.16644304348	785.984985351563
3702.02559252049	785.744995117188
3703.88422981859	784.494995117188
3705.74235513119	782.835021972656
3707.59996865164	782.775024414063
3709.45707057318	782.445007324219
3711.31366108895	782.159973144531
3713.16974039199	781.315002441406
3715.02530867527	780.784973144531
3716.88036613164	780.125
3718.73491295385	779.534973144531
3720.58894933456	779.304992675781
3722.44247546634	779.059997558594
3724.29549154166	778.474975585938
3726.14799775289	778.900024414063
3727.9999942923	778.590026855469
3729.85148135209	778.469970703125
3731.70245912432	777.830017089844
3733.55292780098	777.565002441406
3735.40288757397	776.844970703125
3737.25233863509	777.215026855469
3739.10128117603	776.130004882813
3740.9497153884	775.710021972656
3742.7976414637	776.10498046875
3744.64505959335	776.715026855469
3746.49196996866	776.429992675781
3748.33837278086	777.085021972656
3750.18426822108	776.640014648438
3752.02965648033	776.690002441406
3753.87453774956	775.914978027344
3755.7189122196	775.705017089844
3757.5627800812	774.719970703125
3759.40614152501	775.679992675781
3761.24899674159	775.630004882813
3763.09134592138	775.385009765625
3764.93318925476	775.690002441406
3766.77452693199	774.484985351563
3768.61535914325	774.22998046875
3770.45568607861	773.804992675781
3772.29550792807	773.782470703125
3774.1348248815	773.760009765625
3775.9736371287	773.409973144531
3777.81194485938	773.25
