32.6816976106991	712.650024414063
35.6535599501435	712.650024414063
38.6244374909659	712.607543945313
41.5943306947054	712.565002441406
44.5632400226282	712.570007324219
47.5311659356917	712.559997558594
50.4981088945929	712.594970703125
53.4640693597127	712.534973144531
56.4290477911676	712.544982910156
59.3930446487746	712.544982910156
62.356060392067	712.544982910156
65.3180954802906	712.630004882813
68.2791503724084	712.575012207031
71.2392255270922	712.465026855469
74.1983214027271	712.585021972656
77.1564384574159	712.625
80.113577148983	712.719970703125
83.0697379349549	712.650024414063
86.0249212725722	712.599975585938
88.9791276188058	712.414978027344
91.9323574303255	712.554992675781
94.8846111635238	712.549987792969
97.8358892745121	712.775024414063
100.786192219114	712.669982910156
103.73552045287	712.505004882813
106.683874431037	712.609985351563
109.631254608583	712.72998046875
112.577661440203	712.614990234375
115.523095380307	712.664978027344
118.467556883015	712.77001953125
121.411046402175	713.075012207031
124.353564391344	713.755004882813
127.295111303796	714.320007324219
130.235687592532	715.880004882813
133.175293710265	717.965026855469
136.113930109434	721
139.051597242185	725.534973144531
141.98829556039	730.760009765625
144.92402551564	736.239990234375
147.858787559244	742.330017089844
150.792582142239	747.359985351563
153.725409715372	751.065002441406
156.65727072911	754.650024414063
159.588165633643	756.244995117188
162.518094878884	758.554992675781
165.447058914469	758.440002441406
168.375058189747	759.080017089844
171.302093153792	758.984985351563
174.228164255401	759.130004882813
177.153271943091	759.89501953125
180.077416665101	760.059997558594
183.000598869394	759.75
185.922819003656	760.544982910156
188.84407751529	761.414978027344
191.764374851424	762.210021972656
194.683711458919	764.215026855469
197.60208778434	765.130004882813
200.519504273992	767.054992675781
203.435961373894	769.419982910156
206.351459529801	772.340026855469
209.265999187174	775.22998046875
212.179580791207	779.015014648438
215.092204786825	782.369995117188
218.003871618673	785.679992675781
220.914581731116	789.155029296875
223.824335568247	792.955017089844
226.733133573893	794.695007324219
229.640976191593	797.034973144531
232.547863864614	799.60498046875
235.453797035961	799.960021972656
238.358776148354	800.460021972656
241.26280164424	801.065002441406
244.1658739658	801.440002441406
247.067993554929	801.544982910156
249.969160853266	800.994995117188
252.869376302162	802.335021972656
255.768640342707	801.72998046875
258.666953415705	800.960021972656
261.564315961705	800.755004882813
264.46072842097	801.174987792969
267.356191233499	800.429992675781
270.25070483901	800.5
273.144269676967	800.429992675781
276.036886186551	800.380004882813
278.928554806671	801.130004882813
281.819275975966	800.900024414063
284.709050132812	801.414978027344
287.597877715306	801.369995117188
290.485759161281	800.900024414063
293.372694908298	802.484985351563
296.258685393644	802.794982910156
299.143731054352	801.929992675781
302.027832327156	801.640014648438
304.910989648557	801.010009765625
307.79320345476	800.650024414063
310.674474181717	800.864990234375
313.554802265101	802.275024414063
316.434188140326	802.859985351563
319.312632242533	803.364990234375
322.190135006593	804.054992675781
325.066696867117	803.674987792969
327.942318258443	803.5
330.816999614641	803.065002441406
333.690741369517	802.450012207031
336.56354395661	802.299987792969
339.435407809193	802.280029296875
342.306333360273	803.090026855469
345.176321042591	803.284973144531
348.045371288612	803.89501953125
350.913484530551	803.960021972656
353.78066120035	803.099975585938
356.64690172969	802.359985351563
359.512206549972	801.325012207031
362.376576092357	800.950012207031
365.240010787716	800.465026855469
368.102511066677	799.775024414063
370.964077359587	799.434997558594
373.82471009654	798.405029296875
376.684409707364	797.27001953125
379.543176621612	797.679992675781
382.401011268595	796.534973144531
385.257914077343	796.47998046875
388.113885476627	797.744995117188
390.968925894961	797.77001953125
393.823035760591	797.575012207031
396.676215501503	798.640014648438
399.528465545415	799.234985351563
402.379786319791	799.77001953125
405.230178251834	801.844970703125
408.079641768472	800.994995117188
410.928177296387	802.065002441406
413.775785261992	802.515014648438
416.622466091445	802.775024414063
419.468220210631	803.070007324219
422.313048045182	802.575012207031
425.156950020479	802.445007324219
427.999926561623	802.530029296875
430.841978093471	802.64501953125
433.683105040613	801.825012207031
436.523307827384	801.369995117188
439.362586877851	800.825012207031
442.200942615829	801.010009765625
445.038375464876	800.27001953125
447.874885848283	800.544982910156
450.710474189089	800.070007324219
453.54514091007	799.950012207031
456.37888643375	798.239990234375
459.211711182386	796.840026855469
462.043615577986	796.815002441406
464.874600042297	796.554992675781
467.704664996804	797.875
470.533810862741	797.609985351563
473.36203806108	798.830017089844
476.189347012547	799.590026855469
479.015738137594	799.284973144531
481.841211856432	798.869995117188
484.665768589008	798.025024414063
487.489408755009	797.630004882813
490.312132773878	796.539978027344
493.133941064796	796.260009765625
495.954834046683	796.039978027344
498.77481213821	795.775024414063
501.593875757797	794.640014648438
504.412025323601	793.375
507.229261253524	791.599975585938
510.045583965226	790.034973144531
512.860993876093	788.830017089844
515.675491403271	787.719970703125
518.489076963649	786.640014648438
521.301750973863	785.909973144531
524.113513850293	784.674987792969
526.924366009065	783.89501953125
529.734307866052	782.655029296875
532.543339836881	781.400024414063
535.35146233692	780.859985351563
538.158675781281	780.109985351563
540.964980584833	779
543.770377162182	779.22998046875
546.574865927692	778.650024414063
549.378447295465	777.965026855469
552.181121679365	776.445007324219
554.982889492993	776.284973144531
557.783751149701	777.140014648438
560.583707062591	777.299987792969
563.38275764452	776.294982910156
566.180903308083	777.609985351563
568.978144465633	776.559997558594
571.774481529266	775.60498046875
574.569914910839	775.085021972656
577.364445021949	774.825012207031
580.158072273946	774.054992675781
582.950797077926	774.130004882813
585.742619844752	774.080017089844
588.533540985018	774.125
591.323560909078	773.794982910156
594.112680027034	774.030029296875
596.90089874875	773.625
599.688217483828	773.585021972656
602.474636641629	773.880004882813
605.260156631263	773.179992675781
608.044777861596	773.344970703125
610.828500741241	773.070007324219
613.611325678567	773.719970703125
616.393253081697	773.630004882813
619.174283358506	774.010009765625
621.954416916616	773.609985351563
624.733654163414	772.799987792969
627.511995506029	772.445007324219
630.289441351351	771.825012207031
633.065992106022	771.924987792969
635.841648176434	771.385009765625
638.616409968744	772.179992675781
641.390277888847	772.465026855469
644.163252342408	772.630004882813
646.93533373484	771.75
649.706522471307	771.39501953125
652.47681895674	771.705017089844
655.246223595811	771.544982910156
658.014736792957	771.440002441406
660.782358952371	770.544982910156
663.549090477999	770.590026855469
666.314931773542	770.75
669.079883242452	772.184997558594
671.843945287955	772.119995117188
674.607118313019	771.794982910156
677.369402720366	771.890014648438
680.130798912488	771.409973144531
682.891307291627	771.565002441406
685.650928259784	771.02001953125
688.409662218708	770.565002441406
691.167509569927	770.424987792969
693.924470714705	770.780029296875
696.680546054078	770.809997558594
699.435735988832	771.049987792969
702.190040919516	771.349975585938
704.943461246442	771.554992675781
707.695997369667	770.799987792969
710.447649689022	770.945007324219
713.198418604088	771.215026855469
715.948304514206	771.349975585938
718.697307818481	771.815002441406
721.445428915779	771.75
724.192668204716	771.75
726.93902608368	770.97998046875
729.684502950805	771.255004882813
732.429099204005	771.739990234375
735.172815240936	772.130004882813
737.915651459026	771.900024414063
740.657608255463	771.630004882813
743.398686027186	771.924987792969
746.13888517091	772.10498046875
748.878206083102	773.094970703125
751.616649159998	773.789978027344
754.354214797584	773.419982910156
757.09090339162	773.580017089844
759.826715337622	773.929992675781
762.561651030868	773.375
765.295710866406	773.049987792969
768.028895239041	772.184997558594
770.761204543336	771.034973144531
773.492639173626	770.400024414063
776.223199524006	770.549987792969
778.952885988334	770.344970703125
781.681698960235	770.650024414063
784.40963883309	771.14501953125
787.136706000052	771.260009765625
789.862900854037	771.320007324219
792.588223787721	771.614990234375
795.312675193549	771.849975585938
798.036255463728	771.25
800.758964990228	771.619995117188
803.480804164792	771.609985351563
806.201773378919	772.25
808.921873023884	772.244995117188
811.641103490712	773.234985351563
814.359465170214	773.255004882813
817.076958452946	774.809997558594
819.793583729246	775.075012207031
822.509341389214	777.080017089844
825.224231822712	778.125
827.938255419375	778.905029296875
830.651412568596	779.609985351563
833.363703659544	778.809997558594
836.075129081157	778.724975585938
838.785689222127	779.414978027344
841.495384470928	779.169982910156
844.204215215788	779.940002441406
846.912181844721	781.525024414063
849.619284745491	782.239990234375
852.325524305638	782.554992675781
855.030900912475	782.205017089844
857.735414953079	781.47998046875
860.439066814289	780.530029296875
863.141856882725	779.75
865.843785544769	778.590026855469
868.544853186571	778.22998046875
871.245060194063	777.715026855469
873.944406952925	778.135009765625
876.642893848625	778.335021972656
879.340521266398	778.635009765625
882.037289591241	778.950012207031
884.733199207927	778.440002441406
887.428250501001	778.075012207031
890.122443854778	778.940002441406
892.815779653335	779.765014648438
895.508258280534	780.724975585938
898.199880119997	780.559997558594
900.890645555129	781.315002441406
903.580554969094	780.905029296875
906.269608744832	780.195007324219
908.957807265056	779.700012207031
911.645150912257	779.885009765625
914.331640068689	779.119995117188
917.017275116375	779.409973144531
919.702056437128	779.39501953125
922.385984412518	779.924987792969
925.069059423886	781.724975585938
927.751281852366	781.474975585938
930.432652078842	782.315002441406
933.113170483983	783.135009765625
935.79283744823	783.409973144531
938.471653351806	785.405029296875
941.149618574686	784.989990234375
943.826733496641	786.455017089844
946.502998497206	785.75
949.178413955689	785.044982910156
951.85298025118	784.474975585938
954.526697762544	784.275024414063
957.199566868403	784.340026855469
959.87158794718	783.284973144531
962.542761377054	783.299987792969
965.213087535987	782.690002441406
967.882566801719	782.619995117188
970.551199551761	782.849975585938
973.218986163399	781.434997558594
975.885927013698	780.974975585938
978.552022479501	780.914978027344
981.217272937423	781.369995117188
983.88167876386	781.080017089844
986.545240334978	781.344970703125
989.207958026729	783.364990234375
991.869832214835	785.445007324219
994.530863274798	788.27001953125
997.191051581895	793.35498046875
999.850397511185	798.780029296875
1002.50890143751	801.505004882813
1005.16656373546	804.184997558594
1007.82338477944	803.025024414063
1010.47936494363	799.265014648438
1013.13450460195	793.909973144531
1015.78880412815	788.700012207031
1018.44226389572	784.125
1021.09488427794	782.424987792969
1023.74666564789	782.869995117188
1026.3976083784	782.869995117188
1029.04771284208	784.494995117188
1031.69697941135	785.52001953125
1034.34540845838	784.289978027344
1036.99300035512	783.650024414063
1039.63975547333	783.179992675781
1042.28567418452	783.570007324219
1044.93075685998	783.890014648438
1047.57500387081	783.864990234375
1050.21841558786	784.705017089844
1052.86099238177	785.994995117188
1055.50273462297	787.715026855469
1058.14364268167	787.669982910156
1060.78371692784	787.830017089844
1063.42295773126	789.424987792969
1066.06136546148	789.945007324219
1068.69894048781	790.784973144531
1071.33568317939	790.39501953125
1073.9715939051	790.400024414063
1076.60667303362	788.724975585938
1079.24092093341	788.159973144531
1081.87433797271	787.64501953125
1084.50692451954	786.905029296875
1087.13868094172	786.869995117188
1089.76960760684	786.390014648438
1092.39970488226	786.215026855469
1095.02897313516	785.525024414063
1097.65741273246	784.325012207031
1100.28502404089	784.359985351563
1102.91180742697	783.880004882813
1105.53776325698	782.820007324219
1108.16289189701	782.135009765625
1110.78719371291	781.830017089844
1113.41066907033	782.75
1116.0333183347	782.705017089844
1118.65514187124	783.210021972656
1121.27614004495	783.744995117188
1123.89631322061	784.614990234375
1126.51566176279	784.715026855469
1129.13418603585	784.219970703125
1131.75188640394	783.219970703125
1134.36876323098	780.775024414063
1136.98481688069	778.385009765625
1139.60004771655	775.455017089844
1142.21445610187	774.679992675781
1144.82804239972	774.294982910156
1147.44080697295	774.414978027344
1150.05275018421	775.284973144531
1152.66387239593	775.419982910156
1155.27417397034	775.780029296875
1157.88365526943	775.375
1160.49231665502	776.239990234375
1163.10015848867	775.669982910156
1165.70718113176	776.099975585938
1168.31338494544	776.340026855469
1170.91877029067	776.619995117188
1173.52333752817	776.265014648438
1176.12708701847	776.344970703125
1178.73001912187	775.794982910156
1181.33213419848	774.72998046875
1183.93343260819	773.875
1186.53391471068	773.294982910156
1189.13358086539	773.465026855469
1191.73243143161	772.575012207031
1194.33046676836	774.135009765625
1196.92768723449	775.635009765625
1199.52409318861	776.119995117188
1202.11968498915	778.039978027344
1204.7144629943	778.900024414063
1207.30842756206	780.469970703125
1209.90157905021	780.025024414063
1212.49391781634	780.200012207031
1215.08544421779	779.094970703125
1217.67615861174	778.284973144531
1220.26606135512	777.784973144531
1222.85515280468	777.585021972656
1225.44343331694	778.695007324219
1228.03090324823	780.679992675781
1230.61756295466	782.804992675781
1233.20341279213	782.919982910156
1235.78845311634	783.505004882813
1238.37268428278	784.64501953125
1240.95610664673	785.534973144531
1243.53872056325	785.815002441406
1246.12052638722	787.005004882813
1248.70152447329	786.64501953125
1251.28171517591	786.789978027344
1253.86109884934	786.14501953125
1256.43967584759	786.489990234375
1259.0174465245	787.02001953125
1261.5944112337	786.789978027344
1264.1705703286	787.880004882813
1266.74592416241	787.255004882813
1269.32047308814	787.419982910156
1271.89421745858	788.200012207031
1274.46715762633	788.22998046875
1277.03929394377	787.554992675781
1279.61062676308	788.130004882813
1282.18115643624	787.210021972656
1284.75088331502	786.434997558594
1287.31980775098	786.659973144531
1289.88793009548	785.909973144531
1292.45525069969	785.02001953125
1295.02176991454	785.364990234375
1297.58748809078	785.405029296875
1300.15240557897	786.695007324219
1302.71652272942	786.965026855469
1305.27983989229	788.710021972656
1307.84235741749	788.684997558594
1310.40407565475	788.530029296875
1312.9649949536	789.655029296875
1315.52511566335	791.080017089844
1318.08443813311	791.260009765625
1320.64296271181	791.239990234375
1323.20068974815	791.210021972656
1325.75761959063	791.510009765625
1328.31375258756	791.914978027344
1330.86908908704	791.934997558594
1333.42362943696	791.619995117188
1335.97737398503	791.635009765625
1338.53032307874	791.794982910156
1341.08247706537	791.909973144531
1343.63383629202	790.905029296875
1346.18440110558	789.544982910156
1348.73417185274	787.179992675781
1351.28314887997	785.594970703125
1353.83133253357	784.034973144531
1356.37872315961	783.315002441406
1358.92532110398	781.630004882813
1361.47112671237	779.924987792969
1364.01614033024	778.695007324219
1366.56036230288	777.135009765625
1369.10379297537	775.760009765625
1371.64643269258	775.344970703125
1374.18828179921	774.455017089844
1376.72934063972	773.52001953125
1379.2696095584	773.734985351563
1381.80908889932	773.130004882813
1384.34777900637	773.039978027344
1386.88568022323	774.059997558594
1389.42279289337	774.039978027344
1391.95911736009	774.015014648438
1394.49465396645	774.304992675781
1397.02940305537	774.565002441406
1399.5633649695	774.35498046875
1402.09654005135	774.794982910156
1404.6289286432	775.914978027344
1407.16053108714	776.859985351563
1409.69134772507	777.35498046875
1412.22137889868	777.549987792969
1414.75062494947	777.494995117188
1417.27908621874	777.109985351563
1419.80676304759	777.549987792969
1422.33365577692	777.820007324219
1424.85976474744	777.64501953125
1427.38509029967	778.674987792969
1429.90963277392	780.385009765625
1432.4333925103	782.489990234375
1434.95636984873	784.164978027344
1437.47856512894	786.224975585938
1439.99997869045	788.549987792969
1442.5206108726	791.375
1445.04046201452	794.320007324219
1447.55953245515	796.010009765625
1450.07782253323	797.455017089844
1452.59533258731	800.419982910156
1455.11206295574	798.1875
1457.62801397668	795.955017089844
1460.14318598809	793.75
1462.65757932774	791.159973144531
1465.1711943332	789.109985351563
1467.68403134184	784.840026855469
1470.19609069085	780.275024414063
1472.70737271721	776.989990234375
1475.21787775772	773.585021972656
1477.72760614897	769.890014648438
1480.23655822738	767.635009765625
1482.74473432914	764.85498046875
1485.25213479029	763.530029296875
1487.75875994664	761.450012207031
1490.26461013382	760.010009765625
1492.76968568726	759.684997558594
1495.27398694222	758.97998046875
1497.77751423374	758.275024414063
1500.28026789667	758.059997558594
1502.78224826569	757.455017089844
1505.28345567526	756.994995117188
1507.78389045967	757.820007324219
1510.28355295299	757.255004882813
1512.78244348913	757.02001953125
1515.28056240178	757.5
1517.77791002445	757.109985351563
1520.27448669047	757.494995117188
1522.77029273296	757.099975585938
1525.26532848486	757.840026855469
1527.75959427889	757.734985351563
1530.25309044764	758.065002441406
1532.74581732344	757.799987792969
1535.23777523847	758.059997558594
1537.72896452471	757.489990234375
1540.21938551394	757.844970703125
1542.70903853778	758.534973144531
1545.19792392761	760.015014648438
1547.68604201466	760.440002441406
1550.17339312997	761.010009765625
1552.65997760434	761.75
1555.14579576845	761.880004882813
1557.63084795275	762.525024414063
1560.11513448749	762.085021972656
1562.59865570276	762.195007324219
1565.08141192845	762.664978027344
1567.56340349426	761.869995117188
1570.04463072969	761.400024414063
1572.52509396406	761.174987792969
1575.00479352652	761.684997558594
1577.48372974599	762.434997558594
1579.96190295124	763.075012207031
1582.43931347083	763.549987792969
1584.91596163314	764.155029296875
1587.39184776636	764.52001953125
1589.86697219849	764.445007324219
1592.34133525734	764.815002441406
1594.81493727054	765.5
1597.28777856553	765.534973144531
1599.75985946955	767.099975585938
1602.23118030968	768.695007324219
1604.70174141278	771.080017089844
1607.17154310555	771.265014648438
1609.64058571449	772.125
1612.10886956591	772.840026855469
1614.57639498595	771.35498046875
1617.04316230054	770.219970703125
1619.50917183543	770.369995117188
1621.97442391621	770.25
1624.43891886825	770.304992675781
1626.90265701674	770.284973144531
1629.36563868671	769.650024414063
1631.82786420296	770.169982910156
1634.28933389016	770.179992675781
1636.75004807274	771.955017089844
1639.21000707498	773.984985351563
1641.66921122097	775.469970703125
1644.12766083459	777.60498046875
1646.58535623956	779.804992675781
1649.04229775941	782.164978027344
1651.4984857175	784.534973144531
1653.95392043697	785.130004882813
1656.40860224079	785.700012207031
1658.86253145177	786.994995117188
1661.3157083925	787.179992675781
1663.76813338542	787.789978027344
1666.21980675275	786.190002441406
1668.67072881656	784.169982910156
1671.1208998987	783.179992675781
1673.57032032089	781.260009765625
1676.0189904046	779.39501953125
1678.46691047118	776.635009765625
1680.91408084174	773.739990234375
1683.36050183726	771.775024414063
1685.8061737785	768.755004882813
1688.25109698605	766.85498046875
1690.69527178032	764.914978027344
1693.13869848153	763.205017089844
1695.58137740972	760.02001953125
1698.02330888476	757.89501953125
1700.46449322631	756.559997558594
1702.90493075388	755.085021972656
1705.34462178678	754.179992675781
1707.78356664414	752.940002441406
1710.22176564492	752.655029296875
1712.65921910787	752.349975585938
1715.0959273516	751.400024414063
1717.53189069449	751.195007324219
1719.9671094548	750.840026855469
1722.40158395054	750.655029296875
1724.8353144996	750.349975585938
1727.26830141965	750.294982910156
1729.70054502819	750.385009765625
1732.13204564255	750.594970703125
1734.56280357987	749.89501953125
1736.99281915711	749.784973144531
1739.42209269106	749.39501953125
1741.85062449831	749.099975585938
1744.27841489529	749.47998046875
1746.70546419823	749.289978027344
1749.13177272321	749.700012207031
1751.5573407861	749.575012207031
1753.98216870262	749.090026855469
1756.40625678828	749.005004882813
1758.82960535844	749.669982910156
1761.25221472825	749.570007324219
1763.67408521271	749.489990234375
1766.09521712663	749.150024414063
1768.51561078464	749.364990234375
1770.93526650119	749.375
1773.35418459056	749.72998046875
1775.77236536684	749.489990234375
1778.18980914396	748.52001953125
1780.60651623565	748.72998046875
1783.02248695548	749.590026855469
1785.43772161684	748.945007324219
1787.85222053292	748.169982910156
1790.26598401677	748.140014648438
1792.67901238123	748.340026855469
1795.09130593899	748.184997558594
1797.50286500254	748.070007324219
1799.9136898842	747.825012207031
1802.32378089613	747.789978027344
1804.73313835028	748.205017089844
1807.14176255846	747.594970703125
1809.54965383228	747.585021972656
1811.95681248317	747.215026855469
1814.36323882242	747.804992675781
1816.76893316109	747.859985351563
1819.17389581011	747.525024414063
1821.57812708021	747.789978027344
1823.98162728196	747.515014648438
1826.38439672573	747.650024414063
1828.78643572174	747.505004882813
1831.18774458003	747.234985351563
1833.58832361045	747.22998046875
1835.98817312269	746.549987792969
1838.38729342625	746.554992675781
1840.78568483048	747.309997558594
1843.18334764454	747.239990234375
1845.58028217741	747.169982910156
1847.9764887379	746.359985351563
1850.37196763465	746.614990234375
1852.76671917613	746.799987792969
1855.16074367062	747.054992675781
1857.55404142624	746.60498046875
1859.94661275094	746.340026855469
1862.33845795247	746.719970703125
1864.72957733844	746.380004882813
1867.11997121627	746.484985351563
1869.5096398932	746.775024414063
1871.89858367631	746.429992675781
1874.28680287251	746.659973144531
1876.67429778851	746.599975585938
1879.06106873089	747.034973144531
1881.44711600601	747.010009765625
1883.8324399201	746.005004882813
1886.21704077919	746.275024414063
1888.60091888915	746.484985351563
1890.98407455567	746.655029296875
1893.36650808428	746.265014648438
1895.74821978033	746.489990234375
1898.12920994899	746.289978027344
1900.50947889527	746.405029296875
1902.88902692401	746.35498046875
1905.26785433986	746.344970703125
1907.64596144734	746.109985351563
1910.02334855075	745.700012207031
1912.40001595424	746.440002441406
1914.7759639618	746.609985351563
1917.15119287724	746.580017089844
1919.52570300419	746.320007324219
1921.89949464611	746.419982910156
1924.27256810632	746.590026855469
1926.64492368793	746.125
1929.0165616939	747.179992675781
1931.38748242701	746.664978027344
1933.75768618989	746.880004882813
1936.12717328497	745.804992675781
1938.49594401455	746.630004882813
1940.86399868071	746.765014648438
1943.23133758541	746.859985351563
1945.5979610304	746.179992675781
1947.96386931729	746.315002441406
1950.32906274751	745.815002441406
1952.69354162232	746.174987792969
1955.0573062428	745.929992675781
1957.42035690989	745.590026855469
1959.78269392434	745.669982910156
1962.14431758673	745.669982910156
1964.50522819748	745.909973144531
1966.86542605684	746.330017089844
1969.22491146488	746.474975585938
1971.58368472153	745.940002441406
1973.94174612654	745.840026855469
1976.29909597945	746.155029296875
1978.65573457971	746.284973144531
1981.01166222654	746.169982910156
1983.36687921902	746.070007324219
1985.72138585606	745.940002441406
1988.07518243639	745.484985351563
1990.42826925859	745.340026855469
1992.78064662106	745.195007324219
1995.13231482205	745.400024414063
1997.48327415961	745.52001953125
1999.83352493167	745.804992675781
2002.18306743594	745.565002441406
2004.53190197002	745.335021972656
2006.8800288313	745.739990234375
2009.22744831703	745.664978027344
2011.57416072427	745.309997558594
2013.92016634993	745.179992675781
2016.26546549076	745.429992675781
2018.61005844332	745.244995117188
2020.95394550404	745.359985351563
2023.29712696915	744.955017089844
2025.63960313474	745.460021972656
2027.98137429672	745.335021972656
2030.32244075083	745.695007324219
2032.66280279266	745.465026855469
2035.00246071763	745.679992675781
2037.34141482099	745.669982910156
2039.67966539784	745.625
2042.01721274309	745.565002441406
2044.35405715151	744.849975585938
2046.69019891769	745.135009765625
2049.02563833606	745.039978027344
2051.3603757009	745.219970703125
2053.6944113063	745.179992675781
2056.0277454462	745.099975585938
2058.36037841439	745.60498046875
2060.69231050446	745.614990234375
2063.02354200988	745.635009765625
2065.35407322392	746.114990234375
2067.68390443971	746.065002441406
2070.01303595021	745.344970703125
2072.3414680482	745.674987792969
2074.66920102633	745.494995117188
2076.99623517706	745.789978027344
2079.32257079271	745.674987792969
2081.6482081654	745.219970703125
2083.97314758713	745.10498046875
2086.29738934971	745.484985351563
2088.62093374481	745.780029296875
2090.94378106391	745.765014648438
2093.26593159835	745.869995117188
2095.5873856393	745.669982910156
2097.90814347777	745.330017089844
2100.2282054046	745.375
2102.54757171048	745.739990234375
2104.86624268594	746.224975585938
2107.18421862133	746.049987792969
2109.50149980686	746.275024414063
2111.81808653257	746.39501953125
2114.13397908834	746.099975585938
2116.44917776388	746.364990234375
2118.76368284875	746.760009765625
2121.07749463235	746.390014648438
2123.39061340391	746.155029296875
2125.70303945252	745.859985351563
2128.01477306707	746.080017089844
2130.32581453634	746.330017089844
2132.63616414891	745.710021972656
2134.94582219322	745.679992675781
2137.25478895754	746.10498046875
2139.56306472999	746.320007324219
2141.87064979851	745.864990234375
2144.17754445092	745.900024414063
2146.48374897484	745.294982910156
2148.78926365774	745.844970703125
2151.09408878695	746.010009765625
2153.39822464963	745.299987792969
2155.70167153277	745.734985351563
2158.00442972321	745.635009765625
2160.30649950763	746.539978027344
2162.60788117256	746.034973144531
2164.90857500436	745.544982910156
2167.20858128923	745.830017089844
2169.50790031323	745.244995117188
2171.80653236223	745.880004882813
2174.10447772198	745.35498046875
2176.40173667804	745.640014648438
2178.69830951582	745.260009765625
2180.99419652058	745.260009765625
2183.28939797743	745.565002441406
2185.5839141713	745.700012207031
2187.87774538698	745.299987792969
2190.17089190908	745.130004882813
2192.46335402209	744.924987792969
2194.75513201032	745.200012207031
2197.04622615791	745.280029296875
2199.33663674886	745.315002441406
2201.62636406702	745.114990234375
2203.91540839606	744.505004882813
2206.20377001952	744.455017089844
2208.49144922077	744.109985351563
2210.77844628302	744.60498046875
2213.06476148933	745.155029296875
2215.3503951226	744.940002441406
2217.63534746557	744.75
2219.91961880085	744.900024414063
2222.20320941085	744.424987792969
2224.48611957785	745.034973144531
2226.76834958399	744.835021972656
2229.04989971122	744.455017089844
2231.33077024136	744.364990234375
2233.61096145607	744.549987792969
2235.89047363683	744.455017089844
2238.169307065	745.005004882813
2240.44746202178	744.75
2242.72493878819	744.474975585938
2245.00173764511	744.619995117188
2247.27785887327	744.739990234375
2249.55330275324	744.650024414063
2251.82806956545	745.080017089844
2254.10215959014	744.945007324219
2256.37557310744	745.244995117188
2258.64831039729	745.109985351563
2260.92037173949	744.505004882813
2263.19175741368	744.625
2265.46246769938	744.60498046875
2267.7325028759	745.085021972656
2270.00186322243	745.080017089844
2272.270549018	744.780029296875
2274.5385605415	745.35498046875
2276.80589807165	744.695007324219
2279.07256188702	744.900024414063
2281.33855226601	744.914978027344
2283.60386948691	744.960021972656
2285.86851382782	744.635009765625
2288.1324855667	744.440002441406
2290.39578498136	744.450012207031
2292.65841234945	744.60498046875
2294.92036794847	744.914978027344
2297.18165205578	745.224975585938
2299.44226494856	744.484985351563
2301.70220690387	744.859985351563
2303.96147819859	744.965026855469
2306.22007910947	745.22998046875
2308.47800991309	745.059997558594
2310.73527088589	744.710021972656
2312.99186230416	744.594970703125
2315.24778444403	744.984985351563
2317.50303758149	744.739990234375
2319.75762199235	744.594970703125
2322.01153795231	744.724975585938
2324.26478573689	745.580017089844
2326.51736562147	745.570007324219
2328.76927788127	745.549987792969
2331.02052279137	745.049987792969
2333.2711006267	744.965026855469
2335.52101166203	745.195007324219
2337.77025617198	744.705017089844
2340.01883443103	745.219970703125
2342.2667467135	745.409973144531
2344.51399329356	744.859985351563
2346.76057444525	744.119995117188
2349.00649044241	744.664978027344
2351.2517415588	744.585021972656
2353.49632806796	744.494995117188
2355.74025024334	744.60498046875
2357.98350835819	744.289978027344
2360.22610268566	744.539978027344
2362.4680334987	744.150024414063
2364.70930107016	743.960021972656
2366.94990567269	744.380004882813
2369.18984757884	744.950012207031
2371.42912706098	743.934997558594
2373.66774439134	744.590026855469
2375.90569984199	745.070007324219
2378.14299368488	744.635009765625
2380.37962619179	744.989990234375
2382.61559763435	744.549987792969
2384.85090828405	744.799987792969
2387.08555841222	744.419982910156
2389.31954829006	744.864990234375
2391.55287818861	744.780029296875
2393.78554837877	744.950012207031
2396.01755913128	745.27001953125
2398.24891071673	745.315002441406
2400.47960340558	745.27001953125
2402.70963746814	745.409973144531
2404.93901317456	745.224975585938
2407.16773079485	745.284973144531
2409.39579059887	745.89501953125
2411.62319285633	745.135009765625
2413.84993783681	746.299987792969
2416.07602580971	746.349975585938
2418.30145704432	746.200012207031
2420.52623180977	747.364990234375
2422.75035037503	748.119995117188
2424.97381300893	748.575012207031
2427.19661998017	749.224975585938
2429.41877155729	750.429992675781
2431.64026800867	750.765014648438
2433.86110960257	751.195007324219
2436.08129660709	750.934997558594
2438.30082929019	750.184997558594
2440.51970791967	749.700012207031
2442.73793276321	748.669982910156
2444.95550408832	748.630004882813
2447.17242216237	747.255004882813
2449.38868725259	746.655029296875
2451.60429962607	746.164978027344
2453.81925954975	746.169982910156
2456.03356729041	746.364990234375
2458.2472231147	746.02001953125
2460.46022728913	745.880004882813
2462.67258008005	746.015014648438
2464.88428175368	745.89501953125
2467.09533257608	745.289978027344
2469.30573281318	745.734985351563
2471.51548273076	745.284973144531
2473.72458259445	745.344970703125
2475.93303266974	745.530029296875
2478.14083322198	745.424987792969
2480.34798451637	745.169982910156
2482.55448681797	745.575012207031
2484.76034039169	745.510009765625
2486.96554550231	745.609985351563
2489.17010241445	745.969970703125
2491.37401139259	745.75
2493.57727270109	745.210021972656
2495.77988660412	745.914978027344
2497.98185336574	745.369995117188
2500.18317324987	744.864990234375
2502.38384652028	744.549987792969
2504.58387344058	744.974975585938
2506.78325427425	745.224975585938
2508.98198928465	744.89501953125
2511.18007873495	745.309997558594
2513.37752288821	745.320007324219
2515.57432200735	745.715026855469
2517.77047635514	745.450012207031
2519.96598619419	744.554992675781
2522.16085178699	745.015014648438
2524.35507339589	744.994995117188
2526.54865128308	745.044982910156
2528.74158571062	745.094970703125
2530.93387694042	745.065002441406
2533.12552523427	745.14501953125
2535.31653085379	744.969970703125
2537.50689406046	745.049987792969
2539.69661511566	745.299987792969
2541.88569428057	745.109985351563
2544.07413181627	745.119995117188
2546.26192798368	744.659973144531
2548.44908304359	744.705017089844
2550.63559725664	744.794982910156
2552.82147088333	744.64501953125
2555.00670418402	744.89501953125
2557.19129741894	744.849975585938
2559.37525084817	743.994995117188
2561.55856473164	744.330017089844
2563.74123932917	744.510009765625
2565.92327490039	745.119995117188
2568.10467170484	745.085021972656
2570.28543000189	744.909973144531
2572.46555005079	744.72998046875
2574.64503211063	744.75
2576.82387644036	744.205017089844
2579.00208329882	744.505004882813
2581.17965294468	745.085021972656
2583.35658563648	744.974975585938
2585.53288163263	744.405029296875
2587.70854119137	744.450012207031
2589.88356457084	744.594970703125
2592.05795202902	744.869995117188
2594.23170382376	744.630004882813
2596.40482021275	744.184997558594
2598.57730145356	744.669982910156
2600.74914780363	743.849975585938
2602.92035952023	745.054992675781
2605.09093686053	744.679992675781
2607.26088008153	745.424987792969
2609.4301894401	745.054992675781
2611.59886519299	744.945007324219
2613.76690759678	745.054992675781
2615.93431690793	744.830017089844
2618.10109338277	744.914978027344
2620.26723727748	745.715026855469
2622.4327488481	745.309997558594
2624.59762835054	744.919982910156
2626.76187604057	745.575012207031
2628.92549217382	745.099975585938
2631.08847700579	745.885009765625
2633.25083079182	746
2635.41255378715	745.744995117188
2637.57364624684	746.10498046875
2639.73410842586	745.820007324219
2641.893940579	745.385009765625
2644.05314296094	746.054992675781
2646.21171582621	745.864990234375
2648.36965942921	745.869995117188
2650.5269740242	746.169982910156
2652.6836598653	746.445007324219
2654.83971720651	746.030029296875
2656.99514630167	745.799987792969
2659.1499474045	746.044982910156
2661.30412076857	746.340026855469
2663.45766664734	746.320007324219
2665.61058529411	746.5
2667.76287696204	746.400024414063
2669.91454190418	746.614990234375
2672.06558037342	746.974975585938
2674.21599262253	746.869995117188
2676.36577890413	747.044982910156
2678.51493947072	746.684997558594
2680.66347457466	746.844970703125
2682.81138446816	746.655029296875
2684.95866940332	746.590026855469
2687.10532963209	746.780029296875
2689.25136540628	746.760009765625
2691.39677697757	746.760009765625
2693.54156459752	747.25
2695.68572851753	747
2697.82926898888	747.530029296875
2699.97218626272	747.260009765625
2702.11448059006	747.559997558594
2704.25615222175	747.72998046875
2706.39720140856	747.934997558594
2708.53762840109	748.234985351563
2710.67743344979	748.955017089844
2712.81661680503	749.164978027344
2714.95517871698	749.190002441406
2717.09311943574	749.255004882813
2719.23043921123	749.650024414063
2721.36713829325	749.919982910156
2723.50321693148	749.679992675781
2725.63867537545	749.679992675781
2727.77351387456	749.919982910156
2729.90773267809	750.039978027344
2732.04133203516	750.484985351563
2734.17431219478	749.684997558594
2736.30667340581	750.169982910156
2738.438415917	750.265014648438
2740.56953997695	749.914978027344
2742.70004583414	749.539978027344
2744.82993373688	748.859985351563
2746.9592039334	748.825012207031
2749.08785667177	749.239990234375
2751.21589219993	748.885009765625
2753.34331076568	748.804992675781
2755.4701126167	748.705017089844
2757.59629800054	748.840026855469
2759.7218671646	748.960021972656
2761.84682035617	748.85498046875
2763.9711578224	749.47998046875
2766.0948798103	749.255004882813
2768.21798656676	748.494995117188
2770.34047833852	748.460021972656
2772.46235537222	748.344970703125
2774.58361791434	747.905029296875
2776.70426621124	747.820007324219
2778.82430050915	748.409973144531
2780.94372105416	748.364990234375
2783.06252809224	747.25
2785.18072186922	747.630004882813
2787.29830263081	747.530029296875
2789.41527062257	747.830017089844
2791.53162608996	747.655029296875
2793.64736927828	747.734985351563
2795.76250043271	747.650024414063
2797.8770197983	747.89501953125
2799.99092761997	747.914978027344
2802.10422414252	747.679992675781
2804.21690961059	747.77001953125
2806.32898426873	748.559997558594
2808.44044836132	748.77001953125
2810.55130213264	749.179992675781
2812.66154582682	749.169982910156
2814.77117968788	750.409973144531
2816.8802039597	751.059997558594
2818.98861888601	751.414978027344
2821.09642471046	751.609985351563
2823.20362167653	751.934997558594
2825.31021002756	752.565002441406
2827.41619000682	753.109985351563
2829.52156185738	754.27001953125
2831.62632582224	755.234985351563
2833.73048214422	755.969970703125
2835.83403106606	757.5
2837.93697283033	759.130004882813
2840.03930767951	761.414978027344
2842.1410358559	762.965026855469
2844.24215760173	765.005004882813
2846.34267315905	768.549987792969
2848.44258276982	771.25
2850.54188667585	774.474975585938
2852.64058511883	776.900024414063
2854.73867834032	780.52001953125
2856.83616658175	783.664978027344
2858.93305008443	788.380004882813
2861.02932908952	792.059997558594
2863.12500383809	797.109985351563
2865.22007457104	802.669982910156
2867.31454152918	809.47998046875
2869.40840495316	813.304992675781
2871.50166508353	817.494995117188
2873.59432216069	823.010009765625
2875.68637642493	825.364990234375
2877.77782811641	826.385009765625
2879.86867747515	827.515014648438
2881.95892474105	828.565002441406
2884.0485701539	829.184997558594
2886.13761395333	830.72998046875
2888.22605637886	832.25
2890.3138976699	832.700012207031
2892.40113806571	835.744995117188
2894.48777780544	838.010009765625
2896.57381712808	841.5
2898.65925627254	843.080017089844
2900.74409547758	846.27001953125
2902.82833498183	849.575012207031
2904.9119750238	852.25
2906.99501584188	854.965026855469
2909.07745767432	858.179992675781
2911.15930075925	864.085021972656
2913.24054533469	870.219970703125
2915.3211916385	874.799987792969
2917.40123990846	879.989990234375
2919.48069038217	883.924987792969
2921.55954329716	887.830017089844
2923.63779889079	893.309997558594
2925.71545740033	898.700012207031
2927.79251906289	902.755004882813
2929.86898411548	904.525024414063
2931.94485279498	905.804992675781
2934.02012533815	908.070007324219
2936.0948019816	905.825012207031
2938.16888296184	904.835021972656
2940.24236851525	904.080017089844
2942.31525887809	900.025024414063
2944.38755428648	893.955017089844
2946.45925497643	885.780029296875
2948.53036118382	875.775024414063
2950.6008731444	872.044982910156
2952.67079109381	868.005004882813
2954.74011526755	862.825012207031
2956.80884590101	859.005004882813
2958.87698322944	856.125
2960.94452748799	853.284973144531
2963.01147891167	850.465026855469
2965.07783773535	846.869995117188
2967.14360419382	844.405029296875
2969.2087785217	841.695007324219
2971.27336095352	839.440002441406
2973.33735172366	836.619995117188
2975.40075106641	832.60498046875
2977.46355921591	829.434997558594
2979.52577640618	825.64501953125
2981.58740287112	823.284973144531
2983.64843884452	820.349975585938
2985.70888456003	816.89501953125
2987.76874025117	813.135009765625
2989.82800615137	809.385009765625
2991.88668249391	805.580017089844
2993.94476951194	801.349975585938
2996.00226743852	798.335021972656
2998.05917650657	794.390014648438
3000.11549694887	791.215026855469
3002.17122899812	786.72998046875
3004.22637288685	783.710021972656
3006.2809288475	781.099975585938
3008.33489711238	778.450012207031
3010.38827791368	775.239990234375
3012.44107148345	772.97998046875
3014.49327805366	771.835021972656
3016.5448978561	769.924987792969
3018.59593112249	769.010009765625
3020.64637808441	767.289978027344
3022.6962389733	765.52001953125
3024.74551402051	764.419982910156
3026.79420345725	764.085021972656
3028.84230751461	763.47998046875
3030.88982642357	763.159973144531
3032.93676041497	762.955017089844
3034.98310971955	763.655029296875
3037.02887456791	764.635009765625
3039.07405519054	764.599975585938
3041.11865181781	765.440002441406
3043.16266467996	766.044982910156
3045.20609400713	765.715026855469
3047.24894002932	765.815002441406
3049.2912029764	767.289978027344
3051.33288307815	768.299987792969
3053.37398056421	770.244995117188
3055.41449566411	771.580017089844
3057.45442860725	772.710021972656
3059.49377962291	773.474975585938
3061.53254894026	773.380004882813
3063.57073678834	773.775024414063
3065.60834339607	773.244995117188
3067.64536899227	772.715026855469
3069.68181380561	770.794982910156
3071.71767806467	769.385009765625
3073.75296199788	766.715026855469
3075.78766583357	765.559997558594
3077.82178979997	763.804992675781
3079.85533412513	762.215026855469
3081.88829903705	760.924987792969
3083.92068476356	760.320007324219
3085.95249153241	759
3087.98371957119	758.60498046875
3090.01436910741	757.804992675781
3092.04444036844	757.140014648438
3094.07393358152	756.599975585938
3096.10284897381	756.27001953125
3098.13118677232	756.325012207031
3100.15894720395	756.469970703125
3102.18613049548	756.005004882813
3104.21273687357	756.049987792969
3106.23876656477	756.094970703125
3108.2642197955	756.030029296875
3110.28909679208	756.044982910156
3112.31339778069	756.284973144531
3114.33712298741	756.244995117188
3116.36027263819	756.244995117188
3118.38284695887	756.739990234375
3120.40484617516	756.924987792969
3122.42627051268	757.075012207031
3124.4471201969	756.809997558594
3126.46739545319	756.715026855469
3128.4870965068	757.559997558594
3130.50622358287	757.744995117188
3132.5247769064	757.265014648438
3134.54275670229	757.494995117188
3136.56016319534	757.715026855469
3138.57699661019	757.414978027344
3140.59325717139	758.090026855469
3142.60894510338	759.025024414063
3144.62406063047	758.309997558594
3146.63860397686	758.534973144531
3148.65257536662	758.294982910156
3150.66597502371	758.669982910156
3152.67880317199	758.260009765625
3154.69106003518	758.734985351563
3156.70274583691	759.179992675781
3158.71386080065	759.695007324219
3160.72440514981	760.224975585938
3162.73437910763	760
3164.74378289728	760.885009765625
3166.75261674179	760.974975585938
3168.76088086407	761.275024414063
3170.76857548692	761.655029296875
3172.77570083303	762.575012207031
3174.78225712498	762.765014648438
3176.78824458521	762.284973144531
3178.79366343607	762.205017089844
3180.79851389977	762.549987792969
3182.80279619844	763.234985351563
3184.80651055405	763.859985351563
3186.80965718849	763.599975585938
3188.81223632353	764.414978027344
3190.81424818081	764.599975585938
3192.81569298186	764.719970703125
3194.8165709481	764.844970703125
3196.81688230084	765.789978027344
3198.81662726126	766.565002441406
3200.81580605044	766.390014648438
3202.81441888933	767.130004882813
3204.81246599879	767.299987792969
3206.80994759954	767.140014648438
3208.80686391219	768.219970703125
3210.80321515726	768.869995117188
3212.79900155512	768.849975585938
3214.79422332605	769.625
3216.78888069021	770.215026855469
3218.78297386765	771.005004882813
3220.77650307828	770.679992675781
3222.76946854195	770.849975585938
3224.76187047834	771.179992675781
3226.75370910705	771.679992675781
3228.74498464755	772.039978027344
3230.73569731921	772.869995117188
3232.72584734127	773.919982910156
3234.71543493287	774.380004882813
3236.70446031304	773.914978027344
3238.69292370068	773.905029296875
3240.68082531459	774.39501953125
3242.66816537345	774.739990234375
3244.65494409583	775.539978027344
3246.6411617002	776.784973144531
3248.62681840488	776.380004882813
3250.61191442812	776.590026855469
3252.59644998804	776.905029296875
3254.58042530263	777.515014648438
3256.56384058979	777.5
3258.54669606731	777.929992675781
3260.52899195285	778.835021972656
3262.51072846396	780.109985351563
3264.4919058181	780.315002441406
3266.47252423259	780.719970703125
3268.45258392464	780.880004882813
3270.43208511138	781.364990234375
3272.41102800978	781.890014648438
3274.38941283675	783.099975585938
3276.36723980904	783.10498046875
3278.34450914332	782.85498046875
3280.32122105613	782.844970703125
3282.29737576392	783.195007324219
3284.272973483	783.905029296875
3286.24801442958	784.565002441406
3288.22249881978	785.14501953125
3290.19642686957	785.440002441406
3292.16979879485	786.400024414063
3294.14261481136	786.674987792969
3296.11487513478	786.065002441406
3298.08657998065	786.034973144531
3300.0577295644	785.39501953125
3302.02832410136	785.900024414063
3303.99836380673	785.929992675781
3305.96784889563	785.585021972656
3307.93677958303	786.215026855469
3309.90515608383	786.159973144531
3311.87297861278	785.75
3313.84024738456	785.090026855469
3315.80696261371	785.684997558594
3317.77312451466	784.655029296875
3319.73873330175	784.815002441406
3321.70378918919	784.369995117188
3323.66829239109	783.25
3325.63224312145	783.429992675781
3327.59564159416	783.619995117188
3329.55848802299	784.224975585938
3331.52078262162	784.460021972656
3333.4825256036	783.530029296875
3335.44371718237	783.164978027344
3337.40435757128	783.914978027344
3339.36444698356	783.140014648438
3341.32398563232	782.034973144531
3343.28297373058	783.099975585938
3345.24141149124	783.090026855469
3347.19929912709	783.015014648438
3349.15663685081	783.945007324219
3351.11342487497	783.650024414063
3353.06966341204	783.864990234375
3355.02535267437	784.309997558594
3356.98049287421	784.590026855469
3358.9350842237	784.200012207031
3360.88912693486	784.184997558594
3362.84262121962	785.22998046875
3364.79556728978	784.525024414063
3366.74796535705	784.989990234375
3368.69981563302	784.945007324219
3370.65111832917	784.325012207031
3372.60187365689	784.674987792969
3374.55208182744	784.700012207031
3376.50174305198	783.530029296875
3378.45085754157	783.445007324219
3380.39942550714	783.234985351563
3382.34744715954	781.965026855469
3384.29492270949	782.445007324219
3386.24185236761	782.679992675781
3388.18823634442	783.765014648438
3390.13407485031	783.875
3392.07936809559	783.315002441406
3394.02411629045	783.065002441406
3395.96831964496	783.130004882813
3397.91197836911	783.635009765625
3399.85509267275	782.700012207031
3401.79766276564	782.760009765625
3403.73968885745	782.655029296875
3405.68117115771	782.554992675781
3407.62210987586	783.5
3409.56250522123	783.205017089844
3411.50235740305	783.039978027344
3413.44166663043	783.359985351563
3415.38043311238	783.065002441406
3417.3186570578	783.599975585938
3419.2563386755	782.885009765625
3421.19347817415	782.784973144531
3423.13007576235	783.205017089844
3425.06613164857	782.070007324219
3427.00164604118	781.969970703125
3428.93661914844	782.075012207031
3430.87105117852	782.210021972656
3432.80494233945	782.10498046875
3434.73829283919	782.224975585938
3436.67110288558	781.469970703125
3438.60337268634	781.739990234375
3440.53510244911	781.14501953125
3442.4662923814	781.755004882813
3444.39694269064	782.090026855469
3446.32705358412	781.335021972656
3448.25662526905	780.614990234375
3450.18565795254	781.25
3452.11415184156	781.534973144531
3454.04210714302	780.755004882813
3455.96952406369	779.775024414063
3457.89640281024	779.114990234375
3459.82274358924	777.460021972656
3461.74854660717	777.22998046875
3463.67381207038	776.864990234375
3465.59854018513	777.835021972656
3467.52273115756	777.945007324219
3469.44638519373	777.494995117188
3471.36950249956	777.065002441406
3473.29208328091	777.739990234375
3475.21412774349	775.200012207031
3477.13563609293	774.830017089844
3479.05660853476	774.60498046875
3480.97704527438	773.97998046875
3482.89694651712	773.02001953125
3484.81631246818	772.880004882813
3486.73514333266	772.804992675781
3488.65343931557	772.244995117188
3490.57120062179	771.594970703125
3492.48842745612	771.599975585938
3494.40512002324	771.825012207031
3496.32127852773	771.965026855469
3498.23690317408	770.114990234375
3500.15199416666	768.984985351563
3502.06655170974	768.294982910156
3503.98057600749	766.590026855469
3505.89406726396	766.630004882813
3507.80702568312	766.22998046875
3509.71945146883	765.239990234375
3511.63134482483	764.530029296875
3513.54270595478	764.719970703125
3515.45353506222	764.705017089844
3517.3638323506	764.419982910156
3519.27359802324	763.114990234375
3521.1828322834	762.5
3523.09153533419	761.609985351563
3524.99970737866	760.859985351563
3526.90734861972	760.094970703125
3528.81445926021	759.97998046875
3530.72103950283	760.164978027344
3532.62708955022	759.5
3534.53260960488	758.755004882813
3536.43759986923	758.690002441406
3538.34206054558	756.945007324219
3540.24599183613	756.844970703125
3542.149393943	756.044982910156
3544.05226706817	755.765014648438
3545.95461141357	755.60498046875
3547.85642718097	755.510009765625
3549.75771457208	754.349975585938
3551.6584737885	754.054992675781
3553.55870503171	753.364990234375
3555.4584085031	752.594970703125
3557.35758440396	752.130004882813
3559.25623293548	751.85498046875
3561.15435429874	751.885009765625
3563.05194869473	752.094970703125
3564.94901632432	751.530029296875
3566.84555738829	750.669982910156
3568.74157208732	749.844970703125
3570.63706062199	750.025024414063
3572.53202319277	749.320007324219
3574.42646000003	749.02001953125
3576.32037124406	749.114990234375
3578.213757125	748.715026855469
3580.10661784295	748.684997558594
3581.99895359786	748.585021972656
3583.8907645896	748.169982910156
3585.78205101794	747.940002441406
3587.67281308254	747.184997558594
3589.56305098297	746.965026855469
3591.4527649187	746.059997558594
3593.34195508907	746.239990234375
3595.23062169338	746.234985351563
3597.11876493075	746.289978027344
3599.00638500027	745.669982910156
3600.89348210089	745.065002441406
3602.78005643148	744.75
3604.66610819078	744.280029296875
3606.55163757747	743.674987792969
3608.4366447901	743.094970703125
3610.32113002713	743.60498046875
3612.20509348693	743.445007324219
3614.08853536774	742.940002441406
3615.97145586773	742.469970703125
3617.85385518497	742.460021972656
3619.7357335174	741.974975585938
3621.61709106289	741.515014648438
3623.4979280192	741.22998046875
3625.37824458399	740.294982910156
3627.25804095482	740.289978027344
3629.13731732915	739.794982910156
3631.01607390435	739.799987792969
3632.89431087767	739.885009765625
3634.77202844629	739.960021972656
3636.64922680726	739.320007324219
3638.52590615754	739.474975585938
3640.40206669402	739.219970703125
3642.27770861344	738.640014648438
3644.15283211248	737.85498046875
3646.02743738771	737.739990234375
3647.90152463559	737.630004882813
3649.77509405251	737.265014648438
3651.64814583473	737.780029296875
3653.52068017842	737.474975585938
3655.39269727965	737.119995117188
3657.26419733442	736.724975585938
3659.13518053858	736.869995117188
3661.00564708793	736.554992675781
3662.87559717814	736.234985351563
3664.7450310048	735.400024414063
3666.61394876338	735.575012207031
3668.48235064928	735.159973144531
3670.35023685779	734.955017089844
3672.21760758409	734.474975585938
3674.08446302327	734.765014648438
3675.95080337033	734.294982910156
3677.81662882017	734.239990234375
3679.68193956758	734.309997558594
3681.54673580727	734.085021972656
3683.41101773383	733.35498046875
3685.27478554178	733.130004882813
3687.13803942551	733.075012207031
3689.00077957934	732.820007324219
3690.86300619748	733.210021972656
3692.72471947405	733.034973144531
3694.58591960306	732.669982910156
3696.44660677844	732.875
3698.306781194	732.890014648438
3700.16644304348	732.385009765625
3702.02559252049	732.234985351563
3703.88422981859	732.030029296875
3705.74235513119	731.349975585938
3707.59996865164	731.820007324219
3709.45707057318	731.239990234375
3711.31366108895	731.64501953125
3713.16974039199	731.219970703125
3715.02530867527	730.809997558594
3716.88036613164	731.049987792969
3718.73491295385	730.690002441406
3720.58894933456	730.47998046875
3722.44247546634	730.47998046875
3724.29549154166	730.760009765625
3726.14799775289	730.575012207031
3727.9999942923	730.640014648438
3729.85148135209	730.424987792969
3731.70245912432	730.390014648438
3733.55292780098	731.030029296875
3735.40288757397	730.169982910156
3737.25233863509	730.239990234375
3739.10128117603	730.065002441406
3740.9497153884	729.799987792969
3742.7976414637	730.010009765625
3744.64505959335	730.484985351563
3746.49196996866	730.085021972656
3748.33837278086	730.200012207031
3750.18426822108	729.950012207031
3752.02965648033	730.085021972656
3753.87453774956	729.924987792969
3755.7189122196	729.669982910156
3757.5627800812	729.789978027344
3759.40614152501	729.60498046875
3761.24899674159	729.734985351563
3763.09134592138	729.875
3764.93318925476	729.469970703125
3766.77452693199	729.650024414063
3768.61535914325	729.679992675781
3770.45568607861	729.239990234375
3772.29550792807	729.219970703125
3774.1348248815	729.150024414063
3775.9736371287	729.52001953125
3777.81194485938	729.474975585938
