32.6816976106991	714.065002441406
35.6535599501435	713.945007324219
38.6244374909659	713.945007324219
41.5943306947054	713.784973144531
44.5632400226282	713.835021972656
47.5311659356917	713.890014648438
50.4981088945929	713.630004882813
53.4640693597127	713.794982910156
56.4290477911676	713.820007324219
59.3930446487746	713.837524414063
62.356060392067	713.85498046875
65.3180954802906	713.940002441406
68.2791503724084	713.799987792969
71.2392255270922	713.89501953125
74.1983214027271	713.849975585938
77.1564384574159	714.044982910156
80.113577148983	714.039978027344
83.0697379349549	714.034973144531
86.0249212725722	713.919982910156
88.9791276188058	713.929992675781
91.9323574303255	714.085021972656
94.8846111635238	713.974975585938
97.8358892745121	714.169982910156
100.786192219114	714.080017089844
103.73552045287	714.070007324219
106.683874431037	714.210021972656
109.631254608583	714.594970703125
112.577661440203	714.455017089844
115.523095380307	714.719970703125
118.467556883015	715.14501953125
121.411046402175	715.585021972656
124.353564391344	717.015014648438
127.295111303796	719.174987792969
130.235687592532	722.844970703125
133.175293710265	729.265014648438
136.113930109434	739.625
139.051597242185	754.369995117188
141.98829556039	772.885009765625
144.92402551564	793.090026855469
147.858787559244	813.195007324219
150.792582142239	834.114990234375
153.725409715372	852.815002441406
156.65727072911	865.284973144531
159.588165633643	875.580017089844
162.518094878884	882.22998046875
165.447058914469	886.565002441406
168.375058189747	886.275024414063
171.302093153792	884.614990234375
174.228164255401	885.789978027344
177.153271943091	887.744995117188
180.077416665101	887.867492675781
183.000598869394	887.989990234375
185.922819003656	889.919982910156
188.84407751529	893.400024414063
191.764374851424	893.635009765625
194.683711458919	896.174987792969
197.60208778434	899.47998046875
200.519504273992	903.905029296875
203.435961373894	909.434997558594
206.351459529801	917.599975585938
209.265999187174	928.52001953125
212.179580791207	938.155029296875
215.092204786825	948.559997558594
218.003871618673	959.484985351563
220.914581731116	969.429992675781
223.824335568247	979.989990234375
226.733133573893	988.239990234375
229.640976191593	993.405029296875
232.547863864614	997.695007324219
235.453797035961	1000.56500244141
238.358776148354	1001.41497802734
241.26280164424	1001.65002441406
244.1658739658	1000.82000732422
247.067993554929	1000.66998291016
249.969160853266	1004.07000732422
252.869376302162	1005.19000244141
255.768640342707	1000.49499511719
258.666953415705	996.775024414063
261.564315961705	993.065002441406
264.46072842097	993.2099609375
267.356191233499	993.35498046875
270.25070483901	989.534973144531
273.144269676967	990.960021972656
276.036886186551	990.924987792969
278.928554806671	986.775024414063
281.819275975966	983.044982910156
284.709050132812	982.585021972656
287.597877715306	983.119995117188
290.485759161281	983.679992675781
293.372694908298	984.570007324219
296.258685393644	984.039978027344
299.143731054352	983.284973144531
302.027832327156	982.880004882813
304.910989648557	978.89501953125
307.79320345476	973.734985351563
310.674474181717	973.515014648438
313.554802265101	975.679992675781
316.434188140326	979.440002441406
319.312632242533	980.210021972656
322.190135006593	978.184997558594
325.066696867117	979.349975585938
327.942318258443	979.280029296875
330.816999614641	977.640014648438
333.690741369517	976.049987792969
336.56354395661	973.090026855469
339.435407809193	972.039978027344
342.306333360273	971.02001953125
345.176321042591	969.510009765625
348.045371288612	969.179992675781
350.913484530551	969.179992675781
353.78066120035	970.554992675781
356.64690172969	970.119995117188
359.512206549972	967.75
362.376576092357	965.385009765625
365.240010787716	965.984985351563
368.102511066677	967.289978027344
370.964077359587	966.989990234375
373.82471009654	966.030029296875
376.684409707364	965.195007324219
379.543176621612	964.820007324219
382.401011268595	966.844970703125
385.257914077343	966.164978027344
388.113885476627	969.065002441406
390.968925894961	970.02001953125
393.823035760591	970.849975585938
396.676215501503	975.409973144531
399.528465545415	978.27001953125
402.379786319791	981.065002441406
405.230178251834	986.909973144531
408.079641768472	989.734985351563
410.928177296387	990.434997558594
413.775785261992	992.924987792969
416.622466091445	997.405029296875
419.468220210631	997.179992675781
422.313048045182	996.14501953125
425.156950020479	995.614990234375
427.999926561623	998.315002441406
430.841978093471	997.049987792969
433.683105040613	995.044982910156
436.523307827384	992.049987792969
439.362586877851	990.030029296875
442.200942615829	989.315002441406
445.038375464876	988.335021972656
447.874885848283	987.849975585938
450.710474189089	988.489990234375
453.54514091007	988.080017089844
456.37888643375	986.515014648438
459.211711182386	981.85498046875
462.043615577986	979.015014648438
464.874600042297	980.505004882813
467.704664996804	980.375
470.533810862741	978.755004882813
473.36203806108	979.200012207031
476.189347012547	977.039978027344
479.015738137594	976.924987792969
481.841211856432	977.734985351563
484.665768589008	977.434997558594
487.489408755009	979.159973144531
490.312132773878	981.700012207031
493.133941064796	984.364990234375
495.954834046683	987.719970703125
498.77481213821	990.469970703125
501.593875757797	991.39501953125
504.412025323601	990.830017089844
507.229261253524	988.494995117188
510.045583965226	987.534973144531
512.860993876093	986.419982910156
515.675491403271	986.27001953125
518.489076963649	985.075012207031
521.301750973863	985.804992675781
524.113513850293	983.599975585938
526.924366009065	978.900024414063
529.734307866052	977.744995117188
532.543339836881	973.739990234375
535.35146233692	969.515014648438
538.158675781281	967.794982910156
540.964980584833	965.5
543.770377162182	965.422485351563
546.574865927692	965.344970703125
549.378447295465	961.359985351563
552.181121679365	957.445007324219
554.982889492993	955.349975585938
557.783751149701	956.715026855469
560.583707062591	954.844970703125
563.38275764452	956.025024414063
566.180903308083	958.210021972656
568.978144465633	957.140014648438
571.774481529266	953.825012207031
574.569914910839	952.609985351563
577.364445021949	949.224975585938
580.158072273946	947.39501953125
582.950797077926	947.789978027344
585.742619844752	944.505004882813
588.533540985018	944.809997558594
591.323560909078	944.369995117188
594.112680027034	946.080017089844
596.90089874875	946.025024414063
599.688217483828	942.205017089844
602.474636641629	941.484985351563
605.260156631263	941.164978027344
608.044777861596	941.349975585938
610.828500741241	941.950012207031
613.611325678567	942.955017089844
616.393253081697	947.440002441406
619.174283358506	945.614990234375
621.954416916616	944.840026855469
624.733654163414	945.065002441406
627.511995506029	943.049987792969
630.289441351351	940.950012207031
633.065992106022	939.719970703125
635.841648176434	941.445007324219
638.616409968744	940.869995117188
641.390277888847	942.875
644.163252342408	945.025024414063
646.93533373484	945.099975585938
649.706522471307	945.174987792969
652.47681895674	942.869995117188
655.246223595811	943.765014648438
658.014736792957	945.150024414063
660.782358952371	945.655029296875
663.549090477999	941.174987792969
666.314931773542	943.544982910156
669.079883242452	944.284973144531
671.843945287955	945.650024414063
674.607118313019	945.534973144531
677.369402720366	946.849975585938
680.130798912488	946.815002441406
682.891307291627	947.445007324219
685.650928259784	946.400024414063
688.409662218708	946.010009765625
691.167509569927	944.135009765625
693.924470714705	944.284973144531
696.680546054078	943.72998046875
699.435735988832	943.710021972656
702.190040919516	945.474975585938
704.943461246442	947.059997558594
707.695997369667	947.320007324219
710.447649689022	946.640014648438
713.198418604088	946.909973144531
715.948304514206	947.255004882813
718.697307818481	947.885009765625
721.445428915779	950.429992675781
724.192668204716	949.719970703125
726.93902608368	949.369995117188
729.684502950805	948.815002441406
732.429099204005	948.89501953125
735.172815240936	949.304992675781
737.915651459026	949.02001953125
740.657608255463	949.484985351563
743.398686027186	950.049987792969
746.13888517091	952.025024414063
748.878206083102	953.705017089844
751.616649159998	957.005004882813
754.354214797584	959.619995117188
757.09090339162	958.484985351563
759.826715337622	956.309997558594
762.561651030868	957.340026855469
765.295710866406	956.919982910156
768.028895239041	954.164978027344
770.761204543336	950.505004882813
773.492639173626	946.034973144531
776.223199524006	944.905029296875
778.952885988334	943.900024414063
781.681698960235	941.234985351563
784.40963883309	940.640014648438
787.136706000052	940.700012207031
789.862900854037	940.835021972656
792.588223787721	943.179992675781
795.312675193549	945.325012207031
798.036255463728	944.489990234375
800.758964990228	941.484985351563
803.480804164792	944.22998046875
806.201773378919	946.534973144531
808.921873023884	944.960021972656
811.641103490712	947.450012207031
814.359465170214	950.085021972656
817.076958452946	955.330017089844
819.793583729246	961.900024414063
822.509341389214	968.414978027344
825.224231822712	975.340026855469
827.938255419375	979.594970703125
830.651412568596	983.39501953125
833.363703659544	984.664978027344
836.075129081157	985.304992675781
838.785689222127	985.364990234375
841.495384470928	989.570007324219
844.204215215788	993.299987792969
846.912181844721	999.559997558594
849.619284745491	1005.30499267578
852.325524305638	1006.53997802734
855.030900912475	1006.88745117188
857.735414953079	1007.23498535156
860.439066814289	1002.375
863.141856882725	999.375
865.843785544769	997.960021972656
868.544853186571	993.054992675781
871.245060194063	993.164978027344
873.944406952925	991.10498046875
876.642893848625	992
879.340521266398	993.885009765625
882.037289591241	993.695007324219
884.733199207927	993.505004882813
887.428250501001	994.830017089844
890.122443854778	997.950012207031
892.815779653335	1000.44500732422
895.508258280534	1005.15002441406
898.199880119997	1007.59497070313
900.890645555129	1006.92999267578
903.580554969094	1007.34002685547
906.269608744832	1003.25500488281
908.957807265056	999.054992675781
911.645150912257	1001.29498291016
914.331640068689	1003.59002685547
917.017275116375	1003.21502685547
919.702056437128	1002.82501220703
922.385984412518	1005.73498535156
925.069059423886	1008.68499755859
927.751281852366	1009.17498779297
930.432652078842	1011.48498535156
933.113170483983	1014.86999511719
935.79283744823	1017.00500488281
938.471653351806	1021.22998046875
941.149618574686	1024.51000976563
943.826733496641	1025.90002441406
946.502998497206	1025.75500488281
949.178413955689	1025.60998535156
951.85298025118	1023.76000976563
954.526697762544	1022.92999267578
957.199566868403	1021.90502929688
959.87158794718	1023.76000976563
962.542761377054	1019.65997314453
965.213087535987	1018.64001464844
967.882566801719	1016.13000488281
970.551199551761	1016.15002441406
973.218986163399	1014.26501464844
975.885927013698	1011.60498046875
978.552022479501	1010.83001708984
981.217272937423	1011.08502197266
983.88167876386	1014.89001464844
986.545240334978	1017.61999511719
989.207958026729	1026.57995605469
991.869832214835	1032.52001953125
994.530863274798	1045.30505371094
997.191051581895	1065.26000976563
999.850397511185	1087.6650390625
1002.50890143751	1107.77001953125
1005.16656373546	1124.38500976563
1007.82338477944	1127.73999023438
1010.47936494363	1118.79504394531
1013.13450460195	1099.18994140625
1015.78880412815	1077.06005859375
1018.44226389572	1049.53002929688
1021.09488427794	1035.11499023438
1023.74666564789	1029.94494628906
1026.3976083784	1027.06494140625
1029.04771284208	1031.53503417969
1031.69697941135	1035.52502441406
1034.34540845838	1036.59997558594
1036.99300035512	1033.6650390625
1039.63975547333	1030.74499511719
1042.28567418452	1031.38000488281
1044.93075685998	1031.93505859375
1047.57500387081	1034.98999023438
1050.21841558786	1036.34497070313
1052.86099238177	1043.29504394531
1055.50273462297	1050.96496582031
1058.14364268167	1055.32495117188
1060.78371692784	1058.77001953125
1063.42295773126	1062.89001464844
1066.06136546148	1071.84497070313
1068.69894048781	1075.68005371094
1071.33568317939	1074.02001953125
1073.9715939051	1076.07495117188
1076.60667303362	1069.06005859375
1079.24092093341	1061.01501464844
1081.87433797271	1054.7099609375
1084.50692451954	1052.47998046875
1087.13868094172	1048.53503417969
1089.76960760684	1048.11499023438
1092.39970488226	1045.7099609375
1095.02897313516	1040.93994140625
1097.65741273246	1036.16003417969
1100.28502404089	1035.43005371094
1102.91180742697	1035.98498535156
1105.53776325698	1034.52502441406
1108.16289189701	1032.5400390625
1110.78719371291	1029.88500976563
1113.41066907033	1031.67004394531
1116.0333183347	1034.58996582031
1118.65514187124	1037.06494140625
1121.27614004495	1042.24499511719
1123.89631322061	1044.34497070313
1126.51566176279	1046.66003417969
1129.13418603585	1046.27502441406
1131.75188640394	1041.02001953125
1134.36876323098	1031.625
1136.98481688069	1023.77502441406
1139.60004771655	1012.35498046875
1142.21445610187	1003.77001953125
1144.82804239972	999.260009765625
1147.44080697295	998.47998046875
1150.05275018421	1002.33001708984
1152.66387239593	1006.19500732422
1155.27417397034	1010.72998046875
1157.88365526943	1008.28497314453
1160.49231665502	1007.69500732422
1163.10015848867	1008.39501953125
1165.70718113176	1006.83502197266
1168.31338494544	1006.36999511719
1170.91877029067	1004.36499023438
1173.52333752817	1004.88000488281
1176.12708701847	1002.73498535156
1178.73001912187	997.705017089844
1181.33213419848	995.924987792969
1183.93343260819	994.619995117188
1186.53391471068	990.005004882813
1189.13358086539	987.559997558594
1191.73243143161	987.539978027344
1194.33046676836	991.315002441406
1196.92768723449	995.820007324219
1199.52409318861	1002.34997558594
1202.11968498915	1006.53997802734
1204.7144629943	1010.67999267578
1207.30842756206	1016.84002685547
1209.90157905021	1022.28997802734
1212.49391781634	1023.34002685547
1215.08544421779	1019.03002929688
1217.67615861174	1014.09002685547
1220.26606135512	1010.63000488281
1222.85515280468	1011.88500976563
1225.44343331694	1018.14001464844
1228.03090324823	1023.52502441406
1230.61756295466	1031.06005859375
1233.20341279213	1039.08996582031
1235.78845311634	1042.69995117188
1238.37268428278	1043.25
1240.95610664673	1049.84497070313
1243.53872056325	1055.99499511719
1246.12052638722	1059.13000488281
1248.70152447329	1058.75500488281
1251.28171517591	1058.66748046875
1253.86109884934	1058.57995605469
1256.43967584759	1059.30004882813
1259.0174465245	1062.68005371094
1261.5944112337	1067.44494628906
1264.1705703286	1066.77001953125
1266.74592416241	1065.69995117188
1269.32047308814	1065.25500488281
1271.89421745858	1067.05505371094
1274.46715762633	1069.86499023438
1277.03929394377	1064.59997558594
1279.61062676308	1065.21496582031
1282.18115643624	1067.52502441406
1284.75088331502	1062.82495117188
1287.31980775098	1060.59497070313
1289.88793009548	1056.98999023438
1292.45525069969	1053.10998535156
1295.02176991454	1054.35498046875
1297.58748809078	1056.49499511719
1300.15240557897	1059.625
1302.71652272942	1061.30004882813
1305.27983989229	1066.84997558594
1307.84235741749	1070.05505371094
1310.40407565475	1073.2900390625
1312.9649949536	1074.4599609375
1315.52511566335	1081.14001464844
1318.08443813311	1080.75500488281
1320.64296271181	1081.31005859375
1323.20068974815	1081.17004394531
1325.75761959063	1079.82495117188
1328.31375258756	1086.17504882813
1330.86908908704	1085.60498046875
1333.42362943696	1088.42004394531
1335.97737398503	1090.74499511719
1338.53032307874	1089.36999511719
1341.08247706537	1083.7099609375
1343.63383629202	1083.36999511719
1346.18440110558	1083.25500488281
1348.73417185274	1075.72497558594
1351.28314887997	1067.53503417969
1353.83133253357	1055.55505371094
1356.37872315961	1051.52502441406
1358.92532110398	1047.46997070313
1361.47112671237	1042.35998535156
1364.01614033024	1036.14501953125
1366.56036230288	1031.70495605469
1369.10379297537	1024.77502441406
1371.64643269258	1020.16497802734
1374.18828179921	1014.15502929688
1376.72934063972	1011.82000732422
1379.2696095584	1011.14001464844
1381.80908889932	1011.08251953125
1384.34777900637	1011.02502441406
1386.88568022323	1008.07501220703
1389.42279289337	1011.14001464844
1391.95911736009	1011.77502441406
1394.49465396645	1012.5
1397.02940305537	1013.10998535156
1399.5633649695	1012.92498779297
1402.09654005135	1012.42999267578
1404.6289286432	1016.97998046875
1407.16053108714	1021.96997070313
1409.69134772507	1024.30505371094
1412.22137889868	1025.31494140625
1414.75062494947	1027.10498046875
1417.27908621874	1026.94494628906
1419.80676304759	1027.73498535156
1422.33365577692	1029.2099609375
1424.85976474744	1030.08996582031
1427.38509029967	1031.57495117188
1429.90963277392	1037.125
1432.4333925103	1043.54504394531
1434.95636984873	1051.07995605469
1437.47856512894	1062.0400390625
1439.99997869045	1076.55004882813
1442.5206108726	1087.15502929688
1445.04046201452	1099.73498535156
1447.55953245515	1113.18994140625
1450.07782253323	1120.46496582031
1452.59533258731	1122.03002929688
1455.11206295574	1132.03503417969
1457.62801397668	1116.32495117188
1460.14318598809	1106.4150390625
1462.65757932774	1099.88000488281
1465.1711943332	1091.01000976563
1467.68403134184	1075.08996582031
1470.19609069085	1055.22497558594
1472.70737271721	1036.73999023438
1475.21787775772	1018.73999023438
1477.72760614897	1000.41998291016
1480.23655822738	984.130004882813
1482.74473432914	972
1485.25213479029	959.515014648438
1487.75875994664	951.549987792969
1490.26461013382	944.364990234375
1492.76968568726	940.025024414063
1495.27398694222	935.780029296875
1497.77751423374	932.10498046875
1500.28026789667	932.804992675781
1502.78224826569	932.359985351563
1505.28345567526	929.049987792969
1507.78389045967	929.125
1510.28355295299	928.914978027344
1512.78244348913	929.955017089844
1515.28056240178	931.130004882813
1517.77791002445	930.960021972656
1520.27448669047	929.794982910156
1522.77029273296	933.184997558594
1525.26532848486	933.244995117188
1527.75959427889	934
1530.25309044764	936.044982910156
1532.74581732344	935.469970703125
1535.23777523847	935.179992675781
1537.72896452471	933.155029296875
1540.21938551394	932.455017089844
1542.70903853778	932.60498046875
1545.19792392761	938.419982910156
1547.68604201466	942.965026855469
1550.17339312997	947.890014648438
1552.65997760434	949.559997558594
1555.14579576845	950.664978027344
1557.63084795275	953.575012207031
1560.11513448749	953.35498046875
1562.59865570276	952.099975585938
1565.08141192845	951.690002441406
1567.56340349426	948.424987792969
1570.04463072969	947.744995117188
1572.52509396406	947.974975585938
1575.00479352652	950.234985351563
1577.48372974599	952.085021972656
1579.96190295124	957.234985351563
1582.43931347083	959.5
1584.91596163314	962.400024414063
1587.39184776636	963.130004882813
1589.86697219849	963.440002441406
1592.34133525734	964.825012207031
1594.81493727054	967.869995117188
1597.28777856553	968.070007324219
1599.75985946955	975.070007324219
1602.23118030968	982.400024414063
1604.70174141278	989.929992675781
1607.17154310555	998.015014648438
1609.64058571449	999.844970703125
1612.10886956591	1002.65502929688
1614.57639498595	1001.01000976563
1617.04316230054	997.005004882813
1619.50917183543	993.109985351563
1621.97442391621	993.200012207031
1624.43891886825	992.955017089844
1626.90265701674	992.775024414063
1629.36563868671	991.460021972656
1631.82786420296	991.715026855469
1634.28933389016	991.909973144531
1636.75004807274	996.044982910156
1639.21000707498	1004.47497558594
1641.66921122097	1013.78497314453
1644.12766083459	1024.56005859375
1646.58535623956	1033.10998535156
1649.04229775941	1043.65002441406
1651.4984857175	1054.63000488281
1653.95392043697	1064.24499511719
1656.40860224079	1071.43994140625
1658.86253145177	1076.9599609375
1661.3157083925	1075.67504882813
1663.76813338542	1078.72998046875
1666.21980675275	1079.71496582031
1668.67072881656	1074.0849609375
1671.1208998987	1064.78503417969
1673.57032032089	1059.32495117188
1676.0189904046	1052.07995605469
1678.46691047118	1040.65002441406
1680.91408084174	1024.45495605469
1683.36050183726	1013.78997802734
1685.8061737785	1001.81500244141
1688.25109698605	988.299987792969
1690.69527178032	976.409973144531
1693.13869848153	964.765014648438
1695.58137740972	951.640014648438
1698.02330888476	941.304992675781
1700.46449322631	932.52001953125
1702.90493075388	924.875
1705.34462178678	916.934997558594
1707.78356664414	912.840026855469
1710.22176564492	908.385009765625
1712.65921910787	904.184997558594
1715.0959273516	900.875
1717.53189069449	898.994995117188
1719.9671094548	898.044982910156
1722.40158395054	897.905029296875
1724.8353144996	895.674987792969
1727.26830141965	894.945007324219
1729.70054502819	893.890014648438
1732.13204564255	894.39501953125
1734.56280357987	894.655029296875
1736.99281915711	894.210021972656
1739.42209269106	890.880004882813
1741.85062449831	890.945007324219
1744.27841489529	889.809997558594
1746.70546419823	887.760009765625
1749.13177272321	888.575012207031
1751.5573407861	888.054992675781
1753.98216870262	889.484985351563
1756.40625678828	888.965026855469
1758.82960535844	888.955017089844
1761.25221472825	888.534973144531
1763.67408521271	887.150024414063
1766.09521712663	887.599975585938
1768.51561078464	886.940002441406
1770.93526650119	888.734985351563
1773.35418459056	888.284973144531
1775.77236536684	888.695007324219
1778.18980914396	886.330017089844
1780.60651623565	886.364990234375
1783.02248695548	887.099975585938
1785.43772161684	887.445007324219
1787.85222053292	886.924987792969
1790.26598401677	885.794982910156
1792.67901238123	883.955017089844
1795.09130593899	884.085021972656
1797.50286500254	884.905029296875
1799.9136898842	882.835021972656
1802.32378089613	883.650024414063
1804.73313835028	883.789978027344
1807.14176255846	883.109985351563
1809.54965383228	881.440002441406
1811.95681248317	881.869995117188
1814.36323882242	881.554992675781
1816.76893316109	882.594970703125
1819.17389581011	882.200012207031
1821.57812708021	882.799987792969
1823.98162728196	881.924987792969
1826.38439672573	881.955017089844
1828.78643572174	882.049987792969
1831.18774458003	882.47998046875
1833.58832361045	880.539978027344
1835.98817312269	880.275024414063
1838.38729342625	881.090026855469
1840.78568483048	881.945007324219
1843.18334764454	881.539978027344
1845.58028217741	880.945007324219
1847.9764887379	877.539978027344
1850.37196763465	877.39501953125
1852.76671917613	878.650024414063
1855.16074367062	879.294982910156
1857.55404142624	879.804992675781
1859.94661275094	879.085021972656
1862.33845795247	879.330017089844
1864.72957733844	879.359985351563
1867.11997121627	879.469970703125
1869.5096398932	880.02001953125
1871.89858367631	878.594970703125
1874.28680287251	878.574951171875
1876.67429778851	878.554992675781
1879.06106873089	879.025024414063
1881.44711600601	880.275024414063
1883.8324399201	878.114990234375
1886.21704077919	876.190002441406
1888.60091888915	877.89501953125
1890.98407455567	877.369995117188
1893.36650808428	879.234985351563
1895.74821978033	879.217529296875
1898.12920994899	879.200012207031
1900.50947889527	879.085021972656
1902.88902692401	877.815002441406
1905.26785433986	877.885009765625
1907.64596144734	877.255004882813
1910.02334855075	876.844970703125
1912.40001595424	878.534973144531
1914.7759639618	879.440002441406
1917.15119287724	881.215026855469
1919.52570300419	880.14501953125
1921.89949464611	879.215026855469
1924.27256810632	879.424987792969
1926.64492368793	878.724975585938
1929.0165616939	879.469970703125
1931.38748242701	880.469970703125
1933.75768618989	880.174987792969
1936.12717328497	878.635009765625
1938.49594401455	878.599975585938
1940.86399868071	878.587524414063
1943.23133758541	878.575012207031
1945.5979610304	878.497497558594
1947.96386931729	878.419982910156
1950.32906274751	878.775024414063
1952.69354162232	880.010009765625
1955.0573062428	879.590026855469
1957.42035690989	878.934997558594
1959.78269392434	877.484985351563
1962.14431758673	877.210021972656
1964.50522819748	877.900024414063
1966.86542605684	878.724975585938
1969.22491146488	878.844970703125
1971.58368472153	878.965026855469
1973.94174612654	878.640014648438
1976.29909597945	879.385009765625
1978.65573457971	880.465026855469
1981.01166222654	879.905029296875
1983.36687921902	880.030029296875
1985.72138585606	880.525024414063
1988.07518243639	878.794982910156
1990.42826925859	876.880004882813
1992.78064662106	877.575012207031
1995.13231482205	877.994995117188
1997.48327415961	879.284973144531
1999.83352493167	878.969970703125
2002.18306743594	878.460021972656
2004.53190197002	877.72998046875
2006.8800288313	877.72998046875
2009.22744831703	877.775024414063
2011.57416072427	877.820007324219
2013.92016634993	877.919982910156
2016.26546549076	876.844970703125
2018.61005844332	877.130004882813
2020.95394550404	876.400024414063
2023.29712696915	875.169982910156
2025.63960313474	876.320007324219
2027.98137429672	878.35498046875
2030.32244075083	877.655029296875
2032.66280279266	879.184997558594
2035.00246071763	878.864990234375
2037.34141482099	879.155029296875
2039.67966539784	878.585021972656
2042.01721274309	877.825012207031
2044.35405715151	876.775024414063
2046.69019891769	876.625
2049.02563833606	877.544982910156
2051.3603757009	877.724975585938
2053.6944113063	877.900024414063
2056.0277454462	878.849975585938
2058.36037841439	879.359985351563
2060.69231050446	880.094970703125
2063.02354200988	879.10498046875
2065.35407322392	879.369995117188
2067.68390443971	879.429992675781
2070.01303595021	879.489990234375
2072.3414680482	879.125
2074.66920102633	880.119995117188
2076.99623517706	880.559997558594
2079.32257079271	880.950012207031
2081.6482081654	879.929992675781
2083.97314758713	879.184997558594
2086.29738934971	879.47998046875
2088.62093374481	879.515014648438
2090.94378106391	880.224975585938
2093.26593159835	879.914978027344
2095.5873856393	881.330017089844
2097.90814347777	881.219970703125
2100.2282054046	882.130004882813
2102.54757171048	880.539978027344
2104.86624268594	881.35498046875
2107.18421862133	882.044982910156
2109.50149980686	883.710021972656
2111.81808653257	883.309997558594
2114.13397908834	882.320007324219
2116.44917776388	883.085021972656
2118.76368284875	884.799987792969
2121.07749463235	884.570007324219
2123.39061340391	882.710021972656
2125.70303945252	882.705017089844
2128.01477306707	882.657470703125
2130.32581453634	882.609985351563
2132.63616414891	883.025024414063
2134.94582219322	882.320007324219
2137.25478895754	883.010009765625
2139.56306472999	884.075012207031
2141.87064979851	885.10498046875
2144.17754445092	884.794982910156
2146.48374897484	883.619995117188
2148.78926365774	883.14501953125
2151.09408878695	883.784973144531
2153.39822464963	883.794982910156
2155.70167153277	883.804992675781
2158.00442972321	883.575012207031
2160.30649950763	884.169982910156
2162.60788117256	885.140014648438
2164.90857500436	885.434997558594
2167.20858128923	883.400024414063
2169.50790031323	883
2171.80653236223	882.794982910156
2174.10447772198	883.534973144531
2176.40173667804	882.465026855469
2178.69830951582	882.47998046875
2180.99419652058	882.412475585938
2183.28939797743	882.344970703125
2185.5839141713	882.265014648438
2187.87774538698	881.804992675781
2190.17089190908	881.224975585938
2192.46335402209	880.765014648438
2194.75513201032	881.400024414063
2197.04622615791	882.794982910156
2199.33663674886	884.125
2201.62636406702	883.719970703125
2203.91540839606	881.85498046875
2206.20377001952	879.780029296875
2208.49144922077	879.765014648438
2210.77844628302	881.75
2213.06476148933	883.14501953125
2215.3503951226	880.905029296875
2217.63534746557	880.614990234375
2219.91961880085	881.054992675781
2222.20320941085	881.315002441406
2224.48611957785	882.525024414063
2226.76834958399	881.715026855469
2229.04989971122	881.284973144531
2231.33077024136	879.929992675781
2233.61096145607	879.869995117188
2235.89047363683	880.989990234375
2238.169307065	880.664978027344
2240.44746202178	880.794982910156
2242.72493878819	880.510009765625
2245.00173764511	880.765014648438
2247.27785887327	880.679992675781
2249.55330275324	882.025024414063
2251.82806956545	883.924987792969
2254.10215959014	883.875
2256.37557310744	883.484985351563
2258.64831039729	883.900024414063
2260.92037173949	882.025024414063
2263.19175741368	880.89501953125
2265.46246769938	880.875
2267.7325028759	880.85498046875
2270.00186322243	882.150024414063
2272.270549018	884.909973144531
2274.5385605415	885.200012207031
2276.80589807165	883.190002441406
2279.07256188702	882.275024414063
2281.33855226601	882.282470703125
2283.60386948691	882.289978027344
2285.86851382782	884.625
2288.1324855667	884.010009765625
2290.39578498136	883.054992675781
2292.65841234945	882.260009765625
2294.92036794847	883.054992675781
2297.18165205578	883.460021972656
2299.44226494856	883.375
2301.70220690387	883.77001953125
2303.96147819859	885.429992675781
2306.22007910947	885.934997558594
2308.47800991309	885.789978027344
2310.73527088589	885.744995117188
2312.99186230416	885.89501953125
2315.24778444403	884.659973144531
2317.50303758149	884.635009765625
2319.75762199235	884.119995117188
2322.01153795231	884.445007324219
2324.26478573689	885.515014648438
2326.51736562147	886.625
2328.76927788127	886.044982910156
2331.02052279137	885.77001953125
2333.2711006267	883.169982910156
2335.52101166203	883.232482910156
2337.77025617198	883.294982910156
2340.01883443103	885.909973144531
2342.2667467135	885.607482910156
2344.51399329356	885.304992675781
2346.76057444525	882.440002441406
2349.00649044241	882.570007324219
2351.2517415588	883.890014648438
2353.49632806796	883.030029296875
2355.74025024334	882.179992675781
2357.98350835819	883.070007324219
2360.22610268566	881.625
2362.4680334987	882.945007324219
2364.70930107016	882.885009765625
2366.94990567269	882.510009765625
2369.18984757884	882.775024414063
2371.42912706098	881.780029296875
2373.66774439134	880.510009765625
2375.90569984199	881.869995117188
2378.14299368488	884.484985351563
2380.37962619179	885.200012207031
2382.61559763435	885.184997558594
2384.85090828405	883.5
2387.08555841222	882.265014648438
2389.31954829006	881.219970703125
2391.55287818861	881.184997558594
2393.78554837877	880.255004882813
2396.01755913128	882.27001953125
2398.24891071673	882.52001953125
2400.47960340558	883.789978027344
2402.70963746814	884.424987792969
2404.93901317456	882.299987792969
2407.16773079485	883.130004882813
2409.39579059887	883.664978027344
2411.62319285633	882.320007324219
2413.84993783681	882.390014648438
2416.07602580971	883.690002441406
2418.30145704432	881.679992675781
2420.52623180977	882.349975585938
2422.75035037503	884.559997558594
2424.97381300893	884.599975585938
2427.19661998017	883.224975585938
2429.41877155729	883.119995117188
2431.64026800867	884.280029296875
2433.86110960257	884.580017089844
2436.08129660709	883.609985351563
2438.30082929019	885.184997558594
2440.51970791967	884.700012207031
2442.73793276321	884.717529296875
2444.95550408832	884.734985351563
2447.17242216237	882.510009765625
2449.38868725259	882.239990234375
2451.60429962607	881.684997558594
2453.81925954975	882.405029296875
2456.03356729041	884.304992675781
2458.2472231147	885.445007324219
2460.46022728913	885.080017089844
2462.67258008005	885.705017089844
2464.88428175368	885.72998046875
2467.09533257608	884.690002441406
2469.30573281318	882.989990234375
2471.51548273076	884.815002441406
2473.72458259445	884.739990234375
2475.93303266974	883.994995117188
2478.14083322198	885.169982910156
2480.34798451637	884.414978027344
2482.55448681797	884.825012207031
2484.76034039169	887.679992675781
2486.96554550231	887.585021972656
2489.17010241445	889.72998046875
2491.37401139259	889.174987792969
2493.57727270109	888.239990234375
2495.77988660412	887.669982910156
2497.98185336574	888.059997558594
2500.18317324987	886.760009765625
2502.38384652028	885.119995117188
2504.58387344058	886.380004882813
2506.78325427425	886.580017089844
2508.98198928465	885.255004882813
2511.18007873495	885.580017089844
2513.37752288821	887.169982910156
2515.57432200735	889.25
2517.77047635514	887.724975585938
2519.96598619419	886.494995117188
2522.16085178699	887.340026855469
2524.35507339589	888.549987792969
2526.54865128308	886.575012207031
2528.74158571062	887.114990234375
2530.93387694042	888.539978027344
2533.12552523427	887.804992675781
2535.31653085379	889.989990234375
2537.50689406046	889.609985351563
2539.69661511566	890.325012207031
2541.88569428057	888.114990234375
2544.07413181627	888.635009765625
2546.26192798368	891.515014648438
2548.44908304359	889.960021972656
2550.63559725664	888.164978027344
2552.82147088333	888.599975585938
2555.00670418402	890.52001953125
2557.19129741894	891.375
2559.37525084817	889.72998046875
2561.55856473164	888.635009765625
2563.74123932917	889.380004882813
2565.92327490039	889.52001953125
2568.10467170484	891.664978027344
2570.28543000189	891.284973144531
2572.46555005079	892.455017089844
2574.64503211063	890.179992675781
2576.82387644036	889.164978027344
2579.00208329882	889.820007324219
2581.17965294468	891.85498046875
2583.35658563648	892.539978027344
2585.53288163263	891.109985351563
2587.70854119137	891.089965820313
2589.88356457084	891.070007324219
2592.05795202902	891.984985351563
2594.23170382376	892.525024414063
2596.40482021275	892.72998046875
2598.57730145356	892.044982910156
2600.74914780363	892.275024414063
2602.92035952023	892.460021972656
2605.09093686053	894.010009765625
2607.26088008153	894.609985351563
2609.4301894401	896.075012207031
2611.59886519299	896.025024414063
2613.76690759678	897.534973144531
2615.93431690793	897.690002441406
2618.10109338277	898.484985351563
2620.26723727748	898.349975585938
2622.4327488481	900.155029296875
2624.59762835054	900.359985351563
2626.76187604057	899.775024414063
2628.92549217382	899.734985351563
2631.08847700579	901.155029296875
2633.25083079182	902.734985351563
2635.41255378715	903.284973144531
2637.57364624684	903.289978027344
2639.73410842586	903.294982910156
2641.893940579	901.60498046875
2644.05314296094	900.890014648438
2646.21171582621	903.085021972656
2648.36965942921	904.950012207031
2650.5269740242	905.390014648438
2652.6836598653	905.58251953125
2654.83971720651	905.775024414063
2656.99514630167	905.719970703125
2659.1499474045	904.184997558594
2661.30412076857	905.794982910156
2663.45766664734	907.760009765625
2665.61058529411	908.684997558594
2667.76287696204	909.510009765625
2669.91454190418	906.820007324219
2672.06558037342	910.099975585938
2674.21599262253	911.179992675781
2676.36577890413	912.364990234375
2678.51493947072	911.744995117188
2680.66347457466	909.924987792969
2682.81138446816	911.534973144531
2684.95866940332	911.66748046875
2687.10532963209	911.799987792969
2689.25136540628	912.219970703125
2691.39677697757	913.885009765625
2693.54156459752	916.044982910156
2695.68572851753	916.070007324219
2697.82926898888	915.359985351563
2699.97218626272	916.075012207031
2702.11448059006	917.89501953125
2704.25615222175	919.669982910156
2706.39720140856	919.840026855469
2708.53762840109	919.304992675781
2710.67743344979	923.650024414063
2712.81661680503	926.809997558594
2714.95517871698	928.994995117188
2717.09311943574	929.744995117188
2719.23043921123	930.669982910156
2721.36713829325	933.35498046875
2723.50321693148	936.719970703125
2725.63867537545	937.280029296875
2727.77351387456	937.085021972656
2729.90773267809	938.780029296875
2732.04133203516	939.864990234375
2734.17431219478	939.109985351563
2736.30667340581	939
2738.438415917	939.289978027344
2740.56953997695	938.52001953125
2742.70004583414	935.239990234375
2744.82993373688	932.090026855469
2746.9592039334	931.505004882813
2749.08785667177	934.650024414063
2751.21589219993	934.575012207031
2753.34331076568	931.155029296875
2755.4701126167	929.494995117188
2757.59629800054	929.289978027344
2759.7218671646	930.094970703125
2761.84682035617	930.349975585938
2763.9711578224	932.744995117188
2766.0948798103	932.6875
2768.21798656676	932.630004882813
2770.34047833852	928.72998046875
2772.46235537222	927.5
2774.58361791434	928.155029296875
2776.70426621124	928.340026855469
2778.82430050915	928.39501953125
2780.94372105416	928.494995117188
2783.06252809224	928.594970703125
2785.18072186922	926.109985351563
2787.29830263081	927.289978027344
2789.41527062257	927.969970703125
2791.53162608996	926.419982910156
2793.64736927828	925.755004882813
2795.76250043271	927.460021972656
2797.8770197983	929.72998046875
2799.99092761997	930.64501953125
2802.10422414252	930.710021972656
2804.21690961059	930.815002441406
2806.32898426873	931.174987792969
2808.44044836132	934.945007324219
2810.55130213264	938.309997558594
2812.66154582682	941.094970703125
2814.77117968788	945.234985351563
2816.8802039597	949.424987792969
2818.98861888601	950.234985351563
2821.09642471046	953.664978027344
2823.20362167653	956.030029296875
2825.31021002756	960.684997558594
2827.41619000682	966.85498046875
2829.52156185738	971.690002441406
2831.62632582224	977.710021972656
2833.73048214422	984.474975585938
2835.83403106606	991.35498046875
2837.93697283033	1000.28002929688
2840.03930767951	1012.71997070313
2842.1410358559	1027.53503417969
2844.24215760173	1040.41003417969
2846.34267315905	1055.86999511719
2848.44258276982	1080.4150390625
2850.54188667585	1104.86999511719
2852.64058511883	1122.68005371094
2854.73867834032	1142.79504394531
2856.83616658175	1163.24499511719
2858.93305008443	1190.73498535156
2861.02932908952	1219.90002441406
2863.12500383809	1244.79504394531
2865.22007457104	1279.72497558594
2867.31454152918	1323.14501953125
2869.40840495316	1363.58996582031
2871.50166508353	1399.7099609375
2873.59432216069	1431.46496582031
2875.68637642493	1455.25500488281
2877.77782811641	1469.57495117188
2879.86867747515	1470.7900390625
2881.95892474105	1476.53503417969
2884.0485701539	1492.38500976563
2886.13761395333	1507.3349609375
2888.22605637886	1515.0400390625
2890.3138976699	1511.06005859375
2892.40113806571	1518.15502929688
2894.48777780544	1538.7900390625
2896.57381712808	1562.13500976563
2898.65925627254	1580.09497070313
2900.74409547758	1602.67504882813
2902.82833498183	1622.98999023438
2904.9119750238	1637.93005371094
2906.99501584188	1648.55505371094
2909.07745767432	1668.51501464844
2911.15930075925	1702.07995605469
2913.24054533469	1736.80505371094
2915.3211916385	1759.82495117188
2917.40123990846	1790.86499023438
2919.48069038217	1827.93994140625
2921.55954329716	1862.81994628906
2923.63779889079	1891.44494628906
2925.71545740033	1926.5849609375
2927.79251906289	1958
2929.86898411548	1975.07995605469
2931.94485279498	1979.42504882813
2934.02012533815	1996.71997070313
2936.0948019816	2009.42504882813
2938.16888296184	2003.32995605469
2940.24236851525	1990.83996582031
2942.31525887809	1974.65502929688
2944.38755428648	1942.20495605469
2946.45925497643	1892.54504394531
2948.53036118382	1820.92004394531
2950.6008731444	1777.81494140625
2952.67079109381	1756.82995605469
2954.74011526755	1728
2956.80884590101	1689.35998535156
2958.87698322944	1667.56494140625
2960.94452748799	1650.06994628906
2963.01147891167	1633.05004882813
2965.07783773535	1615.59997558594
2967.14360419382	1596.85498046875
2969.2087785217	1577.06494140625
2971.27336095352	1556.98999023438
2973.33735172366	1534.93005371094
2975.40075106641	1513.0400390625
2977.46355921591	1493.32495117188
2979.52577640618	1469.72998046875
2981.58740287112	1449.47998046875
2983.64843884452	1436.89501953125
2985.70888456003	1417.22998046875
2987.76874025117	1392.04504394531
2989.82800615137	1360.22497558594
2991.88668249391	1333.5849609375
2993.94476951194	1309.97998046875
2996.00226743852	1281.33996582031
2998.05917650657	1259.30505371094
3000.11549694887	1239.34997558594
3002.17122899812	1216.31494140625
3004.22637288685	1191.96496582031
3006.2809288475	1168.58996582031
3008.33489711238	1151.67504882813
3010.38827791368	1132.73498535156
3012.44107148345	1115.15502929688
3014.49327805366	1103.31494140625
3016.5448978561	1095.60998535156
3018.59593112249	1086.41003417969
3020.64637808441	1076.20495605469
3022.6962389733	1064.59497070313
3024.74551402051	1056.18005371094
3026.79420345725	1050.39001464844
3028.84230751461	1046.64001464844
3030.88982642357	1042.73999023438
3032.93676041497	1040.38000488281
3034.98310971955	1042.06005859375
3037.02887456791	1045.19494628906
3039.07405519054	1048.75
3041.11865181781	1052.73498535156
3043.16266467996	1056.64501953125
3045.20609400713	1061.33996582031
3047.24894002932	1063.46496582031
3049.2912029764	1064.6650390625
3051.33288307815	1070.56994628906
3053.37398056421	1079.18005371094
3055.41449566411	1091.21496582031
3057.45442860725	1102.60998535156
3059.49377962291	1107.86499023438
3061.53254894026	1110.15002441406
3063.57073678834	1111.81994628906
3065.60834339607	1113.44494628906
3067.64536899227	1108.34997558594
3069.68181380561	1099.93994140625
3071.71767806467	1089.35998535156
3073.75296199788	1076.10998535156
3075.78766583357	1064.72497558594
3077.82178979997	1053.81005859375
3079.85533412513	1042.50500488281
3081.88829903705	1035.28002929688
3083.92068476356	1028.48999023438
3085.95249153241	1023.54998779297
3087.98371957119	1017.47497558594
3090.01436910741	1013.14001464844
3092.04444036844	1011.52502441406
3094.07393358152	1007.03997802734
3096.10284897381	1001.99499511719
3098.13118677232	1002.33001708984
3100.15894720395	1004.59997558594
3102.18613049548	1004.29998779297
3104.21273687357	1003.34997558594
3106.23876656477	1006.41998291016
3108.2642197955	1004.34997558594
3110.28909679208	1001.03497314453
3112.31339778069	1000.53997802734
3114.33712298741	1002.02001953125
3116.36027263819	1002.59497070313
3118.38284695887	1005.05499267578
3120.40484617516	1008.79498291016
3122.42627051268	1011.91998291016
3124.4471201969	1011.28997802734
3126.46739545319	1009.10998535156
3128.4870965068	1009.91998291016
3130.50622358287	1014.16998291016
3132.5247769064	1013.85498046875
3134.54275670229	1010.24499511719
3136.56016319534	1011.84997558594
3138.57699661019	1015.46002197266
3140.59325717139	1016.88500976563
3142.60894510338	1021
3144.62406063047	1020.77502441406
3146.63860397686	1020.97998046875
3148.65257536662	1019.97998046875
3150.66597502371	1022.375
3152.67880317199	1021.78497314453
3154.69106003518	1022.20001220703
3156.70274583691	1025.84997558594
3158.71386080065	1032.11999511719
3160.72440514981	1034.02502441406
3162.73437910763	1033.77502441406
3164.74378289728	1032.9599609375
3166.75261674179	1037.27502441406
3168.76088086407	1041.46997070313
3170.76857548692	1042.88000488281
3172.77570083303	1046.625
3174.78225712498	1050.125
3176.78824458521	1050.18994140625
3178.79366343607	1050.25500488281
3180.79851389977	1051.17004394531
3182.80279619844	1053.53002929688
3184.80651055405	1059.31005859375
3186.80965718849	1063.24499511719
3188.81223632353	1064.34997558594
3190.81424818081	1064.99499511719
3192.81569298186	1065.43505859375
3194.8165709481	1067.03002929688
3196.81688230084	1074.1650390625
3198.81662726126	1078.42504882813
3200.81580605044	1079.52001953125
3202.81441888933	1085.74499511719
3204.81246599879	1087.11499023438
3206.80994759954	1088.97998046875
3208.80686391219	1095.57495117188
3210.80321515726	1099.90002441406
3212.79900155512	1101.55505371094
3214.79422332605	1103.19995117188
3216.78888069021	1107.17004394531
3218.78297386765	1111.73498535156
3220.77650307828	1109.71997070313
3222.76946854195	1109.68994140625
3224.76187047834	1114.52502441406
3226.75370910705	1116.49499511719
3228.74498464755	1117.27001953125
3230.73569731921	1120.7900390625
3232.72584734127	1125.50500488281
3234.71543493287	1132.82995605469
3236.70446031304	1133.88500976563
3238.69292370068	1136.47497558594
3240.68082531459	1135.05505371094
3242.66816537345	1136.22497558594
3244.65494409583	1143.90002441406
3246.6411617002	1153.26000976563
3248.62681840488	1156.7099609375
3250.61191442812	1155.14501953125
3252.59644998804	1155.625
3254.58042530263	1157.46496582031
3256.56384058979	1158.125
3258.54669606731	1160.17004394531
3260.52899195285	1162.92004394531
3262.51072846396	1171.56005859375
3264.4919058181	1180.61499023438
3266.47252423259	1188.13500976563
3268.45258392464	1188.17504882813
3270.43208511138	1188.45495605469
3272.41102800978	1189.30004882813
3274.38941283675	1195.52001953125
3276.36723980904	1198.3349609375
3278.34450914332	1197.81994628906
3280.32122105613	1196.34997558594
3282.29737576392	1203.76000976563
3284.272973483	1203.53002929688
3286.24801442958	1204.80004882813
3288.22249881978	1213.47998046875
3290.19642686957	1216.97998046875
3292.16979879485	1218.75500488281
3294.14261481136	1221.5400390625
3296.11487513478	1220.75
3298.08657998065	1218.93005371094
3300.0577295644	1217.73999023438
3302.02832410136	1214.19995117188
3303.99836380673	1218.05004882813
3305.96784889563	1220.56005859375
3307.93677958303	1216.28002929688
3309.90515608383	1220.76000976563
3311.87297861278	1219.18505859375
3313.84024738456	1212.28503417969
3315.80696261371	1207.88000488281
3317.77312451466	1209.57995605469
3319.73873330175	1206.82995605469
3321.70378918919	1205.97998046875
3323.66829239109	1202.56494140625
3325.63224312145	1201.16003417969
3327.59564159416	1208.31005859375
3329.55848802299	1209.8349609375
3331.52078262162	1205.68005371094
3333.4825256036	1202.26000976563
3335.44371718237	1200.47497558594
3337.40435757128	1201.43005371094
3339.36444698356	1203.86999511719
3341.32398563232	1196.03002929688
3343.28297373058	1196.88000488281
3345.24141149124	1198.93994140625
3347.19929912709	1202.21496582031
3349.15663685081	1207.92004394531
3351.11342487497	1206.03503417969
3353.06966341204	1204.49499511719
3355.02535267437	1204.43994140625
3356.98049287421	1205.72998046875
3358.9350842237	1207.31005859375
3360.88912693486	1209.67504882813
3362.84262121962	1212.81494140625
3364.79556728978	1212.75
3366.74796535705	1207.91003417969
3368.69981563302	1209.28002929688
3370.65111832917	1209.40002441406
3372.60187365689	1209.52001953125
3374.55208182744	1206.53503417969
3376.50174305198	1205.69995117188
3378.45085754157	1200.97497558594
3380.39942550714	1199.42004394531
3382.34744715954	1197.2099609375
3384.29492270949	1195.8349609375
3386.24185236761	1193.7900390625
3388.18823634442	1199.53503417969
3390.13407485031	1205.99499511719
3392.07936809559	1201.99499511719
3394.02411629045	1196.36999511719
3395.96831964496	1199.20495605469
3397.91197836911	1199.02001953125
3399.85509267275	1198.8349609375
3401.79766276564	1195.19995117188
3403.73968885745	1193.72497558594
3405.68117115771	1193.65502929688
3407.62210987586	1200.99499511719
3409.56250522123	1200.69995117188
3411.50235740305	1194.60998535156
3413.44166663043	1196.34997558594
3415.38043311238	1200.44494628906
3417.3186570578	1200.24243164063
3419.2563386755	1200.0400390625
3421.19347817415	1198.17504882813
3423.13007576235	1197.33996582031
3425.06613164857	1195.79504394531
3427.00164604118	1191.39501953125
3428.93661914844	1185.39501953125
3430.87105117852	1186.81005859375
3432.80494233945	1189.21997070313
3434.73829283919	1192.49499511719
3436.67110288558	1190.68505859375
3438.60337268634	1187.64001464844
3440.53510244911	1187.16003417969
3442.4662923814	1183.65502929688
3444.39694269064	1184.55505371094
3446.32705358412	1185.52001953125
3448.25662526905	1180.5849609375
3450.18565795254	1182.05004882813
3452.11415184156	1181.75244140625
3454.04210714302	1181.45495605469
3455.96952406369	1178.11999511719
3457.89640281024	1173.06005859375
3459.82274358924	1166.82495117188
3461.74854660717	1158.06005859375
3463.67381207038	1156.35498046875
3465.59854018513	1156.67504882813
3467.52273115756	1161.85998535156
3469.44638519373	1161.42004394531
3471.36950249956	1154.06994628906
3473.29208328091	1149.71496582031
3475.21412774349	1142.21997070313
3477.13563609293	1139.06005859375
3479.05660853476	1137.55505371094
3480.97704527438	1132.59997558594
3482.89694651712	1128.48999023438
3484.81631246818	1126.03002929688
3486.73514333266	1121.80505371094
3488.65343931557	1120.14001464844
3490.57120062179	1116.86999511719
3492.48842745612	1115.48498535156
3494.40512002324	1112.72998046875
3496.32127852773	1110.78002929688
3498.23690317408	1112.2099609375
3500.15199416666	1099.99499511719
3502.06655170974	1091.63000488281
3503.98057600749	1090.93005371094
3505.89406726396	1087.29504394531
3507.80702568312	1080.07495117188
3509.71945146883	1074.80004882813
3511.63134482483	1071.45495605469
3513.54270595478	1066.23498535156
3515.45353506222	1066.51000976563
3517.3638323506	1066.09497070313
3519.27359802324	1056.92504882813
3521.1828322834	1052.35498046875
3523.09153533419	1047.31005859375
3524.99970737866	1041.43005371094
3526.90734861972	1037.65002441406
3528.81445926021	1037.38000488281
3530.72103950283	1037.6650390625
3532.62708955022	1034.07495117188
3534.53260960488	1028.60498046875
3536.43759986923	1024.13500976563
3538.34206054558	1020.45501708984
3540.24599183613	1014.48999023438
3542.149393943	1008.81500244141
3544.05226706817	1001.38500976563
3545.95461141357	998.375
3547.85642718097	996.869995117188
3549.75771457208	996.380004882813
3551.6584737885	994.960021972656
3553.55870503171	989.315002441406
3555.4584085031	983.244995117188
3557.35758440396	979.775024414063
3559.25623293548	975.010009765625
3561.15435429874	973.059997558594
3563.05194869473	975.210021972656
3564.94901632432	978.215026855469
3566.84555738829	973.75
3568.74157208732	967.75
3570.63706062199	966.724975585938
3572.53202319277	963.575012207031
3574.42646000003	960.679992675781
3576.32037124406	959.619995117188
3578.213757125	955.445007324219
3580.10661784295	953.599975585938
3581.99895359786	952.934997558594
3583.8907645896	950.22998046875
3585.78205101794	947.934997558594
3587.67281308254	944.690002441406
3589.56305098297	942.380004882813
3591.4527649187	937.875
3593.34195508907	936
3595.23062169338	935.075012207031
3597.11876493075	933.164978027344
3599.00638500027	930.450012207031
3600.89348210089	928.77001953125
3602.78005643148	925.969970703125
3604.66610819078	925.849975585938
3606.55163757747	922.289978027344
3608.4366447901	918.109985351563
3610.32113002713	916.804992675781
3612.20509348693	915.695007324219
3614.08853536774	915.369995117188
3615.97145586773	913.275024414063
3617.85385518497	910.284973144531
3619.7357335174	908.460021972656
3621.61709106289	907.440002441406
3623.4979280192	903.179992675781
3625.37824458399	898.684997558594
3627.25804095482	895.205017089844
3629.13731732915	894.275024414063
3631.01607390435	893.289978027344
3632.89431087767	894.255004882813
3634.77202844629	894.489990234375
3636.64922680726	893.005004882813
3638.52590615754	889.619995117188
3640.40206669402	887.390014648438
3642.27770861344	885.030029296875
3644.15283211248	881.054992675781
3646.02743738771	878.825012207031
3647.90152463559	877.484985351563
3649.77509405251	876.119995117188
3651.64814583473	874.474975585938
3653.52068017842	873.960021972656
3655.39269727965	871.969970703125
3657.26419733442	869.489990234375
3659.13518053858	868.205017089844
3661.00564708793	868.094970703125
3662.87559717814	866.75
3664.7450310048	865.119995117188
3666.61394876338	862.14501953125
3668.48235064928	860.450012207031
3670.35023685779	858.734985351563
3672.21760758409	857.405029296875
3674.08446302327	857.280029296875
3675.95080337033	855.010009765625
3677.81662882017	853.950012207031
3679.68193956758	852.054992675781
3681.54673580727	850.900024414063
3683.41101773383	850.224975585938
3685.27478554178	847.530029296875
3687.13803942551	845.679992675781
3689.00077957934	844.539978027344
3690.86300619748	843.705017089844
3692.72471947405	843.635009765625
3694.58591960306	843.684997558594
3696.44660677844	842.755004882813
3698.306781194	842.544982910156
3700.16644304348	841.090026855469
3702.02559252049	839.919982910156
3703.88422981859	838.059997558594
3705.74235513119	836.140014648438
3707.59996865164	834.60498046875
3709.45707057318	833.945007324219
3711.31366108895	833.205017089844
3713.16974039199	832.130004882813
3715.02530867527	830.969970703125
3716.88036613164	830.109985351563
3718.73491295385	830.190002441406
3720.58894933456	828.710021972656
3722.44247546634	828.179992675781
3724.29549154166	827.840026855469
3726.14799775289	828.640014648438
3727.9999942923	828.474975585938
3729.85148135209	828.034973144531
3731.70245912432	826.984985351563
3733.55292780098	826.900024414063
3735.40288757397	825.450012207031
3737.25233863509	825.585021972656
3739.10128117603	823.719970703125
3740.9497153884	823.684997558594
3742.7976414637	823.760009765625
3744.64505959335	824.52001953125
3746.49196996866	824.929992675781
3748.33837278086	825.375
3750.18426822108	824.619995117188
3752.02965648033	823.97998046875
3753.87453774956	822.715026855469
3755.7189122196	822.804992675781
3757.5627800812	822.590026855469
3759.40614152501	822.239990234375
3761.24899674159	822.840026855469
3763.09134592138	822.72998046875
3764.93318925476	822.409973144531
3766.77452693199	822.114990234375
3768.61535914325	821.530029296875
3770.45568607861	820.650024414063
3772.29550792807	820.784973144531
3774.1348248815	819.880004882813
3775.9736371287	819.330017089844
3777.81194485938	818.955017089844
