32.6816976106991	712.700012207031
35.6535599501435	712.60498046875
38.6244374909659	712.630004882813
41.5943306947054	712.565002441406
44.5632400226282	712.590026855469
47.5311659356917	712.60498046875
50.4981088945929	712.60498046875
53.4640693597127	712.450012207031
56.4290477911676	712.590026855469
59.3930446487746	712.575012207031
62.356060392067	712.599975585938
65.3180954802906	712.559997558594
68.2791503724084	712.724975585938
71.2392255270922	712.489990234375
74.1983214027271	712.630004882813
77.1564384574159	712.5849609375
80.113577148983	712.539978027344
83.0697379349549	712.52001953125
86.0249212725722	712.575012207031
88.9791276188058	712.539978027344
91.9323574303255	712.554992675781
94.8846111635238	712.609985351563
97.8358892745121	712.744995117188
100.786192219114	712.544982910156
103.73552045287	712.695007324219
106.683874431037	712.650024414063
109.631254608583	712.690002441406
112.577661440203	712.835021972656
115.523095380307	713.02001953125
118.467556883015	713.289978027344
121.411046402175	713.835021972656
124.353564391344	714.830017089844
127.295111303796	716.390014648438
130.235687592532	719.619995117188
133.175293710265	724.679992675781
136.113930109434	731.719970703125
139.051597242185	741.890014648438
141.98829556039	753.10498046875
144.92402551564	765.429992675781
147.858787559244	777.724975585938
150.792582142239	788.530029296875
153.725409715372	796.719970703125
156.65727072911	803.25
159.588165633643	808.234985351563
162.518094878884	811.244995117188
165.447058914469	812.989990234375
168.375058189747	812.945007324219
171.302093153792	813.744995117188
174.228164255401	813.960021972656
177.153271943091	815.349975585938
180.077416665101	815.984985351563
183.000598869394	815.760009765625
185.922819003656	817.010009765625
188.84407751529	817.919982910156
191.764374851424	819.719970703125
194.683711458919	823.015014648438
197.60208778434	826.325012207031
200.519504273992	829.494995117188
203.435961373894	833.375
206.351459529801	839.075012207031
209.265999187174	845.909973144531
212.179580791207	852.835021972656
215.092204786825	859.974975585938
218.003871618673	865.400024414063
220.914581731116	871.260009765625
223.824335568247	877.565002441406
226.733133573893	882.065002441406
229.640976191593	886.690002441406
232.547863864614	889.169982910156
235.453797035961	889.594970703125
238.358776148354	891.260009765625
241.26280164424	890.659973144531
244.1658739658	890.049987792969
247.067993554929	890.52001953125
249.969160853266	889.090026855469
252.869376302162	890.119995117188
255.768640342707	890.184997558594
258.666953415705	888.474975585938
261.564315961705	886.434997558594
264.46072842097	886.465026855469
267.356191233499	885.739990234375
270.25070483901	885.190002441406
273.144269676967	884.97998046875
276.036886186551	884.565002441406
278.928554806671	882.765014648438
281.819275975966	882.914978027344
284.709050132812	884.804992675781
287.597877715306	884.099975585938
290.485759161281	884.39501953125
293.372694908298	884.715026855469
296.258685393644	884.070007324219
299.143731054352	884.289978027344
302.027832327156	883.109985351563
304.910989648557	881.169982910156
307.79320345476	881.679992675781
310.674474181717	880.75
313.554802265101	883.400024414063
316.434188140326	885.530029296875
319.312632242533	884.765014648438
322.190135006593	884.289978027344
325.066696867117	884.034973144531
327.942318258443	883.724975585938
330.816999614641	883.744995117188
333.690741369517	883.299987792969
336.56354395661	881.424987792969
339.435407809193	881.304992675781
342.306333360273	881.070007324219
345.176321042591	881.455017089844
348.045371288612	881.64501953125
350.913484530551	884.125
353.78066120035	881.075012207031
356.64690172969	880.875
359.512206549972	877.994995117188
362.376576092357	877.210021972656
365.240010787716	877.559997558594
368.102511066677	876.10498046875
370.964077359587	875.755004882813
373.82471009654	874.900024414063
376.684409707364	873.284973144531
379.543176621612	872.515014648438
382.401011268595	872.155029296875
385.257914077343	873.155029296875
388.113885476627	874.174987792969
390.968925894961	874.815002441406
393.823035760591	875.054992675781
396.676215501503	876.559997558594
399.528465545415	876.97998046875
402.379786319791	880.244995117188
405.230178251834	881.210021972656
408.079641768472	882.034973144531
410.928177296387	882.27001953125
413.775785261992	883.219970703125
416.622466091445	884.924987792969
419.468220210631	885.705017089844
422.313048045182	885.025024414063
425.156950020479	883.934997558594
427.999926561623	884.710021972656
430.841978093471	884.809997558594
433.683105040613	883.330017089844
436.523307827384	881
439.362586877851	880.380004882813
442.200942615829	880.885009765625
445.038375464876	880.135009765625
447.874885848283	880.684997558594
450.710474189089	880.760009765625
453.54514091007	879.994995117188
456.37888643375	879.099975585938
459.211711182386	875.489990234375
462.043615577986	873.934997558594
464.874600042297	877.434997558594
467.704664996804	880.244995117188
470.533810862741	878.590026855469
473.36203806108	879.505004882813
476.189347012547	879.60498046875
479.015738137594	880.109985351563
481.841211856432	879.409973144531
484.665768589008	879.150024414063
487.489408755009	878.239990234375
490.312132773878	876.89501953125
493.133941064796	877.065002441406
495.954834046683	878.135009765625
498.77481213821	880.414978027344
501.593875757797	880.64501953125
504.412025323601	880.335021972656
507.229261253524	877.544982910156
510.045583965226	875.22998046875
512.860993876093	874.640014648438
515.675491403271	872.234985351563
518.489076963649	871.799987792969
521.301750973863	871.299987792969
524.113513850293	869.130004882813
526.924366009065	867.625
529.734307866052	864.934997558594
532.543339836881	865.030029296875
535.35146233692	864.010009765625
538.158675781281	863.174987792969
540.964980584833	862.289978027344
543.770377162182	862.364990234375
546.574865927692	860.39501953125
549.378447295465	856.820007324219
552.181121679365	855.890014648438
554.982889492993	855.85498046875
557.783751149701	856.099975585938
560.583707062591	856.200012207031
563.38275764452	857.205017089844
566.180903308083	857.625
568.978144465633	856.960021972656
571.774481529266	855.974975585938
574.569914910839	853.875
577.364445021949	853.465026855469
580.158072273946	853.340026855469
582.950797077926	850.900024414063
585.742619844752	852.065002441406
588.533540985018	852.909973144531
591.323560909078	851.659973144531
594.112680027034	851.450012207031
596.90089874875	849.775024414063
599.688217483828	849.609985351563
602.474636641629	849.469970703125
605.260156631263	849.299987792969
608.044777861596	848.705017089844
610.828500741241	849.325012207031
613.611325678567	853.114990234375
616.393253081697	853.174987792969
619.174283358506	853.065002441406
621.954416916616	851.744995117188
624.733654163414	851.02001953125
627.511995506029	851.010009765625
630.289441351351	849.150024414063
633.065992106022	849.054992675781
635.841648176434	850.349975585938
638.616409968744	850.359985351563
641.390277888847	851.914978027344
644.163252342408	851.64501953125
646.93533373484	851.950012207031
649.706522471307	849.724975585938
652.47681895674	849.02001953125
655.246223595811	849.390014648438
658.014736792957	850.304992675781
660.782358952371	849.825012207031
663.549090477999	849.25
666.314931773542	850.679992675781
669.079883242452	851.044982910156
671.843945287955	851.125
674.607118313019	850.359985351563
677.369402720366	849.924987792969
680.130798912488	849.924987792969
682.891307291627	850.215026855469
685.650928259784	849.580017089844
688.409662218708	848.525024414063
691.167509569927	849.049987792969
693.924470714705	849.445007324219
696.680546054078	849.539978027344
699.435735988832	849.325012207031
702.190040919516	849.565002441406
704.943461246442	849.669982910156
707.695997369667	849.924987792969
710.447649689022	850.205017089844
713.198418604088	850.984985351563
715.948304514206	851.294982910156
718.697307818481	851.25
721.445428915779	850.734985351563
724.192668204716	849.799987792969
726.93902608368	850.070007324219
729.684502950805	851.159973144531
732.429099204005	851.307495117188
735.172815240936	851.455017089844
737.915651459026	850.265014648438
740.657608255463	850.02001953125
743.398686027186	851.765014648438
746.13888517091	852.224975585938
748.878206083102	854.090026855469
751.616649159998	854.799987792969
754.354214797584	855.789978027344
757.09090339162	856.025024414063
759.826715337622	855.510009765625
762.561651030868	853.719970703125
765.295710866406	853.619995117188
768.028895239041	851.044982910156
770.761204543336	848.719970703125
773.492639173626	847.299987792969
776.223199524006	845.400024414063
778.952885988334	846.070007324219
781.681698960235	845.640014648438
784.40963883309	845.049987792969
787.136706000052	845.97998046875
789.862900854037	846.77001953125
792.588223787721	846.840026855469
795.312675193549	847.044982910156
798.036255463728	846.5
800.758964990228	847.255004882813
803.480804164792	848.195007324219
806.201773378919	847.52001953125
808.921873023884	847.309997558594
811.641103490712	848.565002441406
814.359465170214	850.625
817.076958452946	853.239990234375
819.793583729246	857.085021972656
822.509341389214	859.89501953125
825.224231822712	861.630004882813
827.938255419375	863.47998046875
830.651412568596	865.820007324219
833.363703659544	865.575012207031
836.075129081157	865.900024414063
838.785689222127	865.914978027344
841.495384470928	867.090026855469
844.204215215788	867.695007324219
846.912181844721	871.27001953125
849.619284745491	874.025024414063
852.325524305638	876.109985351563
855.030900912475	875.27001953125
857.735414953079	873.530029296875
860.439066814289	871.049987792969
863.141856882725	868.390014648438
865.843785544769	868.140014648438
868.544853186571	868.119995117188
871.245060194063	866.525024414063
873.944406952925	865.419982910156
876.642893848625	867.380004882813
879.340521266398	868.539978027344
882.037289591241	869.664978027344
884.733199207927	868.085021972656
887.428250501001	867.72998046875
890.122443854778	868.309997558594
892.815779653335	871.409973144531
895.508258280534	872.554992675781
898.199880119997	873.090026855469
900.890645555129	872.260009765625
903.580554969094	872.934997558594
906.269608744832	871.075012207031
908.957807265056	869.984985351563
911.645150912257	870.885009765625
914.331640068689	871.375
917.017275116375	870.994995117188
919.702056437128	871.440002441406
922.385984412518	872.614990234375
925.069059423886	874.294982910156
927.751281852366	874.875
930.432652078842	877.275024414063
933.113170483983	877.77001953125
935.79283744823	878.385009765625
938.471653351806	881.315002441406
941.149618574686	881.724975585938
943.826733496641	883.135009765625
946.502998497206	882.190002441406
949.178413955689	881.244995117188
951.85298025118	881.914978027344
954.526697762544	880.809997558594
957.199566868403	880.125
959.87158794718	878.215026855469
962.542761377054	877.690002441406
965.213087535987	875.914978027344
967.882566801719	875.630004882813
970.551199551761	875.669982910156
973.218986163399	875.340026855469
975.885927013698	871.669982910156
978.552022479501	871.450012207031
981.217272937423	873.049987792969
983.88167876386	874.044982910156
986.545240334978	876.010009765625
989.207958026729	879.919982910156
991.869832214835	884.125
994.530863274798	890.570007324219
997.191051581895	900.739990234375
999.850397511185	912.75
1002.50890143751	921.64501953125
1005.16656373546	926.340026855469
1007.82338477944	924.760009765625
1010.47936494363	917.159973144531
1013.13450460195	905.10498046875
1015.78880412815	892.609985351563
1018.44226389572	882.77001953125
1021.09488427794	878.419982910156
1023.74666564789	877.239990234375
1026.3976083784	879.47998046875
1029.04771284208	882.150024414063
1031.69697941135	883.710021972656
1034.34540845838	881.294982910156
1036.99300035512	880.184997558594
1039.63975547333	879.664978027344
1042.28567418452	881.325012207031
1044.93075685998	879.85498046875
1047.57500387081	878.859985351563
1050.21841558786	881.315002441406
1052.86099238177	884.309997558594
1055.50273462297	886.940002441406
1058.14364268167	886.549987792969
1060.78371692784	887.364990234375
1063.42295773126	889.570007324219
1066.06136546148	891.635009765625
1068.69894048781	893.135009765625
1071.33568317939	893.460021972656
1073.9715939051	892.330017089844
1076.60667303362	888.390014648438
1079.24092093341	885.010009765625
1081.87433797271	884.065002441406
1084.50692451954	882.909973144531
1087.13868094172	881.375
1089.76960760684	881.625
1092.39970488226	881.809997558594
1095.02897313516	880.89501953125
1097.65741273246	878.260009765625
1100.28502404089	877.840026855469
1102.91180742697	877.400024414063
1105.53776325698	876.580017089844
1108.16289189701	875.094970703125
1110.78719371291	874.099975585938
1113.41066907033	876.494995117188
1116.0333183347	878.065002441406
1118.65514187124	879.530029296875
1121.27614004495	880.655029296875
1123.89631322061	883.505004882813
1126.51566176279	884.515014648438
1129.13418603585	882.539978027344
1131.75188640394	879.140014648438
1134.36876323098	874.844970703125
1136.98481688069	869.455017089844
1139.60004771655	862.955017089844
1142.21445610187	860.280029296875
1144.82804239972	859.554992675781
1147.44080697295	860.030029296875
1150.05275018421	861.695007324219
1152.66387239593	863.914978027344
1155.27417397034	864.554992675781
1157.88365526943	863.364990234375
1160.49231665502	864.39501953125
1163.10015848867	864.210021972656
1165.70718113176	864.159973144531
1168.31338494544	863.955017089844
1170.91877029067	864.780029296875
1173.52333752817	864.284973144531
1176.12708701847	864.320007324219
1178.73001912187	861.184997558594
1181.33213419848	860.844970703125
1183.93343260819	858.440002441406
1186.53391471068	857.320007324219
1189.13358086539	857.809997558594
1191.73243143161	858.630004882813
1194.33046676836	860.280029296875
1196.92768723449	862.804992675781
1199.52409318861	865.424987792969
1202.11968498915	867.609985351563
1204.7144629943	869.489990234375
1207.30842756206	871.794982910156
1209.90157905021	873.174987792969
1212.49391781634	872.799987792969
1215.08544421779	871.094970703125
1217.67615861174	869.054992675781
1220.26606135512	867.719970703125
1222.85515280468	868.125
1225.44343331694	870.280029296875
1228.03090324823	873.739990234375
1230.61756295466	877.659973144531
1233.20341279213	880.419982910156
1235.78845311634	882.289978027344
1238.37268428278	883.275024414063
1240.95610664673	885.119995117188
1243.53872056325	887.159973144531
1246.12052638722	888.919982910156
1248.70152447329	889.109985351563
1251.28171517591	889.484985351563
1253.86109884934	889.255004882813
1256.43967584759	888.869995117188
1259.0174465245	889.215026855469
1261.5944112337	890.070007324219
1264.1705703286	891.27001953125
1266.74592416241	891.289978027344
1269.32047308814	892.405029296875
1271.89421745858	892.795043945313
1274.46715762633	893.184997558594
1277.03929394377	891.559997558594
1279.61062676308	891.60498046875
1282.18115643624	890.640014648438
1284.75088331502	888.60498046875
1287.31980775098	888.859985351563
1289.88793009548	886.974975585938
1292.45525069969	884.125
1295.02176991454	883.330017089844
1297.58748809078	884.260009765625
1300.15240557897	886.125
1302.71652272942	888.710021972656
1305.27983989229	892.080017089844
1307.84235741749	894.744995117188
1310.40407565475	894.044982910156
1312.9649949536	895.989990234375
1315.52511566335	898.760009765625
1318.08443813311	899.114990234375
1320.64296271181	898.864990234375
1323.20068974815	898.674987792969
1325.75761959063	899.184997558594
1328.31375258756	900.655029296875
1330.86908908704	899.820007324219
1333.42362943696	900.364990234375
1335.97737398503	899.669982910156
1338.53032307874	898.434997558594
1341.08247706537	899.705017089844
1343.63383629202	898.369995117188
1346.18440110558	895.875
1348.73417185274	892.515014648438
1351.28314887997	886.794982910156
1353.83133253357	882.575012207031
1356.37872315961	879.544982910156
1358.92532110398	876.924987792969
1361.47112671237	874.075012207031
1364.01614033024	871.840026855469
1366.56036230288	868.885009765625
1369.10379297537	865.914978027344
1371.64643269258	864.075012207031
1374.18828179921	862.099975585938
1376.72934063972	860.239990234375
1379.2696095584	859.130004882813
1381.80908889932	859.630004882813
1384.34777900637	858.844970703125
1386.88568022323	858.114990234375
1389.42279289337	860.559997558594
1391.95911736009	859.924987792969
1394.49465396645	860.539978027344
1397.02940305537	860.570007324219
1399.5633649695	860.969970703125
1402.09654005135	861.614990234375
1404.6289286432	863.97998046875
1407.16053108714	865.200012207031
1409.69134772507	865.844970703125
1412.22137889868	866.869995117188
1414.75062494947	867.440002441406
1417.27908621874	867.375
1419.80676304759	868.159973144531
1422.33365577692	867.875
1424.85976474744	868.419982910156
1427.38509029967	870.724975585938
1429.90963277392	874.150024414063
1432.4333925103	879.469970703125
1434.95636984873	881.429992675781
1437.47856512894	887.280029296875
1439.99997869045	893.094970703125
1442.5206108726	899.304992675781
1445.04046201452	904.494995117188
1447.55953245515	910.315002441406
1450.07782253323	912.469970703125
1452.59533258731	914.174987792969
1455.11206295574	936.655029296875
1457.62801397668	909.010009765625
1460.14318598809	902.77001953125
1462.65757932774	896.864990234375
1465.1711943332	891.054992675781
1467.68403134184	883.559997558594
1470.19609069085	875.869995117188
1472.70737271721	866.659973144531
1475.21787775772	857.534973144531
1477.72760614897	850.474975585938
1480.23655822738	842.804992675781
1482.74473432914	837.184997558594
1485.25213479029	834.234985351563
1487.75875994664	830.234985351563
1490.26461013382	827.075012207031
1492.76968568726	825.47998046875
1495.27398694222	822.789978027344
1497.77751423374	822.880004882813
1500.28026789667	823.679992675781
1502.78224826569	822.575012207031
1505.28345567526	821.164978027344
1507.78389045967	821.830017089844
1510.28355295299	822.005004882813
1512.78244348913	822.825012207031
1515.28056240178	822.005004882813
1517.77791002445	821.684997558594
1520.27448669047	821.875
1522.77029273296	822.400024414063
1525.26532848486	822.974975585938
1527.75959427889	823.784973144531
1530.25309044764	824.844970703125
1532.74581732344	824.465026855469
1535.23777523847	824.150024414063
1537.72896452471	823.625
1540.21938551394	823.299987792969
1542.70903853778	824.820007324219
1545.19792392761	827.434997558594
1547.68604201466	829.184997558594
1550.17339312997	830.960021972656
1552.65997760434	832.125
1555.14579576845	831.820007324219
1557.63084795275	832.840026855469
1560.11513448749	832.849975585938
1562.59865570276	832.255004882813
1565.08141192845	832.255004882813
1567.56340349426	830.539978027344
1570.04463072969	831.099975585938
1572.52509396406	831.789978027344
1575.00479352652	832.070007324219
1577.48372974599	833.474975585938
1579.96190295124	835.47998046875
1582.43931347083	836.22998046875
1584.91596163314	837.109985351563
1587.39184776636	836.919982910156
1589.86697219849	837.580017089844
1592.34133525734	840.614990234375
1594.81493727054	841.344970703125
1597.28777856553	842.700012207031
1599.75985946955	845.179992675781
1602.23118030968	847.755004882813
1604.70174141278	852.205017089844
1607.17154310555	854.554992675781
1609.64058571449	855.929992675781
1612.10886956591	856.119995117188
1614.57639498595	854.380004882813
1617.04316230054	852.450012207031
1619.50917183543	851.695007324219
1621.97442391621	851.989990234375
1624.43891886825	851.340026855469
1626.90265701674	850.424987792969
1629.36563868671	850.549987792969
1631.82786420296	850.450012207031
1634.28933389016	851.039978027344
1636.75004807274	854.859985351563
1639.21000707498	858.724975585938
1641.66921122097	862.414978027344
1644.12766083459	867.97998046875
1646.58535623956	871.775024414063
1649.04229775941	876.330017089844
1651.4984857175	880.989990234375
1653.95392043697	882.825012207031
1656.40860224079	885.070007324219
1658.86253145177	887.809997558594
1661.3157083925	887.5
1663.76813338542	888.544982910156
1666.21980675275	885.64501953125
1668.67072881656	881.614990234375
1671.1208998987	876.140014648438
1673.57032032089	873.690002441406
1676.0189904046	870.969970703125
1678.46691047118	864.359985351563
1680.91408084174	858.280029296875
1683.36050183726	853.044982910156
1685.8061737785	847.619995117188
1688.25109698605	843.465026855469
1690.69527178032	837.739990234375
1693.13869848153	831.900024414063
1695.58137740972	826.375
1698.02330888476	822.994995117188
1700.46449322631	818.755004882813
1702.90493075388	815.974975585938
1705.34462178678	813.440002441406
1707.78356664414	811.239990234375
1710.22176564492	810.424987792969
1712.65921910787	808.094970703125
1715.0959273516	807.27001953125
1717.53189069449	806.590026855469
1719.9671094548	805.695007324219
1722.40158395054	805.659973144531
1724.8353144996	804.22998046875
1727.26830141965	804.385009765625
1729.70054502819	804.60498046875
1732.13204564255	805.005004882813
1734.56280357987	804.549987792969
1736.99281915711	803.150024414063
1739.42209269106	803.039978027344
1741.85062449831	803.059997558594
1744.27841489529	801.349975585938
1746.70546419823	801.945007324219
1749.13177272321	801.215026855469
1751.5573407861	801.565002441406
1753.98216870262	801.75
1756.40625678828	803.010009765625
1758.82960535844	802.715026855469
1761.25221472825	802.284973144531
1763.67408521271	801.875
1766.09521712663	801.940002441406
1768.51561078464	802.375
1770.93526650119	802.955017089844
1773.35418459056	801.989990234375
1775.77236536684	801.094970703125
1778.18980914396	801.150024414063
1780.60651623565	800.494995117188
1783.02248695548	801.075012207031
1785.43772161684	801.440002441406
1787.85222053292	799.989990234375
1790.26598401677	799.705017089844
1792.67901238123	799.659973144531
1795.09130593899	799.174987792969
1797.50286500254	799.460021972656
1799.9136898842	799.455017089844
1802.32378089613	799.434997558594
1804.73313835028	800.090026855469
1807.14176255846	799.390014648438
1809.54965383228	798.575012207031
1811.95681248317	797.280029296875
1814.36323882242	798.619995117188
1816.76893316109	799.380004882813
1819.17389581011	799.275024414063
1821.57812708021	798.469970703125
1823.98162728196	797.695007324219
1826.38439672573	798.010009765625
1828.78643572174	797.625
1831.18774458003	797.580017089844
1833.58832361045	797.025024414063
1835.98817312269	796.994995117188
1838.38729342625	797.640014648438
1840.78568483048	797.830017089844
1843.18334764454	797.419982910156
1845.58028217741	797.27001953125
1847.9764887379	796.030029296875
1850.37196763465	796.715026855469
1852.76671917613	796.265014648438
1855.16074367062	796.414978027344
1857.55404142624	796.065002441406
1859.94661275094	796.440002441406
1862.33845795247	795.210021972656
1864.72957733844	795.22998046875
1867.11997121627	796.005004882813
1869.5096398932	795.969970703125
1871.89858367631	795.900024414063
1874.28680287251	795.859985351563
1876.67429778851	796.534973144531
1879.06106873089	796.544982910156
1881.44711600601	796.840026855469
1883.8324399201	795.265014648438
1886.21704077919	794.900024414063
1888.60091888915	794.679992675781
1890.98407455567	795.559997558594
1893.36650808428	796.330017089844
1895.74821978033	794.890014648438
1898.12920994899	795.799987792969
1900.50947889527	796.085021972656
1902.88902692401	795.97998046875
1905.26785433986	796.044982910156
1907.64596144734	794.869995117188
1910.02334855075	794.77001953125
1912.40001595424	795.825012207031
1914.7759639618	796.35498046875
1917.15119287724	796.010009765625
1919.52570300419	795.090026855469
1921.89949464611	796.385009765625
1924.27256810632	795.724975585938
1926.64492368793	796.330017089844
1929.0165616939	796.815002441406
1931.38748242701	795.869995117188
1933.75768618989	796.469970703125
1936.12717328497	795.655029296875
1938.49594401455	796.119995117188
1940.86399868071	796.359985351563
1943.23133758541	795.739990234375
1945.5979610304	795.799987792969
1947.96386931729	795.469970703125
1950.32906274751	795.320007324219
1952.69354162232	795.224975585938
1955.0573062428	795.465026855469
1957.42035690989	793.849975585938
1959.78269392434	793.679992675781
1962.14431758673	794.315002441406
1964.50522819748	794.890014648438
1966.86542605684	795.164978027344
1969.22491146488	795.640014648438
1971.58368472153	794.914978027344
1973.94174612654	794.994995117188
1976.29909597945	795.35498046875
1978.65573457971	795.799987792969
1981.01166222654	795.429992675781
1983.36687921902	794.700012207031
1985.72138585606	793.554992675781
1988.07518243639	793.844970703125
1990.42826925859	793.424987792969
1992.78064662106	793.669982910156
1995.13231482205	794.35498046875
1997.48327415961	794.14501953125
1999.83352493167	793.77001953125
2002.18306743594	793.385009765625
2004.53190197002	793.715026855469
2006.8800288313	794.210021972656
2009.22744831703	793.705017089844
2011.57416072427	794.284973144531
2013.92016634993	793.465026855469
2016.26546549076	793.659973144531
2018.61005844332	793.934997558594
2020.95394550404	793.080017089844
2023.29712696915	792.585021972656
2025.63960313474	794.10498046875
2027.98137429672	793.934997558594
2030.32244075083	793.875
2032.66280279266	793.664978027344
2035.00246071763	793.659973144531
2037.34141482099	794.190002441406
2039.67966539784	794.044982910156
2042.01721274309	792.974975585938
2044.35405715151	792.859985351563
2046.69019891769	792.674987792969
2049.02563833606	793.164978027344
2051.3603757009	793.190002441406
2053.6944113063	793.289978027344
2056.0277454462	793.199951171875
2058.36037841439	793.109985351563
2060.69231050446	793.515014648438
2063.02354200988	793.869995117188
2065.35407322392	793.780029296875
2067.68390443971	793.780029296875
2070.01303595021	793.630004882813
2072.3414680482	792.775024414063
2074.66920102633	794.325012207031
2076.99623517706	794.445007324219
2079.32257079271	794.164978027344
2081.6482081654	793.515014648438
2083.97314758713	793.169982910156
2086.29738934971	793.909973144531
2088.62093374481	793.669982910156
2090.94378106391	793.455017089844
2093.26593159835	793.549987792969
2095.5873856393	794.400024414063
2097.90814347777	794.25
2100.2282054046	794.260009765625
2102.54757171048	794.405029296875
2104.86624268594	794.715026855469
2107.18421862133	795.025024414063
2109.50149980686	795.429992675781
2111.81808653257	794.255004882813
2114.13397908834	795.10498046875
2116.44917776388	795.465026855469
2118.76368284875	794.719970703125
2121.07749463235	794.320007324219
2123.39061340391	794.25
2125.70303945252	794.974975585938
2128.01477306707	794.784973144531
2130.32581453634	794.755004882813
2132.63616414891	793.575012207031
2134.94582219322	793.585021972656
2137.25478895754	794.599975585938
2139.56306472999	795.034973144531
2141.87064979851	794.625
2144.17754445092	794.960021972656
2146.48374897484	794.005004882813
2148.78926365774	794.614990234375
2151.09408878695	794.784973144531
2153.39822464963	794.75
2155.70167153277	793.890014648438
2158.00442972321	794.085021972656
2160.30649950763	793.700012207031
2162.60788117256	794.945007324219
2164.90857500436	794.22998046875
2167.20858128923	793.244995117188
2169.50790031323	793.330017089844
2171.80653236223	793.409973144531
2174.10447772198	794.715026855469
2176.40173667804	793.414978027344
2178.69830951582	792.840026855469
2180.99419652058	792.955017089844
2183.28939797743	793.10498046875
2185.5839141713	792.890014648438
2187.87774538698	793.35498046875
2190.17089190908	792.994995117188
2192.46335402209	792.784973144531
2194.75513201032	793.039978027344
2197.04622615791	792.664978027344
2199.33663674886	792.739990234375
2201.62636406702	792.474975585938
2203.91540839606	790.950012207031
2206.20377001952	791.315002441406
2208.49144922077	792.075012207031
2210.77844628302	791.190002441406
2213.06476148933	791.489990234375
2215.3503951226	791.739990234375
2217.63534746557	791.580017089844
2219.91961880085	791.534973144531
2222.20320941085	791.885009765625
2224.48611957785	792.799987792969
2226.76834958399	792.640014648438
2229.04989971122	791.950012207031
2231.33077024136	790.695007324219
2233.61096145607	791.474975585938
2235.89047363683	792.320007324219
2238.169307065	792.099975585938
2240.44746202178	791.534973144531
2242.72493878819	790.815002441406
2245.00173764511	791.484985351563
2247.27785887327	791.070007324219
2249.55330275324	792.184997558594
2251.82806956545	792.625
2254.10215959014	792.60498046875
2256.37557310744	791.825012207031
2258.64831039729	792.515014648438
2260.92037173949	791.909973144531
2263.19175741368	791.64501953125
2265.46246769938	791.325012207031
2267.7325028759	791.960021972656
2270.00186322243	792.380004882813
2272.270549018	792.614990234375
2274.5385605415	792.252502441406
2276.80589807165	791.890014648438
2279.07256188702	791.835021972656
2281.33855226601	791.880004882813
2283.60386948691	792.164978027344
2285.86851382782	792.460021972656
2288.1324855667	791.364990234375
2290.39578498136	791.684997558594
2292.65841234945	791.719970703125
2294.92036794847	791.195007324219
2297.18165205578	790.97998046875
2299.44226494856	791.284973144531
2301.70220690387	791.359985351563
2303.96147819859	791.794982910156
2306.22007910947	792.099975585938
2308.47800991309	791.849975585938
2310.73527088589	791.77001953125
2312.99186230416	791.867553710938
2315.24778444403	791.965026855469
2317.50303758149	791.590026855469
2319.75762199235	791.570007324219
2322.01153795231	791.960021972656
2324.26478573689	792.784973144531
2326.51736562147	792.054992675781
2328.76927788127	792.544982910156
2331.02052279137	791.705017089844
2333.2711006267	791.934997558594
2335.52101166203	790.804992675781
2337.77025617198	792.094970703125
2340.01883443103	792.559997558594
2342.2667467135	791.799987792969
2344.51399329356	791.164978027344
2346.76057444525	790.484985351563
2349.00649044241	790.934997558594
2351.2517415588	790.715026855469
2353.49632806796	790.114990234375
2355.74025024334	790.47998046875
2357.98350835819	790.390014648438
2360.22610268566	790.614990234375
2362.4680334987	791.025024414063
2364.70930107016	790.155029296875
2366.94990567269	790.244995117188
2369.18984757884	789.945007324219
2371.42912706098	789.905029296875
2373.66774439134	789.5
2375.90569984199	790.130004882813
2378.14299368488	791.039978027344
2380.37962619179	791.130004882813
2382.61559763435	790.434997558594
2384.85090828405	790.049987792969
2387.08555841222	789.679992675781
2389.31954829006	789.815002441406
2391.55287818861	789.960021972656
2393.78554837877	790.205017089844
2396.01755913128	789.614990234375
2398.24891071673	789.974975585938
2400.47960340558	790.989990234375
2402.70963746814	790.690002441406
2404.93901317456	790.695007324219
2407.16773079485	790.765014648438
2409.39579059887	789.835021972656
2411.62319285633	790.179992675781
2413.84993783681	790.825012207031
2416.07602580971	790.205017089844
2418.30145704432	791.349975585938
2420.52623180977	792.135009765625
2422.75035037503	793.299987792969
2424.97381300893	794.005004882813
2427.19661998017	795.099975585938
2429.41877155729	795.385009765625
2431.64026800867	795.840026855469
2433.86110960257	795.724975585938
2436.08129660709	795.039978027344
2438.30082929019	794.760009765625
2440.51970791967	794.445007324219
2442.73793276321	794.429992675781
2444.95550408832	793.5
2447.17242216237	791.885009765625
2449.38868725259	791.440002441406
2451.60429962607	790.190002441406
2453.81925954975	790.265014648438
2456.03356729041	791.875
2458.2472231147	791.234985351563
2460.46022728913	791.294982910156
2462.67258008005	790.924987792969
2464.88428175368	790.419982910156
2467.09533257608	789.744995117188
2469.30573281318	790.094970703125
2471.51548273076	789.825012207031
2473.72458259445	788.760009765625
2475.93303266974	790.094970703125
2478.14083322198	789.455017089844
2480.34798451637	789.840026855469
2482.55448681797	790.635009765625
2484.76034039169	790.695007324219
2486.96554550231	791.590026855469
2489.17010241445	791.424987792969
2491.37401139259	790.424987792969
2493.57727270109	790.265014648438
2495.77988660412	789.64501953125
2497.98185336574	789.299987792969
2500.18317324987	790.349975585938
2502.38384652028	789.280029296875
2504.58387344058	789.994995117188
2506.78325427425	789.72998046875
2508.98198928465	789.375
2511.18007873495	789.525024414063
2513.37752288821	789.794982910156
2515.57432200735	790.385009765625
2517.77047635514	790.390014648438
2519.96598619419	788.635009765625
2522.16085178699	788.385009765625
2524.35507339589	789.184997558594
2526.54865128308	789.554992675781
2528.74158571062	789.955017089844
2530.93387694042	789.719970703125
2533.12552523427	789.039978027344
2535.31653085379	790.080017089844
2537.50689406046	789.820007324219
2539.69661511566	788.934997558594
2541.88569428057	789.059997558594
2544.07413181627	789.900024414063
2546.26192798368	789.460021972656
2548.44908304359	789.02001953125
2550.63559725664	788.719970703125
2552.82147088333	788.965026855469
2555.00670418402	789.344970703125
2557.19129741894	789.007446289063
2559.37525084817	788.669982910156
2561.55856473164	788.64501953125
2563.74123932917	788.835021972656
2565.92327490039	789.125
2568.10467170484	789.619995117188
2570.28543000189	789.200012207031
2572.46555005079	790.309997558594
2574.64503211063	789.109985351563
2576.82387644036	788.585021972656
2579.00208329882	788.22998046875
2581.17965294468	789.679992675781
2583.35658563648	788.755004882813
2585.53288163263	788.85498046875
2587.70854119137	788.559997558594
2589.88356457084	788.734985351563
2592.05795202902	789.544982910156
2594.23170382376	789.14501953125
2596.40482021275	788.575012207031
2598.57730145356	788.275024414063
2600.74914780363	788.690002441406
2602.92035952023	789.099975585938
2605.09093686053	788.909973144531
2607.26088008153	789.780029296875
2609.4301894401	789.179992675781
2611.59886519299	789.994995117188
2613.76690759678	789.544982910156
2615.93431690793	790.174987792969
2618.10109338277	790.39501953125
2620.26723727748	789.945007324219
2622.4327488481	790.755004882813
2624.59762835054	790.450012207031
2626.76187604057	790.135009765625
2628.92549217382	789.715026855469
2631.08847700579	791.275024414063
2633.25083079182	791.02001953125
2635.41255378715	791.780029296875
2637.57364624684	791.890014648438
2639.73410842586	791.265014648438
2641.893940579	791.284973144531
2644.05314296094	791.054992675781
2646.21171582621	791.799987792969
2648.36965942921	792.215026855469
2650.5269740242	792.530029296875
2652.6836598653	792.719970703125
2654.83971720651	791.849975585938
2656.99514630167	792.039978027344
2659.1499474045	790.625
2661.30412076857	791.625
2663.45766664734	792.364990234375
2665.61058529411	793.034973144531
2667.76287696204	792.390014648438
2669.91454190418	792.630004882813
2672.06558037342	793.155029296875
2674.21599262253	793.2275390625
2676.36577890413	793.299987792969
2678.51493947072	792.705017089844
2680.66347457466	792.64501953125
2682.81138446816	793.599975585938
2684.95866940332	793.289978027344
2687.10532963209	793.405029296875
2689.25136540628	793.195007324219
2691.39677697757	793.570007324219
2693.54156459752	793.955017089844
2695.68572851753	793.614990234375
2697.82926898888	793.695007324219
2699.97218626272	793.859985351563
2702.11448059006	793.710021972656
2704.25615222175	795.554992675781
2706.39720140856	794.690002441406
2708.53762840109	795.090026855469
2710.67743344979	797.219970703125
2712.81661680503	797.625
2714.95517871698	798.015014648438
2717.09311943574	796.794982910156
2719.23043921123	797.255004882813
2721.36713829325	798.984985351563
2723.50321693148	799.159973144531
2725.63867537545	799.905029296875
2727.77351387456	799.275024414063
2729.90773267809	800.109985351563
2732.04133203516	800.25
2734.17431219478	800.255004882813
2736.30667340581	799.695007324219
2738.438415917	799.830017089844
2740.56953997695	798.900024414063
2742.70004583414	797.655029296875
2744.82993373688	797.090026855469
2746.9592039334	796.820007324219
2749.08785667177	797.255004882813
2751.21589219993	797.429992675781
2753.34331076568	796.859985351563
2755.4701126167	796.364990234375
2757.59629800054	796.530029296875
2759.7218671646	797.309997558594
2761.84682035617	797.034973144531
2763.9711578224	798.625
2766.0948798103	797.299987792969
2768.21798656676	796.460021972656
2770.34047833852	795.030029296875
2772.46235537222	795.099975585938
2774.58361791434	795.679992675781
2776.70426621124	795.640014648438
2778.82430050915	795.109985351563
2780.94372105416	794.724975585938
2783.06252809224	794.010009765625
2785.18072186922	794.275024414063
2787.29830263081	795
2789.41527062257	794.544982910156
2791.53162608996	793.815002441406
2793.64736927828	793.900024414063
2795.76250043271	793.299987792969
2797.8770197983	795.195007324219
2799.99092761997	795.594970703125
2802.10422414252	795.465026855469
2804.21690961059	794.784973144531
2806.32898426873	795.950012207031
2808.44044836132	796.690002441406
2810.55130213264	796.919982910156
2812.66154582682	798.484985351563
2814.77117968788	799.669982910156
2816.8802039597	800.809997558594
2818.98861888601	801.200012207031
2821.09642471046	802.835021972656
2823.20362167653	802.455017089844
2825.31021002756	803.559997558594
2827.41619000682	805.330017089844
2829.52156185738	807.89501953125
2831.62632582224	809.280029296875
2833.73048214422	810.97998046875
2835.83403106606	814.174987792969
2837.93697283033	817.195007324219
2840.03930767951	820.715026855469
2842.1410358559	824.289978027344
2844.24215760173	828.804992675781
2846.34267315905	834.5
2848.44258276982	842.830017089844
2850.54188667585	847.724975585938
2852.64058511883	853.164978027344
2854.73867834032	858.674987792969
2856.83616658175	864.710021972656
2858.93305008443	874.580017089844
2861.02932908952	884.700012207031
2863.12500383809	894.47998046875
2865.22007457104	905.599975585938
2867.31454152918	918.184997558594
2869.40840495316	928.974975585938
2871.50166508353	936.22998046875
2873.59432216069	945.434997558594
2875.68637642493	950.02001953125
2877.77782811641	951.434997558594
2879.86867747515	953.565002441406
2881.95892474105	958.184997558594
2884.0485701539	959.869995117188
2886.13761395333	962.635009765625
2888.22605637886	963.885009765625
2890.3138976699	965.460021972656
2892.40113806571	969.625
2894.48777780544	975.304992675781
2896.57381712808	981.294982910156
2898.65925627254	987.275024414063
2900.74409547758	994.205017089844
2902.82833498183	1000.38500976563
2904.9119750238	1005.52001953125
2906.99501584188	1011.84497070313
2909.07745767432	1015.86999511719
2911.15930075925	1024.81494140625
2913.24054533469	1037.42004394531
2915.3211916385	1048.81494140625
2917.40123990846	1060.19494628906
2919.48069038217	1069.81494140625
2921.55954329716	1079.02502441406
2923.63779889079	1087.89001464844
2925.71545740033	1097.01501464844
2927.79251906289	1105.2900390625
2929.86898411548	1109.59497070313
2931.94485279498	1111.34997558594
2934.02012533815	1112.17004394531
2936.0948019816	1109.93505859375
2938.16888296184	1107.22497558594
2940.24236851525	1106.4150390625
2942.31525887809	1101.88000488281
2944.38755428648	1089.16003417969
2946.45925497643	1071.9599609375
2948.53036118382	1050.97998046875
2950.6008731444	1040.06994628906
2952.67079109381	1034.10998535156
2954.74011526755	1025.42004394531
2956.80884590101	1017.58502197266
2958.87698322944	1012.58502197266
2960.94452748799	1004.18499755859
2963.01147891167	998.530029296875
2965.07783773535	994.875
2967.14360419382	990.224975585938
2969.2087785217	984.700012207031
2971.27336095352	979.359985351563
2973.33735172366	972.35498046875
2975.40075106641	967.200012207031
2977.46355921591	959.299987792969
2979.52577640618	952.005004882813
2981.58740287112	945.914978027344
2983.64843884452	940.465026855469
2985.70888456003	933.690002441406
2987.76874025117	927.544982910156
2989.82800615137	918.940002441406
2991.88668249391	909.89501953125
2993.94476951194	900.960021972656
2996.00226743852	895.505004882813
2998.05917650657	889.619995117188
3000.11549694887	881.950012207031
3002.17122899812	873.690002441406
3004.22637288685	866.070007324219
3006.2809288475	860.755004882813
3008.33489711238	854.580017089844
3010.38827791368	849.429992675781
3012.44107148345	844.044982910156
3014.49327805366	842.195007324219
3016.5448978561	839.984985351563
3018.59593112249	837.414978027344
3020.64637808441	833.460021972656
3022.6962389733	830.10498046875
3024.74551402051	828.419982910156
3026.79420345725	826.445007324219
3028.84230751461	825.900024414063
3030.88982642357	824.169982910156
3032.93676041497	824
3034.98310971955	825.10498046875
3037.02887456791	827.655029296875
3039.07405519054	828.409973144531
3041.11865181781	829.505004882813
3043.16266467996	830.570007324219
3045.20609400713	830.280029296875
3047.24894002932	831
3049.2912029764	833.719970703125
3051.33288307815	835.215026855469
3053.37398056421	838.349975585938
3055.41449566411	841.054992675781
3057.45442860725	842.614990234375
3059.49377962291	843.984985351563
3061.53254894026	844.955017089844
3063.57073678834	845.635009765625
3065.60834339607	845.150024414063
3067.64536899227	842.414978027344
3069.68181380561	839.989990234375
3071.71767806467	836.585021972656
3073.75296199788	832.544982910156
3075.78766583357	828.900024414063
3077.82178979997	825.434997558594
3079.85533412513	822.489990234375
3081.88829903705	819.765014648438
3083.92068476356	818.580017089844
3085.95249153241	816.224975585938
3087.98371957119	814.559997558594
3090.01436910741	813.799987792969
3092.04444036844	811.215026855469
3094.07393358152	811.169982910156
3096.10284897381	810.289978027344
3098.13118677232	809.765014648438
3100.15894720395	810.789978027344
3102.18613049548	810.815002441406
3104.21273687357	810.690002441406
3106.23876656477	810.77001953125
3108.2642197955	810.304992675781
3110.28909679208	809.715026855469
3112.31339778069	809.114990234375
3114.33712298741	810.02001953125
3116.36027263819	810.89501953125
3118.38284695887	812.059997558594
3120.40484617516	812.650024414063
3122.42627051268	811.700012207031
3124.4471201969	811.375
3126.46739545319	811.030029296875
3128.4870965068	812.380004882813
3130.50622358287	812.585021972656
3132.5247769064	811.625
3134.54275670229	812.130004882813
3136.56016319534	813.010009765625
3138.57699661019	813.044982910156
3140.59325717139	812.794982910156
3142.60894510338	814.539978027344
3144.62406063047	813.940002441406
3146.63860397686	814.580017089844
3148.65257536662	815.304992675781
3150.66597502371	814.885009765625
3152.67880317199	814.534973144531
3154.69106003518	815.27001953125
3156.70274583691	816.974975585938
3158.71386080065	817.299987792969
3160.72440514981	817.190002441406
3162.73437910763	818.070007324219
3164.74378289728	818.869995117188
3166.75261674179	821.335021972656
3168.76088086407	821.844970703125
3170.76857548692	820.674987792969
3172.77570083303	823.070007324219
3174.78225712498	822.255004882813
3176.78824458521	821.539978027344
3178.79366343607	821.344970703125
3180.79851389977	822.135009765625
3182.80279619844	824.869995117188
3184.80651055405	824.885009765625
3186.80965718849	825.955017089844
3188.81223632353	825.690002441406
3190.81424818081	825.794982910156
3192.81569298186	826.349975585938
3194.8165709481	829.224975585938
3196.81688230084	829.515014648438
3198.81662726126	830.739990234375
3200.81580605044	831.315002441406
3202.81441888933	831.900024414063
3204.81246599879	831.690002441406
3206.80994759954	832.429992675781
3208.80686391219	833.424987792969
3210.80321515726	835.705017089844
3212.79900155512	836.065002441406
3214.79422332605	837.275024414063
3216.78888069021	838.974975585938
3218.78297386765	839.655029296875
3220.77650307828	839.554992675781
3222.76946854195	840.075012207031
3224.76187047834	840.650024414063
3226.75370910705	841.440002441406
3228.74498464755	841.140014648438
3230.73569731921	843.179992675781
3232.72584734127	844.284973144531
3234.71543493287	845.22998046875
3236.70446031304	844.599975585938
3238.69292370068	844.690002441406
3240.68082531459	844.859985351563
3242.66816537345	846.695007324219
3244.65494409583	849.700012207031
3246.6411617002	850.755004882813
3248.62681840488	850.60498046875
3250.61191442812	851.424987792969
3252.59644998804	850.89501953125
3254.58042530263	851.455017089844
3256.56384058979	852.090026855469
3258.54669606731	851.330017089844
3260.52899195285	853.030029296875
3262.51072846396	856.169982910156
3264.4919058181	857.924987792969
3266.47252423259	857.940002441406
3268.45258392464	858.989990234375
3270.43208511138	859.72998046875
3272.41102800978	861.765014648438
3274.38941283675	862.890014648438
3276.36723980904	861.72998046875
3278.34450914332	861.554992675781
3280.32122105613	862.184997558594
3282.29737576392	864.195007324219
3284.272973483	865.39501953125
3286.24801442958	867.715026855469
3288.22249881978	867.405029296875
3290.19642686957	867.039978027344
3292.16979879485	866.784973144531
3294.14261481136	868.159973144531
3296.11487513478	868.369995117188
3298.08657998065	868.044982910156
3300.0577295644	867.205017089844
3302.02832410136	867.994995117188
3303.99836380673	866.940002441406
3305.96784889563	864.984985351563
3307.93677958303	865.599975585938
3309.90515608383	866.405029296875
3311.87297861278	865.210021972656
3313.84024738456	865.375
3315.80696261371	865.315002441406
3317.77312451466	864.664978027344
3319.73873330175	865.289978027344
3321.70378918919	864.419982910156
3323.66829239109	862.424987792969
3325.63224312145	862.195007324219
3327.59564159416	863.125
3329.55848802299	863.64501953125
3331.52078262162	863.5
3333.4825256036	861.630004882813
3335.44371718237	861.27001953125
3337.40435757128	861.950012207031
3339.36444698356	861.184997558594
3341.32398563232	860.210021972656
3343.28297373058	862.244995117188
3345.24141149124	862.025024414063
3347.19929912709	861.929992675781
3349.15663685081	861.775024414063
3351.11342487497	862.375
3353.06966341204	862.830017089844
3355.02535267437	862.97998046875
3356.98049287421	862.559997558594
3358.9350842237	862.684997558594
3360.88912693486	863.489990234375
3362.84262121962	864.869995117188
3364.79556728978	864.784973144531
3366.74796535705	865.525024414063
3368.69981563302	864.85498046875
3370.65111832917	863.969970703125
3372.60187365689	863.789978027344
3374.55208182744	863.125
3376.50174305198	861.64501953125
3378.45085754157	860.669982910156
3380.39942550714	861.744995117188
3382.34744715954	861.049987792969
3384.29492270949	860.164978027344
3386.24185236761	860.184997558594
3388.18823634442	862.299987792969
3390.13407485031	862.530029296875
3392.07936809559	861.275024414063
3394.02411629045	860.655029296875
3395.96831964496	861.669982910156
3397.91197836911	863.260009765625
3399.85509267275	860.590026855469
3401.79766276564	861.25
3403.73968885745	859.994995117188
3405.68117115771	860.265014648438
3407.62210987586	862.364990234375
3409.56250522123	860.494995117188
3411.50235740305	858.650024414063
3413.44166663043	859.679992675781
3415.38043311238	860.960021972656
3417.3186570578	861.75
3419.2563386755	861.655029296875
3421.19347817415	859.669982910156
3423.13007576235	859.205017089844
3425.06613164857	859.844970703125
3427.00164604118	858.005004882813
3428.93661914844	858.344970703125
3430.87105117852	858.815002441406
3432.80494233945	860.184997558594
3434.73829283919	859.809997558594
3436.67110288558	858.755004882813
3438.60337268634	858
3440.53510244911	856.844970703125
3442.4662923814	857.674987792969
3444.39694269064	858.034973144531
3446.32705358412	857.89501953125
3448.25662526905	855.934997558594
3450.18565795254	855.809997558594
3452.11415184156	856.419982910156
3454.04210714302	855.825012207031
3455.96952406369	854.015014648438
3457.89640281024	852.864990234375
3459.82274358924	850.255004882813
3461.74854660717	849.710021972656
3463.67381207038	848.599975585938
3465.59854018513	849.114990234375
3467.52273115756	850.390014648438
3469.44638519373	848.950012207031
3471.36950249956	847.405029296875
3473.29208328091	846.219970703125
3475.21412774349	843.580017089844
3477.13563609293	842.090026855469
3479.05660853476	841.609985351563
3480.97704527438	841.330017089844
3482.89694651712	840.375
3484.81631246818	839.070007324219
3486.73514333266	837.570007324219
3488.65343931557	838.010009765625
3490.57120062179	836.224975585938
3492.48842745612	835.744995117188
3494.40512002324	835.804992675781
3496.32127852773	835.359985351563
3498.23690317408	832.330017089844
3500.15199416666	831.164978027344
3502.06655170974	829.849975585938
3503.98057600749	828.294982910156
3505.89406726396	827.039978027344
3507.80702568312	824.77001953125
3509.71945146883	822.695007324219
3511.63134482483	820.89501953125
3513.54270595478	821.640014648438
3515.45353506222	823.265014648438
3517.3638323506	822.205017089844
3519.27359802324	820.609985351563
3521.1828322834	818.159973144531
3523.09153533419	815.719970703125
3524.99970737866	814.869995117188
3526.90734861972	813.715026855469
3528.81445926021	814.005004882813
3530.72103950283	812.765014648438
3532.62708955022	810.984985351563
3534.53260960488	811.080017089844
3536.43759986923	809.640014648438
3538.34206054558	807.359985351563
3540.24599183613	806.674987792969
3542.149393943	805.219970703125
3544.05226706817	803.47998046875
3545.95461141357	802.335021972656
3547.85642718097	801.849975585938
3549.75771457208	801.215026855469
3551.6584737885	800.655029296875
3553.55870503171	798.390014648438
3555.4584085031	797.445007324219
3557.35758440396	795.914978027344
3559.25623293548	795.650024414063
3561.15435429874	796.359985351563
3563.05194869473	796.739990234375
3564.94901632432	796
3566.84555738829	793.789978027344
3568.74157208732	793.739990234375
3570.63706062199	792.739990234375
3572.53202319277	791.255004882813
3574.42646000003	790.330017089844
3576.32037124406	789.174987792969
3578.213757125	788.835021972656
3580.10661784295	789.885009765625
3581.99895359786	788.960021972656
3583.8907645896	787.885009765625
3585.78205101794	787.505004882813
3587.67281308254	786.434997558594
3589.56305098297	784.804992675781
3591.4527649187	784.25
3593.34195508907	783.969970703125
3595.23062169338	784.830017089844
3597.11876493075	784.375
3599.00638500027	782.965026855469
3600.89348210089	781.75
3602.78005643148	781.130004882813
3604.66610819078	780.559997558594
3606.55163757747	779.739990234375
3608.4366447901	778.585021972656
3610.32113002713	779.125
3612.20509348693	779.080017089844
3614.08853536774	778.349975585938
3615.97145586773	778.289978027344
3617.85385518497	776.905029296875
3619.7357335174	776.364990234375
3621.61709106289	775.070007324219
3623.4979280192	773.989990234375
3625.37824458399	772.460021972656
3627.25804095482	772.02001953125
3629.13731732915	771.840026855469
3631.01607390435	771.89501953125
3632.89431087767	772.380004882813
3634.77202844629	772.650024414063
3636.64922680726	771.710021972656
3638.52590615754	770.364990234375
3640.40206669402	769.534973144531
3642.27770861344	769.140014648438
3644.15283211248	767.864990234375
3646.02743738771	767.965026855469
3647.90152463559	767.224975585938
3649.77509405251	766.265014648438
3651.64814583473	766.309997558594
3653.52068017842	766.315002441406
3655.39269727965	765.25
3657.26419733442	764.965026855469
3659.13518053858	765.469970703125
3661.00564708793	765.484985351563
3662.87559717814	764.169982910156
3664.7450310048	762.955017089844
3666.61394876338	762.659973144531
3668.48235064928	762.14501953125
3670.35023685779	761.690002441406
3672.21760758409	761.609985351563
3674.08446302327	761.580017089844
3675.95080337033	760.734985351563
3677.81662882017	760.265014648438
3679.68193956758	759.994995117188
3681.54673580727	760.080017089844
3683.41101773383	759.135009765625
3685.27478554178	758.614990234375
3687.13803942551	757.890014648438
3689.00077957934	756.799987792969
3690.86300619748	757.25
3692.72471947405	757.335021972656
3694.58591960306	757.510009765625
3696.44660677844	757.215026855469
3698.306781194	756.969970703125
3700.16644304348	756.39501953125
3702.02559252049	755.775024414063
3703.88422981859	755.534973144531
3705.74235513119	755.025024414063
3707.59996865164	754.450012207031
3709.45707057318	754.890014648438
3711.31366108895	755.044982910156
3713.16974039199	753.820007324219
3715.02530867527	753.690002441406
3716.88036613164	753.174987792969
3718.73491295385	753.210021972656
3720.58894933456	753.159973144531
3722.44247546634	753.010009765625
3724.29549154166	753.380004882813
3726.14799775289	752.929992675781
3727.9999942923	752.640014648438
3729.85148135209	752.405029296875
3731.70245912432	751.965026855469
3733.55292780098	751.809997558594
3735.40288757397	751.775024414063
3737.25233863509	751.820007324219
3739.10128117603	751.010009765625
3740.9497153884	751.179992675781
3742.7976414637	751.695007324219
3744.64505959335	751.469970703125
3746.49196996866	751.784973144531
3748.33837278086	752.5
3750.18426822108	751.570007324219
3752.02965648033	751.210021972656
3753.87453774956	750.969970703125
3755.7189122196	751.155029296875
3757.5627800812	750.844970703125
3759.40614152501	750.844970703125
3761.24899674159	750.965026855469
3763.09134592138	750.830017089844
3764.93318925476	750.255004882813
3766.77452693199	750.349975585938
3768.61535914325	750.525024414063
3770.45568607861	750.635009765625
3772.29550792807	749.77001953125
3774.1348248815	750.119995117188
3775.9736371287	750.369995117188
3777.81194485938	749.885009765625
