32.6816976106991	713.900024414063
35.6535599501435	713.934997558594
38.6244374909659	713.804992675781
41.5943306947054	713.89501953125
44.5632400226282	713.89501953125
47.5311659356917	713.775024414063
50.4981088945929	713.830017089844
53.4640693597127	713.64501953125
56.4290477911676	713.760009765625
59.3930446487746	713.75
62.356060392067	713.869995117188
65.3180954802906	713.872497558594
68.2791503724084	713.875
71.2392255270922	713.799987792969
74.1983214027271	713.734985351563
77.1564384574159	713.97998046875
80.113577148983	713.830017089844
83.0697379349549	713.765014648438
86.0249212725722	713.75
88.9791276188058	713.715026855469
91.9323574303255	713.755004882813
94.8846111635238	713.864990234375
97.8358892745121	714.065002441406
100.786192219114	714.02001953125
103.73552045287	713.909973144531
106.683874431037	714.215026855469
109.631254608583	714.260009765625
112.577661440203	714.275024414063
115.523095380307	714.344970703125
118.467556883015	714.715026855469
121.411046402175	715.284973144531
124.353564391344	716.460021972656
127.295111303796	718.585021972656
130.235687592532	722.219970703125
133.175293710265	728.065002441406
136.113930109434	737.294982910156
139.051597242185	751.109985351563
141.98829556039	768.880004882813
144.92402551564	787.010009765625
147.858787559244	807.309997558594
150.792582142239	826.965026855469
153.725409715372	845.099975585938
156.65727072911	858.744995117188
159.588165633643	865.655029296875
162.518094878884	873.450012207031
165.447058914469	879.065002441406
168.375058189747	878.065002441406
171.302093153792	875.010009765625
174.228164255401	873.155029296875
177.153271943091	872.594970703125
180.077416665101	874.684997558594
183.000598869394	874.705017089844
185.922819003656	874.344970703125
188.84407751529	874.609985351563
191.764374851424	876.094970703125
194.683711458919	878.674987792969
197.60208778434	883.619995117188
200.519504273992	886.64501953125
203.435961373894	888.609985351563
206.351459529801	894.75
209.265999187174	901.135009765625
212.179580791207	911.489990234375
215.092204786825	920.39501953125
218.003871618673	928.39501953125
220.914581731116	939.054992675781
223.824335568247	949.400024414063
226.733133573893	952.919982910156
229.640976191593	959.260009765625
232.547863864614	964.784973144531
235.453797035961	970.52001953125
238.358776148354	970.625
241.26280164424	968.094970703125
244.1658739658	968.054992675781
247.067993554929	967.10498046875
249.969160853266	964.010009765625
252.869376302162	960.914978027344
255.768640342707	959.710021972656
258.666953415705	958.849975585938
261.564315961705	954.619995117188
264.46072842097	952.14501953125
267.356191233499	950.869995117188
270.25070483901	947.405029296875
273.144269676967	946.734985351563
276.036886186551	946.585021972656
278.928554806671	945.010009765625
281.819275975966	942.585021972656
284.709050132812	943.590026855469
287.597877715306	941.875
290.485759161281	940.335021972656
293.372694908298	938.679992675781
296.258685393644	935.505004882813
299.143731054352	934.900024414063
302.027832327156	936.184997558594
304.910989648557	937.515014648438
307.79320345476	934.835021972656
310.674474181717	933.984985351563
313.554802265101	932.765014648438
316.434188140326	930.765014648438
319.312632242533	932.460021972656
322.190135006593	932.969970703125
325.066696867117	932.984985351563
327.942318258443	929.330017089844
330.816999614641	928.039978027344
333.690741369517	927.215026855469
336.56354395661	927.280029296875
339.435407809193	927.02001953125
342.306333360273	924.705017089844
345.176321042591	923.075012207031
348.045371288612	920.510009765625
350.913484530551	922.140014648438
353.78066120035	922.059997558594
356.64690172969	921.559997558594
359.512206549972	921.455017089844
362.376576092357	919.684997558594
365.240010787716	916.635009765625
368.102511066677	916.039978027344
370.964077359587	917.210021972656
373.82471009654	916.844970703125
376.684409707364	916.724975585938
379.543176621612	917.219970703125
382.401011268595	921.369995117188
385.257914077343	920.39501953125
388.113885476627	918.960021972656
390.968925894961	918.794982910156
393.823035760591	920.265014648438
396.676215501503	922.734985351563
399.528465545415	924.534973144531
402.379786319791	928.280029296875
405.230178251834	931.414978027344
408.079641768472	939.60498046875
410.928177296387	945.875
413.775785261992	947.255004882813
416.622466091445	948.554992675781
419.468220210631	950.565002441406
422.313048045182	949.315002441406
425.156950020479	948.659973144531
427.999926561623	944.445007324219
430.841978093471	940.650024414063
433.683105040613	941.760009765625
436.523307827384	939.989990234375
439.362586877851	938.409973144531
442.200942615829	935.599975585938
445.038375464876	929.440002441406
447.874885848283	925.955017089844
450.710474189089	927.234985351563
453.54514091007	930.210021972656
456.37888643375	928.775024414063
459.211711182386	928.960021972656
462.043615577986	925.554992675781
464.874600042297	923.465026855469
467.704664996804	922.440002441406
470.533810862741	921.315002441406
473.36203806108	919.989990234375
476.189347012547	920.309997558594
479.015738137594	922.630004882813
481.841211856432	922.609985351563
484.665768589008	922.590026855469
487.489408755009	925.525024414063
490.312132773878	931.77001953125
493.133941064796	931.114990234375
495.954834046683	930.094970703125
498.77481213821	930.330017089844
501.593875757797	932.465026855469
504.412025323601	929.364990234375
507.229261253524	923.710021972656
510.045583965226	920.565002441406
512.860993876093	920.260009765625
515.675491403271	918.760009765625
518.489076963649	917.690002441406
521.301750973863	916.224975585938
524.113513850293	914.75
526.924366009065	913.405029296875
529.734307866052	911.695007324219
532.543339836881	909.155029296875
535.35146233692	908.630004882813
538.158675781281	907.809997558594
540.964980584833	905.174987792969
543.770377162182	900.695007324219
546.574865927692	898.559997558594
549.378447295465	897.054992675781
552.181121679365	893.794982910156
554.982889492993	894.195007324219
557.783751149701	892.380004882813
560.583707062591	890.27001953125
563.38275764452	888.484985351563
566.180903308083	890.239990234375
568.978144465633	887.255004882813
571.774481529266	885.27001953125
574.569914910839	884.885009765625
577.364445021949	884.760009765625
580.158072273946	880.710021972656
582.950797077926	880.434997558594
585.742619844752	880.469970703125
588.533540985018	878.289978027344
591.323560909078	874.505004882813
594.112680027034	870.919982910156
596.90089874875	871.450012207031
599.688217483828	872.984985351563
602.474636641629	875.330017089844
605.260156631263	873.905029296875
608.044777861596	872.760009765625
610.828500741241	872.375
613.611325678567	871.315002441406
616.393253081697	872.780029296875
619.174283358506	872.534973144531
621.954416916616	874.690002441406
624.733654163414	874.515014648438
627.511995506029	874.340026855469
630.289441351351	871.804992675781
633.065992106022	871.565002441406
635.841648176434	868.460021972656
638.616409968744	869.260009765625
641.390277888847	871.210021972656
644.163252342408	873.719970703125
646.93533373484	873.974975585938
649.706522471307	874.114990234375
652.47681895674	874.255004882813
655.246223595811	872.630004882813
658.014736792957	871.119995117188
660.782358952371	869.934997558594
663.549090477999	869.997497558594
666.314931773542	870.059997558594
669.079883242452	871.965026855469
671.843945287955	874.715026855469
674.607118313019	876.89501953125
677.369402720366	875.405029296875
680.130798912488	873.22998046875
682.891307291627	872.570007324219
685.650928259784	872.614990234375
688.409662218708	872
691.167509569927	870.210021972656
693.924470714705	868.994995117188
696.680546054078	870.030029296875
699.435735988832	867.875
702.190040919516	867.960021972656
704.943461246442	870.625
707.695997369667	871.239990234375
710.447649689022	870.809997558594
713.198418604088	871.474975585938
715.948304514206	871.760009765625
718.697307818481	872.10498046875
721.445428915779	873.539978027344
724.192668204716	870.190002441406
726.93902608368	868.859985351563
729.684502950805	871.200012207031
732.429099204005	873.309997558594
735.172815240936	873.650024414063
737.915651459026	874.14501953125
740.657608255463	873.044982910156
743.398686027186	872.997497558594
746.13888517091	872.950012207031
748.878206083102	874.52001953125
751.616649159998	877.030029296875
754.354214797584	880.195007324219
757.09090339162	882.39501953125
759.826715337622	883.825012207031
762.561651030868	880.974975585938
765.295710866406	879.640014648438
768.028895239041	875.434997558594
770.761204543336	873.400024414063
773.492639173626	873.155029296875
776.223199524006	873.14501953125
778.952885988334	871.594970703125
781.681698960235	870.335021972656
784.40963883309	870.309997558594
787.136706000052	870.284973144531
789.862900854037	868.424987792969
792.588223787721	868.609985351563
795.312675193549	869.525024414063
798.036255463728	871.994995117188
800.758964990228	872.669982910156
803.480804164792	873.974975585938
806.201773378919	874.455017089844
808.921873023884	875.780029296875
811.641103490712	878.5
814.359465170214	882.419982910156
817.076958452946	888.590026855469
819.793583729246	894.155029296875
822.509341389214	900.179992675781
825.224231822712	906.710021972656
827.938255419375	913.440002441406
830.651412568596	916.260009765625
833.363703659544	915.825012207031
836.075129081157	920.325012207031
838.785689222127	924.195007324219
841.495384470928	924.905029296875
844.204215215788	927.984985351563
846.912181844721	935
849.619284745491	939.594970703125
852.325524305638	943.719970703125
855.030900912475	947.070007324219
857.735414953079	951.275024414063
860.439066814289	950.140014648438
863.141856882725	944.325012207031
865.843785544769	939.35498046875
868.544853186571	934.215026855469
871.245060194063	931.174987792969
873.944406952925	928.140014648438
876.642893848625	926.265014648438
879.340521266398	923.85498046875
882.037289591241	924.405029296875
884.733199207927	928.215026855469
887.428250501001	928.234985351563
890.122443854778	927.469970703125
892.815779653335	929.190002441406
895.508258280534	931.684997558594
898.199880119997	935.179992675781
900.890645555129	935.950012207031
903.580554969094	937.934997558594
906.269608744832	935.025024414063
908.957807265056	933.044982910156
911.645150912257	933.280029296875
914.331640068689	936.465026855469
917.017275116375	938.450012207031
919.702056437128	938.494995117188
922.385984412518	941.5
925.069059423886	946.114990234375
927.751281852366	952.119995117188
930.432652078842	960.450012207031
933.113170483983	965.515014648438
935.79283744823	962.85498046875
938.471653351806	964.75
941.149618574686	967.159973144531
943.826733496641	968.690002441406
946.502998497206	973.780029296875
949.178413955689	966.559997558594
951.85298025118	965.380004882813
954.526697762544	960.570007324219
957.199566868403	953.744995117188
959.87158794718	955.39501953125
962.542761377054	960.190002441406
965.213087535987	960.344970703125
967.882566801719	956.825012207031
970.551199551761	956.77001953125
973.218986163399	960.130004882813
975.885927013698	960.22998046875
978.552022479501	961.125
981.217272937423	963.77001953125
983.88167876386	973.804992675781
986.545240334978	980.599975585938
989.207958026729	982.450012207031
991.869832214835	988.945007324219
994.530863274798	994.655029296875
997.191051581895	1004.66497802734
999.850397511185	1024.55004882813
1002.50890143751	1045.22497558594
1005.16656373546	1055.57495117188
1007.82338477944	1056.78503417969
1010.47936494363	1050.36499023438
1013.13450460195	1031.31005859375
1015.78880412815	1001.67498779297
1018.44226389572	977.005004882813
1021.09488427794	961.64501953125
1023.74666564789	956.940002441406
1026.3976083784	955.635009765625
1029.04771284208	954.945007324219
1031.69697941135	960.674987792969
1034.34540845838	964.380004882813
1036.99300035512	965.815002441406
1039.63975547333	962.875
1042.28567418452	962.934997558594
1044.93075685998	963.719970703125
1047.57500387081	964.585021972656
1050.21841558786	965.705017089844
1052.86099238177	968.594970703125
1055.50273462297	976.085021972656
1058.14364268167	978.885009765625
1060.78371692784	984.60498046875
1063.42295773126	986.760009765625
1066.06136546148	989.734985351563
1068.69894048781	995.724975585938
1071.33568317939	994.989990234375
1073.9715939051	993.744995117188
1076.60667303362	988.215026855469
1079.24092093341	983.02001953125
1081.87433797271	977.859985351563
1084.50692451954	974.369995117188
1087.13868094172	970.294982910156
1089.76960760684	963.72998046875
1092.39970488226	960.590026855469
1095.02897313516	960.765014648438
1097.65741273246	958.809997558594
1100.28502404089	956.309997558594
1102.91180742697	954.155029296875
1105.53776325698	957.919982910156
1108.16289189701	958.087524414063
1110.78719371291	958.255004882813
1113.41066907033	954.835021972656
1116.0333183347	953.630004882813
1118.65514187124	955.494995117188
1121.27614004495	957.280029296875
1123.89631322061	959.419982910156
1126.51566176279	961.260009765625
1129.13418603585	960.429992675781
1131.75188640394	956.27001953125
1134.36876323098	949.025024414063
1136.98481688069	943.125
1139.60004771655	932.434997558594
1142.21445610187	920.760009765625
1144.82804239972	913.679992675781
1147.44080697295	911.744995117188
1150.05275018421	910.315002441406
1152.66387239593	911.094970703125
1155.27417397034	909.890014648438
1157.88365526943	912.039978027344
1160.49231665502	912.890014648438
1163.10015848867	916.940002441406
1165.70718113176	916.440002441406
1168.31338494544	920.505004882813
1170.91877029067	918.090026855469
1173.52333752817	919.070007324219
1176.12708701847	918.359985351563
1178.73001912187	915.97998046875
1181.33213419848	913.630004882813
1183.93343260819	914.109985351563
1186.53391471068	914.260009765625
1189.13358086539	910.880004882813
1191.73243143161	907.844970703125
1194.33046676836	907.325012207031
1196.92768723449	912.52001953125
1199.52409318861	918.914978027344
1202.11968498915	926.299987792969
1204.7144629943	932.369995117188
1207.30842756206	938.715026855469
1209.90157905021	944.744995117188
1212.49391781634	946.804992675781
1215.08544421779	946.715026855469
1217.67615861174	939.859985351563
1220.26606135512	935.239990234375
1222.85515280468	939.450012207031
1225.44343331694	943.739990234375
1228.03090324823	948.630004882813
1230.61756295466	950.52001953125
1233.20341279213	954.835021972656
1235.78845311634	963.859985351563
1238.37268428278	970.409973144531
1240.95610664673	973.97998046875
1243.53872056325	979.044982910156
1246.12052638722	979.830017089844
1248.70152447329	981.52001953125
1251.28171517591	982.64501953125
1253.86109884934	983.390014648438
1256.43967584759	982.974975585938
1259.0174465245	987.39501953125
1261.5944112337	990.210021972656
1264.1705703286	990.255004882813
1266.74592416241	990.299987792969
1269.32047308814	989.755004882813
1271.89421745858	988.289978027344
1274.46715762633	987.299987792969
1277.03929394377	986.549987792969
1279.61062676308	987.744995117188
1282.18115643624	986.914978027344
1284.75088331502	987.294982910156
1287.31980775098	985.559997558594
1289.88793009548	982.809997558594
1292.45525069969	982.515014648438
1295.02176991454	980.75
1297.58748809078	979.924987792969
1300.15240557897	982.400024414063
1302.71652272942	985.460021972656
1305.27983989229	986.710021972656
1307.84235741749	988.044982910156
1310.40407565475	995.664978027344
1312.9649949536	1003.10498046875
1315.52511566335	1003.03002929688
1318.08443813311	1002.95501708984
1320.64296271181	1004.56500244141
1323.20068974815	1006.03002929688
1325.75761959063	1007.03497314453
1328.31375258756	1005.46502685547
1330.86908908704	1002.625
1333.42362943696	1004.71502685547
1335.97737398503	1006.78997802734
1338.53032307874	1008.04498291016
1341.08247706537	1008.20001220703
1343.63383629202	1005.94000244141
1346.18440110558	998.989990234375
1348.73417185274	995.140014648438
1351.28314887997	992.065002441406
1353.83133253357	981.330017089844
1356.37872315961	970.47998046875
1358.92532110398	966.080017089844
1361.47112671237	965.265014648438
1364.01614033024	962.77001953125
1366.56036230288	955.280029296875
1369.10379297537	951.114990234375
1371.64643269258	944.39501953125
1374.18828179921	937.450012207031
1376.72934063972	931.22998046875
1379.2696095584	929.385009765625
1381.80908889932	930.534973144531
1384.34777900637	933.130004882813
1386.88568022323	933.929992675781
1389.42279289337	934.690002441406
1391.95911736009	937.085021972656
1394.49465396645	938.804992675781
1397.02940305537	936.364990234375
1399.5633649695	935.539978027344
1402.09654005135	939.739990234375
1404.6289286432	941.609985351563
1407.16053108714	943.025024414063
1409.69134772507	944.445007324219
1412.22137889868	950.465026855469
1414.75062494947	949.5
1417.27908621874	947.844970703125
1419.80676304759	945.169982910156
1422.33365577692	947.340026855469
1424.85976474744	953.385009765625
1427.38509029967	950.929992675781
1429.90963277392	954.695007324219
1432.4333925103	961.905029296875
1434.95636984873	970.309997558594
1437.47856512894	979.815002441406
1439.99997869045	991.700012207031
1442.5206108726	1006.74499511719
1445.04046201452	1021.88500976563
1447.55953245515	1031.96997070313
1450.07782253323	1035.15502929688
1452.59533258731	1038.1650390625
1455.11206295574	1042.72998046875
1457.62801397668	1039.69995117188
1460.14318598809	1034.06005859375
1462.65757932774	1031.19995117188
1465.1711943332	1023.15002441406
1467.68403134184	1010.82000732422
1470.19609069085	993.14501953125
1472.70737271721	977.849975585938
1475.21787775772	956.695007324219
1477.72760614897	935.465026855469
1480.23655822738	918.619995117188
1482.74473432914	906.950012207031
1485.25213479029	893.820007324219
1487.75875994664	882.765014648438
1490.26461013382	874.135009765625
1492.76968568726	867.825012207031
1495.27398694222	862.630004882813
1497.77751423374	858.409973144531
1500.28026789667	855.849975585938
1502.78224826569	857.010009765625
1505.28345567526	854.974975585938
1507.78389045967	853.809997558594
1510.28355295299	854.015014648438
1512.78244348913	852.320007324219
1515.28056240178	850.35498046875
1517.77791002445	848.570007324219
1520.27448669047	849.094970703125
1522.77029273296	852.275024414063
1525.26532848486	853.945007324219
1527.75959427889	853.882507324219
1530.25309044764	853.820007324219
1532.74581732344	855.690002441406
1535.23777523847	855.719970703125
1537.72896452471	854.155029296875
1540.21938551394	855.015014648438
1542.70903853778	856.289978027344
1545.19792392761	861.380004882813
1547.68604201466	865.349975585938
1550.17339312997	869.525024414063
1552.65997760434	872.174987792969
1555.14579576845	875.945007324219
1557.63084795275	875.807495117188
1560.11513448749	875.669982910156
1562.59865570276	874.405029296875
1565.08141192845	876.914978027344
1567.56340349426	876.059997558594
1570.04463072969	876.609985351563
1572.52509396406	875.585021972656
1575.00479352652	875.015014648438
1577.48372974599	878.02001953125
1579.96190295124	879.719970703125
1582.43931347083	882.125
1584.91596163314	887.255004882813
1587.39184776636	888.510009765625
1589.86697219849	890.125
1592.34133525734	892.47998046875
1594.81493727054	893.994995117188
1597.28777856553	896.224975585938
1599.75985946955	901.744995117188
1602.23118030968	908.044982910156
1604.70174141278	915.590026855469
1607.17154310555	923.515014648438
1609.64058571449	926.284973144531
1612.10886956591	926.155029296875
1614.57639498595	923.565002441406
1617.04316230054	922.184997558594
1619.50917183543	921.684997558594
1621.97442391621	917.909973144531
1624.43891886825	915.940002441406
1626.90265701674	913.825012207031
1629.36563868671	913.984985351563
1631.82786420296	914.135009765625
1634.28933389016	916.640014648438
1636.75004807274	919.27001953125
1639.21000707498	924.309997558594
1641.66921122097	932.85498046875
1644.12766083459	943.590026855469
1646.58535623956	952.739990234375
1649.04229775941	960.460021972656
1651.4984857175	970.219970703125
1653.95392043697	979.510009765625
1656.40860224079	986.724975585938
1658.86253145177	990.335021972656
1661.3157083925	992.39501953125
1663.76813338542	992.85498046875
1666.21980675275	995.469970703125
1668.67072881656	994.734985351563
1671.1208998987	986.60498046875
1673.57032032089	978.489990234375
1676.0189904046	969.059997558594
1678.46691047118	961.335021972656
1680.91408084174	950.515014648438
1683.36050183726	940.049987792969
1685.8061737785	926.989990234375
1688.25109698605	913.400024414063
1690.69527178032	902.469970703125
1693.13869848153	893.64501953125
1695.58137740972	880.794982910156
1698.02330888476	874.099975585938
1700.46449322631	866.224975585938
1702.90493075388	855.950012207031
1705.34462178678	848.385009765625
1707.78356664414	842.210021972656
1710.22176564492	837.280029296875
1712.65921910787	832.590026855469
1715.0959273516	829.619995117188
1717.53189069449	827.755004882813
1719.9671094548	826.5
1722.40158395054	825.554992675781
1724.8353144996	823.565002441406
1727.26830141965	822.234985351563
1729.70054502819	822.010009765625
1732.13204564255	821.025024414063
1734.56280357987	820.135009765625
1736.99281915711	819.950012207031
1739.42209269106	820.460021972656
1741.85062449831	820.445007324219
1744.27841489529	818.780029296875
1746.70546419823	816.715026855469
1749.13177272321	816.275024414063
1751.5573407861	816.335021972656
1753.98216870262	815.135009765625
1756.40625678828	814.210021972656
1758.82960535844	812.640014648438
1761.25221472825	811.960021972656
1763.67408521271	812.465026855469
1766.09521712663	813.75
1768.51561078464	813.974975585938
1770.93526650119	814.780029296875
1773.35418459056	814.179992675781
1775.77236536684	812.614990234375
1778.18980914396	811.594970703125
1780.60651623565	810.650024414063
1783.02248695548	811.844970703125
1785.43772161684	812.905029296875
1787.85222053292	813.60498046875
1790.26598401677	811.349975585938
1792.67901238123	810.534973144531
1795.09130593899	808.039978027344
1797.50286500254	809.640014648438
1799.9136898842	809.969970703125
1802.32378089613	808.655029296875
1804.73313835028	808.809997558594
1807.14176255846	807.64501953125
1809.54965383228	807.515014648438
1811.95681248317	807.940002441406
1814.36323882242	808.60498046875
1816.76893316109	808.809997558594
1819.17389581011	808.929992675781
1821.57812708021	808.987487792969
1823.98162728196	809.044982910156
1826.38439672573	808.455017089844
1828.78643572174	806.140014648438
1831.18774458003	807.080017089844
1833.58832361045	806.914978027344
1835.98817312269	806.109985351563
1838.38729342625	805.659973144531
1840.78568483048	807.330017089844
1843.18334764454	808.034973144531
1845.58028217741	806.809997558594
1847.9764887379	806.809997558594
1850.37196763465	806.784973144531
1852.76671917613	807.909973144531
1855.16074367062	807.309997558594
1857.55404142624	805.664978027344
1859.94661275094	804.385009765625
1862.33845795247	804.950012207031
1864.72957733844	806.094970703125
1867.11997121627	806.179992675781
1869.5096398932	806.265014648438
1871.89858367631	806.195007324219
1874.28680287251	805.789978027344
1876.67429778851	803.929992675781
1879.06106873089	803.10498046875
1881.44711600601	805.39501953125
1883.8324399201	804.940002441406
1886.21704077919	804.559997558594
1888.60091888915	804.965026855469
1890.98407455567	805.869995117188
1893.36650808428	807.054992675781
1895.74821978033	806.455017089844
1898.12920994899	805.934997558594
1900.50947889527	805.494995117188
1902.88902692401	804.780029296875
1905.26785433986	805.210021972656
1907.64596144734	804.585021972656
1910.02334855075	804.364990234375
1912.40001595424	804.090026855469
1914.7759639618	805.119995117188
1917.15119287724	807.505004882813
1919.52570300419	806.97998046875
1921.89949464611	805.655029296875
1924.27256810632	804.304992675781
1926.64492368793	804.960021972656
1929.0165616939	804.89501953125
1931.38748242701	804.830017089844
1933.75768618989	803.590026855469
1936.12717328497	803.825012207031
1938.49594401455	805.625
1940.86399868071	804.840026855469
1943.23133758541	805.224975585938
1945.5979610304	806.625
1947.96386931729	806.344970703125
1950.32906274751	806.960021972656
1952.69354162232	804.674987792969
1955.0573062428	803.429992675781
1957.42035690989	803.715026855469
1959.78269392434	804.200012207031
1962.14431758673	805.059997558594
1964.50522819748	805.039978027344
1966.86542605684	804.22998046875
1969.22491146488	806.299987792969
1971.58368472153	807.780029296875
1973.94174612654	807.585021972656
1976.29909597945	805.844970703125
1978.65573457971	804.289978027344
1981.01166222654	804.465026855469
1983.36687921902	804.969970703125
1985.72138585606	804.25
1988.07518243639	804.215026855469
1990.42826925859	804.205017089844
1992.78064662106	804.445007324219
1995.13231482205	805.570007324219
1997.48327415961	805.497497558594
1999.83352493167	805.424987792969
2002.18306743594	805.679992675781
2004.53190197002	804.034973144531
2006.8800288313	803.085021972656
2009.22744831703	803.244995117188
2011.57416072427	803.184997558594
2013.92016634993	803.859985351563
2016.26546549076	803.887451171875
2018.61005844332	803.914978027344
2020.95394550404	803.659973144531
2023.29712696915	804.065002441406
2025.63960313474	803.85498046875
2027.98137429672	803.325012207031
2030.32244075083	805.239990234375
2032.66280279266	804.614990234375
2035.00246071763	804.669982910156
2037.34141482099	804.390014648438
2039.67966539784	805.265014648438
2042.01721274309	804.390014648438
2044.35405715151	804.367492675781
2046.69019891769	804.344970703125
2049.02563833606	803.47998046875
2051.3603757009	804.705017089844
2053.6944113063	805.065002441406
2056.0277454462	804.424987792969
2058.36037841439	802.280029296875
2060.69231050446	803.650024414063
2063.02354200988	803.859985351563
2065.35407322392	805.544982910156
2067.68390443971	805.984985351563
2070.01303595021	805.825012207031
2072.3414680482	805.75
2074.66920102633	805.869995117188
2076.99623517706	806.315002441406
2079.32257079271	805.705017089844
2081.6482081654	805.544982910156
2083.97314758713	805.559997558594
2086.29738934971	806.244995117188
2088.62093374481	806.219970703125
2090.94378106391	805.070007324219
2093.26593159835	806.869995117188
2095.5873856393	807.119995117188
2097.90814347777	805.72998046875
2100.2282054046	804.304992675781
2102.54757171048	804.5
2104.86624268594	806.090026855469
2107.18421862133	806.950012207031
2109.50149980686	806.919982910156
2111.81808653257	807.164978027344
2114.13397908834	807.580017089844
2116.44917776388	808.22998046875
2118.76368284875	808.525024414063
2121.07749463235	808.784973144531
2123.39061340391	809.094970703125
2125.70303945252	809.205017089844
2128.01477306707	808.255004882813
2130.32581453634	807.700012207031
2132.63616414891	807.820007324219
2134.94582219322	806.960021972656
2137.25478895754	806.719970703125
2139.56306472999	806.585021972656
2141.87064979851	808.195007324219
2144.17754445092	808.630004882813
2146.48374897484	809.289978027344
2148.78926365774	808.284973144531
2151.09408878695	808.200012207031
2153.39822464963	808.114990234375
2155.70167153277	808.182495117188
2158.00442972321	808.25
2160.30649950763	806.969970703125
2162.60788117256	806.445007324219
2164.90857500436	805.429992675781
2167.20858128923	807.39501953125
2169.50790031323	807.679992675781
2171.80653236223	809.10498046875
2174.10447772198	808.539978027344
2176.40173667804	807.47998046875
2178.69830951582	809.434997558594
2180.99419652058	809.4375
2183.28939797743	809.440002441406
2185.5839141713	808.030029296875
2187.87774538698	807.075012207031
2190.17089190908	807.130004882813
2192.46335402209	807.135009765625
2194.75513201032	806.174987792969
2197.04622615791	806.125
2199.33663674886	806.929992675781
2201.62636406702	807.005004882813
2203.91540839606	807.02001953125
2206.20377001952	807.072509765625
2208.49144922077	807.125
2210.77844628302	806.760009765625
2213.06476148933	807.369995117188
2215.3503951226	807.25
2217.63534746557	807.804992675781
2219.91961880085	808.5
2222.20320941085	806.559997558594
2224.48611957785	806.669982910156
2226.76834958399	804.875
2229.04989971122	805.465026855469
2231.33077024136	805.724975585938
2233.61096145607	805.974975585938
2235.89047363683	807.734985351563
2238.169307065	808.815002441406
2240.44746202178	809.525024414063
2242.72493878819	807.969970703125
2245.00173764511	805.974975585938
2247.27785887327	805.969970703125
2249.55330275324	805.965026855469
2251.82806956545	805.920043945313
2254.10215959014	805.875
2256.37557310744	806.924987792969
2258.64831039729	807.010009765625
2260.92037173949	807.27001953125
2263.19175741368	807.450012207031
2265.46246769938	807.5
2267.7325028759	808.155029296875
2270.00186322243	807.664978027344
2272.270549018	808.114990234375
2274.5385605415	807.880004882813
2276.80589807165	808.190002441406
2279.07256188702	808.440002441406
2281.33855226601	808.034973144531
2283.60386948691	806.974975585938
2285.86851382782	805.984985351563
2288.1324855667	805.744995117188
2290.39578498136	808.349975585938
2292.65841234945	808.304992675781
2294.92036794847	807.890014648438
2297.18165205578	807.640014648438
2299.44226494856	808.275024414063
2301.70220690387	808.719970703125
2303.96147819859	807.705017089844
2306.22007910947	806.905029296875
2308.47800991309	807.044982910156
2310.73527088589	806.210021972656
2312.99186230416	807.219970703125
2315.24778444403	809.619995117188
2317.50303758149	809.984985351563
2319.75762199235	809.169982910156
2322.01153795231	808.130004882813
2324.26478573689	807.184997558594
2326.51736562147	807.664978027344
2328.76927788127	810.955017089844
2331.02052279137	811.174987792969
2333.2711006267	811.570007324219
2335.52101166203	809.25
2337.77025617198	806.835021972656
2340.01883443103	806.369995117188
2342.2667467135	808.349975585938
2344.51399329356	807.474975585938
2346.76057444525	806.880004882813
2349.00649044241	807.195007324219
2351.2517415588	807.25
2353.49632806796	808.47998046875
2355.74025024334	808.335021972656
2357.98350835819	806.284973144531
2360.22610268566	806.525024414063
2362.4680334987	807.85498046875
2364.70930107016	807.97998046875
2366.94990567269	807.174987792969
2369.18984757884	807.455017089844
2371.42912706098	806.994995117188
2373.66774439134	807.580017089844
2375.90569984199	807.690002441406
2378.14299368488	809.570007324219
2380.37962619179	808.700012207031
2382.61559763435	807.960021972656
2384.85090828405	807.190002441406
2387.08555841222	806.900024414063
2389.31954829006	806.594970703125
2391.55287818861	807.14501953125
2393.78554837877	807.734985351563
2396.01755913128	807.815002441406
2398.24891071673	805.525024414063
2400.47960340558	807.52001953125
2402.70963746814	808.119995117188
2404.93901317456	808.22998046875
2407.16773079485	808.304992675781
2409.39579059887	807.299987792969
2411.62319285633	806.965026855469
2413.84993783681	807.719970703125
2416.07602580971	808.125
2418.30145704432	808.315002441406
2420.52623180977	807.515014648438
2422.75035037503	808.554992675781
2424.97381300893	810.099975585938
2427.19661998017	809.715026855469
2429.41877155729	808.830017089844
2431.64026800867	808.919982910156
2433.86110960257	808.974975585938
2436.08129660709	808.465026855469
2438.30082929019	809.164978027344
2440.51970791967	810.219970703125
2442.73793276321	810.710021972656
2444.95550408832	809.965026855469
2447.17242216237	809.260009765625
2449.38868725259	809.554992675781
2451.60429962607	807.549987792969
2453.81925954975	806.77001953125
2456.03356729041	806.859985351563
2458.2472231147	808.335021972656
2460.46022728913	809.244995117188
2462.67258008005	809.52001953125
2464.88428175368	809.525024414063
2467.09533257608	809.309997558594
2469.30573281318	806.705017089844
2471.51548273076	806.700012207031
2473.72458259445	808.549987792969
2475.93303266974	810.575012207031
2478.14083322198	809.85498046875
2480.34798451637	809.72998046875
2482.55448681797	808.64501953125
2484.76034039169	808.315002441406
2486.96554550231	809.864990234375
2489.17010241445	810.174987792969
2491.37401139259	809.419982910156
2493.57727270109	809.97998046875
2495.77988660412	810.340026855469
2497.98185336574	810.080017089844
2500.18317324987	811.130004882813
2502.38384652028	810.760009765625
2504.58387344058	811.169982910156
2506.78325427425	810.234985351563
2508.98198928465	809.755004882813
2511.18007873495	809.619995117188
2513.37752288821	811.234985351563
2515.57432200735	812.094970703125
2517.77047635514	811.669982910156
2519.96598619419	810.724975585938
2522.16085178699	810.780029296875
2524.35507339589	810.784973144531
2526.54865128308	811.989990234375
2528.74158571062	812.359985351563
2530.93387694042	811.635009765625
2533.12552523427	811.10498046875
2535.31653085379	812.294982910156
2537.50689406046	812.297485351563
2539.69661511566	812.299987792969
2541.88569428057	812.409973144531
2544.07413181627	812.359985351563
2546.26192798368	811.090026855469
2548.44908304359	813.200012207031
2550.63559725664	813.39501953125
2552.82147088333	813.309997558594
2555.00670418402	815.205017089844
2557.19129741894	815.280029296875
2559.37525084817	812.984985351563
2561.55856473164	811.984985351563
2563.74123932917	813.059997558594
2565.92327490039	812.489990234375
2568.10467170484	813.5
2570.28543000189	814.724975585938
2572.46555005079	813.994995117188
2574.64503211063	814.224975585938
2576.82387644036	813.469970703125
2579.00208329882	813.289978027344
2581.17965294468	815.474975585938
2583.35658563648	814.965026855469
2585.53288163263	814.335021972656
2587.70854119137	814.385009765625
2589.88356457084	815.815002441406
2592.05795202902	815.414978027344
2594.23170382376	815.35498046875
2596.40482021275	814.974975585938
2598.57730145356	815.784973144531
2600.74914780363	815.909973144531
2602.92035952023	816.780029296875
2605.09093686053	817.265014648438
2607.26088008153	817.039978027344
2609.4301894401	816.64501953125
2611.59886519299	817.434997558594
2613.76690759678	818.484985351563
2615.93431690793	818.119995117188
2618.10109338277	818.27001953125
2620.26723727748	817.070007324219
2622.4327488481	818.255004882813
2624.59762835054	820.570007324219
2626.76187604057	820.135009765625
2628.92549217382	822.215026855469
2631.08847700579	822.880004882813
2633.25083079182	822.789978027344
2635.41255378715	822.799987792969
2637.57364624684	822.809997558594
2639.73410842586	822.77001953125
2641.893940579	823.075012207031
2644.05314296094	822.280029296875
2646.21171582621	821.244995117188
2648.36965942921	821.75
2650.5269740242	822.640014648438
2652.6836598653	822.445007324219
2654.83971720651	823.419982910156
2656.99514630167	824.465026855469
2659.1499474045	824.960021972656
2661.30412076857	825.554992675781
2663.45766664734	823.965026855469
2665.61058529411	824.934997558594
2667.76287696204	826.135009765625
2669.91454190418	827.140014648438
2672.06558037342	827.192504882813
2674.21599262253	827.244995117188
2676.36577890413	827.390014648438
2678.51493947072	827.059997558594
2680.66347457466	825.835021972656
2682.81138446816	828.484985351563
2684.95866940332	830.674987792969
2687.10532963209	831.539978027344
2689.25136540628	832.215026855469
2691.39677697757	832.289978027344
2693.54156459752	832.525024414063
2695.68572851753	831.955017089844
2697.82926898888	831.804992675781
2699.97218626272	831.880004882813
2702.11448059006	833.125
2704.25615222175	836.505004882813
2706.39720140856	839.289978027344
2708.53762840109	839.844970703125
2710.67743344979	839.044982910156
2712.81661680503	840.039978027344
2714.95517871698	841.614990234375
2717.09311943574	842.215026855469
2719.23043921123	844.705017089844
2721.36713829325	847.284973144531
2723.50321693148	851.325012207031
2725.63867537545	851.989990234375
2727.77351387456	849.619995117188
2729.90773267809	849.775024414063
2732.04133203516	852.044982910156
2734.17431219478	854.22998046875
2736.30667340581	853.619995117188
2738.438415917	853.445007324219
2740.56953997695	851.705017089844
2742.70004583414	851.344970703125
2744.82993373688	852.205017089844
2746.9592039334	852.784973144531
2749.08785667177	850.289978027344
2751.21589219993	846.260009765625
2753.34331076568	846.182495117188
2755.4701126167	846.10498046875
2757.59629800054	844.85498046875
2759.7218671646	844.099975585938
2761.84682035617	847.924987792969
2763.9711578224	848.434997558594
2766.0948798103	846.619995117188
2768.21798656676	846.6875
2770.34047833852	846.755004882813
2772.46235537222	847.049987792969
2774.58361791434	845.900024414063
2776.70426621124	844.984985351563
2778.82430050915	844.14501953125
2780.94372105416	843.890014648438
2783.06252809224	843.039978027344
2785.18072186922	842.125
2787.29830263081	843.919982910156
2789.41527062257	844.989990234375
2791.53162608996	844.315002441406
2793.64736927828	843.155029296875
2795.76250043271	843.284973144531
2797.8770197983	844.025024414063
2799.99092761997	843
2802.10422414252	844.710021972656
2804.21690961059	845.690002441406
2806.32898426873	846.369995117188
2808.44044836132	848.109985351563
2810.55130213264	849.724975585938
2812.66154582682	853.534973144531
2814.77117968788	858.244995117188
2816.8802039597	861.724975585938
2818.98861888601	865.005004882813
2821.09642471046	865.794982910156
2823.20362167653	868.619995117188
2825.31021002756	869.109985351563
2827.41619000682	872.794982910156
2829.52156185738	881.294982910156
2831.62632582224	886.400024414063
2833.73048214422	890.734985351563
2835.83403106606	896.400024414063
2837.93697283033	903.090026855469
2840.03930767951	912.974975585938
2842.1410358559	923.880004882813
2844.24215760173	937.330017089844
2846.34267315905	950.280029296875
2848.44258276982	966.630004882813
2850.54188667585	983.5
2852.64058511883	1002.01501464844
2854.73867834032	1020.58502197266
2856.83616658175	1038.72497558594
2858.93305008443	1058.27502441406
2861.02932908952	1080.85998535156
2863.12500383809	1101.9150390625
2865.22007457104	1129.82995605469
2867.31454152918	1162.5
2869.40840495316	1193.64501953125
2871.50166508353	1218.18505859375
2873.59432216069	1244.02502441406
2875.68637642493	1267.07495117188
2877.77782811641	1282.68005371094
2879.86867747515	1291.7099609375
2881.95892474105	1300.51501464844
2884.0485701539	1307.13500976563
2886.13761395333	1315.08996582031
2888.22605637886	1324.2099609375
2890.3138976699	1333.48498535156
2892.40113806571	1332.5849609375
2894.48777780544	1332.9599609375
2896.57381712808	1341.91003417969
2898.65925627254	1359.22998046875
2900.74409547758	1381.98999023438
2902.82833498183	1394.18505859375
2904.9119750238	1405.21496582031
2906.99501584188	1419.81994628906
2909.07745767432	1438.42504882813
2911.15930075925	1457.06005859375
2913.24054533469	1487.93005371094
2915.3211916385	1514.80004882813
2917.40123990846	1535.35498046875
2919.48069038217	1572.96496582031
2921.55954329716	1604.57995605469
2923.63779889079	1616.63500976563
2925.71545740033	1628.61499023438
2927.79251906289	1648.11499023438
2929.86898411548	1675.27001953125
2931.94485279498	1687.31494140625
2934.02012533815	1685.2900390625
2936.0948019816	1689.94494628906
2938.16888296184	1688.59997558594
2940.24236851525	1683.53503417969
2942.31525887809	1681.5
2944.38755428648	1653.09497070313
2946.45925497643	1615.23999023438
2948.53036118382	1577.18005371094
2950.6008731444	1547.38500976563
2952.67079109381	1515.09997558594
2954.74011526755	1487.92504882813
2956.80884590101	1470.53002929688
2958.87698322944	1447.60498046875
2960.94452748799	1426.96997070313
2963.01147891167	1407.85998535156
2965.07783773535	1397.68994140625
2967.14360419382	1382.50500488281
2969.2087785217	1357.44995117188
2971.27336095352	1341.51501464844
2973.33735172366	1329.875
2975.40075106641	1314.9150390625
2977.46355921591	1290.57495117188
2979.52577640618	1268.86499023438
2981.58740287112	1245.97998046875
2983.64843884452	1230.51501464844
2985.70888456003	1220.17504882813
2987.76874025117	1203.22998046875
2989.82800615137	1178.42504882813
2991.88668249391	1155.84997558594
2993.94476951194	1133.81994628906
2996.00226743852	1116.88500976563
2998.05917650657	1098.31494140625
3000.11549694887	1077.63500976563
3002.17122899812	1059.06494140625
3004.22637288685	1044.17504882813
3006.2809288475	1029.2900390625
3008.33489711238	1010.29998779297
3010.38827791368	994.85498046875
3012.44107148345	980.590026855469
3014.49327805366	969.744995117188
3016.5448978561	960.734985351563
3018.59593112249	950.210021972656
3020.64637808441	944.989990234375
3022.6962389733	940.544982910156
3024.74551402051	933.75
3026.79420345725	928.909973144531
3028.84230751461	924.414978027344
3030.88982642357	923.119995117188
3032.93676041497	927.059997558594
3034.98310971955	927.719970703125
3037.02887456791	926.77001953125
3039.07405519054	926.219970703125
3041.11865181781	927.809997558594
3043.16266467996	929.174987792969
3045.20609400713	929.309997558594
3047.24894002932	932.869995117188
3049.2912029764	939.465026855469
3051.33288307815	944.369995117188
3053.37398056421	951.60498046875
3055.41449566411	957.25
3057.45442860725	960.905029296875
3059.49377962291	964.494995117188
3061.53254894026	967.515014648438
3063.57073678834	968.760009765625
3065.60834339607	968.515014648438
3067.64536899227	964.539978027344
3069.68181380561	961.440002441406
3071.71767806467	955.765014648438
3073.75296199788	948.450012207031
3075.78766583357	940.465026855469
3077.82178979997	930.994995117188
3079.85533412513	924.809997558594
3081.88829903705	916.349975585938
3083.92068476356	908.114990234375
3085.95249153241	903.044982910156
3087.98371957119	898.799987792969
3090.01436910741	896.974975585938
3092.04444036844	896.320007324219
3094.07393358152	893.570007324219
3096.10284897381	892.434997558594
3098.13118677232	890.010009765625
3100.15894720395	889.244995117188
3102.18613049548	887.109985351563
3104.21273687357	886.054992675781
3106.23876656477	886.005004882813
3108.2642197955	887.820007324219
3110.28909679208	889.549987792969
3112.31339778069	889.205017089844
3114.33712298741	888.35498046875
3116.36027263819	886.815002441406
3118.38284695887	887.530029296875
3120.40484617516	890.169982910156
3122.42627051268	890.755004882813
3124.4471201969	891.219970703125
3126.46739545319	891.265014648438
3128.4870965068	891.869995117188
3130.50622358287	893.195007324219
3132.5247769064	892.494995117188
3134.54275670229	891.224975585938
3136.56016319534	892.239990234375
3138.57699661019	894.515014648438
3140.59325717139	894.164978027344
3142.60894510338	896.094970703125
3144.62406063047	897.710021972656
3146.63860397686	897.859985351563
3148.65257536662	896.909973144531
3150.66597502371	896.35498046875
3152.67880317199	897.289978027344
3154.69106003518	898.684997558594
3156.70274583691	901.760009765625
3158.71386080065	906.364990234375
3160.72440514981	907.719970703125
3162.73437910763	904.974975585938
3164.74378289728	904.974975585938
3166.75261674179	906.39501953125
3168.76088086407	908.440002441406
3170.76857548692	907.965026855469
3172.77570083303	909.950012207031
3174.78225712498	913.234985351563
3176.78824458521	915.159973144531
3178.79366343607	918.375
3180.79851389977	918.75
3182.80279619844	916.335021972656
3184.80651055405	918.094970703125
3186.80965718849	920.590026855469
3188.81223632353	924.190002441406
3190.81424818081	927.094970703125
3192.81569298186	928.284973144531
3194.8165709481	929.02001953125
3196.81688230084	930.429992675781
3198.81662726126	930.390014648438
3200.81580605044	932.505004882813
3202.81441888933	935.065002441406
3204.81246599879	940.344970703125
3206.80994759954	946.234985351563
3208.80686391219	946.130004882813
3210.80321515726	943.159973144531
3212.79900155512	945.484985351563
3214.79422332605	948.869995117188
3216.78888069021	950.715026855469
3218.78297386765	953.77001953125
3220.77650307828	954.585021972656
3222.76946854195	951.205017089844
3224.76187047834	953.695007324219
3226.75370910705	956.640014648438
3228.74498464755	959.565002441406
3230.73569731921	960.054992675781
3232.72584734127	961.14501953125
3234.71543493287	964.534973144531
3236.70446031304	968.224975585938
3238.69292370068	970.534973144531
3240.68082531459	973.289978027344
3242.66816537345	971.309997558594
3244.65494409583	971.455017089844
3246.6411617002	974.304992675781
3248.62681840488	977.309997558594
3250.61191442812	980.135009765625
3252.59644998804	980.050048828125
3254.58042530263	979.965026855469
3256.56384058979	977.359985351563
3258.54669606731	983.47998046875
3260.52899195285	989.784973144531
3262.51072846396	991.195007324219
3264.4919058181	993.784973144531
3266.47252423259	996.294982910156
3268.45258392464	998.385009765625
3270.43208511138	997.609985351563
3272.41102800978	1000.18499755859
3274.38941283675	1004.625
3276.36723980904	1007.84497070313
3278.34450914332	1009.70001220703
3280.32122105613	1008.66998291016
3282.29737576392	1007.66998291016
3284.272973483	1010.46002197266
3286.24801442958	1014.05999755859
3288.22249881978	1017.92999267578
3290.19642686957	1020.94000244141
3292.16979879485	1022.61499023438
3294.14261481136	1024.0400390625
3296.11487513478	1024.27502441406
3298.08657998065	1019.72998046875
3300.0577295644	1017.80999755859
3302.02832410136	1014.44000244141
3303.99836380673	1013.19500732422
3305.96784889563	1013.25
3307.93677958303	1014.28997802734
3309.90515608383	1019.02502441406
3311.87297861278	1023.98999023438
3313.84024738456	1021.16497802734
3315.80696261371	1013.89501953125
3317.77312451466	1011.97998046875
3319.73873330175	1010.59997558594
3321.70378918919	1010.65997314453
3323.66829239109	1005.5
3325.63224312145	1003
3327.59564159416	1005.47998046875
3329.55848802299	1004.80499267578
3331.52078262162	1006.00500488281
3333.4825256036	1006.17999267578
3335.44371718237	1002.53002929688
3337.40435757128	1007.05999755859
3339.36444698356	1006.84753417969
3341.32398563232	1006.63500976563
3343.28297373058	1003.49499511719
3345.24141149124	999.164978027344
3347.19929912709	998.960021972656
3349.15663685081	998.820007324219
3351.11342487497	998.72998046875
3353.06966341204	1003.97998046875
3355.02535267437	1008.48498535156
3356.98049287421	1008.26501464844
3358.9350842237	1005.17999267578
3360.88912693486	1003.76501464844
3362.84262121962	1003.78497314453
3364.79556728978	1004.42999267578
3366.74796535705	1001.80499267578
3368.69981563302	996.724975585938
3370.65111832917	997.590026855469
3372.60187365689	997.66748046875
3374.55208182744	997.744995117188
3376.50174305198	997.7724609375
3378.45085754157	997.799987792969
3380.39942550714	995.929992675781
3382.34744715954	994.650024414063
3384.29492270949	991.059997558594
3386.24185236761	987.599975585938
3388.18823634442	991.375
3390.13407485031	991.660034179688
3392.07936809559	991.945007324219
3394.02411629045	992.099975585938
3395.96831964496	992.340026855469
3397.91197836911	988.304992675781
3399.85509267275	987.659973144531
3401.79766276564	988.414978027344
3403.73968885745	986.945007324219
3405.68117115771	982.875
3407.62210987586	979.669982910156
3409.56250522123	983.419982910156
3411.50235740305	986.625
3413.44166663043	985.559997558594
3415.38043311238	986.190002441406
3417.3186570578	986.117492675781
3419.2563386755	986.044982910156
3421.19347817415	982.460021972656
3423.13007576235	981.934997558594
3425.06613164857	980.039978027344
3427.00164604118	980.080017089844
3428.93661914844	979.080017089844
3430.87105117852	980.275024414063
3432.80494233945	976.549987792969
3434.73829283919	971.565002441406
3436.67110288558	972.190002441406
3438.60337268634	974.695007324219
3440.53510244911	974.809997558594
3442.4662923814	972.755004882813
3444.39694269064	968.869995117188
3446.32705358412	971.85498046875
3448.25662526905	975.135009765625
3450.18565795254	973.200012207031
3452.11415184156	970.715026855469
3454.04210714302	966.224975585938
3455.96952406369	963.35498046875
3457.89640281024	959.799987792969
3459.82274358924	958.614990234375
3461.74854660717	955.325012207031
3463.67381207038	956.465026855469
3465.59854018513	955.780029296875
3467.52273115756	953
3469.44638519373	952.085021972656
3471.36950249956	947.885009765625
3473.29208328091	947.559997558594
3475.21412774349	944.780029296875
3477.13563609293	944.515014648438
3479.05660853476	944.119995117188
3480.97704527438	940.030029296875
3482.89694651712	936.364990234375
3484.81631246818	936.359985351563
3486.73514333266	931.309997558594
3488.65343931557	926.210021972656
3490.57120062179	922.424987792969
3492.48842745612	922.390014648438
3494.40512002324	922.224975585938
3496.32127852773	922.059997558594
3498.23690317408	917.414978027344
3500.15199416666	913.765014648438
3502.06655170974	910.719970703125
3503.98057600749	910.460021972656
3505.89406726396	910.099975585938
3507.80702568312	906.739990234375
3509.71945146883	902.275024414063
3511.63134482483	899.900024414063
3513.54270595478	896.034973144531
3515.45353506222	895.335021972656
3517.3638323506	898.234985351563
3519.27359802324	897.919982910156
3521.1828322834	893.739990234375
3523.09153533419	887.265014648438
3524.99970737866	885.775024414063
3526.90734861972	883.090026855469
3528.81445926021	881.594970703125
3530.72103950283	877.909973144531
3532.62708955022	876.39501953125
3534.53260960488	871.455017089844
3536.43759986923	870.760009765625
3538.34206054558	872.664978027344
3540.24599183613	869.125
3542.149393943	863.484985351563
3544.05226706817	861.085021972656
3545.95461141357	860.434997558594
3547.85642718097	858.294982910156
3549.75771457208	857.364990234375
3551.6584737885	856.130004882813
3553.55870503171	854.804992675781
3555.4584085031	853.690002441406
3557.35758440396	852.994995117188
3559.25623293548	849.989990234375
3561.15435429874	844.890014648438
3563.05194869473	841.280029296875
3564.94901632432	841.89501953125
3566.84555738829	840.609985351563
3568.74157208732	839.580017089844
3570.63706062199	839.635009765625
3572.53202319277	838.085021972656
3574.42646000003	836.885009765625
3576.32037124406	836.059997558594
3578.213757125	833.47998046875
3580.10661784295	831.070007324219
3581.99895359786	829.875
3583.8907645896	828.594970703125
3585.78205101794	828.085021972656
3587.67281308254	826.914978027344
3589.56305098297	825.424987792969
3591.4527649187	823.815002441406
3593.34195508907	822.885009765625
3595.23062169338	821.505004882813
3597.11876493075	818.484985351563
3599.00638500027	816.460021972656
3600.89348210089	816.375
3602.78005643148	816.359985351563
3604.66610819078	816.794982910156
3606.55163757747	814.570007324219
3608.4366447901	813.549987792969
3610.32113002713	811.364990234375
3612.20509348693	810.5
3614.08853536774	809.809997558594
3615.97145586773	808.35498046875
3617.85385518497	806.02001953125
3619.7357335174	803.815002441406
3621.61709106289	803.130004882813
3623.4979280192	801.909973144531
3625.37824458399	801.210021972656
3627.25804095482	800.380004882813
3629.13731732915	798.929992675781
3631.01607390435	797.544982910156
3632.89431087767	795.39501953125
3634.77202844629	794.465026855469
3636.64922680726	794.085021972656
3638.52590615754	793.195007324219
3640.40206669402	792
3642.27770861344	791.215026855469
3644.15283211248	789.315002441406
3646.02743738771	787.39501953125
3647.90152463559	787.150024414063
3649.77509405251	786.434997558594
3651.64814583473	786.309997558594
3653.52068017842	785.755004882813
3655.39269727965	783.294982910156
3657.26419733442	782
3659.13518053858	781.489990234375
3661.00564708793	781.684997558594
3662.87559717814	780.344970703125
3664.7450310048	778.674987792969
3666.61394876338	777.255004882813
3668.48235064928	774.434997558594
3670.35023685779	774.375
3672.21760758409	774.52001953125
3674.08446302327	774.080017089844
3675.95080337033	772.924987792969
3677.81662882017	772.169982910156
3679.68193956758	772.150024414063
3681.54673580727	771.114990234375
3683.41101773383	770.090026855469
3685.27478554178	768.950012207031
3687.13803942551	767.905029296875
3689.00077957934	768.190002441406
3690.86300619748	767.47998046875
3692.72471947405	767.030029296875
3694.58591960306	766.955017089844
3696.44660677844	766.880004882813
3698.306781194	765.150024414063
3700.16644304348	764.190002441406
3702.02559252049	764.195007324219
3703.88422981859	763.849975585938
3705.74235513119	763.72998046875
3707.59996865164	762.525024414063
3709.45707057318	761.244995117188
3711.31366108895	760.335021972656
3713.16974039199	760.530029296875
3715.02530867527	760.547485351563
3716.88036613164	760.565002441406
3718.73491295385	759.655029296875
3720.58894933456	758.89501953125
3722.44247546634	759.025024414063
3724.29549154166	759.474975585938
3726.14799775289	759.89501953125
3727.9999942923	759.914978027344
3729.85148135209	759.184997558594
3731.70245912432	757.984985351563
3733.55292780098	757.619995117188
3735.40288757397	757.89501953125
3737.25233863509	757.890014648438
3739.10128117603	757.799987792969
3740.9497153884	757.315002441406
3742.7976414637	757.210021972656
3744.64505959335	757.390014648438
3746.49196996866	757.304992675781
3748.33837278086	756.60498046875
3750.18426822108	755.510009765625
3752.02965648033	756.484985351563
3753.87453774956	756.449951171875
3755.7189122196	756.414978027344
3757.5627800812	755.794982910156
3759.40614152501	756.059997558594
3761.24899674159	755.664978027344
3763.09134592138	756
3764.93318925476	756.494995117188
3766.77452693199	756.260009765625
3768.61535914325	755.965026855469
3770.45568607861	754.664978027344
3772.29550792807	754.054992675781
3774.1348248815	754.909973144531
3775.9736371287	754.724975585938
3777.81194485938	755.135009765625
