32.6816976106991	718.280029296875
35.6535599501435	718.219970703125
38.6244374909659	718.135009765625
41.5943306947054	717.984985351563
44.5632400226282	718.200012207031
47.5311659356917	718.130004882813
50.4981088945929	718.072509765625
53.4640693597127	718.015014648438
56.4290477911676	718.044982910156
59.3930446487746	718.215026855469
62.356060392067	718.054992675781
65.3180954802906	717.989990234375
68.2791503724084	718.107482910156
71.2392255270922	718.224975585938
74.1983214027271	718.065002441406
77.1564384574159	718.065002441406
80.113577148983	718.065002441406
83.0697379349549	718.215026855469
86.0249212725722	718.150024414063
88.9791276188058	718.390014648438
91.9323574303255	718.239990234375
94.8846111635238	718.14501953125
97.8358892745121	718.445007324219
100.786192219114	718.400024414063
103.73552045287	718.325012207031
106.683874431037	718.260009765625
109.631254608583	718.489990234375
112.577661440203	718.614990234375
115.523095380307	718.825012207031
118.467556883015	718.945007324219
121.411046402175	720.030029296875
124.353564391344	721.215026855469
127.295111303796	722.984985351563
130.235687592532	727.005004882813
133.175293710265	732.489990234375
136.113930109434	742.205017089844
139.051597242185	754.494995117188
141.98829556039	769.825012207031
144.92402551564	786.294982910156
147.858787559244	803.525024414063
150.792582142239	819.880004882813
153.725409715372	832.349975585938
156.65727072911	843.440002441406
159.588165633643	850.799987792969
162.518094878884	854.994995117188
165.447058914469	857.554992675781
168.375058189747	858.799987792969
171.302093153792	858.219970703125
174.228164255401	858.210021972656
177.153271943091	860.195007324219
180.077416665101	860.469970703125
183.000598869394	859.835021972656
185.922819003656	861.650024414063
188.84407751529	863.114990234375
191.764374851424	864.655029296875
194.683711458919	867.585021972656
197.60208778434	872.934997558594
200.519504273992	877.135009765625
203.435961373894	879.64501953125
206.351459529801	886.875
209.265999187174	895.159973144531
212.179580791207	904.474975585938
215.092204786825	915.049987792969
218.003871618673	924.525024414063
220.914581731116	930.445007324219
223.824335568247	937.919982910156
226.733133573893	943.934997558594
229.640976191593	950.950012207031
232.547863864614	956.090026855469
235.453797035961	958.890014648438
238.358776148354	959.155029296875
241.26280164424	959.534973144531
244.1658739658	956.594970703125
247.067993554929	954.575012207031
249.969160853266	956.424987792969
252.869376302162	955.97998046875
255.768640342707	957.77001953125
258.666953415705	955.700012207031
261.564315961705	952.489990234375
264.46072842097	950.030029296875
267.356191233499	945.239990234375
270.25070483901	945.859985351563
273.144269676967	946.385009765625
276.036886186551	946.674987792969
278.928554806671	944.489990234375
281.819275975966	943.890014648438
284.709050132812	942.47998046875
287.597877715306	942.369995117188
290.485759161281	942.940002441406
293.372694908298	942.940002441406
296.258685393644	944.034973144531
299.143731054352	944.840026855469
302.027832327156	943.75
304.910989648557	940.335021972656
307.79320345476	938.219970703125
310.674474181717	937.030029296875
313.554802265101	939.869995117188
316.434188140326	942.47998046875
319.312632242533	942.864990234375
322.190135006593	940.575012207031
325.066696867117	939.265014648438
327.942318258443	940.39501953125
330.816999614641	942.909973144531
333.690741369517	942.619995117188
336.56354395661	940.39501953125
339.435407809193	938.294982910156
342.306333360273	937.159973144531
345.176321042591	937.280029296875
348.045371288612	935.905029296875
350.913484530551	936.52001953125
353.78066120035	936.669982910156
356.64690172969	936.369995117188
359.512206549972	936.965026855469
362.376576092357	936.27001953125
365.240010787716	937.97998046875
368.102511066677	942.955017089844
370.964077359587	943.625
373.82471009654	941.669982910156
376.684409707364	941.64501953125
379.543176621612	942.510009765625
382.401011268595	945.049987792969
385.257914077343	949.325012207031
388.113885476627	951.765014648438
390.968925894961	953.635009765625
393.823035760591	955.909973144531
396.676215501503	962.244995117188
399.528465545415	967.690002441406
402.379786319791	971.304992675781
405.230178251834	977.960021972656
408.079641768472	985.109985351563
410.928177296387	985.5
413.775785261992	990.510009765625
416.622466091445	996.945007324219
419.468220210631	996.429992675781
422.313048045182	992.960021972656
425.156950020479	994.400024414063
427.999926561623	995
430.841978093471	993.280029296875
433.683105040613	991.210021972656
436.523307827384	988.650024414063
439.362586877851	986.75
442.200942615829	981.780029296875
445.038375464876	979.424987792969
447.874885848283	976.924987792969
450.710474189089	975.010009765625
453.54514091007	973.719970703125
456.37888643375	970.864990234375
459.211711182386	968.984985351563
462.043615577986	960.809997558594
464.874600042297	958.465026855469
467.704664996804	961.164978027344
470.533810862741	960.25
473.36203806108	959.034973144531
476.189347012547	957.090026855469
479.015738137594	957.065002441406
481.841211856432	958.419982910156
484.665768589008	958.806274414063
487.489408755009	959.192504882813
490.312132773878	959.578735351563
493.133941064796	959.965026855469
495.954834046683	958.150024414063
498.77481213821	957.265014648438
501.593875757797	955.114990234375
504.412025323601	949.585021972656
507.229261253524	939.039978027344
510.045583965226	933.469970703125
512.860993876093	928.005004882813
515.675491403271	924.549987792969
518.489076963649	922.565002441406
521.301750973863	918.049987792969
524.113513850293	915.025024414063
526.924366009065	910.984985351563
529.734307866052	906.924987792969
532.543339836881	905.890014648438
535.35146233692	903.534973144531
538.158675781281	902.244995117188
540.964980584833	900.515014648438
543.770377162182	899.465026855469
546.574865927692	897.400024414063
549.378447295465	892.465026855469
552.181121679365	893.434997558594
554.982889492993	891.044982910156
557.783751149701	888.969970703125
560.583707062591	886.650024414063
563.38275764452	885.940002441406
566.180903308083	886.570007324219
568.978144465633	884.184997558594
571.774481529266	881.14501953125
574.569914910839	880.965026855469
577.364445021949	878.280029296875
580.158072273946	876.89501953125
582.950797077926	877.554992675781
585.742619844752	874.400024414063
588.533540985018	871.375
591.323560909078	870.265014648438
594.112680027034	871.114990234375
596.90089874875	871.530029296875
599.688217483828	870.330017089844
602.474636641629	868.364990234375
605.260156631263	867.239990234375
608.044777861596	867.744995117188
610.828500741241	867.210021972656
613.611325678567	867.400024414063
616.393253081697	867.260009765625
619.174283358506	865.869995117188
621.954416916616	864.695007324219
624.733654163414	862.244995117188
627.511995506029	860.64501953125
630.289441351351	856.25
633.065992106022	853.515014648438
635.841648176434	853.14501953125
638.616409968744	853.625
641.390277888847	853.385009765625
644.163252342408	853.695007324219
646.93533373484	854.005004882813
649.706522471307	854.315002441406
652.47681895674	853.954956054688
655.246223595811	853.594970703125
658.014736792957	853.275024414063
660.782358952371	852.724975585938
663.549090477999	853.179992675781
666.314931773542	853.875
669.079883242452	854.640014648438
671.843945287955	855.544982910156
674.607118313019	856.609985351563
677.369402720366	856.640014648438
680.130798912488	856.400024414063
682.891307291627	856.219970703125
685.650928259784	853.905029296875
688.409662218708	852.830017089844
691.167509569927	852.559997558594
693.924470714705	853.205017089844
696.680546054078	852.340026855469
699.435735988832	850.434997558594
702.190040919516	848.559997558594
704.943461246442	848.52001953125
707.695997369667	847.35498046875
710.447649689022	847.440002441406
713.198418604088	847.869995117188
715.948304514206	848.635009765625
718.697307818481	848.113342285156
721.445428915779	847.591674804688
724.192668204716	847.070007324219
726.93902608368	846.679992675781
729.684502950805	847.205017089844
732.429099204005	847.2216796875
735.172815240936	847.238342285156
737.915651459026	847.255004882813
740.657608255463	846.784973144531
743.398686027186	848.804992675781
746.13888517091	848.809997558594
748.878206083102	850.315002441406
751.616649159998	851.85498046875
754.354214797584	852.544982910156
757.09090339162	852.414978027344
759.826715337622	852.405029296875
762.561651030868	852.744995117188
765.295710866406	852.455017089844
768.028895239041	851.664978027344
770.761204543336	850.575012207031
773.492639173626	852.080017089844
776.223199524006	853.780029296875
778.952885988334	854.085021972656
781.681698960235	854.755004882813
784.40963883309	854.570007324219
787.136706000052	855.655029296875
789.862900854037	856.200012207031
792.588223787721	859.340026855469
795.312675193549	858.775024414063
798.036255463728	858.284973144531
800.758964990228	857.734985351563
803.480804164792	858.179992675781
806.201773378919	860.489990234375
808.921873023884	862.085021972656
811.641103490712	865.065002441406
814.359465170214	867.200012207031
817.076958452946	871.52001953125
819.793583729246	875.114990234375
822.509341389214	879.820007324219
825.224231822712	884.284973144531
827.938255419375	890.010009765625
830.651412568596	890.344970703125
833.363703659544	890.015014648438
836.075129081157	892.715026855469
838.785689222127	895.97998046875
841.495384470928	900.820007324219
844.204215215788	909.304992675781
846.912181844721	917.094970703125
849.619284745491	921.799987792969
852.325524305638	924.025024414063
855.030900912475	927.130004882813
857.735414953079	923.179992675781
860.439066814289	918.570007324219
863.141856882725	913.700012207031
865.843785544769	910.419982910156
868.544853186571	905.400024414063
871.245060194063	899.945007324219
873.944406952925	895.429992675781
876.642893848625	892.820007324219
879.340521266398	890.164978027344
882.037289591241	887.52001953125
884.733199207927	886
887.428250501001	887.304992675781
890.122443854778	890.400024414063
892.815779653335	892.715026855469
895.508258280534	892.809997558594
898.199880119997	895.015014648438
900.890645555129	898.405029296875
903.580554969094	899.215026855469
906.269608744832	899.200012207031
908.957807265056	899.025024414063
911.645150912257	900.265014648438
914.331640068689	903.950012207031
917.017275116375	908.700012207031
919.702056437128	911.934997558594
922.385984412518	916.885009765625
925.069059423886	923.034973144531
927.751281852366	927.215026855469
930.432652078842	930.905029296875
933.113170483983	934.880004882813
935.79283744823	939.659973144531
938.471653351806	946.580017089844
941.149618574686	954.39501953125
943.826733496641	960.705017089844
946.502998497206	969.39501953125
949.178413955689	963.510009765625
951.85298025118	965.390014648438
954.526697762544	962.580017089844
957.199566868403	962.909973144531
959.87158794718	966.484985351563
962.542761377054	964.97998046875
965.213087535987	962.840026855469
967.882566801719	955.445007324219
970.551199551761	950.299987792969
973.218986163399	947.309997558594
975.885927013698	943.190002441406
978.552022479501	941.940002441406
981.217272937423	941.690002441406
983.88167876386	943.619995117188
986.545240334978	944.630004882813
989.207958026729	948.094970703125
991.869832214835	952.835021972656
994.530863274798	961.445007324219
997.191051581895	972.585021972656
999.850397511185	984.719970703125
1002.50890143751	993.299987792969
1005.16656373546	998.195007324219
1007.82338477944	994.030029296875
1010.47936494363	981.700012207031
1013.13450460195	968.239990234375
1015.78880412815	949.97998046875
1018.44226389572	932.710021972656
1021.09488427794	922.965026855469
1023.74666564789	917.75
1026.3976083784	916.934997558594
1029.04771284208	920.784973144531
1031.69697941135	923.880004882813
1034.34540845838	925.460021972656
1036.99300035512	926.215026855469
1039.63975547333	929.494995117188
1042.28567418452	933.325012207031
1044.93075685998	936.344970703125
1047.57500387081	941.869995117188
1050.21841558786	947.869995117188
1052.86099238177	956.909973144531
1055.50273462297	968.184997558594
1058.14364268167	978.489990234375
1060.78371692784	988.89501953125
1063.42295773126	997.005004882813
1066.06136546148	1007.96002197266
1068.69894048781	1013.21997070313
1071.33568317939	1011.375
1073.9715939051	1006.05999755859
1076.60667303362	998.575012207031
1079.24092093341	983.294982910156
1081.87433797271	969.664978027344
1084.50692451954	960.234985351563
1087.13868094172	953.275024414063
1089.76960760684	947.835021972656
1092.39970488226	941.734985351563
1095.02897313516	935.835021972656
1097.65741273246	930.109985351563
1100.28502404089	926.650024414063
1102.91180742697	926.484985351563
1105.53776325698	926.684997558594
1108.16289189701	925.075012207031
1110.78719371291	920.630004882813
1113.41066907033	920.875
1116.0333183347	923.164978027344
1118.65514187124	924.635009765625
1121.27614004495	923.635009765625
1123.89631322061	923.825012207031
1126.51566176279	925.125
1129.13418603585	922.880004882813
1131.75188640394	917.77001953125
1134.36876323098	908.005004882813
1136.98481688069	900.914978027344
1139.60004771655	892.244995117188
1142.21445610187	883.22998046875
1144.82804239972	877.75
1147.44080697295	874.14501953125
1150.05275018421	874.070007324219
1152.66387239593	875.02001953125
1155.27417397034	874.940002441406
1157.88365526943	874.414978027344
1160.49231665502	873.450012207031
1163.10015848867	873.580017089844
1165.70718113176	873.335021972656
1168.31338494544	872.994995117188
1170.91877029067	871.914978027344
1173.52333752817	871.210021972656
1176.12708701847	869.844970703125
1178.73001912187	868.570007324219
1181.33213419848	869.169982910156
1183.93343260819	869.630004882813
1186.53391471068	866.47998046875
1189.13358086539	863.515014648438
1191.73243143161	864.695007324219
1194.33046676836	865.664978027344
1196.92768723449	867.890014648438
1199.52409318861	871.554992675781
1202.11968498915	874.780029296875
1204.7144629943	877.974975585938
1207.30842756206	884.674987792969
1209.90157905021	888.570007324219
1212.49391781634	888.114990234375
1215.08544421779	886.690002441406
1217.67615861174	882.880004882813
1220.26606135512	880.960021972656
1222.85515280468	881.695007324219
1225.44343331694	883.27001953125
1228.03090324823	887.544982910156
1230.61756295466	892.255004882813
1233.20341279213	896.950012207031
1235.78845311634	900.919982910156
1238.37268428278	902.650024414063
1240.95610664673	909.52001953125
1243.53872056325	915.090026855469
1246.12052638722	914.965026855469
1248.70152447329	913.705017089844
1251.28171517591	916.755004882813
1253.86109884934	917.710021972656
1256.43967584759	917.369995117188
1259.0174465245	920.35498046875
1261.5944112337	921.075012207031
1264.1705703286	921.47998046875
1266.74592416241	920.159973144531
1269.32047308814	918.799987792969
1271.89421745858	923.39501953125
1274.46715762633	923.567504882813
1277.03929394377	923.739990234375
1279.61062676308	922.090026855469
1282.18115643624	923.119995117188
1284.75088331502	919.77001953125
1287.31980775098	919.034973144531
1289.88793009548	917.159973144531
1292.45525069969	914.510009765625
1295.02176991454	914.015014648438
1297.58748809078	915.575012207031
1300.15240557897	917.400024414063
1302.71652272942	920.210021972656
1305.27983989229	923.570007324219
1307.84235741749	925.929992675781
1310.40407565475	929.289978027344
1312.9649949536	931.159973144531
1315.52511566335	931.159973144531
1318.08443813311	932.174987792969
1320.64296271181	932.030029296875
1323.20068974815	929.710021972656
1325.75761959063	931.22998046875
1328.31375258756	931.569946289063
1330.86908908704	931.909973144531
1333.42362943696	932.534973144531
1335.97737398503	933.085021972656
1338.53032307874	932.255004882813
1341.08247706537	929.599975585938
1343.63383629202	929.994995117188
1346.18440110558	930.219970703125
1348.73417185274	925.945007324219
1351.28314887997	919.924987792969
1353.83133253357	915.989990234375
1356.37872315961	913.565002441406
1358.92532110398	911.755004882813
1361.47112671237	908.265014648438
1364.01614033024	904.734985351563
1366.56036230288	901.424987792969
1369.10379297537	897.674987792969
1371.64643269258	893.580017089844
1374.18828179921	891.085021972656
1376.72934063972	891.130004882813
1379.2696095584	888.465026855469
1381.80908889932	889.445007324219
1384.34777900637	889.630004882813
1386.88568022323	889.4716796875
1389.42279289337	889.313354492188
1391.95911736009	889.155029296875
1394.49465396645	888.530029296875
1397.02940305537	890.419982910156
1399.5633649695	891.950012207031
1402.09654005135	892.505004882813
1404.6289286432	895.030029296875
1407.16053108714	898.130004882813
1409.69134772507	899.794982910156
1412.22137889868	901.969970703125
1414.75062494947	904.280029296875
1417.27908621874	902.715026855469
1419.80676304759	902.494995117188
1422.33365577692	906.359985351563
1424.85976474744	905.914978027344
1427.38509029967	906.619995117188
1429.90963277392	909.335021972656
1432.4333925103	912.755004882813
1434.95636984873	915.875
1437.47856512894	923.369995117188
1439.99997869045	933.684997558594
1442.5206108726	943.10498046875
1445.04046201452	949.224975585938
1447.55953245515	955.929992675781
1450.07782253323	966.570007324219
1452.59533258731	974.025024414063
1455.11206295574	981.47998046875
1457.62801397668	970.130004882813
1460.14318598809	966
1462.65757932774	963.335021972656
1465.1711943332	959.034973144531
1467.68403134184	950.304992675781
1470.19609069085	936.924987792969
1472.70737271721	921.445007324219
1475.21787775772	906.804992675781
1477.72760614897	893.25
1480.23655822738	879.594970703125
1482.74473432914	866.669982910156
1485.25213479029	854.474975585938
1487.75875994664	845.320007324219
1490.26461013382	837.429992675781
1492.76968568726	832.265014648438
1495.27398694222	828.114990234375
1497.77751423374	824.885009765625
1500.28026789667	824.02001953125
1502.78224826569	821.434997558594
1505.28345567526	819.700012207031
1507.78389045967	819.030029296875
1510.28355295299	816.934997558594
1512.78244348913	816.799987792969
1515.28056240178	816.734985351563
1517.77791002445	815.594970703125
1520.27448669047	815.219970703125
1522.77029273296	814.794982910156
1525.26532848486	815.320007324219
1527.75959427889	816.030029296875
1530.25309044764	816.840026855469
1532.74581732344	817.85498046875
1535.23777523847	817.724975585938
1537.72896452471	817.359985351563
1540.21938551394	817.875
1542.70903853778	820.02001953125
1545.19792392761	822.844970703125
1547.68604201466	825.534973144531
1550.17339312997	827.655029296875
1552.65997760434	829.780029296875
1555.14579576845	830.205017089844
1557.63084795275	831.554992675781
1560.11513448749	831.640014648438
1562.59865570276	831.609985351563
1565.08141192845	831.719970703125
1567.56340349426	831.830017089844
1570.04463072969	830.484985351563
1572.52509396406	831.005004882813
1575.00479352652	832.784973144531
1577.48372974599	834.760009765625
1579.96190295124	836.659973144531
1582.43931347083	839.679992675781
1584.91596163314	841.715026855469
1587.39184776636	841.875
1589.86697219849	842.809997558594
1592.34133525734	845.140014648438
1594.81493727054	847.630004882813
1597.28777856553	849.804992675781
1599.75985946955	851.994995117188
1602.23118030968	857.684997558594
1604.70174141278	863.390014648438
1607.17154310555	865.260009765625
1609.64058571449	866.994995117188
1612.10886956591	867.380004882813
1614.57639498595	864.945007324219
1617.04316230054	864.375
1619.50917183543	862.869995117188
1621.97442391621	861.309997558594
1624.43891886825	859.690002441406
1626.90265701674	860.304992675781
1629.36563868671	859.734985351563
1631.82786420296	858.375
1634.28933389016	860.135009765625
1636.75004807274	864.14501953125
1639.21000707498	869.375
1641.66921122097	876.284973144531
1644.12766083459	883.375
1646.58535623956	887.015014648438
1649.04229775941	893.640014648438
1651.4984857175	902.080017089844
1653.95392043697	908.309997558594
1656.40860224079	912.599975585938
1658.86253145177	914.450012207031
1661.3157083925	914.440002441406
1663.76813338542	913.534973144531
1666.21980675275	912.744995117188
1668.67072881656	906.695007324219
1671.1208998987	901.039978027344
1673.57032032089	896.965026855469
1676.0189904046	891.190002441406
1678.46691047118	884.099975585938
1680.91408084174	875.619995117188
1683.36050183726	867.054992675781
1685.8061737785	859.755004882813
1688.25109698605	852.409973144531
1690.69527178032	845.465026855469
1693.13869848153	838.364990234375
1695.58137740972	831.695007324219
1698.02330888476	825.489990234375
1700.46449322631	819.130004882813
1702.90493075388	812.575012207031
1705.34462178678	808.934997558594
1707.78356664414	806.109985351563
1710.22176564492	803.22998046875
1712.65921910787	800.960021972656
1715.0959273516	799.530029296875
1717.53189069449	798.239990234375
1719.9671094548	798.869995117188
1722.40158395054	797.835021972656
1724.8353144996	795.780029296875
1727.26830141965	795.190002441406
1729.70054502819	794.099975585938
1732.13204564255	794.140014648438
1734.56280357987	794.385009765625
1736.99281915711	794.169982910156
1739.42209269106	793.655029296875
1741.85062449831	791.875
1744.27841489529	790.875
1746.70546419823	790.070007324219
1749.13177272321	789.909973144531
1751.5573407861	790.390014648438
1753.98216870262	789.825012207031
1756.40625678828	789.434997558594
1758.82960535844	789.679992675781
1761.25221472825	788.580017089844
1763.67408521271	788.260009765625
1766.09521712663	787.505004882813
1768.51561078464	787.195007324219
1770.93526650119	787.989990234375
1773.35418459056	787.489990234375
1775.77236536684	787.174987792969
1778.18980914396	786.945007324219
1780.60651623565	786.859985351563
1783.02248695548	786.130004882813
1785.43772161684	786.755004882813
1787.85222053292	785.97998046875
1790.26598401677	786.585021972656
1792.67901238123	786.330017089844
1795.09130593899	785.775024414063
1797.50286500254	784.344970703125
1799.9136898842	784.155029296875
1802.32378089613	784.085021972656
1804.73313835028	784.344970703125
1807.14176255846	784.344970703125
1809.54965383228	783.549987792969
1811.95681248317	783.869995117188
1814.36323882242	784.344970703125
1816.76893316109	783.934997558594
1819.17389581011	783.820007324219
1821.57812708021	782.445007324219
1823.98162728196	782.880004882813
1826.38439672573	783.239990234375
1828.78643572174	783.630004882813
1831.18774458003	783.094970703125
1833.58832361045	783.369995117188
1835.98817312269	782.549987792969
1838.38729342625	783.155029296875
1840.78568483048	783.275024414063
1843.18334764454	782.650024414063
1845.58028217741	782.309997558594
1847.9764887379	782.039978027344
1850.37196763465	781.155029296875
1852.76671917613	781.715026855469
1855.16074367062	782.059997558594
1857.55404142624	782.005004882813
1859.94661275094	781.875
1862.33845795247	781.650024414063
1864.72957733844	781.85498046875
1867.11997121627	781.594970703125
1869.5096398932	780.830017089844
1871.89858367631	781.184997558594
1874.28680287251	782.494995117188
1876.67429778851	781.710021972656
1879.06106873089	782.075012207031
1881.44711600601	781.924987792969
1883.8324399201	781.539978027344
1886.21704077919	781.445007324219
1888.60091888915	781.340026855469
1890.98407455567	781.77001953125
1893.36650808428	781.684997558594
1895.74821978033	781.474975585938
1898.12920994899	782.090026855469
1900.50947889527	781.174987792969
1902.88902692401	781.065002441406
1905.26785433986	780.9150390625
1907.64596144734	780.765014648438
1910.02334855075	781.184997558594
1912.40001595424	781.14501953125
1914.7759639618	782.025024414063
1917.15119287724	782.015014648438
1919.52570300419	781.789978027344
1921.89949464611	781.715026855469
1924.27256810632	781.465026855469
1926.64492368793	780.465026855469
1929.0165616939	780.945007324219
1931.38748242701	780.335021972656
1933.75768618989	781.390014648438
1936.12717328497	780.869995117188
1938.49594401455	781.155029296875
1940.86399868071	781.659973144531
1943.23133758541	781.609985351563
1945.5979610304	781.724975585938
1947.96386931729	781.609985351563
1950.32906274751	781.70751953125
1952.69354162232	781.804992675781
1955.0573062428	781.335021972656
1957.42035690989	781.450012207031
1959.78269392434	781.219970703125
1962.14431758673	780.719970703125
1964.50522819748	781.705017089844
1966.86542605684	781.705017089844
1969.22491146488	782.059997558594
1971.58368472153	781.719970703125
1973.94174612654	781.635009765625
1976.29909597945	782.419982910156
1978.65573457971	781.429992675781
1981.01166222654	781.619995117188
1983.36687921902	781.130004882813
1985.72138585606	780.390014648438
1988.07518243639	780.409973144531
1990.42826925859	780.434997558594
1992.78064662106	780.789978027344
1995.13231482205	781.289978027344
1997.48327415961	781.655029296875
1999.83352493167	781.760009765625
2002.18306743594	781.864990234375
2004.53190197002	781.375
2006.8800288313	781.284973144531
2009.22744831703	781.340026855469
2011.57416072427	780.474975585938
2013.92016634993	780.669982910156
2016.26546549076	780.64501953125
2018.61005844332	780.955017089844
2020.95394550404	780.825012207031
2023.29712696915	780.130004882813
2025.63960313474	781.25
2027.98137429672	780.885009765625
2030.32244075083	780.760009765625
2032.66280279266	781.909973144531
2035.00246071763	782.049987792969
2037.34141482099	781.984985351563
2039.67966539784	781.940002441406
2042.01721274309	781.35498046875
2044.35405715151	780.559997558594
2046.69019891769	781.130004882813
2049.02563833606	781.155029296875
2051.3603757009	781.859985351563
2053.6944113063	781.424987792969
2056.0277454462	782.174987792969
2058.36037841439	782.440002441406
2060.69231050446	782.315002441406
2063.02354200988	782.275024414063
2065.35407322392	782.234985351563
2067.68390443971	782.909973144531
2070.01303595021	782.330017089844
2072.3414680482	781.799987792969
2074.66920102633	781.630004882813
2076.99623517706	783.39501953125
2079.32257079271	782.570007324219
2081.6482081654	782.565002441406
2083.97314758713	782.409973144531
2086.29738934971	782.510009765625
2088.62093374481	782.609985351563
2090.94378106391	782.710021972656
2093.26593159835	782.695007324219
2095.5873856393	783.530029296875
2097.90814347777	783.205017089844
2100.2282054046	783.534973144531
2102.54757171048	783.414978027344
2104.86624268594	783.900024414063
2107.18421862133	784.304992675781
2109.50149980686	784.309997558594
2111.81808653257	784.414978027344
2114.13397908834	783.820007324219
2116.44917776388	784.575012207031
2118.76368284875	784.744995117188
2121.07749463235	784.820007324219
2123.39061340391	784.434997558594
2125.70303945252	785.445007324219
2128.01477306707	784.984985351563
2130.32581453634	784.405029296875
2132.63616414891	783.775024414063
2134.94582219322	783.125
2137.25478895754	783.864990234375
2139.56306472999	785.35498046875
2141.87064979851	785.744995117188
2144.17754445092	785.369995117188
2146.48374897484	785.02001953125
2148.78926365774	784.630004882813
2151.09408878695	785.039978027344
2153.39822464963	785.315002441406
2155.70167153277	785.039978027344
2158.00442972321	784.830017089844
2160.30649950763	785.599975585938
2162.60788117256	785.570007324219
2164.90857500436	785.010009765625
2167.20858128923	785.25
2169.50790031323	784.419982910156
2171.80653236223	784.984985351563
2174.10447772198	785.074951171875
2176.40173667804	785.164978027344
2178.69830951582	785.815002441406
2180.99419652058	785.690002441406
2183.28939797743	785.015014648438
2185.5839141713	785.224975585938
2187.87774538698	784.195007324219
2190.17089190908	783.724975585938
2192.46335402209	784.034973144531
2194.75513201032	784.445007324219
2197.04622615791	784.549987792969
2199.33663674886	784.655029296875
2201.62636406702	784.760009765625
2203.91540839606	785.054992675781
2206.20377001952	783.690002441406
2208.49144922077	783.030029296875
2210.77844628302	784.484985351563
2213.06476148933	784.724975585938
2215.3503951226	784.184997558594
2217.63534746557	783.650024414063
2219.91961880085	783.414978027344
2222.20320941085	784.114990234375
2224.48611957785	783.958374023438
2226.76834958399	783.801696777344
2229.04989971122	783.64501953125
2231.33077024136	783.469970703125
2233.61096145607	783.650024414063
2235.89047363683	783.586669921875
2238.169307065	783.523376464844
2240.44746202178	783.460021972656
2242.72493878819	783.559997558594
2245.00173764511	783.22998046875
2247.27785887327	783.655029296875
2249.55330275324	784.635009765625
2251.82806956545	784.655029296875
2254.10215959014	784.674987792969
2256.37557310744	784.695007324219
2258.64831039729	784.025024414063
2260.92037173949	784.085021972656
2263.19175741368	784.340026855469
2265.46246769938	783.700012207031
2267.7325028759	783.880004882813
2270.00186322243	784.700012207031
2272.270549018	785.239990234375
2274.5385605415	784.445007324219
2276.80589807165	782.789978027344
2279.07256188702	784.075012207031
2281.33855226601	783.375
2283.60386948691	784.780029296875
2285.86851382782	784.304992675781
2288.1324855667	784.465026855469
2290.39578498136	783.474975585938
2292.65841234945	783.815002441406
2294.92036794847	783.440002441406
2297.18165205578	784.195007324219
2299.44226494856	784.195007324219
2301.70220690387	784.005004882813
2303.96147819859	784.419982910156
2306.22007910947	784.47998046875
2308.47800991309	784.440002441406
2310.73527088589	784.599975585938
2312.99186230416	784.997497558594
2315.24778444403	785.39501953125
2317.50303758149	785.085021972656
2319.75762199235	785.244995117188
2322.01153795231	784.690002441406
2324.26478573689	785.169982910156
2326.51736562147	785.186645507813
2328.76927788127	785.203308105469
2331.02052279137	785.219970703125
2333.2711006267	784.784973144531
2335.52101166203	784.869995117188
2337.77025617198	784.794982910156
2340.01883443103	785.125
2342.2667467135	785.155029296875
2344.51399329356	784.919982910156
2346.76057444525	783.559997558594
2349.00649044241	784.034973144531
2351.2517415588	784.125
2353.49632806796	784.215026855469
2355.74025024334	784.109985351563
2357.98350835819	783.820007324219
2360.22610268566	784.195007324219
2362.4680334987	784.054992675781
2364.70930107016	783.859985351563
2366.94990567269	784.070007324219
2369.18984757884	784.02001953125
2371.42912706098	784.234985351563
2373.66774439134	784.530029296875
2375.90569984199	784.523376464844
2378.14299368488	784.516662597656
2380.37962619179	784.510009765625
2382.61559763435	784.150024414063
2384.85090828405	784.085021972656
2387.08555841222	784.155029296875
2389.31954829006	783.559997558594
2391.55287818861	784.434997558594
2393.78554837877	784.049987792969
2396.01755913128	784.140014648438
2398.24891071673	783.219970703125
2400.47960340558	783.880004882813
2402.70963746814	784.484985351563
2404.93901317456	784.880004882813
2407.16773079485	784.804992675781
2409.39579059887	785.409973144531
2411.62319285633	784.950012207031
2413.84993783681	784.64501953125
2416.07602580971	784.164978027344
2418.30145704432	784.775024414063
2420.52623180977	784.710021972656
2422.75035037503	784.83251953125
2424.97381300893	784.954956054688
2427.19661998017	784.359985351563
2429.41877155729	784.27001953125
2431.64026800867	784.52001953125
2433.86110960257	784.75
2436.08129660709	785.625
2438.30082929019	785.695007324219
2440.51970791967	785.744995117188
2442.73793276321	786.049987792969
2444.95550408832	786.090026855469
2447.17242216237	785.140014648438
2449.38868725259	784.359985351563
2451.60429962607	784.14501953125
2453.81925954975	784.039978027344
2456.03356729041	784.5
2458.2472231147	785.52001953125
2460.46022728913	785.849975585938
2462.67258008005	786.400024414063
2464.88428175368	786.419982910156
2467.09533257608	785.640014648438
2469.30573281318	785.255004882813
2471.51548273076	785.150024414063
2473.72458259445	785.505004882813
2475.93303266974	785.585021972656
2478.14083322198	786.359985351563
2480.34798451637	786.585021972656
2482.55448681797	786.450012207031
2484.76034039169	787.090026855469
2486.96554550231	787.545043945313
2489.17010241445	788
2491.37401139259	787.22998046875
2493.57727270109	786.594970703125
2495.77988660412	787.265014648438
2497.98185336574	787.789978027344
2500.18317324987	787.414978027344
2502.38384652028	787.424987792969
2504.58387344058	787.5
2506.78325427425	787.575012207031
2508.98198928465	787.460021972656
2511.18007873495	787.440002441406
2513.37752288821	787.744995117188
2515.57432200735	788.052490234375
2517.77047635514	788.359985351563
2519.96598619419	787.385009765625
2522.16085178699	788.094970703125
2524.35507339589	789.335021972656
2526.54865128308	788.849975585938
2528.74158571062	789.25
2530.93387694042	788.474975585938
2533.12552523427	788.419982910156
2535.31653085379	789.280029296875
2537.50689406046	789.205017089844
2539.69661511566	789.565002441406
2541.88569428057	789.815002441406
2544.07413181627	789.789978027344
2546.26192798368	790.609985351563
2548.44908304359	790.414978027344
2550.63559725664	790.220031738281
2552.82147088333	790.025024414063
2555.00670418402	790.224975585938
2557.19129741894	790.47998046875
2559.37525084817	790.215026855469
2561.55856473164	790.265014648438
2563.74123932917	789.515014648438
2565.92327490039	790.164978027344
2568.10467170484	790.586669921875
2570.28543000189	791.00830078125
2572.46555005079	791.429992675781
2574.64503211063	790.775024414063
2576.82387644036	789.914978027344
2579.00208329882	790.114990234375
2581.17965294468	791
2583.35658563648	791.174987792969
2585.53288163263	791.125
2587.70854119137	791.315002441406
2589.88356457084	792.239990234375
2592.05795202902	791.679992675781
2594.23170382376	792.215026855469
2596.40482021275	792.200012207031
2598.57730145356	792.455017089844
2600.74914780363	792.304992675781
2602.92035952023	792.465026855469
2605.09093686053	793.840026855469
2607.26088008153	794.210021972656
2609.4301894401	794.820007324219
2611.59886519299	794.159973144531
2613.76690759678	794.705017089844
2615.93431690793	794.614990234375
2618.10109338277	795.135009765625
2620.26723727748	795.844970703125
2622.4327488481	796.375
2624.59762835054	798.210021972656
2626.76187604057	797.799987792969
2628.92549217382	798.340026855469
2631.08847700579	797.559997558594
2633.25083079182	797.940002441406
2635.41255378715	797.25
2637.57364624684	797.739990234375
2639.73410842586	798.424987792969
2641.893940579	798.460021972656
2644.05314296094	798.650024414063
2646.21171582621	799.945007324219
2648.36965942921	800.52001953125
2650.5269740242	801.030029296875
2652.6836598653	800.315002441406
2654.83971720651	800.330017089844
2656.99514630167	800.099975585938
2659.1499474045	799.830017089844
2661.30412076857	800.294982910156
2663.45766664734	802.474975585938
2665.61058529411	803.184997558594
2667.76287696204	803.465026855469
2669.91454190418	803.664978027344
2672.06558037342	803.784973144531
2674.21599262253	805.010009765625
2676.36577890413	805.034973144531
2678.51493947072	805.130004882813
2680.66347457466	805.880004882813
2682.81138446816	806.455017089844
2684.95866940332	807.39501953125
2687.10532963209	807.215026855469
2689.25136540628	806.905029296875
2691.39677697757	807.89501953125
2693.54156459752	808.909973144531
2695.68572851753	809.590026855469
2697.82926898888	809.224975585938
2699.97218626272	810.919982910156
2702.11448059006	811.669982910156
2704.25615222175	813.239990234375
2706.39720140856	814.679992675781
2708.53762840109	816.065002441406
2710.67743344979	817.325012207031
2712.81661680503	819.424987792969
2714.95517871698	819.864990234375
2717.09311943574	820.294982910156
2719.23043921123	821.065002441406
2721.36713829325	825.614990234375
2723.50321693148	828.059997558594
2725.63867537545	826.239990234375
2727.77351387456	825.900024414063
2729.90773267809	826.570007324219
2732.04133203516	828.799987792969
2734.17431219478	829.135009765625
2736.30667340581	829.52001953125
2738.438415917	829.434997558594
2740.56953997695	828.679992675781
2742.70004583414	830.27001953125
2744.82993373688	828.539978027344
2746.9592039334	826.679992675781
2749.08785667177	827.065002441406
2751.21589219993	827.085021972656
2753.34331076568	825.60498046875
2755.4701126167	823.570007324219
2757.59629800054	824.309997558594
2759.7218671646	826.135009765625
2761.84682035617	826.369995117188
2763.9711578224	825.909973144531
2766.0948798103	826.37744140625
2768.21798656676	826.844970703125
2770.34047833852	824.705017089844
2772.46235537222	823.359985351563
2774.58361791434	823.539978027344
2776.70426621124	824.030029296875
2778.82430050915	824.369995117188
2780.94372105416	823.034973144531
2783.06252809224	821.255004882813
2785.18072186922	821.849975585938
2787.29830263081	823.655029296875
2789.41527062257	825.905029296875
2791.53162608996	825.059997558594
2793.64736927828	823.544982910156
2795.76250043271	824.559997558594
2797.8770197983	826.099975585938
2799.99092761997	825.585021972656
2802.10422414252	825.294982910156
2804.21690961059	827.380004882813
2806.32898426873	829.109985351563
2808.44044836132	831.619995117188
2810.55130213264	835.599975585938
2812.66154582682	836.234985351563
2814.77117968788	838.640014648438
2816.8802039597	841.489990234375
2818.98861888601	844.320007324219
2821.09642471046	846.179992675781
2823.20362167653	849.215026855469
2825.31021002756	855.125
2827.41619000682	858.390014648438
2829.52156185738	861.75
2831.62632582224	865.580017089844
2833.73048214422	871.445007324219
2835.83403106606	879.60498046875
2837.93697283033	885.674987792969
2840.03930767951	891.72998046875
2842.1410358559	899.989990234375
2844.24215760173	908.929992675781
2846.34267315905	921.599975585938
2848.44258276982	939.530029296875
2850.54188667585	952.414978027344
2852.64058511883	965.554992675781
2854.73867834032	979.690002441406
2856.83616658175	997.515014648438
2858.93305008443	1017.20001220703
2861.02932908952	1032.7099609375
2863.12500383809	1050.75500488281
2865.22007457104	1068.05004882813
2867.31454152918	1094.125
2869.40840495316	1118.20495605469
2871.50166508353	1141.82995605469
2873.59432216069	1165.02001953125
2875.68637642493	1186.22497558594
2877.77782811641	1197.31494140625
2879.86867747515	1196.20495605469
2881.95892474105	1200.18505859375
2884.0485701539	1215.39001464844
2886.13761395333	1231.09497070313
2888.22605637886	1243.67504882813
2890.3138976699	1242.15002441406
2892.40113806571	1237.86499023438
2894.48777780544	1248.02502441406
2896.57381712808	1261.78503417969
2898.65925627254	1276.73498535156
2900.74409547758	1288.25500488281
2902.82833498183	1298.81494140625
2904.9119750238	1303.625
2906.99501584188	1307.90502929688
2909.07745767432	1323.30505371094
2911.15930075925	1343.84497070313
2913.24054533469	1358.5849609375
2915.3211916385	1371.94995117188
2917.40123990846	1389.36499023438
2919.48069038217	1414.67004394531
2921.55954329716	1436.92004394531
2923.63779889079	1445.53503417969
2925.71545740033	1456.94494628906
2927.79251906289	1465.74499511719
2929.86898411548	1478.42504882813
2931.94485279498	1488.71997070313
2934.02012533815	1500.64501953125
2936.0948019816	1511.55004882813
2938.16888296184	1506.93505859375
2940.24236851525	1488.92004394531
2942.31525887809	1476.34497070313
2944.38755428648	1465.3349609375
2946.45925497643	1444.2099609375
2948.53036118382	1407.52001953125
2950.6008731444	1381.61499023438
2952.67079109381	1364.55505371094
2954.74011526755	1341.56494140625
2956.80884590101	1319.88500976563
2958.87698322944	1302.27001953125
2960.94452748799	1292.2900390625
2963.01147891167	1288.5849609375
2965.07783773535	1276.30505371094
2967.14360419382	1258.58996582031
2969.2087785217	1242.54504394531
2971.27336095352	1228.81005859375
2973.33735172366	1210.63500976563
2975.40075106641	1188.86499023438
2977.46355921591	1173.93005371094
2979.52577640618	1162.53503417969
2981.58740287112	1146.89501953125
2983.64843884452	1137.17004394531
2985.70888456003	1122.5400390625
2987.76874025117	1099.88500976563
2989.82800615137	1077.27502441406
2991.88668249391	1059.68005371094
2993.94476951194	1046.88500976563
2996.00226743852	1031.50500488281
2998.05917650657	1015.86499023438
3000.11549694887	1003.28997802734
3002.17122899812	991.039978027344
3004.22637288685	981.619995117188
3006.2809288475	968.390014648438
3008.33489711238	955.280029296875
3010.38827791368	941.419982910156
3012.44107148345	931.109985351563
3014.49327805366	923.77001953125
3016.5448978561	917.215026855469
3018.59593112249	912.22998046875
3020.64637808441	907.205017089844
3022.6962389733	901.614990234375
3024.74551402051	897.390014648438
3026.79420345725	892.669982910156
3028.84230751461	889.715026855469
3030.88982642357	886.309997558594
3032.93676041497	887.755004882813
3034.98310971955	891.97998046875
3037.02887456791	893.5
3039.07405519054	894.405029296875
3041.11865181781	891.859985351563
3043.16266467996	891.900024414063
3045.20609400713	895.429992675781
3047.24894002932	899.025024414063
3049.2912029764	902.174987792969
3051.33288307815	904.380004882813
3053.37398056421	907.755004882813
3055.41449566411	911.919982910156
3057.45442860725	914.890014648438
3059.49377962291	916.724975585938
3061.53254894026	919.5
3063.57073678834	922.885009765625
3065.60834339607	924.75
3067.64536899227	918.840026855469
3069.68181380561	914.419982910156
3071.71767806467	910.150024414063
3073.75296199788	903.85498046875
3075.78766583357	898.859985351563
3077.82178979997	893.515014648438
3079.85533412513	889.635009765625
3081.88829903705	887.994995117188
3083.92068476356	882.429992675781
3085.95249153241	879.344970703125
3087.98371957119	878.530029296875
3090.01436910741	877.575012207031
3092.04444036844	877.60498046875
3094.07393358152	874.294982910156
3096.10284897381	871.330017089844
3098.13118677232	869.734985351563
3100.15894720395	870.880004882813
3102.18613049548	872.255004882813
3104.21273687357	874.799987792969
3106.23876656477	874.434997558594
3108.2642197955	875.205017089844
3110.28909679208	874.5
3112.31339778069	873.549987792969
3114.33712298741	872.669982910156
3116.36027263819	873.559997558594
3118.38284695887	875.89501953125
3120.40484617516	879.039978027344
3122.42627051268	879.955017089844
3124.4471201969	881.419982910156
3126.46739545319	878.190002441406
3128.4870965068	877.400024414063
3130.50622358287	880.190002441406
3132.5247769064	882.494995117188
3134.54275670229	882.585021972656
3136.56016319534	884.684997558594
3138.57699661019	885.965026855469
3140.59325717139	886.224975585938
3142.60894510338	887.684997558594
3144.62406063047	888.075012207031
3146.63860397686	887.594970703125
3148.65257536662	889.549987792969
3150.66597502371	889.544982910156
3152.67880317199	890.099975585938
3154.69106003518	890.255004882813
3156.70274583691	891.434997558594
3158.71386080065	897.164978027344
3160.72440514981	900.025024414063
3162.73437910763	899.784973144531
3164.74378289728	902.590026855469
3166.75261674179	901.625
3168.76088086407	900.804992675781
3170.76857548692	900.434997558594
3172.77570083303	907.034973144531
3174.78225712498	911.010009765625
3176.78824458521	912.224975585938
3178.79366343607	911.60498046875
3180.79851389977	911.494995117188
3182.80279619844	912.590026855469
3184.80651055405	916.465026855469
3186.80965718849	918.919982910156
3188.81223632353	918.744995117188
3190.81424818081	919.330017089844
3192.81569298186	921.614990234375
3194.8165709481	923.5
3196.81688230084	925.359985351563
3198.81662726126	926.940002441406
3200.81580605044	928.840026855469
3202.81441888933	932.825012207031
3204.81246599879	934.400024414063
3206.80994759954	937.544982910156
3208.80686391219	938.22998046875
3210.80321515726	943.929992675781
3212.79900155512	944.75
3214.79422332605	943.804992675781
3216.78888069021	947.669982910156
3218.78297386765	952.914978027344
3220.77650307828	952.034973144531
3222.76946854195	950.844970703125
3224.76187047834	953.265014648438
3226.75370910705	952.619995117188
3228.74498464755	949.630004882813
3230.73569731921	949.60498046875
3232.72584734127	956.72998046875
3234.71543493287	964.590026855469
3236.70446031304	964.945007324219
3238.69292370068	967.140014648438
3240.68082531459	966.799987792969
3242.66816537345	966.22998046875
3244.65494409583	966.469970703125
3246.6411617002	970.039978027344
3248.62681840488	974.784973144531
3250.61191442812	975.880004882813
3252.59644998804	976.219970703125
3254.58042530263	975.469970703125
3256.56384058979	978.924987792969
3258.54669606731	978.847534179688
3260.52899195285	978.77001953125
3262.51072846396	977.820007324219
3264.4919058181	983.284973144531
3266.47252423259	990.179992675781
3268.45258392464	992.359985351563
3270.43208511138	997.429992675781
3272.41102800978	997.780029296875
3274.38941283675	998.5
3276.36723980904	998.280029296875
3278.34450914332	997.375
3280.32122105613	997.97998046875
3282.29737576392	1001.20001220703
3284.272973483	1001.88500976563
3286.24801442958	1002.27001953125
3288.22249881978	1003.80999755859
3290.19642686957	1005.53503417969
3292.16979879485	1007.26000976563
3294.14261481136	1008.98498535156
3296.11487513478	1010.71002197266
3298.08657998065	1002.78997802734
3300.0577295644	1000.54998779297
3302.02832410136	1001.28997802734
3303.99836380673	1006.33502197266
3305.96784889563	1010.08001708984
3307.93677958303	1012.11999511719
3309.90515608383	1010.35668945313
3311.87297861278	1008.59332275391
3313.84024738456	1006.83001708984
3315.80696261371	1004.32501220703
3317.77312451466	1005.84002685547
3319.73873330175	1005.13500976563
3321.70378918919	1008.84997558594
3323.66829239109	1006.85498046875
3325.63224312145	1007.07000732422
3327.59564159416	1008.03002929688
3329.55848802299	1010.11999511719
3331.52078262162	1006.56500244141
3333.4825256036	1003.17999267578
3335.44371718237	1001.39001464844
3337.40435757128	1001.30999755859
3339.36444698356	1003.35998535156
3341.32398563232	1003.53002929688
3343.28297373058	1005.52502441406
3345.24141149124	1003.19000244141
3347.19929912709	1000.5
3349.15663685081	1003.94000244141
3351.11342487497	1005.51501464844
3353.06966341204	1006.50500488281
3355.02535267437	1005.71997070313
3356.98049287421	1005.43499755859
3358.9350842237	1003.72497558594
3360.88912693486	1007.65502929688
3362.84262121962	1008.23498535156
3364.79556728978	1007.5
3366.74796535705	1009.84002685547
3368.69981563302	1009.54669189453
3370.65111832917	1009.25335693359
3372.60187365689	1008.96002197266
3374.55208182744	1007.64501953125
3376.50174305198	1008.75
3378.45085754157	1007.09002685547
3380.39942550714	1006.51000976563
3382.34744715954	1006.35998535156
3384.29492270949	1001.16497802734
3386.24185236761	998.140014648438
3388.18823634442	999.60498046875
3390.13407485031	1001.12249755859
3392.07936809559	1002.64001464844
3394.02411629045	999.909973144531
3395.96831964496	999.059997558594
3397.91197836911	1002.21502685547
3399.85509267275	1003.90502929688
3401.79766276564	1003.27502441406
3403.73968885745	1000.17498779297
3405.68117115771	997.719970703125
3407.62210987586	1001.67999267578
3409.56250522123	1000.63000488281
3411.50235740305	999.25
3413.44166663043	999.924987792969
3415.38043311238	1004.64001464844
3417.3186570578	1002.77502441406
3419.2563386755	1000.90997314453
3421.19347817415	995.940002441406
3423.13007576235	995.640014648438
3425.06613164857	999.320007324219
3427.00164604118	1000.46502685547
3428.93661914844	995.619995117188
3430.87105117852	992.265014648438
3432.80494233945	990.015014648438
3434.73829283919	988.114990234375
3436.67110288558	991.580017089844
3438.60337268634	991.344970703125
3440.53510244911	994.10498046875
3442.4662923814	992.85498046875
3444.39694269064	990.419982910156
3446.32705358412	985.155029296875
3448.25662526905	982.164978027344
3450.18565795254	982.924987792969
3452.11415184156	984.659973144531
3454.04210714302	980.515014648438
3455.96952406369	978.315002441406
3457.89640281024	976.575012207031
3459.82274358924	974.719970703125
3461.74854660717	971.969970703125
3463.67381207038	966.864990234375
3465.59854018513	964.739990234375
3467.52273115756	969.690002441406
3469.44638519373	969.340026855469
3471.36950249956	964.150024414063
3473.29208328091	963.739990234375
3475.21412774349	963.150024414063
3477.13563609293	958.905029296875
3479.05660853476	952.025024414063
3480.97704527438	948.919982910156
3482.89694651712	950.070007324219
3484.81631246818	948.445007324219
3486.73514333266	943.875
3488.65343931557	937.455017089844
3490.57120062179	933.14501953125
3492.48842745612	932.914978027344
3494.40512002324	933.565002441406
3496.32127852773	933.25
3498.23690317408	930.929992675781
3500.15199416666	927.515014648438
3502.06655170974	924.580017089844
3503.98057600749	923.349975585938
3505.89406726396	921.244995117188
3507.80702568312	916.030029296875
3509.71945146883	912.635009765625
3511.63134482483	907.679992675781
3513.54270595478	906.059997558594
3515.45353506222	907.984985351563
3517.3638323506	905.364990234375
3519.27359802324	901.534973144531
3521.1828322834	896.60498046875
3523.09153533419	894.690002441406
3524.99970737866	892.224975585938
3526.90734861972	885.419982910156
3528.81445926021	882.780029296875
3530.72103950283	886.075012207031
3532.62708955022	884.344970703125
3534.53260960488	882.599975585938
3536.43759986923	878.14501953125
3538.34206054558	874.64501953125
3540.24599183613	871.234985351563
3542.149393943	867.179992675781
3544.05226706817	865.580017089844
3545.95461141357	862.89501953125
3547.85642718097	861.005004882813
3549.75771457208	860.030029296875
3551.6584737885	860.184997558594
3553.55870503171	859.320007324219
3555.4584085031	857.02001953125
3557.35758440396	853.349975585938
3559.25623293548	848.27001953125
3561.15435429874	844.14501953125
3563.05194869473	844.054992675781
3564.94901632432	845.469970703125
3566.84555738829	845.72998046875
3568.74157208732	842.440002441406
3570.63706062199	840.614990234375
3572.53202319277	839.349975585938
3574.42646000003	838.505004882813
3576.32037124406	835.614990234375
3578.213757125	832.530029296875
3580.10661784295	830.844970703125
3581.99895359786	829.905029296875
3583.8907645896	828.97998046875
3585.78205101794	828.484985351563
3587.67281308254	825.739990234375
3589.56305098297	822.775024414063
3591.4527649187	821.950012207031
3593.34195508907	821.914978027344
3595.23062169338	821.684997558594
3597.11876493075	820.090026855469
3599.00638500027	818.320007324219
3600.89348210089	816.489990234375
3602.78005643148	814.109985351563
3604.66610819078	812.085021972656
3606.55163757747	811.5
3608.4366447901	809.89501953125
3610.32113002713	808.940002441406
3612.20509348693	808.265014648438
3614.08853536774	807.869995117188
3615.97145586773	805.784973144531
3617.85385518497	803.565002441406
3619.7357335174	802.760009765625
3621.61709106289	802.460021972656
3623.4979280192	801.905029296875
3625.37824458399	798.419982910156
3627.25804095482	795.434997558594
3629.13731732915	793.424987792969
3631.01607390435	793.739990234375
3632.89431087767	793.52001953125
3634.77202844629	792.184997558594
3636.64922680726	791.400024414063
3638.52590615754	788.794982910156
3640.40206669402	787.849975585938
3642.27770861344	787.065002441406
3644.15283211248	785.289978027344
3646.02743738771	784.159973144531
3647.90152463559	782.155029296875
3649.77509405251	780.72998046875
3651.64814583473	779.505004882813
3653.52068017842	779.554992675781
3655.39269727965	779.294982910156
3657.26419733442	777.640014648438
3659.13518053858	776.950012207031
3661.00564708793	776.005004882813
3662.87559717814	775.375
3664.7450310048	773.22998046875
3666.61394876338	772.369995117188
3668.48235064928	771.325012207031
3670.35023685779	770.325012207031
3672.21760758409	769.474975585938
3674.08446302327	767.869995117188
3675.95080337033	767.460021972656
3677.81662882017	766.455017089844
3679.68193956758	765.89501953125
3681.54673580727	765.755004882813
3683.41101773383	765.380004882813
3685.27478554178	763.414978027344
3687.13803942551	762.744995117188
3689.00077957934	762.780029296875
3690.86300619748	761.320007324219
3692.72471947405	761.025024414063
3694.58591960306	760.989990234375
3696.44660677844	760.659973144531
3698.306781194	760.659973144531
3700.16644304348	760.02001953125
3702.02559252049	758.960021972656
3703.88422981859	757.505004882813
3705.74235513119	757.299987792969
3707.59996865164	757.130004882813
3709.45707057318	756.684997558594
3711.31366108895	756.674987792969
3713.16974039199	756.265014648438
3715.02530867527	755.27001953125
3716.88036613164	754.280029296875
3718.73491295385	753.885009765625
3720.58894933456	753.75
3722.44247546634	753.715026855469
3724.29549154166	752.969970703125
3726.14799775289	752.650024414063
3727.9999942923	752.924987792969
3729.85148135209	753
3731.70245912432	752.460021972656
3733.55292780098	752.469970703125
3735.40288757397	752.155029296875
3737.25233863509	751.330017089844
3739.10128117603	751.484985351563
3740.9497153884	751.039978027344
3742.7976414637	750.864990234375
3744.64505959335	750.590026855469
3746.49196996866	750.804992675781
3748.33837278086	750.804992675781
3750.18426822108	751.109985351563
3752.02965648033	751.090026855469
3753.87453774956	750.534973144531
3755.7189122196	750.130004882813
3757.5627800812	749.914978027344
3759.40614152501	750.094970703125
3761.24899674159	750.224975585938
3763.09134592138	750.159973144531
3764.93318925476	750.075012207031
3766.77452693199	750.039978027344
3768.61535914325	749.85498046875
3770.45568607861	749.739990234375
3772.29550792807	748.885009765625
3774.1348248815	748.844970703125
3775.9736371287	748.885009765625
3777.81194485938	748.960021972656
