32.6816976106991	715.315002441406
35.6535599501435	715.22998046875
38.6244374909659	715.174987792969
41.5943306947054	715.14501953125
44.5632400226282	715.039978027344
47.5311659356917	715.054992675781
50.4981088945929	715.070007324219
53.4640693597127	715.140014648438
56.4290477911676	715.244995117188
59.3930446487746	715.190002441406
62.356060392067	715.119995117188
65.3180954802906	715.205017089844
68.2791503724084	715.190002441406
71.2392255270922	715.059997558594
74.1983214027271	715.059997558594
77.1564384574159	715.405029296875
80.113577148983	715.315002441406
83.0697379349549	715.265014648438
86.0249212725722	715.219970703125
88.9791276188058	715.219970703125
91.9323574303255	715.234985351563
94.8846111635238	715.344970703125
97.8358892745121	715.440002441406
100.786192219114	715.380004882813
103.73552045287	715.484985351563
106.683874431037	715.469970703125
109.631254608583	715.799987792969
112.577661440203	715.830017089844
115.523095380307	716.159973144531
118.467556883015	716.719970703125
121.411046402175	717.655029296875
124.353564391344	719.760009765625
127.295111303796	722.455017089844
130.235687592532	728.284973144531
133.175293710265	737.380004882813
136.113930109434	752.315002441406
139.051597242185	774.200012207031
141.98829556039	798.914978027344
144.92402551564	828.320007324219
147.858787559244	860.554992675781
150.792582142239	889.14501953125
153.725409715372	917.299987792969
156.65727072911	935.799987792969
159.588165633643	948.625
162.518094878884	955.585021972656
165.447058914469	959.025024414063
168.375058189747	958.234985351563
171.302093153792	956.150024414063
174.228164255401	952.484985351563
177.153271943091	954.409973144531
180.077416665101	954.052490234375
183.000598869394	953.695007324219
185.922819003656	953.424987792969
188.84407751529	952.47998046875
191.764374851424	954.215026855469
194.683711458919	959.489990234375
197.60208778434	963.085021972656
200.519504273992	969.219970703125
203.435961373894	975.054992675781
206.351459529801	984.164978027344
209.265999187174	995.155029296875
212.179580791207	1009.51501464844
215.092204786825	1022.10998535156
218.003871618673	1037.05505371094
220.914581731116	1049.05004882813
223.824335568247	1057.43994140625
226.733133573893	1065.9150390625
229.640976191593	1075.72998046875
232.547863864614	1084.32495117188
235.453797035961	1090.35998535156
238.358776148354	1088.61499023438
241.26280164424	1083.88000488281
244.1658739658	1083.50500488281
247.067993554929	1080.13000488281
249.969160853266	1077.03503417969
252.869376302162	1075.50500488281
255.768640342707	1076.36999511719
258.666953415705	1071.90502929688
261.564315961705	1063.86499023438
264.46072842097	1057.875
267.356191233499	1055.58996582031
270.25070483901	1052.17004394531
273.144269676967	1055.07995605469
276.036886186551	1056.97998046875
278.928554806671	1052.71496582031
281.819275975966	1048.06994628906
284.709050132812	1046.92004394531
287.597877715306	1043.00500488281
290.485759161281	1040.77001953125
293.372694908298	1039.99499511719
296.258685393644	1036.98999023438
299.143731054352	1034.43005371094
302.027832327156	1036.7900390625
304.910989648557	1036.89501953125
307.79320345476	1034.83996582031
310.674474181717	1033.0400390625
313.554802265101	1031.85998535156
316.434188140326	1034.48999023438
319.312632242533	1035.61499023438
322.190135006593	1034.09497070313
325.066696867117	1030.86999511719
327.942318258443	1028.38000488281
330.816999614641	1027.81005859375
333.690741369517	1025.76501464844
336.56354395661	1023.00500488281
339.435407809193	1019.76501464844
342.306333360273	1016.46502685547
345.176321042591	1012.07501220703
348.045371288612	1010.03002929688
350.913484530551	1011.92498779297
353.78066120035	1011.47998046875
356.64690172969	1013.46002197266
359.512206549972	1014.71997070313
362.376576092357	1010.78997802734
365.240010787716	1005.86999511719
368.102511066677	1007.23999023438
370.964077359587	1008.80499267578
373.82471009654	1008.80749511719
376.684409707364	1008.80999755859
379.543176621612	1005.91497802734
382.401011268595	1009.35998535156
385.257914077343	1012.14001464844
388.113885476627	1016.03497314453
390.968925894961	1018.15502929688
393.823035760591	1016.88000488281
396.676215501503	1019.22497558594
399.528465545415	1025.76501464844
402.379786319791	1030.81494140625
405.230178251834	1038.89501953125
408.079641768472	1050.55004882813
410.928177296387	1053.47998046875
413.775785261992	1054.30505371094
416.622466091445	1060.33996582031
419.468220210631	1060.32739257813
422.313048045182	1060.31494140625
425.156950020479	1054.01501464844
427.999926561623	1053.02001953125
430.841978093471	1053.15502929688
433.683105040613	1053.2900390625
436.523307827384	1049.15002441406
439.362586877851	1044.26000976563
442.200942615829	1035.80505371094
445.038375464876	1031.48498535156
447.874885848283	1028.15502929688
450.710474189089	1031.375
453.54514091007	1032.79504394531
456.37888643375	1030.60498046875
459.211711182386	1028.52001953125
462.043615577986	1024.63500976563
464.874600042297	1022.28497314453
467.704664996804	1022.09002685547
470.533810862741	1025.36499023438
473.36203806108	1024.63000488281
476.189347012547	1023.66497802734
479.015738137594	1025.27502441406
481.841211856432	1026.25500488281
484.665768589008	1027.60498046875
487.489408755009	1029.52001953125
490.312132773878	1035.73999023438
493.133941064796	1036.64001464844
495.954834046683	1038.55505371094
498.77481213821	1040.36499023438
501.593875757797	1043.60998535156
504.412025323601	1039.22998046875
507.229261253524	1033.4599609375
510.045583965226	1029.06994628906
512.860993876093	1025.47998046875
515.675491403271	1023.28497314453
518.489076963649	1020.69000244141
521.301750973863	1016.96002197266
524.113513850293	1014.02001953125
526.924366009065	1009.81500244141
529.734307866052	1007.08502197266
532.543339836881	1005.11999511719
535.35146233692	1005.73498535156
538.158675781281	1001.96502685547
540.964980584833	994.760009765625
543.770377162182	995.530029296875
546.574865927692	993.015014648438
549.378447295465	986.280029296875
552.181121679365	981.315002441406
554.982889492993	980.844970703125
557.783751149701	978.044982910156
560.583707062591	975.700012207031
563.38275764452	975.090026855469
566.180903308083	977.39501953125
568.978144465633	972.890014648438
571.774481529266	971.215026855469
574.569914910839	970.260009765625
577.364445021949	966.429992675781
580.158072273946	959.875
582.950797077926	960.035034179688
585.742619844752	960.195007324219
588.533540985018	955.919982910156
591.323560909078	950.465026855469
594.112680027034	947.164978027344
596.90089874875	951.64501953125
599.688217483828	953.75
602.474636641629	954.364990234375
605.260156631263	951.304992675781
608.044777861596	948.275024414063
610.828500741241	947.640014648438
613.611325678567	945.510009765625
616.393253081697	948.534973144531
619.174283358506	948.794982910156
621.954416916616	950.130004882813
624.733654163414	951.554992675781
627.511995506029	952.114990234375
630.289441351351	949.455017089844
633.065992106022	945.179992675781
635.841648176434	941.799987792969
638.616409968744	938.825012207031
641.390277888847	942.974975585938
644.163252342408	949.025024414063
646.93533373484	953.234985351563
649.706522471307	953.04248046875
652.47681895674	952.849975585938
655.246223595811	949.234985351563
658.014736792957	948.265014648438
660.782358952371	948.450012207031
663.549090477999	946.825012207031
666.314931773542	948.64501953125
669.079883242452	952.794982910156
671.843945287955	955.890014648438
674.607118313019	957.539978027344
677.369402720366	953.549987792969
680.130798912488	952.35498046875
682.891307291627	954.22998046875
685.650928259784	951.505004882813
688.409662218708	948.219970703125
691.167509569927	945.940002441406
693.924470714705	949.390014648438
696.680546054078	948.330017089844
699.435735988832	947.054992675781
702.190040919516	946.650024414063
704.943461246442	947.705017089844
707.695997369667	947.359985351563
710.447649689022	945.619995117188
713.198418604088	945.744995117188
715.948304514206	947.710021972656
718.697307818481	950.414978027344
721.445428915779	950.565002441406
724.192668204716	949.734985351563
726.93902608368	948.950012207031
729.684502950805	948.945007324219
732.429099204005	951.114990234375
735.172815240936	951.125
737.915651459026	950.994995117188
740.657608255463	950.864990234375
743.398686027186	951.77001953125
746.13888517091	953.784973144531
748.878206083102	959.080017089844
751.616649159998	964.804992675781
754.354214797584	968.195007324219
757.09090339162	968.164978027344
759.826715337622	966.455017089844
762.561651030868	966.10498046875
765.295710866406	964.200012207031
768.028895239041	958.150024414063
770.761204543336	953.960021972656
773.492639173626	950.275024414063
776.223199524006	948.094970703125
778.952885988334	946.609985351563
781.681698960235	943.885009765625
784.40963883309	941.580017089844
787.136706000052	940.619995117188
789.862900854037	941.849975585938
792.588223787721	946.14501953125
795.312675193549	947.659973144531
798.036255463728	947.702514648438
800.758964990228	947.744995117188
803.480804164792	949.72998046875
806.201773378919	951.469970703125
808.921873023884	955.364990234375
811.641103490712	962.760009765625
814.359465170214	968.789978027344
817.076958452946	973.734985351563
819.793583729246	981.914978027344
822.509341389214	991.320007324219
825.224231822712	1003.42498779297
827.938255419375	1012.35998535156
830.651412568596	1017.64001464844
833.363703659544	1020.22497558594
836.075129081157	1023.5
838.785689222127	1026.19995117188
841.495384470928	1031.26501464844
844.204215215788	1039.73498535156
846.912181844721	1047.75
849.619284745491	1052.86499023438
852.325524305638	1061.43505859375
855.030900912475	1068.43005371094
857.735414953079	1072.01000976563
860.439066814289	1066.18005371094
863.141856882725	1059.21997070313
865.843785544769	1051.28002929688
868.544853186571	1045.46997070313
871.245060194063	1043.26501464844
873.944406952925	1035.47998046875
876.642893848625	1031.02502441406
879.340521266398	1030.10998535156
882.037289591241	1029.89501953125
884.733199207927	1032.51000976563
887.428250501001	1031.21496582031
890.122443854778	1030.5849609375
892.815779653335	1034.35498046875
895.508258280534	1039.68505859375
898.199880119997	1043.69494628906
900.890645555129	1045.03503417969
903.580554969094	1047.79504394531
906.269608744832	1042.57995605469
908.957807265056	1041.69995117188
911.645150912257	1043.67504882813
914.331640068689	1043.52001953125
917.017275116375	1047.49499511719
919.702056437128	1050.13500976563
922.385984412518	1054.20495605469
925.069059423886	1062.8349609375
927.751281852366	1073.69995117188
930.432652078842	1083.21496582031
933.113170483983	1089.32495117188
935.79283744823	1087.17004394531
938.471653351806	1087.31494140625
941.149618574686	1088.35998535156
943.826733496641	1089.4599609375
946.502998497206	1094.79504394531
949.178413955689	1086.4150390625
951.85298025118	1085.7900390625
954.526697762544	1078.41003417969
957.199566868403	1070.90002441406
959.87158794718	1076.0849609375
962.542761377054	1076.96496582031
965.213087535987	1075.43994140625
967.882566801719	1070.99499511719
970.551199551761	1069.26501464844
973.218986163399	1069.10998535156
975.885927013698	1069.125
978.552022479501	1071.94494628906
981.217272937423	1079.94494628906
983.88167876386	1089.75
986.545240334978	1095.82495117188
989.207958026729	1106.10998535156
991.869832214835	1116.72497558594
994.530863274798	1128.4150390625
997.191051581895	1155.19494628906
999.850397511185	1189.27502441406
1002.50890143751	1218.19995117188
1005.16656373546	1231.59497070313
1007.82338477944	1235.77001953125
1010.47936494363	1218.59497070313
1013.13450460195	1180.7099609375
1015.78880412815	1139.8349609375
1018.44226389572	1105.72998046875
1021.09488427794	1083.38500976563
1023.74666564789	1073.46997070313
1026.3976083784	1067.27502441406
1029.04771284208	1074.5400390625
1031.69697941135	1081.64001464844
1034.34540845838	1085.91003417969
1036.99300035512	1084.97998046875
1039.63975547333	1082.625
1042.28567418452	1081.44494628906
1044.93075685998	1082.32995605469
1047.57500387081	1083.82495117188
1050.21841558786	1086.875
1052.86099238177	1093.45495605469
1055.50273462297	1100.17504882813
1058.14364268167	1104.84497070313
1060.78371692784	1107.13000488281
1063.42295773126	1109.94995117188
1066.06136546148	1114.73999023438
1068.69894048781	1117.84997558594
1071.33568317939	1116.57995605469
1073.9715939051	1116.4375
1076.60667303362	1116.29504394531
1079.24092093341	1108.57995605469
1081.87433797271	1103.4599609375
1084.50692451954	1097.01000976563
1087.13868094172	1087.52001953125
1089.76960760684	1080.93505859375
1092.39970488226	1079.94995117188
1095.02897313516	1080.23999023438
1097.65741273246	1079.41003417969
1100.28502404089	1074.81994628906
1102.91180742697	1074.94494628906
1105.53776325698	1079.34497070313
1108.16289189701	1078.61499023438
1110.78719371291	1068.19995117188
1113.41066907033	1066.09997558594
1116.0333183347	1073.51000976563
1118.65514187124	1081.55505371094
1121.27614004495	1081.45251464844
1123.89631322061	1081.34997558594
1126.51566176279	1079.84497070313
1129.13418603585	1076.52502441406
1131.75188640394	1075.67004394531
1134.36876323098	1067.11499023438
1136.98481688069	1050.5849609375
1139.60004771655	1033.52001953125
1142.21445610187	1018.66497802734
1144.82804239972	1010.75
1147.44080697295	1005.70501708984
1150.05275018421	1004.15002441406
1152.66387239593	1004.30499267578
1155.27417397034	1008.5
1157.88365526943	1012.71002197266
1160.49231665502	1016.79998779297
1163.10015848867	1019.83502197266
1165.70718113176	1020.44500732422
1168.31338494544	1017.71002197266
1170.91877029067	1012.89001464844
1173.52333752817	1013.27502441406
1176.12708701847	1015.40502929688
1178.73001912187	1011.47998046875
1181.33213419848	1007.57000732422
1183.93343260819	1009.17498779297
1186.53391471068	1008.04998779297
1189.13358086539	1000.53002929688
1191.73243143161	996.515014648438
1194.33046676836	997.320007324219
1196.92768723449	1002.83001708984
1199.52409318861	1012.81500244141
1202.11968498915	1022.61499023438
1204.7144629943	1030.86999511719
1207.30842756206	1039.22497558594
1209.90157905021	1048.59997558594
1212.49391781634	1048.73754882813
1215.08544421779	1048.875
1217.67615861174	1041.74499511719
1220.26606135512	1038.42504882813
1222.85515280468	1041.23498535156
1225.44343331694	1047.36499023438
1228.03090324823	1053.14001464844
1230.61756295466	1059.59497070313
1233.20341279213	1072.75
1235.78845311634	1083.28503417969
1238.37268428278	1089.90502929688
1240.95610664673	1099.71997070313
1243.53872056325	1107.25500488281
1246.12052638722	1107.14001464844
1248.70152447329	1107.38000488281
1251.28171517591	1109.5400390625
1253.86109884934	1109.21496582031
1256.43967584759	1110.16003417969
1259.0174465245	1110.9150390625
1261.5944112337	1112.7900390625
1264.1705703286	1115.56994628906
1266.74592416241	1115.5673828125
1269.32047308814	1115.56494140625
1271.89421745858	1117.42504882813
1274.46715762633	1116.95495605469
1277.03929394377	1116.91247558594
1279.61062676308	1116.86999511719
1282.18115643624	1114.93005371094
1284.75088331502	1113.0849609375
1287.31980775098	1108.01501464844
1289.88793009548	1109.59997558594
1292.45525069969	1111.66003417969
1295.02176991454	1103.51000976563
1297.58748809078	1100.23999023438
1300.15240557897	1103.9150390625
1302.71652272942	1107.3349609375
1305.27983989229	1110.01000976563
1307.84235741749	1115.18994140625
1310.40407565475	1123.52001953125
1312.9649949536	1133.2900390625
1315.52511566335	1138.51501464844
1318.08443813311	1138.67504882813
1320.64296271181	1137.78002929688
1323.20068974815	1134.59497070313
1325.75761959063	1133.10998535156
1328.31375258756	1135.38000488281
1330.86908908704	1139.31005859375
1333.42362943696	1137.82995605469
1335.97737398503	1137.6650390625
1338.53032307874	1136.53002929688
1341.08247706537	1138.61999511719
1343.63383629202	1138.61499023438
1346.18440110558	1131.58996582031
1348.73417185274	1122.43505859375
1351.28314887997	1107.71496582031
1353.83133253357	1092.86999511719
1356.37872315961	1080.56494140625
1358.92532110398	1078.2099609375
1361.47112671237	1074.48498535156
1364.01614033024	1064.11999511719
1366.56036230288	1055.24499511719
1369.10379297537	1048.89001464844
1371.64643269258	1037.76501464844
1374.18828179921	1028.96997070313
1376.72934063972	1023.20501708984
1379.2696095584	1020.32501220703
1381.80908889932	1018.92999267578
1384.34777900637	1018.52001953125
1386.88568022323	1019.59002685547
1389.42279289337	1022.41497802734
1391.95911736009	1027.52502441406
1394.49465396645	1028.9150390625
1397.02940305537	1028.08996582031
1399.5633649695	1032.06994628906
1402.09654005135	1037.51000976563
1404.6289286432	1038.42004394531
1407.16053108714	1039.06994628906
1409.69134772507	1041.4150390625
1412.22137889868	1043.52502441406
1414.75062494947	1043.14001464844
1417.27908621874	1041.81494140625
1419.80676304759	1041.86999511719
1422.33365577692	1044.44494628906
1424.85976474744	1046.55004882813
1427.38509029967	1047.44995117188
1429.90963277392	1055.11499023438
1432.4333925103	1068.27502441406
1434.95636984873	1078.77001953125
1437.47856512894	1093.94995117188
1439.99997869045	1115.55004882813
1442.5206108726	1138.06994628906
1445.04046201452	1157.27001953125
1447.55953245515	1170.93005371094
1450.07782253323	1180.03503417969
1452.59533258731	1189.71997070313
1455.11206295574	1187.08740234375
1457.62801397668	1184.45495605469
1460.14318598809	1174.47998046875
1462.65757932774	1165.44494628906
1465.1711943332	1154.28002929688
1467.68403134184	1138.43005371094
1470.19609069085	1120.51000976563
1472.70737271721	1092.26501464844
1475.21787775772	1055.90002441406
1477.72760614897	1025.51000976563
1480.23655822738	1002.22497558594
1482.74473432914	982.75
1485.25213479029	962.890014648438
1487.75875994664	946.085021972656
1490.26461013382	935.080017089844
1492.76968568726	925.210021972656
1495.27398694222	917.909973144531
1497.77751423374	912.565002441406
1500.28026789667	909.080017089844
1502.78224826569	907.700012207031
1505.28345567526	904.325012207031
1507.78389045967	904.369995117188
1510.28355295299	903.674987792969
1512.78244348913	898.72998046875
1515.28056240178	895.859985351563
1517.77791002445	896.544982910156
1520.27448669047	897.015014648438
1522.77029273296	900.315002441406
1525.26532848486	902.025024414063
1527.75959427889	902.034973144531
1530.25309044764	901.97998046875
1532.74581732344	902.005004882813
1535.23777523847	902.030029296875
1537.72896452471	903.195007324219
1540.21938551394	903.830017089844
1542.70903853778	906.715026855469
1545.19792392761	912.164978027344
1547.68604201466	920.844970703125
1550.17339312997	926.580017089844
1552.65997760434	932.849975585938
1555.14579576845	936.385009765625
1557.63084795275	934.580017089844
1560.11513448749	931.719970703125
1562.59865570276	931.27001953125
1565.08141192845	931.467529296875
1567.56340349426	931.664978027344
1570.04463072969	929.505004882813
1572.52509396406	928.284973144531
1575.00479352652	928.280029296875
1577.48372974599	933
1579.96190295124	936.844970703125
1582.43931347083	939.719970703125
1584.91596163314	942.010009765625
1587.39184776636	945.760009765625
1589.86697219849	948.280029296875
1592.34133525734	953.909973144531
1594.81493727054	955.044982910156
1597.28777856553	958.945007324219
1599.75985946955	967.760009765625
1602.23118030968	974.864990234375
1604.70174141278	988.22998046875
1607.17154310555	1001.09497070313
1609.64058571449	1004.44500732422
1612.10886956591	1003.33502197266
1614.57639498595	998.090026855469
1617.04316230054	995.010009765625
1619.50917183543	994.280029296875
1621.97442391621	990.059997558594
1624.43891886825	986.440002441406
1626.90265701674	985.385009765625
1629.36563868671	984.635009765625
1631.82786420296	984.469970703125
1634.28933389016	987.219970703125
1636.75004807274	991.804992675781
1639.21000707498	997.940002441406
1641.66921122097	1013.98498535156
1644.12766083459	1029.75
1646.58535623956	1045.98999023438
1649.04229775941	1060.77001953125
1651.4984857175	1074.86999511719
1653.95392043697	1089.9150390625
1656.40860224079	1100.58996582031
1658.86253145177	1110.05004882813
1661.3157083925	1107.39501953125
1663.76813338542	1109.60998535156
1666.21980675275	1113.74499511719
1668.67072881656	1105.81005859375
1671.1208998987	1090.55004882813
1673.57032032089	1079.60498046875
1676.0189904046	1071.98999023438
1678.46691047118	1059.42504882813
1680.91408084174	1040.46496582031
1683.36050183726	1022.42999267578
1685.8061737785	1002.17999267578
1688.25109698605	982.335021972656
1690.69527178032	966.239990234375
1693.13869848153	950.744995117188
1695.58137740972	934.534973144531
1698.02330888476	923.414978027344
1700.46449322631	910.974975585938
1702.90493075388	898.804992675781
1705.34462178678	887.590026855469
1707.78356664414	878.614990234375
1710.22176564492	872.135009765625
1712.65921910787	865.849975585938
1715.0959273516	860.989990234375
1717.53189069449	858.864990234375
1719.9671094548	858.35498046875
1722.40158395054	857.210021972656
1724.8353144996	856.275024414063
1727.26830141965	854.030029296875
1729.70054502819	852.085021972656
1732.13204564255	850.349975585938
1734.56280357987	850.030029296875
1736.99281915711	851.809997558594
1739.42209269106	851.010009765625
1741.85062449831	850.909973144531
1744.27841489529	849.309997558594
1746.70546419823	845.880004882813
1749.13177272321	844.570007324219
1751.5573407861	843.22998046875
1753.98216870262	844.369995117188
1756.40625678828	842.724975585938
1758.82960535844	842.320007324219
1761.25221472825	841.5
1763.67408521271	840.635009765625
1766.09521712663	841.755004882813
1768.51561078464	842.684997558594
1770.93526650119	843.424987792969
1773.35418459056	841.864990234375
1775.77236536684	841.429992675781
1778.18980914396	840.164978027344
1780.60651623565	839.760009765625
1783.02248695548	839.950012207031
1785.43772161684	840.484985351563
1787.85222053292	840.575012207031
1790.26598401677	839.5
1792.67901238123	839.119995117188
1795.09130593899	837.409973144531
1797.50286500254	836.890014648438
1799.9136898842	836.309997558594
1802.32378089613	836.280029296875
1804.73313835028	837.765014648438
1807.14176255846	837.5
1809.54965383228	836.405029296875
1811.95681248317	835.359985351563
1814.36323882242	834.864990234375
1816.76893316109	835.955017089844
1819.17389581011	835.755004882813
1821.57812708021	835.752502441406
1823.98162728196	835.75
1826.38439672573	834.719970703125
1828.78643572174	834.054992675781
1831.18774458003	835.034973144531
1833.58832361045	834.380004882813
1835.98817312269	833.655029296875
1838.38729342625	833.674987792969
1840.78568483048	835.075012207031
1843.18334764454	834.804992675781
1845.58028217741	834.835021972656
1847.9764887379	834.109985351563
1850.37196763465	832.599975585938
1852.76671917613	831.265014648438
1855.16074367062	831.275024414063
1857.55404142624	831.284973144531
1859.94661275094	831.989990234375
1862.33845795247	831.835021972656
1864.72957733844	832.239990234375
1867.11997121627	831.255004882813
1869.5096398932	830.789978027344
1871.89858367631	831.969970703125
1874.28680287251	831.844970703125
1876.67429778851	831.179992675781
1879.06106873089	832.47998046875
1881.44711600601	832.760009765625
1883.8324399201	831.414978027344
1886.21704077919	831.330017089844
1888.60091888915	830.530029296875
1890.98407455567	831.114990234375
1893.36650808428	832.705017089844
1895.74821978033	832.474975585938
1898.12920994899	832.510009765625
1900.50947889527	831.054992675781
1902.88902692401	829.969970703125
1905.26785433986	830.27001953125
1907.64596144734	830.505004882813
1910.02334855075	829.955017089844
1912.40001595424	830.52001953125
1914.7759639618	830.989990234375
1917.15119287724	831.690002441406
1919.52570300419	832.099975585938
1921.89949464611	830.799987792969
1924.27256810632	830.924987792969
1926.64492368793	830.375
1929.0165616939	830.835021972656
1931.38748242701	830.64501953125
1933.75768618989	830.429992675781
1936.12717328497	831.219970703125
1938.49594401455	831.710021972656
1940.86399868071	831.565002441406
1943.23133758541	831.150024414063
1945.5979610304	830.784973144531
1947.96386931729	830.844970703125
1950.32906274751	831.159973144531
1952.69354162232	830.924987792969
1955.0573062428	831.835021972656
1957.42035690989	831.75
1959.78269392434	830.950012207031
1962.14431758673	831.02001953125
1964.50522819748	829.890014648438
1966.86542605684	830.525024414063
1969.22491146488	831.835021972656
1971.58368472153	833.349975585938
1973.94174612654	832.25
1976.29909597945	830.690002441406
1978.65573457971	830.534973144531
1981.01166222654	831.039978027344
1983.36687921902	831.037475585938
1985.72138585606	831.034973144531
1988.07518243639	831.265014648438
1990.42826925859	830.294982910156
1992.78064662106	828.265014648438
1995.13231482205	828.77001953125
1997.48327415961	830.094970703125
1999.83352493167	830.092529296875
2002.18306743594	830.090026855469
2004.53190197002	829.89501953125
2006.8800288313	829.340026855469
2009.22744831703	829.825012207031
2011.57416072427	828.299987792969
2013.92016634993	827.890014648438
2016.26546549076	828.674987792969
2018.61005844332	829.849975585938
2020.95394550404	829.640014648438
2023.29712696915	828
2025.63960313474	829.094970703125
2027.98137429672	830.169982910156
2030.32244075083	829.450012207031
2032.66280279266	830.875
2035.00246071763	830.862487792969
2037.34141482099	830.849975585938
2039.67966539784	830.219970703125
2042.01721274309	829.705017089844
2044.35405715151	829.757507324219
2046.69019891769	829.809997558594
2049.02563833606	829.905029296875
2051.3603757009	829.867553710938
2053.6944113063	829.830017089844
2056.0277454462	830.164978027344
2058.36037841439	831.085021972656
2060.69231050446	831.184997558594
2063.02354200988	831.25
2065.35407322392	830.844970703125
2067.68390443971	831.349975585938
2070.01303595021	831.780029296875
2072.3414680482	830.789978027344
2074.66920102633	830.594970703125
2076.99623517706	830.830017089844
2079.32257079271	831.580017089844
2081.6482081654	831.080017089844
2083.97314758713	831.299987792969
2086.29738934971	831.159973144531
2088.62093374481	830.460021972656
2090.94378106391	830.599975585938
2093.26593159835	830.739990234375
2095.5873856393	830.765014648438
2097.90814347777	831.349975585938
2100.2282054046	832.799987792969
2102.54757171048	832.775024414063
2104.86624268594	832.75
2107.18421862133	832.955017089844
2109.50149980686	834.130004882813
2111.81808653257	834.570007324219
2114.13397908834	834.724975585938
2116.44917776388	834.25
2118.76368284875	835.215026855469
2121.07749463235	835.140014648438
2123.39061340391	836.135009765625
2125.70303945252	836.010009765625
2128.01477306707	834.594970703125
2130.32581453634	834.489990234375
2132.63616414891	834.085021972656
2134.94582219322	833.150024414063
2137.25478895754	832.400024414063
2139.56306472999	832.984985351563
2141.87064979851	835.195007324219
2144.17754445092	835.239990234375
2146.48374897484	835.409973144531
2148.78926365774	834.869995117188
2151.09408878695	834.885009765625
2153.39822464963	834.900024414063
2155.70167153277	834.27001953125
2158.00442972321	833.400024414063
2160.30649950763	833.065002441406
2162.60788117256	834.280029296875
2164.90857500436	834.5
2167.20858128923	835.085021972656
2169.50790031323	834.820007324219
2171.80653236223	835.530029296875
2174.10447772198	833.914978027344
2176.40173667804	833.205017089844
2178.69830951582	834.609985351563
2180.99419652058	834.14501953125
2183.28939797743	834.340026855469
2185.5839141713	834.684997558594
2187.87774538698	832.924987792969
2190.17089190908	833.445007324219
2192.46335402209	833.255004882813
2194.75513201032	833.174987792969
2197.04622615791	833.094970703125
2199.33663674886	833.664978027344
2201.62636406702	833.469970703125
2203.91540839606	833.77001953125
2206.20377001952	833.744995117188
2208.49144922077	833.719970703125
2210.77844628302	833.609985351563
2213.06476148933	833.929992675781
2215.3503951226	833.440002441406
2217.63534746557	832.215026855469
2219.91961880085	831.409973144531
2222.20320941085	831.054992675781
2224.48611957785	832.669982910156
2226.76834958399	832.044982910156
2229.04989971122	831.984985351563
2231.33077024136	832.112487792969
2233.61096145607	832.239990234375
2235.89047363683	833.664978027344
2238.169307065	835.330017089844
2240.44746202178	834.224975585938
2242.72493878819	832.755004882813
2245.00173764511	831.5
2247.27785887327	832.155029296875
2249.55330275324	832.424987792969
2251.82806956545	833.255004882813
2254.10215959014	833.924987792969
2256.37557310744	835.284973144531
2258.64831039729	835.030029296875
2260.92037173949	834.340026855469
2263.19175741368	833.544982910156
2265.46246769938	832.585021972656
2267.7325028759	831.669982910156
2270.00186322243	832.710021972656
2272.270549018	833.715026855469
2274.5385605415	833.664978027344
2276.80589807165	834.094970703125
2279.07256188702	833.35498046875
2281.33855226601	833.719970703125
2283.60386948691	834.945007324219
2285.86851382782	834.669982910156
2288.1324855667	833.664978027344
2290.39578498136	835.070007324219
2292.65841234945	834.794982910156
2294.92036794847	833.89501953125
2297.18165205578	834.309997558594
2299.44226494856	834.337524414063
2301.70220690387	834.364990234375
2303.96147819859	833.705017089844
2306.22007910947	833.570007324219
2308.47800991309	833.549987792969
2310.73527088589	835.289978027344
2312.99186230416	835.929992675781
2315.24778444403	836.580017089844
2317.50303758149	835.674987792969
2319.75762199235	834.369995117188
2322.01153795231	834.950012207031
2324.26478573689	835.530029296875
2326.51736562147	836.275024414063
2328.76927788127	837.369995117188
2331.02052279137	836.85498046875
2333.2711006267	834.85498046875
2335.52101166203	834.140014648438
2337.77025617198	834.744995117188
2340.01883443103	834.684997558594
2342.2667467135	834.625
2344.51399329356	833.510009765625
2346.76057444525	833.409973144531
2349.00649044241	833.885009765625
2351.2517415588	833.554992675781
2353.49632806796	834.344970703125
2355.74025024334	834.515014648438
2357.98350835819	834.025024414063
2360.22610268566	832.77001953125
2362.4680334987	834.109985351563
2364.70930107016	834.974975585938
2366.94990567269	833.405029296875
2369.18984757884	833.169982910156
2371.42912706098	833.030029296875
2373.66774439134	833.085021972656
2375.90569984199	834.150024414063
2378.14299368488	834.094970703125
2380.37962619179	835.109985351563
2382.61559763435	834.969970703125
2384.85090828405	833.344970703125
2387.08555841222	833.114990234375
2389.31954829006	834.02001953125
2391.55287818861	833.635009765625
2393.78554837877	831.64501953125
2396.01755913128	831.960021972656
2398.24891071673	832.434997558594
2400.47960340558	832.25
2402.70963746814	833.85498046875
2404.93901317456	834.340026855469
2407.16773079485	834.734985351563
2409.39579059887	835.294982910156
2411.62319285633	835.155029296875
2413.84993783681	834.340026855469
2416.07602580971	834.044982910156
2418.30145704432	834.065002441406
2420.52623180977	834.085021972656
2422.75035037503	834.715026855469
2424.97381300893	834.712524414063
2427.19661998017	834.710021972656
2429.41877155729	833.905029296875
2431.64026800867	834.89501953125
2433.86110960257	834.724975585938
2436.08129660709	834.950012207031
2438.30082929019	835.210021972656
2440.51970791967	836.385009765625
2442.73793276321	835.609985351563
2444.95550408832	836.304992675781
2447.17242216237	836.307495117188
2449.38868725259	836.309997558594
2451.60429962607	837.390014648438
2453.81925954975	833.340026855469
2456.03356729041	834.575012207031
2458.2472231147	834.552490234375
2460.46022728913	834.530029296875
2462.67258008005	835.239990234375
2464.88428175368	837.35498046875
2467.09533257608	836.14501953125
2469.30573281318	834.700012207031
2471.51548273076	834.744995117188
2473.72458259445	835.075012207031
2475.93303266974	834.835021972656
2478.14083322198	835.559997558594
2480.34798451637	841.090026855469
2482.55448681797	837.760009765625
2484.76034039169	836.234985351563
2486.96554550231	838.299987792969
2489.17010241445	838.159973144531
2491.37401139259	838.027465820313
2493.57727270109	837.89501953125
2495.77988660412	836.840026855469
2497.98185336574	836.950012207031
2500.18317324987	838.375
2502.38384652028	839.109985351563
2504.58387344058	838.044982910156
2506.78325427425	837.820007324219
2508.98198928465	839.080017089844
2511.18007873495	838.27001953125
2513.37752288821	837.984985351563
2515.57432200735	838.784973144531
2517.77047635514	839.844970703125
2519.96598619419	839.400024414063
2522.16085178699	840.289978027344
2524.35507339589	840.260009765625
2526.54865128308	840.22998046875
2528.74158571062	839.349975585938
2530.93387694042	837.72998046875
2533.12552523427	839.419982910156
2535.31653085379	840.559997558594
2537.50689406046	840
2539.69661511566	840.60498046875
2541.88569428057	839.64501953125
2544.07413181627	840.575012207031
2546.26192798368	841.625
2548.44908304359	841.215026855469
2550.63559725664	842.315002441406
2552.82147088333	842.075012207031
2555.00670418402	841.997497558594
2557.19129741894	841.919982910156
2559.37525084817	841.034973144531
2561.55856473164	840.955017089844
2563.74123932917	840.090026855469
2565.92327490039	841.455017089844
2568.10467170484	844.39501953125
2570.28543000189	844.755004882813
2572.46555005079	845.590026855469
2574.64503211063	843.419982910156
2576.82387644036	842.434997558594
2579.00208329882	842.724975585938
2581.17965294468	844.960021972656
2583.35658563648	844.775024414063
2585.53288163263	842.909973144531
2587.70854119137	844.465026855469
2589.88356457084	844.025024414063
2592.05795202902	843.344970703125
2594.23170382376	842.724975585938
2596.40482021275	843.705017089844
2598.57730145356	845.52001953125
2600.74914780363	846.835021972656
2602.92035952023	847.059997558594
2605.09093686053	846.505004882813
2607.26088008153	846.565002441406
2609.4301894401	846.625
2611.59886519299	847.515014648438
2613.76690759678	848.679992675781
2615.93431690793	849.825012207031
2618.10109338277	850.844970703125
2620.26723727748	850.594970703125
2622.4327488481	851.52001953125
2624.59762835054	851.380004882813
2626.76187604057	852.885009765625
2628.92549217382	855.299987792969
2631.08847700579	854.89501953125
2633.25083079182	853.825012207031
2635.41255378715	853.575012207031
2637.57364624684	853.494995117188
2639.73410842586	853.684997558594
2641.893940579	852.705017089844
2644.05314296094	853.440002441406
2646.21171582621	855.809997558594
2648.36965942921	858.544982910156
2650.5269740242	857.409973144531
2652.6836598653	856.494995117188
2654.83971720651	858.255004882813
2656.99514630167	858.375
2659.1499474045	857.880004882813
2661.30412076857	855.760009765625
2663.45766664734	856.950012207031
2665.61058529411	859.130004882813
2667.76287696204	860.575012207031
2669.91454190418	861.89501953125
2672.06558037342	861.580017089844
2674.21599262253	861.450012207031
2676.36577890413	862.114990234375
2678.51493947072	862.710021972656
2680.66347457466	861.885009765625
2682.81138446816	863.700012207031
2684.95866940332	866.414978027344
2687.10532963209	867.215026855469
2689.25136540628	866.849975585938
2691.39677697757	864.955017089844
2693.54156459752	867.015014648438
2695.68572851753	868.864990234375
2697.82926898888	870.460021972656
2699.97218626272	871.429992675781
2702.11448059006	871.835021972656
2704.25615222175	872.835021972656
2706.39720140856	875.369995117188
2708.53762840109	876.015014648438
2710.67743344979	877.219970703125
2712.81661680503	879.844970703125
2714.95517871698	883.960021972656
2717.09311943574	886.174987792969
2719.23043921123	887.765014648438
2721.36713829325	890.960021972656
2723.50321693148	894.340026855469
2725.63867537545	894.364990234375
2727.77351387456	892.890014648438
2729.90773267809	896.390014648438
2732.04133203516	897.02001953125
2734.17431219478	899.505004882813
2736.30667340581	898.715026855469
2738.438415917	897.669982910156
2740.56953997695	896.534973144531
2742.70004583414	897.359985351563
2744.82993373688	896.974975585938
2746.9592039334	895.015014648438
2749.08785667177	892.635009765625
2751.21589219993	890.409973144531
2753.34331076568	890.030029296875
2755.4701126167	889.174987792969
2757.59629800054	886.304992675781
2759.7218671646	886.125
2761.84682035617	888.739990234375
2763.9711578224	889.440002441406
2766.0948798103	889.630004882813
2768.21798656676	891.469970703125
2770.34047833852	890.429992675781
2772.46235537222	887.484985351563
2774.58361791434	886.945007324219
2776.70426621124	885.965026855469
2778.82430050915	885.822509765625
2780.94372105416	885.679992675781
2783.06252809224	883.385009765625
2785.18072186922	881.179992675781
2787.29830263081	882.39501953125
2789.41527062257	882.815002441406
2791.53162608996	885.255004882813
2793.64736927828	885.460021972656
2795.76250043271	885.85498046875
2797.8770197983	883.89501953125
2799.99092761997	884.219970703125
2802.10422414252	885.844970703125
2804.21690961059	887.799987792969
2806.32898426873	889.739990234375
2808.44044836132	894.325012207031
2810.55130213264	895.85498046875
2812.66154582682	900.205017089844
2814.77117968788	902.900024414063
2816.8802039597	906.614990234375
2818.98861888601	912.14501953125
2821.09642471046	913.864990234375
2823.20362167653	914.635009765625
2825.31021002756	916.994995117188
2827.41619000682	926.625
2829.52156185738	936.609985351563
2831.62632582224	943.724975585938
2833.73048214422	950.474975585938
2835.83403106606	960.469970703125
2837.93697283033	970.97998046875
2840.03930767951	983.349975585938
2842.1410358559	999.195007324219
2844.24215760173	1012.85998535156
2846.34267315905	1033.0849609375
2848.44258276982	1058.5
2850.54188667585	1085.19494628906
2852.64058511883	1106.4599609375
2854.73867834032	1129.4150390625
2856.83616658175	1152.35998535156
2858.93305008443	1181.27502441406
2861.02932908952	1216.01501464844
2863.12500383809	1250.74499511719
2865.22007457104	1293.69995117188
2867.31454152918	1339.05004882813
2869.40840495316	1379.14001464844
2871.50166508353	1415.14501953125
2873.59432216069	1456.72497558594
2875.68637642493	1486.33996582031
2877.77782811641	1507.07995605469
2879.86867747515	1518.88000488281
2881.95892474105	1525.94494628906
2884.0485701539	1535.19995117188
2886.13761395333	1545.92004394531
2888.22605637886	1556.68505859375
2890.3138976699	1556.93505859375
2892.40113806571	1557.18505859375
2894.48777780544	1571.13000488281
2896.57381712808	1598.61499023438
2898.65925627254	1627.59497070313
2900.74409547758	1643.92004394531
2902.82833498183	1645.89501953125
2904.9119750238	1658.53503417969
2906.99501584188	1687.09497070313
2909.07745767432	1715.55505371094
2911.15930075925	1758.77502441406
2913.24054533469	1800.39501953125
2915.3211916385	1827.24499511719
2917.40123990846	1862.06005859375
2919.48069038217	1904.93005371094
2921.55954329716	1941.9150390625
2923.63779889079	1963.59997558594
2925.71545740033	1984.91003417969
2927.79251906289	2025.10498046875
2929.86898411548	2051.03002929688
2931.94485279498	2048.8798828125
2934.02012533815	2062.81005859375
2936.0948019816	2076.42504882813
2938.16888296184	2072.17993164063
2940.24236851525	2060.23999023438
2942.31525887809	2030.76000976563
2944.38755428648	1995.81494140625
2946.45925497643	1965.77001953125
2948.53036118382	1911.4599609375
2950.6008731444	1860.84997558594
2952.67079109381	1820.53002929688
2954.74011526755	1775.71496582031
2956.80884590101	1742.9599609375
2958.87698322944	1715.09497070313
2960.94452748799	1684.80505371094
2963.01147891167	1665.47998046875
2965.07783773535	1641.30004882813
2967.14360419382	1612.92504882813
2969.2087785217	1586.9150390625
2971.27336095352	1576.36999511719
2973.33735172366	1557.60998535156
2975.40075106641	1523.00500488281
2977.46355921591	1492.3349609375
2979.52577640618	1471.45495605469
2981.58740287112	1457.42004394531
2983.64843884452	1434.72497558594
2985.70888456003	1411.48999023438
2987.76874025117	1383.30505371094
2989.82800615137	1333.21496582031
2991.88668249391	1298.93005371094
2993.94476951194	1279.34497070313
2996.00226743852	1250.2900390625
2998.05917650657	1217.52001953125
3000.11549694887	1193.74499511719
3002.17122899812	1173.43994140625
3004.22637288685	1153.68994140625
3006.2809288475	1130.17004394531
3008.33489711238	1105.6650390625
3010.38827791368	1082.55004882813
3012.44107148345	1065.9599609375
3014.49327805366	1055.48999023438
3016.5448978561	1041.44494628906
3018.59593112249	1027.52001953125
3020.64637808441	1017.91497802734
3022.6962389733	1004.09497070313
3024.74551402051	995.565002441406
3026.79420345725	990.474975585938
3028.84230751461	988.815002441406
3030.88982642357	987.325012207031
3032.93676041497	988.27001953125
3034.98310971955	988.400024414063
3037.02887456791	987.309997558594
3039.07405519054	990.559997558594
3041.11865181781	993.260009765625
3043.16266467996	993.890014648438
3045.20609400713	994.994995117188
3047.24894002932	1003.16497802734
3049.2912029764	1010.04998779297
3051.33288307815	1016.32501220703
3053.37398056421	1024.64001464844
3055.41449566411	1028.81494140625
3057.45442860725	1035.16003417969
3059.49377962291	1042.44494628906
3061.53254894026	1046.57995605469
3063.57073678834	1050.34997558594
3065.60834339607	1050.13500976563
3067.64536899227	1043.84997558594
3069.68181380561	1036.96997070313
3071.71767806467	1026.53002929688
3073.75296199788	1014.71502685547
3075.78766583357	1003.28002929688
3077.82178979997	993.755004882813
3079.85533412513	981.405029296875
3081.88829903705	971.190002441406
3083.92068476356	959.934997558594
3085.95249153241	952.724975585938
3087.98371957119	947.515014648438
3090.01436910741	945.780029296875
3092.04444036844	943.215026855469
3094.07393358152	941.364990234375
3096.10284897381	938.169982910156
3098.13118677232	933.809997558594
3100.15894720395	931.609985351563
3102.18613049548	931.900024414063
3104.21273687357	932.570007324219
3106.23876656477	933.784973144531
3108.2642197955	933.414978027344
3110.28909679208	933.969970703125
3112.31339778069	931.934997558594
3114.33712298741	931.244995117188
3116.36027263819	929.744995117188
3118.38284695887	931.669982910156
3120.40484617516	933.400024414063
3122.42627051268	932.909973144531
3124.4471201969	937.39501953125
3126.46739545319	937.455017089844
3128.4870965068	937.515014648438
3130.50622358287	936.955017089844
3132.5247769064	937.010009765625
3134.54275670229	937.065002441406
3136.56016319534	937.525024414063
3138.57699661019	940.005004882813
3140.59325717139	942.469970703125
3142.60894510338	944.219970703125
3144.62406063047	945.450012207031
3146.63860397686	943.27001953125
3148.65257536662	943.164978027344
3150.66597502371	942.840026855469
3152.67880317199	941.780029296875
3154.69106003518	944.614990234375
3156.70274583691	947.825012207031
3158.71386080065	947.857543945313
3160.72440514981	947.890014648438
3162.73437910763	950.460021972656
3164.74378289728	954.784973144531
3166.75261674179	956.974975585938
3168.76088086407	957.414978027344
3170.76857548692	956.825012207031
3172.77570083303	958.5
3174.78225712498	962.715026855469
3176.78824458521	966.614990234375
3178.79366343607	967.974975585938
3180.79851389977	968.184997558594
3182.80279619844	968.840026855469
3184.80651055405	972.960021972656
3186.80965718849	976.044982910156
3188.81223632353	979.070007324219
3190.81424818081	982.265014648438
3192.81569298186	982.239990234375
3194.8165709481	983.025024414063
3196.81688230084	984.534973144531
3198.81662726126	984.065002441406
3200.81580605044	985.835021972656
3202.81441888933	993.075012207031
3204.81246599879	998.590026855469
3206.80994759954	1002.30999755859
3208.80686391219	1001.61499023438
3210.80321515726	1000.70001220703
3212.79900155512	1007.96997070313
3214.79422332605	1009.29498291016
3216.78888069021	1008.94500732422
3218.78297386765	1011.72998046875
3220.77650307828	1015.04998779297
3222.76946854195	1015.30499267578
3224.76187047834	1016.85998535156
3226.75370910705	1016.52001953125
3228.74498464755	1018.55499267578
3230.73569731921	1018.13500976563
3232.72584734127	1019.59002685547
3234.71543493287	1025.23999023438
3236.70446031304	1031.53503417969
3238.69292370068	1034.01501464844
3240.68082531459	1035.89501953125
3242.66816537345	1035.40002441406
3244.65494409583	1040.47998046875
3246.6411617002	1044.18994140625
3248.62681840488	1046.08996582031
3250.61191442812	1050.17004394531
3252.59644998804	1050.55505371094
3254.58042530263	1048.67004394531
3256.56384058979	1053.15502929688
3258.54669606731	1058.64501953125
3260.52899195285	1057.98498535156
3262.51072846396	1058.91003417969
3264.4919058181	1060.5
3266.47252423259	1066.73498535156
3268.45258392464	1068.63000488281
3270.43208511138	1071.29504394531
3272.41102800978	1075.34997558594
3274.38941283675	1081.56005859375
3276.36723980904	1085.63500976563
3278.34450914332	1086.94494628906
3280.32122105613	1084.67004394531
3282.29737576392	1085.84497070313
3284.272973483	1090.53002929688
3286.24801442958	1094.69995117188
3288.22249881978	1097.0400390625
3290.19642686957	1104.81494140625
3292.16979879485	1105.68505859375
3294.14261481136	1107.19995117188
3296.11487513478	1106.18994140625
3298.08657998065	1102.43005371094
3300.0577295644	1099.76501464844
3302.02832410136	1098.26501464844
3303.99836380673	1093.96496582031
3305.96784889563	1094.59997558594
3307.93677958303	1094.52001953125
3309.90515608383	1099.9150390625
3311.87297861278	1103.30505371094
3313.84024738456	1097.60498046875
3315.80696261371	1091.96496582031
3317.77312451466	1091.63500976563
3319.73873330175	1087.38500976563
3321.70378918919	1082.19494628906
3323.66829239109	1079.18505859375
3325.63224312145	1084.13000488281
3327.59564159416	1093.72497558594
3329.55848802299	1091.51000976563
3331.52078262162	1088.83996582031
3333.4825256036	1079.52001953125
3335.44371718237	1071.01501464844
3337.40435757128	1070.09497070313
3339.36444698356	1075.625
3341.32398563232	1074.81994628906
3343.28297373058	1073.89501953125
3345.24141149124	1076.92004394531
3347.19929912709	1075.82495117188
3349.15663685081	1069.53503417969
3351.11342487497	1071.68505859375
3353.06966341204	1077
3355.02535267437	1080.09497070313
3356.98049287421	1077.88500976563
3358.9350842237	1076.11499023438
3360.88912693486	1074.55505371094
3362.84262121962	1074.32995605469
3364.79556728978	1071.19494628906
3366.74796535705	1069.125
3368.69981563302	1066.56994628906
3370.65111832917	1066.89501953125
3372.60187365689	1069.31494140625
3374.55208182744	1069.34741210938
3376.50174305198	1069.38000488281
3378.45085754157	1063.88000488281
3380.39942550714	1061.11499023438
3382.34744715954	1060.97497558594
3384.29492270949	1060.8349609375
3386.24185236761	1057.59997558594
3388.18823634442	1057.31494140625
3390.13407485031	1061.64001464844
3392.07936809559	1060.94494628906
3394.02411629045	1055.52502441406
3395.96831964496	1050.5400390625
3397.91197836911	1047.51000976563
3399.85509267275	1047.52502441406
3401.79766276564	1047.5400390625
3403.73968885745	1043.33996582031
3405.68117115771	1043
3407.62210987586	1047.56994628906
3409.56250522123	1049.375
3411.50235740305	1048.94494628906
3413.44166663043	1048.81494140625
3415.38043311238	1050.2900390625
3417.3186570578	1052.38000488281
3419.2563386755	1048.5849609375
3421.19347817415	1043.91003417969
3423.13007576235	1038.64001464844
3425.06613164857	1034.56494140625
3427.00164604118	1037.72497558594
3428.93661914844	1037.38000488281
3430.87105117852	1035.09497070313
3432.80494233945	1028.53002929688
3434.73829283919	1027.18005371094
3436.67110288558	1029.35498046875
3438.60337268634	1032.8349609375
3440.53510244911	1032.88000488281
3442.4662923814	1029.81494140625
3444.39694269064	1029.76000976563
3446.32705358412	1031.34497070313
3448.25662526905	1026.10498046875
3450.18565795254	1025.31994628906
3452.11415184156	1025.53002929688
3454.04210714302	1018.45501708984
3455.96952406369	1015.65997314453
3457.89640281024	1014.125
3459.82274358924	1012.23498535156
3461.74854660717	1008.53997802734
3463.67381207038	1006.38500976563
3465.59854018513	1002.85998535156
3467.52273115756	1003.22998046875
3469.44638519373	1003.09497070313
3471.36950249956	1002.96002197266
3473.29208328091	1000.09002685547
3475.21412774349	995.969970703125
3477.13563609293	993.385009765625
3479.05660853476	990.344970703125
3480.97704527438	983.780029296875
3482.89694651712	982.474975585938
3484.81631246818	983.695007324219
3486.73514333266	975.25
3488.65343931557	970.89501953125
3490.57120062179	968.919982910156
3492.48842745612	967.554992675781
3494.40512002324	965.585021972656
3496.32127852773	961.275024414063
3498.23690317408	955.515014648438
3500.15199416666	953.47998046875
3502.06655170974	952.815002441406
3503.98057600749	953.940002441406
3505.89406726396	950.549987792969
3507.80702568312	946.825012207031
3509.71945146883	944.419982910156
3511.63134482483	941.885009765625
3513.54270595478	936.684997558594
3515.45353506222	936.539978027344
3517.3638323506	935.044982910156
3519.27359802324	930.89501953125
3521.1828322834	925.669982910156
3523.09153533419	921.255004882813
3524.99970737866	918.585021972656
3526.90734861972	916.359985351563
3528.81445926021	913.530029296875
3530.72103950283	913.114990234375
3532.62708955022	909.825012207031
3534.53260960488	907.135009765625
3536.43759986923	907.734985351563
3538.34206054558	906.155029296875
3540.24599183613	900.594970703125
3542.149393943	897.35498046875
3544.05226706817	894.960021972656
3545.95461141357	891.77001953125
3547.85642718097	889.039978027344
3549.75771457208	886.724975585938
3551.6584737885	885.844970703125
3553.55870503171	884.859985351563
3555.4584085031	883.200012207031
3557.35758440396	879.640014648438
3559.25623293548	876.14501953125
3561.15435429874	871.525024414063
3563.05194869473	870.994995117188
3564.94901632432	870.85498046875
3566.84555738829	870.715026855469
3568.74157208732	868.484985351563
3570.63706062199	866.679992675781
3572.53202319277	866.015014648438
3574.42646000003	864.60498046875
3576.32037124406	862.125
3578.213757125	859.625
3580.10661784295	856.955017089844
3581.99895359786	854.784973144531
3583.8907645896	854.460021972656
3585.78205101794	853.10498046875
3587.67281308254	853.539978027344
3589.56305098297	851.085021972656
3591.4527649187	848.469970703125
3593.34195508907	846.690002441406
3595.23062169338	844.054992675781
3597.11876493075	844.049987792969
3599.00638500027	842.77001953125
3600.89348210089	841.505004882813
3602.78005643148	841.35498046875
3604.66610819078	838.765014648438
3606.55163757747	836.75
3608.4366447901	835.849975585938
3610.32113002713	835.164978027344
3612.20509348693	832.544982910156
3614.08853536774	831.914978027344
3615.97145586773	830.405029296875
3617.85385518497	828.590026855469
3619.7357335174	827
3621.61709106289	827.150024414063
3623.4979280192	825.450012207031
3625.37824458399	824.445007324219
3627.25804095482	821.679992675781
3629.13731732915	820.005004882813
3631.01607390435	818.885009765625
3632.89431087767	818.164978027344
3634.77202844629	817.065002441406
3636.64922680726	815.825012207031
3638.52590615754	814.424987792969
3640.40206669402	813.130004882813
3642.27770861344	812.130004882813
3644.15283211248	810.184997558594
3646.02743738771	808.309997558594
3647.90152463559	808.015014648438
3649.77509405251	807
3651.64814583473	805.570007324219
3653.52068017842	802.909973144531
3655.39269727965	802.375
3657.26419733442	802.159973144531
3659.13518053858	801.174987792969
3661.00564708793	801.094970703125
3662.87559717814	799.369995117188
3664.7450310048	798.075012207031
3666.61394876338	796.424987792969
3668.48235064928	794.900024414063
3670.35023685779	794
3672.21760758409	793.594970703125
3674.08446302327	792.650024414063
3675.95080337033	791.190002441406
3677.81662882017	791.234985351563
3679.68193956758	790.669982910156
3681.54673580727	789.239990234375
3683.41101773383	788.72998046875
3685.27478554178	787.184997558594
3687.13803942551	786.594970703125
3689.00077957934	786.049987792969
3690.86300619748	784.369995117188
3692.72471947405	784.210021972656
3694.58591960306	784.212524414063
3696.44660677844	784.215026855469
3698.306781194	783.575012207031
3700.16644304348	783.034973144531
3702.02559252049	782.150024414063
3703.88422981859	781.804992675781
3705.74235513119	780.775024414063
3707.59996865164	779.950012207031
3709.45707057318	779.840026855469
3711.31366108895	778.515014648438
3713.16974039199	777.669982910156
3715.02530867527	776.844970703125
3716.88036613164	776.534973144531
3718.73491295385	776.369995117188
3720.58894933456	776.224975585938
3722.44247546634	774.940002441406
3724.29549154166	775.830017089844
3726.14799775289	775.89501953125
3727.9999942923	774.840026855469
3729.85148135209	774.239990234375
3731.70245912432	773.664978027344
3733.55292780098	774.400024414063
3735.40288757397	774.344970703125
3737.25233863509	774.289978027344
3739.10128117603	773.375
3740.9497153884	772.164978027344
3742.7976414637	772.815002441406
3744.64505959335	772.835021972656
3746.49196996866	772.135009765625
3748.33837278086	772.14501953125
3750.18426822108	772.655029296875
3752.02965648033	773.734985351563
3753.87453774956	773.64501953125
3755.7189122196	773.450012207031
3757.5627800812	772.890014648438
3759.40614152501	771.684997558594
3761.24899674159	771.875
3763.09134592138	772.840026855469
3764.93318925476	771.52001953125
3766.77452693199	771.924987792969
3768.61535914325	771.369995117188
3770.45568607861	770.885009765625
3772.29550792807	770.695007324219
3774.1348248815	770.385009765625
3775.9736371287	770.260009765625
3777.81194485938	770.455017089844
