32.6816976106991	718.325012207031
35.6535599501435	718.315002441406
38.6244374909659	718.362487792969
41.5943306947054	718.409973144531
44.5632400226282	718.405029296875
47.5311659356917	718.200012207031
50.4981088945929	718.210021972656
53.4640693597127	718.239990234375
56.4290477911676	718.255004882813
59.3930446487746	718.25
62.356060392067	718.234985351563
65.3180954802906	718.220031738281
68.2791503724084	718.205017089844
71.2392255270922	718.234985351563
74.1983214027271	718.195007324219
77.1564384574159	718.265014648438
80.113577148983	718.159973144531
83.0697379349549	718.215026855469
86.0249212725722	718.257507324219
88.9791276188058	718.299987792969
91.9323574303255	718.364990234375
94.8846111635238	718.234985351563
97.8358892745121	718.400024414063
100.786192219114	718.5
103.73552045287	718.340026855469
106.683874431037	718.39501953125
109.631254608583	718.650024414063
112.577661440203	718.635009765625
115.523095380307	718.715026855469
118.467556883015	719.359985351563
121.411046402175	719.734985351563
124.353564391344	720.765014648438
127.295111303796	722.539978027344
130.235687592532	725.804992675781
133.175293710265	730.844970703125
136.113930109434	739.445007324219
139.051597242185	750.299987792969
141.98829556039	762.549987792969
144.92402551564	777.445007324219
147.858787559244	792.179992675781
150.792582142239	805.994995117188
153.725409715372	817.429992675781
156.65727072911	825.77001953125
159.588165633643	833.804992675781
162.518094878884	837.280029296875
165.447058914469	839.260009765625
168.375058189747	839.830017089844
171.302093153792	839.059997558594
174.228164255401	838.594970703125
177.153271943091	841.02001953125
180.077416665101	840.359985351563
183.000598869394	840.049987792969
185.922819003656	841.75
188.84407751529	843.090026855469
191.764374851424	844.575012207031
194.683711458919	847.909973144531
197.60208778434	850.784973144531
200.519504273992	856.135009765625
203.435961373894	858.72998046875
206.351459529801	864.375
209.265999187174	871.304992675781
212.179580791207	879.875
215.092204786825	889.984985351563
218.003871618673	897.455017089844
220.914581731116	904.109985351563
223.824335568247	909.695007324219
226.733133573893	914.919982910156
229.640976191593	922.414978027344
232.547863864614	925.864990234375
235.453797035961	928.315002441406
238.358776148354	928.174987792969
241.26280164424	928.609985351563
244.1658739658	927.02001953125
247.067993554929	924.739990234375
249.969160853266	927.179992675781
252.869376302162	927.429992675781
255.768640342707	927.869995117188
258.666953415705	925.539978027344
261.564315961705	923.820007324219
264.46072842097	921.924987792969
267.356191233499	918.765014648438
270.25070483901	918.635009765625
273.144269676967	919.919982910156
276.036886186551	919.669982910156
278.928554806671	919.419982910156
281.819275975966	918.330017089844
284.709050132812	916.155029296875
287.597877715306	915.934997558594
290.485759161281	916.309997558594
293.372694908298	916.780029296875
296.258685393644	917.570007324219
299.143731054352	919.369995117188
302.027832327156	919.294982910156
304.910989648557	914.77001953125
307.79320345476	912.484985351563
310.674474181717	913.25
313.554802265101	915.669982910156
316.434188140326	919.239990234375
319.312632242533	918.22998046875
322.190135006593	918.174987792969
325.066696867117	916.234985351563
327.942318258443	917.635009765625
330.816999614641	918.655029296875
333.690741369517	917.969970703125
336.56354395661	916.317504882813
339.435407809193	914.664978027344
342.306333360273	914.97998046875
345.176321042591	915.27001953125
348.045371288612	914.549987792969
350.913484530551	915.690002441406
353.78066120035	916.585021972656
356.64690172969	915.700012207031
359.512206549972	917.559997558594
362.376576092357	916.465026855469
365.240010787716	916.340026855469
368.102511066677	919.255004882813
370.964077359587	922.25
373.82471009654	919.965026855469
376.684409707364	919.619995117188
379.543176621612	921.525024414063
382.401011268595	925
385.257914077343	927.565002441406
388.113885476627	929.989990234375
390.968925894961	931.169982910156
393.823035760591	933.554992675781
396.676215501503	938.690002441406
399.528465545415	943.159973144531
402.379786319791	945.414978027344
405.230178251834	951.440002441406
408.079641768472	957.265014648438
410.928177296387	958.465026855469
413.775785261992	962.005004882813
416.622466091445	967.414978027344
419.468220210631	967.64501953125
422.313048045182	964.130004882813
425.156950020479	964.505004882813
427.999926561623	963.5
430.841978093471	963.075012207031
433.683105040613	960.909973144531
436.523307827384	958.244995117188
439.362586877851	957.125
442.200942615829	953.765014648438
445.038375464876	949.190002441406
447.874885848283	948.22998046875
450.710474189089	947.539978027344
453.54514091007	946.330017089844
456.37888643375	944.484985351563
459.211711182386	943.705017089844
462.043615577986	935.89501953125
464.874600042297	935.39501953125
467.704664996804	935.969970703125
470.533810862741	934.309997558594
473.36203806108	933.734985351563
476.189347012547	932.065002441406
479.015738137594	933.215026855469
481.841211856432	934.414978027344
484.665768589008	936.030029296875
487.489408755009	936.355041503906
490.312132773878	936.679992675781
493.133941064796	937.005004882813
495.954834046683	934.414978027344
498.77481213821	932.890014648438
501.593875757797	929.424987792969
504.412025323601	924.664978027344
507.229261253524	916.515014648438
510.045583965226	908.734985351563
512.860993876093	904.590026855469
515.675491403271	902.135009765625
518.489076963649	897.724975585938
521.301750973863	894.080017089844
524.113513850293	889.934997558594
526.924366009065	886.284973144531
529.734307866052	883.330017089844
532.543339836881	882.059997558594
535.35146233692	878.465026855469
538.158675781281	877.125
540.964980584833	875.445007324219
543.770377162182	874.955017089844
546.574865927692	872.054992675781
549.378447295465	868.630004882813
552.181121679365	866.955017089844
554.982889492993	865.674987792969
557.783751149701	863.609985351563
560.583707062591	860.619995117188
563.38275764452	861.099975585938
566.180903308083	859.75
568.978144465633	859.10498046875
571.774481529266	856.809997558594
574.569914910839	855.934997558594
577.364445021949	853.784973144531
580.158072273946	853.010009765625
582.950797077926	852.304992675781
585.742619844752	849.190002441406
588.533540985018	847.705017089844
591.323560909078	846.330017089844
594.112680027034	848.669982910156
596.90089874875	848.070007324219
599.688217483828	845.780029296875
602.474636641629	844.27001953125
605.260156631263	843.460021972656
608.044777861596	843.590026855469
610.828500741241	843.47998046875
613.611325678567	843.684997558594
616.393253081697	844.27001953125
619.174283358506	843.659973144531
621.954416916616	840.585021972656
624.733654163414	839.650024414063
627.511995506029	837.265014648438
630.289441351351	834.090026855469
633.065992106022	830.840026855469
635.841648176434	831.549987792969
638.616409968744	831.609985351563
641.390277888847	832.619995117188
644.163252342408	832.64501953125
646.93533373484	833.335021972656
649.706522471307	832.885009765625
652.47681895674	832.22998046875
655.246223595811	831.89501953125
658.014736792957	831.005004882813
660.782358952371	831.679992675781
663.549090477999	831.844970703125
666.314931773542	832.039978027344
669.079883242452	832.929992675781
671.843945287955	834.049987792969
674.607118313019	834.5
677.369402720366	834.440002441406
680.130798912488	834.794982910156
682.891307291627	834.289978027344
685.650928259784	831.835021972656
688.409662218708	831.739990234375
691.167509569927	830.994995117188
693.924470714705	829.905029296875
696.680546054078	829.5
699.435735988832	827.909973144531
702.190040919516	827.554992675781
704.943461246442	827.414978027344
707.695997369667	825.789978027344
710.447649689022	825.369995117188
713.198418604088	826.489990234375
715.948304514206	826.691650390625
718.697307818481	826.893310546875
721.445428915779	827.094970703125
724.192668204716	825.85498046875
726.93902608368	825.090026855469
729.684502950805	825.554992675781
732.429099204005	826.375
735.172815240936	826.405029296875
737.915651459026	826.375
740.657608255463	824.450012207031
743.398686027186	826.174987792969
746.13888517091	827.025024414063
748.878206083102	827.244995117188
751.616649159998	829.989990234375
754.354214797584	830.599975585938
757.09090339162	830.10498046875
759.826715337622	830.174987792969
762.561651030868	830.815002441406
765.295710866406	830.614990234375
768.028895239041	829.255004882813
770.761204543336	830.030029296875
773.492639173626	830.864990234375
776.223199524006	832.455017089844
778.952885988334	833.340026855469
781.681698960235	833.849975585938
784.40963883309	835.265014648438
787.136706000052	835.715026855469
789.862900854037	836.534973144531
792.588223787721	837.989990234375
795.312675193549	837.494995117188
798.036255463728	837
800.758964990228	837.049987792969
803.480804164792	837.440002441406
806.201773378919	839.549987792969
808.921873023884	840.809997558594
811.641103490712	843.090026855469
814.359465170214	844.994995117188
817.076958452946	848.070007324219
819.793583729246	852.539978027344
822.509341389214	856.119995117188
825.224231822712	861.309997558594
827.938255419375	864.844970703125
830.651412568596	865.465026855469
833.363703659544	865.469970703125
836.075129081157	867.385009765625
838.785689222127	870.614990234375
841.495384470928	875.010009765625
844.204215215788	881.349975585938
846.912181844721	888.330017089844
849.619284745491	892.200012207031
852.325524305638	896.590026855469
855.030900912475	895.864990234375
857.735414953079	891.945007324219
860.439066814289	888.309997558594
863.141856882725	885.015014648438
865.843785544769	880.650024414063
868.544853186571	876.125
871.245060194063	871.190002441406
873.944406952925	868.210021972656
876.642893848625	865.609985351563
879.340521266398	862.239990234375
882.037289591241	859.914978027344
884.733199207927	859.390014648438
887.428250501001	859.815002441406
890.122443854778	861.945007324219
892.815779653335	863.419982910156
895.508258280534	863.135009765625
898.199880119997	866.335021972656
900.890645555129	868.380004882813
903.580554969094	870.534973144531
906.269608744832	870.380004882813
908.957807265056	870.260009765625
911.645150912257	871.554992675781
914.331640068689	874.094970703125
917.017275116375	879.215026855469
919.702056437128	880.965026855469
922.385984412518	884.559997558594
925.069059423886	888.179992675781
927.751281852366	891.755004882813
930.432652078842	894.835021972656
933.113170483983	897.974975585938
935.79283744823	899.760009765625
938.471653351806	903.150024414063
941.149618574686	909.039978027344
943.826733496641	911.109985351563
946.502998497206	917.440002441406
949.178413955689	911.424987792969
951.85298025118	910.065002441406
954.526697762544	906.64501953125
957.199566868403	907.72998046875
959.87158794718	909.174987792969
962.542761377054	906.695007324219
965.213087535987	906.780029296875
967.882566801719	903.549987792969
970.551199551761	901.275024414063
973.218986163399	900.614990234375
975.885927013698	898.744995117188
978.552022479501	899.125
981.217272937423	898.905029296875
983.88167876386	902.474975585938
986.545240334978	905.934997558594
989.207958026729	909.190002441406
991.869832214835	913.799987792969
994.530863274798	920.359985351563
997.191051581895	932.219970703125
999.850397511185	944.424987792969
1002.50890143751	949.565002441406
1005.16656373546	952.705017089844
1007.82338477944	950.340026855469
1010.47936494363	939.565002441406
1013.13450460195	928.325012207031
1015.78880412815	912.125
1018.44226389572	897.210021972656
1021.09488427794	887.640014648438
1023.74666564789	882.184997558594
1026.3976083784	883.155029296875
1029.04771284208	887.989990234375
1031.69697941135	891.409973144531
1034.34540845838	892.075012207031
1036.99300035512	892.565002441406
1039.63975547333	895.669982910156
1042.28567418452	899.859985351563
1044.93075685998	901.614990234375
1047.57500387081	906.364990234375
1050.21841558786	910.849975585938
1052.86099238177	920.14501953125
1055.50273462297	928.974975585938
1058.14364268167	938.799987792969
1060.78371692784	947.994995117188
1063.42295773126	954.679992675781
1066.06136546148	962.309997558594
1068.69894048781	966.64501953125
1071.33568317939	964.10498046875
1073.9715939051	960.424987792969
1076.60667303362	953.590026855469
1079.24092093341	938.614990234375
1081.87433797271	927.830017089844
1084.50692451954	918.515014648438
1087.13868094172	912.700012207031
1089.76960760684	907.919982910156
1092.39970488226	903.960021972656
1095.02897313516	899.775024414063
1097.65741273246	896.510009765625
1100.28502404089	893.989990234375
1102.91180742697	892.914978027344
1105.53776325698	894.02001953125
1108.16289189701	892.309997558594
1110.78719371291	889.174987792969
1113.41066907033	890.265014648438
1116.0333183347	891.275024414063
1118.65514187124	891.184997558594
1121.27614004495	892.22998046875
1123.89631322061	892.820007324219
1126.51566176279	893.705017089844
1129.13418603585	891.315002441406
1131.75188640394	885.674987792969
1134.36876323098	878.130004882813
1136.98481688069	870.869995117188
1139.60004771655	864.549987792969
1142.21445610187	856.414978027344
1144.82804239972	851.869995117188
1147.44080697295	847.684997558594
1150.05275018421	848.14501953125
1152.66387239593	849.030029296875
1155.27417397034	848.830017089844
1157.88365526943	848.674987792969
1160.49231665502	848.090026855469
1163.10015848867	847.434997558594
1165.70718113176	848.385009765625
1168.31338494544	847.239990234375
1170.91877029067	847.260009765625
1173.52333752817	845.429992675781
1176.12708701847	844.440002441406
1178.73001912187	843.330017089844
1181.33213419848	842.940002441406
1183.93343260819	843.859985351563
1186.53391471068	840.880004882813
1189.13358086539	838.849975585938
1191.73243143161	840.02001953125
1194.33046676836	840.965026855469
1196.92768723449	841.989990234375
1199.52409318861	845.169982910156
1202.11968498915	848.705017089844
1204.7144629943	852.065002441406
1207.30842756206	856.275024414063
1209.90157905021	860.585021972656
1212.49391781634	859.905029296875
1215.08544421779	857.554992675781
1217.67615861174	855.075012207031
1220.26606135512	852.664978027344
1222.85515280468	853.934997558594
1225.44343331694	855.085021972656
1228.03090324823	858.47998046875
1230.61756295466	861.440002441406
1233.20341279213	866.320007324219
1235.78845311634	869.409973144531
1238.37268428278	871.385009765625
1240.95610664673	875.799987792969
1243.53872056325	881.575012207031
1246.12052638722	881.22998046875
1248.70152447329	881.344970703125
1251.28171517591	883.059997558594
1253.86109884934	884.724975585938
1256.43967584759	885.059997558594
1259.0174465245	887.255004882813
1261.5944112337	887.474975585938
1264.1705703286	887.044982910156
1266.74592416241	886.940002441406
1269.32047308814	886.5
1271.89421745858	888.799987792969
1274.46715762633	889.3974609375
1277.03929394377	889.994995117188
1279.61062676308	889.320007324219
1282.18115643624	888.434997558594
1284.75088331502	887.234985351563
1287.31980775098	885.929992675781
1289.88793009548	884.945007324219
1292.45525069969	882.450012207031
1295.02176991454	882.424987792969
1297.58748809078	882.914978027344
1300.15240557897	884.950012207031
1302.71652272942	888.039978027344
1305.27983989229	891.174987792969
1307.84235741749	892.820007324219
1310.40407565475	894.469970703125
1312.9649949536	896.760009765625
1315.52511566335	897.969970703125
1318.08443813311	897.72998046875
1320.64296271181	898.530029296875
1323.20068974815	896.364990234375
1325.75761959063	898.385009765625
1328.31375258756	898.390014648438
1330.86908908704	898.39501953125
1333.42362943696	897.155029296875
1335.97737398503	896.719970703125
1338.53032307874	896.950012207031
1341.08247706537	895.869995117188
1343.63383629202	895.820007324219
1346.18440110558	895.705017089844
1348.73417185274	892.065002441406
1351.28314887997	887.405029296875
1353.83133253357	883.815002441406
1356.37872315961	881.75
1358.92532110398	880.239990234375
1361.47112671237	876.494995117188
1364.01614033024	875.710021972656
1366.56036230288	871.775024414063
1369.10379297537	868.849975585938
1371.64643269258	864.684997558594
1374.18828179921	863.510009765625
1376.72934063972	862.619995117188
1379.2696095584	860.460021972656
1381.80908889932	860.994995117188
1384.34777900637	861.450012207031
1386.88568022323	862.195007324219
1389.42279289337	861.679992675781
1391.95911736009	861.164978027344
1394.49465396645	860.044982910156
1397.02940305537	860.549987792969
1399.5633649695	862.150024414063
1402.09654005135	863.080017089844
1404.6289286432	867.864990234375
1407.16053108714	870.174987792969
1409.69134772507	869.52001953125
1412.22137889868	871.284973144531
1414.75062494947	873.72998046875
1417.27908621874	872.304992675781
1419.80676304759	872.460021972656
1422.33365577692	874.880004882813
1424.85976474744	874.77001953125
1427.38509029967	875.590026855469
1429.90963277392	877.715026855469
1432.4333925103	880.734985351563
1434.95636984873	884.460021972656
1437.47856512894	890.210021972656
1439.99997869045	898.494995117188
1442.5206108726	906.184997558594
1445.04046201452	911.315002441406
1447.55953245515	918.174987792969
1450.07782253323	926.809997558594
1452.59533258731	933.880004882813
1455.11206295574	940.950012207031
1457.62801397668	931.02001953125
1460.14318598809	927.559997558594
1462.65757932774	924.77001953125
1465.1711943332	920.804992675781
1467.68403134184	913.950012207031
1470.19609069085	901.039978027344
1472.70737271721	889.424987792969
1475.21787775772	876.864990234375
1477.72760614897	862.984985351563
1480.23655822738	850.534973144531
1482.74473432914	840.320007324219
1485.25213479029	829.934997558594
1487.75875994664	822.929992675781
1490.26461013382	815.97998046875
1492.76968568726	810.960021972656
1495.27398694222	806.650024414063
1497.77751423374	804.075012207031
1500.28026789667	803.424987792969
1502.78224826569	801.340026855469
1505.28345567526	799.450012207031
1507.78389045967	798.72998046875
1510.28355295299	797.385009765625
1512.78244348913	796.914978027344
1515.28056240178	796.840026855469
1517.77791002445	795.85498046875
1520.27448669047	795.059997558594
1522.77029273296	796.010009765625
1525.26532848486	795.344970703125
1527.75959427889	796.284973144531
1530.25309044764	796.534973144531
1532.74581732344	797.097473144531
1535.23777523847	797.659973144531
1537.72896452471	797.419982910156
1540.21938551394	796.47998046875
1542.70903853778	798.5
1545.19792392761	801.77001953125
1547.68604201466	803.275024414063
1550.17339312997	805.840026855469
1552.65997760434	807.244995117188
1555.14579576845	807.75
1557.63084795275	808.890014648438
1560.11513448749	808.489990234375
1562.59865570276	809.325012207031
1565.08141192845	809.285034179688
1567.56340349426	809.244995117188
1570.04463072969	808.580017089844
1572.52509396406	808.775024414063
1575.00479352652	809.715026855469
1577.48372974599	811.830017089844
1579.96190295124	814.284973144531
1582.43931347083	816.510009765625
1584.91596163314	817.650024414063
1587.39184776636	817.349975585938
1589.86697219849	819.260009765625
1592.34133525734	821.164978027344
1594.81493727054	823.085021972656
1597.28777856553	825.359985351563
1599.75985946955	827.64501953125
1602.23118030968	831.75
1604.70174141278	836.335021972656
1607.17154310555	837.724975585938
1609.64058571449	840.515014648438
1612.10886956591	839.929992675781
1614.57639498595	838.405029296875
1617.04316230054	836.585021972656
1619.50917183543	835.719970703125
1621.97442391621	834.909973144531
1624.43891886825	833.914978027344
1626.90265701674	834.030029296875
1629.36563868671	833.025024414063
1631.82786420296	831.905029296875
1634.28933389016	834.320007324219
1636.75004807274	837.309997558594
1639.21000707498	841.929992675781
1641.66921122097	847.710021972656
1644.12766083459	854.695007324219
1646.58535623956	859.25
1649.04229775941	863.700012207031
1651.4984857175	871.210021972656
1653.95392043697	876.344970703125
1656.40860224079	879.35498046875
1658.86253145177	881.010009765625
1661.3157083925	880.900024414063
1663.76813338542	879.969970703125
1666.21980675275	878.184997558594
1668.67072881656	872.705017089844
1671.1208998987	866.775024414063
1673.57032032089	863.780029296875
1676.0189904046	858.744995117188
1678.46691047118	852.284973144531
1680.91408084174	845.315002441406
1683.36050183726	838.239990234375
1685.8061737785	832.224975585938
1688.25109698605	825.590026855469
1690.69527178032	820.409973144531
1693.13869848153	813.755004882813
1695.58137740972	807.784973144531
1698.02330888476	803.034973144531
1700.46449322631	798.739990234375
1702.90493075388	793.534973144531
1705.34462178678	789.554992675781
1707.78356664414	787.455017089844
1710.22176564492	785.765014648438
1712.65921910787	783.859985351563
1715.0959273516	782.335021972656
1717.53189069449	781.570007324219
1719.9671094548	781.864990234375
1722.40158395054	780.960021972656
1724.8353144996	779.234985351563
1727.26830141965	777.780029296875
1729.70054502819	778.210021972656
1732.13204564255	778.385009765625
1734.56280357987	777.780029296875
1736.99281915711	777.294982910156
1739.42209269106	777.340026855469
1741.85062449831	776.505004882813
1744.27841489529	775.489990234375
1746.70546419823	774.905029296875
1749.13177272321	774.715026855469
1751.5573407861	773.869995117188
1753.98216870262	773.39501953125
1756.40625678828	773.549987792969
1758.82960535844	774.025024414063
1761.25221472825	773.364990234375
1763.67408521271	772.804992675781
1766.09521712663	772.164978027344
1768.51561078464	772.090026855469
1770.93526650119	772.614990234375
1773.35418459056	772.260009765625
1775.77236536684	772.244995117188
1778.18980914396	770.994995117188
1780.60651623565	770.659973144531
1783.02248695548	771.60498046875
1785.43772161684	771.679992675781
1787.85222053292	771.965026855469
1790.26598401677	770.75
1792.67901238123	770.684997558594
1795.09130593899	770.054992675781
1797.50286500254	769.284973144531
1799.9136898842	768.974975585938
1802.32378089613	769.22998046875
1804.73313835028	769.179992675781
1807.14176255846	769.130004882813
1809.54965383228	769.377502441406
1811.95681248317	769.625
1814.36323882242	769.405029296875
1816.76893316109	769.114990234375
1819.17389581011	768.929992675781
1821.57812708021	768.460021972656
1823.98162728196	768.044982910156
1826.38439672573	768.455017089844
1828.78643572174	768.478332519531
1831.18774458003	768.501708984375
1833.58832361045	768.525024414063
1835.98817312269	768.289978027344
1838.38729342625	768.119995117188
1840.78568483048	768.174987792969
1843.18334764454	767.474975585938
1845.58028217741	767.760009765625
1847.9764887379	767.594970703125
1850.37196763465	767.429992675781
1852.76671917613	767.60498046875
1855.16074367062	767.575012207031
1857.55404142624	767.554992675781
1859.94661275094	767.460021972656
1862.33845795247	767.554992675781
1864.72957733844	767.255004882813
1867.11997121627	767.294982910156
1869.5096398932	767.02001953125
1871.89858367631	766.460021972656
1874.28680287251	767.460021972656
1876.67429778851	767.424987792969
1879.06106873089	767.784973144531
1881.44711600601	767.215026855469
1883.8324399201	766.789978027344
1886.21704077919	766.465026855469
1888.60091888915	767.434997558594
1890.98407455567	766.909973144531
1893.36650808428	767.117492675781
1895.74821978033	767.325012207031
1898.12920994899	766.809997558594
1900.50947889527	767.080017089844
1902.88902692401	766.679992675781
1905.26785433986	767.260009765625
1907.64596144734	766.804992675781
1910.02334855075	766.924987792969
1912.40001595424	767.044982910156
1914.7759639618	767.244995117188
1917.15119287724	767.119995117188
1919.52570300419	766.994995117188
1921.89949464611	767.080017089844
1924.27256810632	766.599975585938
1926.64492368793	766.934997558594
1929.0165616939	766.934997558594
1931.38748242701	766.705017089844
1933.75768618989	766.594970703125
1936.12717328497	766.284973144531
1938.49594401455	767.554992675781
1940.86399868071	767.359985351563
1943.23133758541	766.955017089844
1945.5979610304	767.184997558594
1947.96386931729	767.445007324219
1950.32906274751	766.429992675781
1952.69354162232	766.924987792969
1955.0573062428	767.210021972656
1957.42035690989	766.390014648438
1959.78269392434	766.684997558594
1962.14431758673	766.419982910156
1964.50522819748	766.864990234375
1966.86542605684	766.89501953125
1969.22491146488	767.590026855469
1971.58368472153	767.715026855469
1973.94174612654	767.065002441406
1976.29909597945	767.460021972656
1978.65573457971	767.239990234375
1981.01166222654	767.140014648438
1983.36687921902	766.484985351563
1985.72138585606	766.724975585938
1988.07518243639	766.494995117188
1990.42826925859	766.559997558594
1992.78064662106	766.625
1995.13231482205	767.325012207031
1997.48327415961	767.200012207031
1999.83352493167	767.530029296875
2002.18306743594	767.544982910156
2004.53190197002	768.25
2006.8800288313	767.205017089844
2009.22744831703	766.494995117188
2011.57416072427	765.815002441406
2013.92016634993	767.02001953125
2016.26546549076	767.015014648438
2018.61005844332	767.184997558594
2020.95394550404	766.690002441406
2023.29712696915	766.585021972656
2025.63960313474	767.179992675781
2027.98137429672	766.830017089844
2030.32244075083	766.719970703125
2032.66280279266	767.090026855469
2035.00246071763	767.095031738281
2037.34141482099	767.099975585938
2039.67966539784	767.10498046875
2042.01721274309	766.969970703125
2044.35405715151	766.864990234375
2046.69019891769	767.039978027344
2049.02563833606	767.260009765625
2051.3603757009	767.450012207031
2053.6944113063	767.445007324219
2056.0277454462	768.385009765625
2058.36037841439	768.304992675781
2060.69231050446	767.885009765625
2063.02354200988	767.994995117188
2065.35407322392	767.75
2067.68390443971	767.989990234375
2070.01303595021	768.22998046875
2072.3414680482	767.369995117188
2074.66920102633	767.825012207031
2076.99623517706	767.859985351563
2079.32257079271	768.364990234375
2081.6482081654	769.219970703125
2083.97314758713	768.575012207031
2086.29738934971	768.780029296875
2088.62093374481	768.315002441406
2090.94378106391	768.590026855469
2093.26593159835	767.830017089844
2095.5873856393	768.489990234375
2097.90814347777	768.359985351563
2100.2282054046	768.905029296875
2102.54757171048	768.950012207031
2104.86624268594	769.599975585938
2107.18421862133	769.625
2109.50149980686	769.255004882813
2111.81808653257	769.669982910156
2114.13397908834	769.409973144531
2116.44917776388	770.015014648438
2118.76368284875	770.030029296875
2121.07749463235	769.914978027344
2123.39061340391	769.909973144531
2125.70303945252	770.015014648438
2128.01477306707	769.885009765625
2130.32581453634	769.950012207031
2132.63616414891	768.97998046875
2134.94582219322	769.599975585938
2137.25478895754	769.219970703125
2139.56306472999	770.455017089844
2141.87064979851	770.64501953125
2144.17754445092	770.474975585938
2146.48374897484	769.75
2148.78926365774	770.494995117188
2151.09408878695	770.094970703125
2153.39822464963	769.755004882813
2155.70167153277	769.635009765625
2158.00442972321	769.799987792969
2160.30649950763	770.534973144531
2162.60788117256	770.525024414063
2164.90857500436	770.515014648438
2167.20858128923	770.815002441406
2169.50790031323	770.065002441406
2171.80653236223	770.234985351563
2174.10447772198	770.664978027344
2176.40173667804	770.405029296875
2178.69830951582	770.695007324219
2180.99419652058	771.054992675781
2183.28939797743	769.849975585938
2185.5839141713	769.909973144531
2187.87774538698	769.570007324219
2190.17089190908	768.700012207031
2192.46335402209	768.765014648438
2194.75513201032	769.625
2197.04622615791	769.492492675781
2199.33663674886	769.359985351563
2201.62636406702	769.227478027344
2203.91540839606	769.094970703125
2206.20377001952	768.794982910156
2208.49144922077	768.52001953125
2210.77844628302	769.85498046875
2213.06476148933	769.924987792969
2215.3503951226	769.630004882813
2217.63534746557	769.325012207031
2219.91961880085	769.385009765625
2222.20320941085	768.674987792969
2224.48611957785	769.85498046875
2226.76834958399	769.184997558594
2229.04989971122	769.35498046875
2231.33077024136	769.52001953125
2233.61096145607	769.255004882813
2235.89047363683	769.284973144531
2238.169307065	769.664978027344
2240.44746202178	768.809997558594
2242.72493878819	768.625
2245.00173764511	769.335021972656
2247.27785887327	769.015014648438
2249.55330275324	769.679992675781
2251.82806956545	770.005004882813
2254.10215959014	769.9599609375
2256.37557310744	769.914978027344
2258.64831039729	769.934997558594
2260.92037173949	769.434997558594
2263.19175741368	769.015014648438
2265.46246769938	769.224975585938
2267.7325028759	769.496643066406
2270.00186322243	769.768310546875
2272.270549018	770.039978027344
2274.5385605415	769.60498046875
2276.80589807165	769.635009765625
2279.07256188702	769.775024414063
2281.33855226601	770.02001953125
2283.60386948691	770.172485351563
2285.86851382782	770.325012207031
2288.1324855667	770.159973144531
2290.39578498136	769.619995117188
2292.65841234945	769.085021972656
2294.92036794847	769.159973144531
2297.18165205578	769.375
2299.44226494856	769.705017089844
2301.70220690387	769.294982910156
2303.96147819859	769.940002441406
2306.22007910947	769.849975585938
2308.47800991309	769.655029296875
2310.73527088589	770.330017089844
2312.99186230416	770.190002441406
2315.24778444403	770.419982910156
2317.50303758149	769.780029296875
2319.75762199235	770.159973144531
2322.01153795231	770.469970703125
2324.26478573689	770.294982910156
2326.51736562147	770.844970703125
2328.76927788127	771.39501953125
2331.02052279137	771.945007324219
2333.2711006267	770.599975585938
2335.52101166203	770.89501953125
2337.77025617198	771.280029296875
2340.01883443103	771.390014648438
2342.2667467135	770.780029296875
2344.51399329356	769.955017089844
2346.76057444525	769.690002441406
2349.00649044241	769.934997558594
2351.2517415588	770.325012207031
2353.49632806796	770.585021972656
2355.74025024334	770.385009765625
2357.98350835819	770.010009765625
2360.22610268566	770.190002441406
2362.4680334987	769.304992675781
2364.70930107016	769.570007324219
2366.94990567269	769.760009765625
2369.18984757884	769.080017089844
2371.42912706098	769.10498046875
2373.66774439134	769.919982910156
2375.90569984199	770.39501953125
2378.14299368488	770.39501953125
2380.37962619179	770.340026855469
2382.61559763435	770.315002441406
2384.85090828405	769.52001953125
2387.08555841222	770.27001953125
2389.31954829006	769.902465820313
2391.55287818861	769.534973144531
2393.78554837877	769.510009765625
2396.01755913128	769.599975585938
2398.24891071673	769.445007324219
2400.47960340558	769.630004882813
2402.70963746814	769.869995117188
2404.93901317456	769.885009765625
2407.16773079485	769.868347167969
2409.39579059887	769.851684570313
2411.62319285633	769.835021972656
2413.84993783681	769.867553710938
2416.07602580971	769.900024414063
2418.30145704432	769.794982910156
2420.52623180977	770.224975585938
2422.75035037503	770.261657714844
2424.97381300893	770.29833984375
2427.19661998017	770.335021972656
2429.41877155729	769.760009765625
2431.64026800867	770.080017089844
2433.86110960257	770.455017089844
2436.08129660709	770.869995117188
2438.30082929019	771.015014648438
2440.51970791967	771.304992675781
2442.73793276321	771.594970703125
2444.95550408832	771.719970703125
2447.17242216237	770.664978027344
2449.38868725259	770.039978027344
2451.60429962607	770.080017089844
2453.81925954975	769.505004882813
2456.03356729041	770.010009765625
2458.2472231147	770.919982910156
2460.46022728913	770.780029296875
2462.67258008005	771.585021972656
2464.88428175368	771.369995117188
2467.09533257608	770.880004882813
2469.30573281318	770.484985351563
2471.51548273076	770.679992675781
2473.72458259445	770.799987792969
2475.93303266974	771.325012207031
2478.14083322198	771.585021972656
2480.34798451637	771.669982910156
2482.55448681797	771.710021972656
2484.76034039169	772.405029296875
2486.96554550231	772.184997558594
2489.17010241445	772.934997558594
2491.37401139259	772.869995117188
2493.57727270109	771.890014648438
2495.77988660412	772.635009765625
2497.98185336574	773.679992675781
2500.18317324987	773.179992675781
2502.38384652028	772.565002441406
2504.58387344058	772.474975585938
2506.78325427425	773.22998046875
2508.98198928465	772.465026855469
2511.18007873495	773.219970703125
2513.37752288821	773.60498046875
2515.57432200735	773.340026855469
2517.77047635514	772.885009765625
2519.96598619419	772.965026855469
2522.16085178699	773.210021972656
2524.35507339589	773.809997558594
2526.54865128308	774.690002441406
2528.74158571062	773.89501953125
2530.93387694042	774.27001953125
2533.12552523427	773.914978027344
2535.31653085379	773.989990234375
2537.50689406046	774.330017089844
2539.69661511566	774.125
2541.88569428057	774.585021972656
2544.07413181627	774.715026855469
2546.26192798368	775.005004882813
2548.44908304359	775.239990234375
2550.63559725664	775.127502441406
2552.82147088333	775.015014648438
2555.00670418402	775.474975585938
2557.19129741894	775.215026855469
2559.37525084817	775.085021972656
2561.55856473164	775.359985351563
2563.74123932917	775.440002441406
2565.92327490039	775.455017089844
2568.10467170484	775.885009765625
2570.28543000189	775.969970703125
2572.46555005079	776.054992675781
2574.64503211063	775.414978027344
2576.82387644036	774.960021972656
2579.00208329882	774.674987792969
2581.17965294468	776.919982910156
2583.35658563648	776.349975585938
2585.53288163263	776.440002441406
2587.70854119137	777.030029296875
2589.88356457084	776.344970703125
2592.05795202902	777.070007324219
2594.23170382376	777.164978027344
2596.40482021275	777.275024414063
2598.57730145356	777.405029296875
2600.74914780363	776.549987792969
2602.92035952023	777.284973144531
2605.09093686053	777.984985351563
2607.26088008153	778.505004882813
2609.4301894401	778.85498046875
2611.59886519299	778.965026855469
2613.76690759678	778.260009765625
2615.93431690793	778.760009765625
2618.10109338277	778.724975585938
2620.26723727748	779.830017089844
2622.4327488481	780.260009765625
2624.59762835054	781.210021972656
2626.76187604057	781.679992675781
2628.92549217382	781.400024414063
2631.08847700579	782.005004882813
2633.25083079182	781.695007324219
2635.41255378715	781.184997558594
2637.57364624684	781.590026855469
2639.73410842586	781.409973144531
2641.893940579	782.179992675781
2644.05314296094	782.570007324219
2646.21171582621	783.085021972656
2648.36965942921	783.739990234375
2650.5269740242	783.900024414063
2652.6836598653	784.179992675781
2654.83971720651	784.114990234375
2656.99514630167	783.059997558594
2659.1499474045	783.534973144531
2661.30412076857	784.294982910156
2663.45766664734	784.97998046875
2665.61058529411	786.719970703125
2667.76287696204	787.215026855469
2669.91454190418	786.344970703125
2672.06558037342	786.809997558594
2674.21599262253	787.789978027344
2676.36577890413	787.554992675781
2678.51493947072	787.669982910156
2680.66347457466	787.390014648438
2682.81138446816	788.825012207031
2684.95866940332	790.239990234375
2687.10532963209	789.47998046875
2689.25136540628	790.455017089844
2691.39677697757	791.25
2693.54156459752	791.909973144531
2695.68572851753	791.02001953125
2697.82926898888	791.460021972656
2699.97218626272	792.744995117188
2702.11448059006	794.10498046875
2704.25615222175	795.239990234375
2706.39720140856	796.049987792969
2708.53762840109	797.179992675781
2710.67743344979	799.02001953125
2712.81661680503	800.35498046875
2714.95517871698	801.72998046875
2717.09311943574	801.85498046875
2719.23043921123	801.484985351563
2721.36713829325	805.27001953125
2723.50321693148	806.614990234375
2725.63867537545	806.215026855469
2727.77351387456	806.780029296875
2729.90773267809	808.080017089844
2732.04133203516	808.409973144531
2734.17431219478	808.60498046875
2736.30667340581	809.284973144531
2738.438415917	809.85498046875
2740.56953997695	808.559997558594
2742.70004583414	809.114990234375
2744.82993373688	807.424987792969
2746.9592039334	806.380004882813
2749.08785667177	807.534973144531
2751.21589219993	807.674987792969
2753.34331076568	806.275024414063
2755.4701126167	804.054992675781
2757.59629800054	804.780029296875
2759.7218671646	806.994995117188
2761.84682035617	806.690002441406
2763.9711578224	807.075012207031
2766.0948798103	807.695007324219
2768.21798656676	806.575012207031
2770.34047833852	804.775024414063
2772.46235537222	804.320007324219
2774.58361791434	804.635009765625
2776.70426621124	804.885009765625
2778.82430050915	804.640014648438
2780.94372105416	803.554992675781
2783.06252809224	801.705017089844
2785.18072186922	803.085021972656
2787.29830263081	804.799987792969
2789.41527062257	805.35498046875
2791.53162608996	805.25
2793.64736927828	804.924987792969
2795.76250043271	805.565002441406
2797.8770197983	805.60498046875
2799.99092761997	805.815002441406
2802.10422414252	805.174987792969
2804.21690961059	806.460021972656
2806.32898426873	809.030029296875
2808.44044836132	811.695007324219
2810.55130213264	814.059997558594
2812.66154582682	814.969970703125
2814.77117968788	817.190002441406
2816.8802039597	820.039978027344
2818.98861888601	822.97998046875
2821.09642471046	823.969970703125
2823.20362167653	826.804992675781
2825.31021002756	830.784973144531
2827.41619000682	834.715026855469
2829.52156185738	837.25
2831.62632582224	841.309997558594
2833.73048214422	846.090026855469
2835.83403106606	852.784973144531
2837.93697283033	857.880004882813
2840.03930767951	864.080017089844
2842.1410358559	870.489990234375
2844.24215760173	878.924987792969
2846.34267315905	890.375
2848.44258276982	906.085021972656
2850.54188667585	916.859985351563
2852.64058511883	927.684997558594
2854.73867834032	940.059997558594
2856.83616658175	954.575012207031
2858.93305008443	971.989990234375
2861.02932908952	985.419982910156
2863.12500383809	1002.04498291016
2865.22007457104	1016.26501464844
2867.31454152918	1036.01501464844
2869.40840495316	1056.15502929688
2871.50166508353	1075.47998046875
2873.59432216069	1094.03503417969
2875.68637642493	1113.28002929688
2877.77782811641	1121.02502441406
2879.86867747515	1122.82495117188
2881.95892474105	1128.82495117188
2884.0485701539	1140.02001953125
2886.13761395333	1154.22497558594
2888.22605637886	1166.72497558594
2890.3138976699	1163.17504882813
2892.40113806571	1158.2900390625
2894.48777780544	1165.93005371094
2896.57381712808	1176.59997558594
2898.65925627254	1189.39501953125
2900.74409547758	1202.55004882813
2902.82833498183	1212.68994140625
2904.9119750238	1215.86999511719
2906.99501584188	1218.51000976563
2909.07745767432	1228.21496582031
2911.15930075925	1245.69494628906
2913.24054533469	1258.15002441406
2915.3211916385	1270.43005371094
2917.40123990846	1284.80004882813
2919.48069038217	1305.05505371094
2921.55954329716	1324.08996582031
2923.63779889079	1332.67004394531
2925.71545740033	1339.72497558594
2927.79251906289	1346.91003417969
2929.86898411548	1358.53503417969
2931.94485279498	1368.31494140625
2934.02012533815	1377.03503417969
2936.0948019816	1377.73510742188
2938.16888296184	1378.43505859375
2940.24236851525	1360.77502441406
2942.31525887809	1353.71997070313
2944.38755428648	1345.41003417969
2946.45925497643	1325.42504882813
2948.53036118382	1294.22497558594
2950.6008731444	1275.5849609375
2952.67079109381	1259.48498535156
2954.74011526755	1239.06494140625
2956.80884590101	1220.68505859375
2958.87698322944	1206.06994628906
2960.94452748799	1197.375
2963.01147891167	1197.43994140625
2965.07783773535	1185.22998046875
2967.14360419382	1169.36999511719
2969.2087785217	1157.1650390625
2971.27336095352	1145.01000976563
2973.33735172366	1126.90002441406
2975.40075106641	1108.07495117188
2977.46355921591	1095.16003417969
2979.52577640618	1087.61999511719
2981.58740287112	1074.11999511719
2983.64843884452	1064.74499511719
2985.70888456003	1054.15502929688
2987.76874025117	1035.43005371094
2989.82800615137	1014.45501708984
2991.88668249391	1001.29498291016
2993.94476951194	991.940002441406
2996.00226743852	977.695007324219
2998.05917650657	963.97998046875
3000.11549694887	953.525024414063
3002.17122899812	943.150024414063
3004.22637288685	934.549987792969
3006.2809288475	924.289978027344
3008.33489711238	912.724975585938
3010.38827791368	901.969970703125
3012.44107148345	892.315002441406
3014.49327805366	888.030029296875
3016.5448978561	883.784973144531
3018.59593112249	879.804992675781
3020.64637808441	875.22998046875
3022.6962389733	870.034973144531
3024.74551402051	865.150024414063
3026.79420345725	861.72998046875
3028.84230751461	859.094970703125
3030.88982642357	856.544982910156
3032.93676041497	857.690002441406
3034.98310971955	860.739990234375
3037.02887456791	862.445007324219
3039.07405519054	862.89501953125
3041.11865181781	861.280029296875
3043.16266467996	860.349975585938
3045.20609400713	864.385009765625
3047.24894002932	867.784973144531
3049.2912029764	871.119995117188
3051.33288307815	872.299987792969
3053.37398056421	874.515014648438
3055.41449566411	878.10498046875
3057.45442860725	880.755004882813
3059.49377962291	882.234985351563
3061.53254894026	884.289978027344
3063.57073678834	887.070007324219
3065.60834339607	888.155029296875
3067.64536899227	883.955017089844
3069.68181380561	879.859985351563
3071.71767806467	876.830017089844
3073.75296199788	872.72998046875
3075.78766583357	867.580017089844
3077.82178979997	863.054992675781
3079.85533412513	858.775024414063
3081.88829903705	857.864990234375
3083.92068476356	854.179992675781
3085.95249153241	851.195007324219
3087.98371957119	849.965026855469
3090.01436910741	849.835021972656
3092.04444036844	849.755004882813
3094.07393358152	848.280029296875
3096.10284897381	844.914978027344
3098.13118677232	843.89501953125
3100.15894720395	843.885009765625
3102.18613049548	845.320007324219
3104.21273687357	847.299987792969
3106.23876656477	848.090026855469
3108.2642197955	850.119995117188
3110.28909679208	848.369995117188
3112.31339778069	847.385009765625
3114.33712298741	846.775024414063
3116.36027263819	847.14501953125
3118.38284695887	849.765014648438
3120.40484617516	851.315002441406
3122.42627051268	852.570007324219
3124.4471201969	853.275024414063
3126.46739545319	851.630004882813
3128.4870965068	850.390014648438
3130.50622358287	852.630004882813
3132.5247769064	854.565002441406
3134.54275670229	855.27001953125
3136.56016319534	856.47998046875
3138.57699661019	857.744995117188
3140.59325717139	858.619995117188
3142.60894510338	858.065002441406
3144.62406063047	859.289978027344
3146.63860397686	859.609985351563
3148.65257536662	860.549987792969
3150.66597502371	861.494995117188
3152.67880317199	861.909973144531
3154.69106003518	861.809997558594
3156.70274583691	863.224975585938
3158.71386080065	867.190002441406
3160.72440514981	869.219970703125
3162.73437910763	870.609985351563
3164.74378289728	871.599975585938
3166.75261674179	870.60498046875
3168.76088086407	870.10498046875
3170.76857548692	869.830017089844
3172.77570083303	876.179992675781
3174.78225712498	878.255004882813
3176.78824458521	880.585021972656
3178.79366343607	880.630004882813
3180.79851389977	879.77001953125
3182.80279619844	880.825012207031
3184.80651055405	883.840026855469
3186.80965718849	885.914978027344
3188.81223632353	886.700012207031
3190.81424818081	886.934997558594
3192.81569298186	888.719970703125
3194.8165709481	891.215026855469
3196.81688230084	890.955017089844
3198.81662726126	892.054992675781
3200.81580605044	893.640014648438
3202.81441888933	896.510009765625
3204.81246599879	900.744995117188
3206.80994759954	901.97998046875
3208.80686391219	902.585021972656
3210.80321515726	906.619995117188
3212.79900155512	909.340026855469
3214.79422332605	907.414978027344
3216.78888069021	910.474975585938
3218.78297386765	915.614990234375
3220.77650307828	913.669982910156
3222.76946854195	914.22998046875
3224.76187047834	915.744995117188
3226.75370910705	916.054992675781
3228.74498464755	912.469970703125
3230.73569731921	913.575012207031
3232.72584734127	918.284973144531
3234.71543493287	925.059997558594
3236.70446031304	924.640014648438
3238.69292370068	926.924987792969
3240.68082531459	926.690002441406
3242.66816537345	925.984985351563
3244.65494409583	926.489990234375
3246.6411617002	928.385009765625
3248.62681840488	931.739990234375
3250.61191442812	934.919982910156
3252.59644998804	935.070007324219
3254.58042530263	932.969970703125
3256.56384058979	936.044982910156
3258.54669606731	938.030029296875
3260.52899195285	935.690002441406
3262.51072846396	934.635009765625
3264.4919058181	939.179992675781
3266.47252423259	944.64501953125
3268.45258392464	948.72998046875
3270.43208511138	950.22998046875
3272.41102800978	951.625
3274.38941283675	954
3276.36723980904	952.614990234375
3278.34450914332	951.159973144531
3280.32122105613	952.60498046875
3282.29737576392	956.450012207031
3284.272973483	956.715026855469
3286.24801442958	957.809997558594
3288.22249881978	959.440002441406
3290.19642686957	962.039978027344
3292.16979879485	963.934997558594
3294.14261481136	963.837524414063
3296.11487513478	963.739990234375
3298.08657998065	956.5
3300.0577295644	954.125
3302.02832410136	955.135009765625
3303.99836380673	959.609985351563
3305.96784889563	963.419982910156
3307.93677958303	965.294982910156
3309.90515608383	968.72998046875
3311.87297861278	967.005004882813
3313.84024738456	962.924987792969
3315.80696261371	959.650024414063
3317.77312451466	957.950012207031
3319.73873330175	960.554992675781
3321.70378918919	961.200012207031
3323.66829239109	961.534973144531
3325.63224312145	961.585021972656
3327.59564159416	962.289978027344
3329.55848802299	963.684997558594
3331.52078262162	961.424987792969
3333.4825256036	958.405029296875
3335.44371718237	956.059997558594
3337.40435757128	955.630004882813
3339.36444698356	956.599975585938
3341.32398563232	958.515014648438
3343.28297373058	959.419982910156
3345.24141149124	957.955017089844
3347.19929912709	956.955017089844
3349.15663685081	959.27001953125
3351.11342487497	959.065002441406
3353.06966341204	959.179992675781
3355.02535267437	961.005004882813
3356.98049287421	961.015014648438
3358.9350842237	960.025024414063
3360.88912693486	961.424987792969
3362.84262121962	962.565002441406
3364.79556728978	961.450012207031
3366.74796535705	964.369995117188
3368.69981563302	964.2783203125
3370.65111832917	964.186645507813
3372.60187365689	964.094970703125
3374.55208182744	962.219970703125
3376.50174305198	962.405029296875
3378.45085754157	960.419982910156
3380.39942550714	960.260009765625
3382.34744715954	960.075012207031
3384.29492270949	958.085021972656
3386.24185236761	953.965026855469
3388.18823634442	956.39501953125
3390.13407485031	959.669982910156
3392.07936809559	958.455017089844
3394.02411629045	954.554992675781
3395.96831964496	955.869995117188
3397.91197836911	958.515014648438
3399.85509267275	957.655029296875
3401.79766276564	956.794982910156
3403.73968885745	955.419982910156
3405.68117115771	953.950012207031
3407.62210987586	956.559997558594
3409.56250522123	954.5
3411.50235740305	953.47998046875
3413.44166663043	955.72998046875
3415.38043311238	956.1533203125
3417.3186570578	956.57666015625
3419.2563386755	957
3421.19347817415	952.349975585938
3423.13007576235	952.549987792969
3425.06613164857	956.164978027344
3427.00164604118	955.335021972656
3428.93661914844	952.830017089844
3430.87105117852	948.755004882813
3432.80494233945	946.299987792969
3434.73829283919	944.650024414063
3436.67110288558	947.669982910156
3438.60337268634	949.715026855469
3440.53510244911	950.364990234375
3442.4662923814	949.585021972656
3444.39694269064	946.409973144531
3446.32705358412	942.875
3448.25662526905	940.989990234375
3450.18565795254	942.659973144531
3452.11415184156	942.715026855469
3454.04210714302	940.820007324219
3455.96952406369	936.72998046875
3457.89640281024	936.474975585938
3459.82274358924	934.14501953125
3461.74854660717	932.299987792969
3463.67381207038	926.35498046875
3465.59854018513	926.630004882813
3467.52273115756	928.132507324219
3469.44638519373	929.635009765625
3471.36950249956	925.205017089844
3473.29208328091	924.609985351563
3475.21412774349	925.195007324219
3477.13563609293	920.344970703125
3479.05660853476	914.140014648438
3480.97704527438	912.114990234375
3482.89694651712	913.784973144531
3484.81631246818	912.695007324219
3486.73514333266	908.450012207031
3488.65343931557	902.015014648438
3490.57120062179	898.094970703125
3492.48842745612	897.875
3494.40512002324	899.484985351563
3496.32127852773	898.880004882813
3498.23690317408	896.60498046875
3500.15199416666	895.099975585938
3502.06655170974	891.989990234375
3503.98057600749	890.219970703125
3505.89406726396	887.474975585938
3507.80702568312	884.614990234375
3509.71945146883	880.60498046875
3511.63134482483	877.085021972656
3513.54270595478	876.830017089844
3515.45353506222	877.10498046875
3517.3638323506	874.789978027344
3519.27359802324	872.234985351563
3521.1828322834	868.940002441406
3523.09153533419	866.359985351563
3524.99970737866	864.885009765625
3526.90734861972	858.97998046875
3528.81445926021	856.780029296875
3530.72103950283	858.75
3532.62708955022	857.289978027344
3534.53260960488	855.119995117188
3536.43759986923	852.715026855469
3538.34206054558	850.52001953125
3540.24599183613	847.35498046875
3542.149393943	842.89501953125
3544.05226706817	840.684997558594
3545.95461141357	840.039978027344
3547.85642718097	836.950012207031
3549.75771457208	837.344970703125
3551.6584737885	836.945007324219
3553.55870503171	835.570007324219
3555.4584085031	832.85498046875
3557.35758440396	831.27001953125
3559.25623293548	826.700012207031
3561.15435429874	823.275024414063
3563.05194869473	823.140014648438
3564.94901632432	824.200012207031
3566.84555738829	824.455017089844
3568.74157208732	822.14501953125
3570.63706062199	820.885009765625
3572.53202319277	818.900024414063
3574.42646000003	817.385009765625
3576.32037124406	816.289978027344
3578.213757125	813.690002441406
3580.10661784295	812.10498046875
3581.99895359786	811.744995117188
3583.8907645896	810.155029296875
3585.78205101794	810.184997558594
3587.67281308254	808.039978027344
3589.56305098297	805.880004882813
3591.4527649187	804.484985351563
3593.34195508907	803.869995117188
3595.23062169338	804.015014648438
3597.11876493075	802.419982910156
3599.00638500027	800.880004882813
3600.89348210089	798.554992675781
3602.78005643148	797.77001953125
3604.66610819078	796.585021972656
3606.55163757747	796.539978027344
3608.4366447901	794.260009765625
3610.32113002713	792.914978027344
3612.20509348693	793.22998046875
3614.08853536774	792.700012207031
3615.97145586773	791.309997558594
3617.85385518497	789.60498046875
3619.7357335174	788.364990234375
3621.61709106289	786.724975585938
3623.4979280192	786.565002441406
3625.37824458399	784.650024414063
3627.25804095482	781.789978027344
3629.13731732915	780.585021972656
3631.01607390435	781.140014648438
3632.89431087767	780.465026855469
3634.77202844629	779.825012207031
3636.64922680726	777.669982910156
3638.52590615754	775.974975585938
3640.40206669402	775.159973144531
3642.27770861344	773.969970703125
3644.15283211248	772.974975585938
3646.02743738771	771.505004882813
3647.90152463559	770.455017089844
3649.77509405251	769.275024414063
3651.64814583473	768.875
3653.52068017842	768.140014648438
3655.39269727965	768.294982910156
3657.26419733442	767.25
3659.13518053858	765.635009765625
3661.00564708793	765.200012207031
3662.87559717814	764.304992675781
3664.7450310048	763.284973144531
3666.61394876338	762.099975585938
3668.48235064928	762.344970703125
3670.35023685779	761.280029296875
3672.21760758409	760.184997558594
3674.08446302327	759.085021972656
3675.95080337033	757.844970703125
3677.81662882017	757.450012207031
3679.68193956758	756.75
3681.54673580727	755.869995117188
3683.41101773383	755.64501953125
3685.27478554178	754.960021972656
3687.13803942551	754.890014648438
3689.00077957934	753.875
3690.86300619748	753.364990234375
3692.72471947405	753
3694.58591960306	752.659973144531
3696.44660677844	752.505004882813
3698.306781194	752.344970703125
3700.16644304348	751.044982910156
3702.02559252049	750.914978027344
3703.88422981859	750.005004882813
3705.74235513119	749.909973144531
3707.59996865164	749.075012207031
3709.45707057318	749.205017089844
3711.31366108895	748.780029296875
3713.16974039199	748.119995117188
3715.02530867527	747.530029296875
3716.88036613164	746.880004882813
3718.73491295385	746.820007324219
3720.58894933456	746.349975585938
3722.44247546634	745.940002441406
3724.29549154166	745.284973144531
3726.14799775289	745.239990234375
3727.9999942923	744.799987792969
3729.85148135209	745.424987792969
3731.70245912432	745.080017089844
3733.55292780098	744.890014648438
3735.40288757397	744.409973144531
3737.25233863509	744.765014648438
3739.10128117603	744.440002441406
3740.9497153884	743.955017089844
3742.7976414637	743.335021972656
3744.64505959335	743.505004882813
3746.49196996866	743.344970703125
3748.33837278086	743.914978027344
3750.18426822108	743.650024414063
3752.02965648033	743.565002441406
3753.87453774956	743.554992675781
3755.7189122196	742.744995117188
3757.5627800812	742.664978027344
3759.40614152501	742.984985351563
3761.24899674159	742.924987792969
3763.09134592138	742.869995117188
3764.93318925476	742.815002441406
3766.77452693199	742.590026855469
3768.61535914325	742.659973144531
3770.45568607861	742.599975585938
3772.29550792807	742.015014648438
3774.1348248815	742.210021972656
3775.9736371287	741.909973144531
3777.81194485938	741.880004882813
