32.6816976106991	715.080017089844
35.6535599501435	715.080017089844
38.6244374909659	715.034973144531
41.5943306947054	715.234985351563
44.5632400226282	715.090026855469
47.5311659356917	715
50.4981088945929	714.869995117188
53.4640693597127	715.065002441406
56.4290477911676	715.025024414063
59.3930446487746	715.200012207031
62.356060392067	715.094970703125
65.3180954802906	715.005004882813
68.2791503724084	715.119995117188
71.2392255270922	715.034973144531
74.1983214027271	715.10498046875
77.1564384574159	715.25
80.113577148983	715.299987792969
83.0697379349549	715.075012207031
86.0249212725722	715.174987792969
88.9791276188058	715.179992675781
91.9323574303255	715.179992675781
94.8846111635238	715.325012207031
97.8358892745121	715.369995117188
100.786192219114	715.39501953125
103.73552045287	715.22998046875
106.683874431037	715.429992675781
109.631254608583	715.544982910156
112.577661440203	715.72998046875
115.523095380307	715.940002441406
118.467556883015	716.465026855469
121.411046402175	717.159973144531
124.353564391344	718.700012207031
127.295111303796	721.474975585938
130.235687592532	725.765014648438
133.175293710265	733.72998046875
136.113930109434	745.914978027344
139.051597242185	764.27001953125
141.98829556039	786.260009765625
144.92402551564	809.294982910156
147.858787559244	836.52001953125
150.792582142239	863.169982910156
153.725409715372	885.275024414063
156.65727072911	903.625
159.588165633643	914.315002441406
162.518094878884	921.844970703125
165.447058914469	924.315002441406
168.375058189747	923.174987792969
171.302093153792	920.945007324219
174.228164255401	920.75
177.153271943091	923.224975585938
180.077416665101	923.3974609375
183.000598869394	923.570007324219
185.922819003656	923.320007324219
188.84407751529	924.140014648438
191.764374851424	925.330017089844
194.683711458919	929.505004882813
197.60208778434	935.614990234375
200.519504273992	939.304992675781
203.435961373894	945.474975585938
206.351459529801	952.309997558594
209.265999187174	962.869995117188
212.179580791207	974.695007324219
215.092204786825	986.534973144531
218.003871618673	999.844970703125
220.914581731116	1011.04498291016
223.824335568247	1021.41497802734
226.733133573893	1029.32995605469
229.640976191593	1036.78503417969
232.547863864614	1043.38500976563
235.453797035961	1050.81994628906
238.358776148354	1051.05004882813
241.26280164424	1047.30505371094
244.1658739658	1048.08996582031
247.067993554929	1046.88500976563
249.969160853266	1044.48999023438
252.869376302162	1040.91003417969
255.768640342707	1041.10998535156
258.666953415705	1040.18505859375
261.564315961705	1034.76501464844
264.46072842097	1028.42004394531
267.356191233499	1027.20495605469
270.25070483901	1025.30505371094
273.144269676967	1025.14501953125
276.036886186551	1025.66003417969
278.928554806671	1023.43499755859
281.819275975966	1021.25
284.709050132812	1018.17498779297
287.597877715306	1014.93499755859
290.485759161281	1013.57000732422
293.372694908298	1012.15002441406
296.258685393644	1011.70001220703
299.143731054352	1009.90002441406
302.027832327156	1010.19750976563
304.910989648557	1010.49499511719
307.79320345476	1009.88500976563
310.674474181717	1009.71002197266
313.554802265101	1007.59497070313
316.434188140326	1010.38000488281
319.312632242533	1009.15002441406
322.190135006593	1009.76501464844
325.066696867117	1007.56500244141
327.942318258443	1004.25
330.816999614641	1004.71997070313
333.690741369517	1003.96502685547
336.56354395661	999.414978027344
339.435407809193	997.460021972656
342.306333360273	995.815002441406
345.176321042591	991.419982910156
348.045371288612	989.700012207031
350.913484530551	990.414978027344
353.78066120035	991.294982910156
356.64690172969	992.849975585938
359.512206549972	993.900024414063
362.376576092357	990.794982910156
365.240010787716	987.434997558594
368.102511066677	987.200012207031
370.964077359587	989.97998046875
373.82471009654	993.359985351563
376.684409707364	992.299987792969
379.543176621612	989.77001953125
382.401011268595	992.859985351563
385.257914077343	994.375
388.113885476627	996.405029296875
390.968925894961	997.405029296875
393.823035760591	998.364990234375
396.676215501503	1000.71502685547
399.528465545415	1005.28497314453
402.379786319791	1009.96997070313
405.230178251834	1017.78002929688
408.079641768472	1027.375
410.928177296387	1029.39001464844
413.775785261992	1031.71997070313
416.622466091445	1036.10498046875
419.468220210631	1036.83996582031
422.313048045182	1035.42504882813
425.156950020479	1031.875
427.999926561623	1030.04504394531
430.841978093471	1032.95495605469
433.683105040613	1031.28503417969
436.523307827384	1026.68005371094
439.362586877851	1021.80999755859
442.200942615829	1015.39501953125
445.038375464876	1010.59002685547
447.874885848283	1010.50500488281
450.710474189089	1014.59997558594
453.54514091007	1013.71997070313
456.37888643375	1009.43499755859
459.211711182386	1008.90997314453
462.043615577986	1006.08502197266
464.874600042297	1003.04998779297
467.704664996804	1003.51501464844
470.533810862741	1005.05499267578
473.36203806108	1005.73999023438
476.189347012547	1005.98999023438
479.015738137594	1009.01000976563
481.841211856432	1007.97497558594
484.665768589008	1007.41497802734
487.489408755009	1009.41998291016
490.312132773878	1015.42999267578
493.133941064796	1016.96997070313
495.954834046683	1017.95001220703
498.77481213821	1017.40502929688
501.593875757797	1019.79998779297
504.412025323601	1020.08502197266
507.229261253524	1016.75500488281
510.045583965226	1011.82501220703
512.860993876093	1007.95001220703
515.675491403271	1004.84002685547
518.489076963649	1004.16998291016
521.301750973863	1001.03497314453
524.113513850293	998.594970703125
526.924366009065	996.044982910156
529.734307866052	991.330017089844
532.543339836881	990.815002441406
535.35146233692	991.265014648438
538.158675781281	989.284973144531
540.964980584833	982.195007324219
543.770377162182	982.1474609375
546.574865927692	982.099975585938
549.378447295465	977.375
552.181121679365	972.890014648438
554.982889492993	971.669982910156
557.783751149701	970.625
560.583707062591	969.75
563.38275764452	969.530029296875
566.180903308083	969.905029296875
568.978144465633	966.539978027344
571.774481529266	963.580017089844
574.569914910839	962.559997558594
577.364445021949	961.549987792969
580.158072273946	955.469970703125
582.950797077926	955.405029296875
585.742619844752	955.340026855469
588.533540985018	950.77001953125
591.323560909078	947.385009765625
594.112680027034	944.049987792969
596.90089874875	948.325012207031
599.688217483828	949.085021972656
602.474636641629	949.294982910156
605.260156631263	948.760009765625
608.044777861596	945.400024414063
610.828500741241	944.400024414063
613.611325678567	942.580017089844
616.393253081697	944.224975585938
619.174283358506	944.835021972656
621.954416916616	945.525024414063
624.733654163414	946.650024414063
627.511995506029	947.200012207031
630.289441351351	944.469970703125
633.065992106022	941.200012207031
635.841648176434	938.679992675781
638.616409968744	938.755004882813
641.390277888847	941.044982910156
644.163252342408	945.320007324219
646.93533373484	947.739990234375
649.706522471307	948.02001953125
652.47681895674	948.299987792969
655.246223595811	944.809997558594
658.014736792957	944.429992675781
660.782358952371	944.955017089844
663.549090477999	943.719970703125
666.314931773542	944.359985351563
669.079883242452	948.5
671.843945287955	950.974975585938
674.607118313019	949.684997558594
677.369402720366	948.809997558594
680.130798912488	949.429992675781
682.891307291627	949.517456054688
685.650928259784	949.60498046875
688.409662218708	945.195007324219
691.167509569927	943.054992675781
693.924470714705	945.859985351563
696.680546054078	946.315002441406
699.435735988832	943.934997558594
702.190040919516	944.015014648438
704.943461246442	946.065002441406
707.695997369667	945.039978027344
710.447649689022	943.859985351563
713.198418604088	943.260009765625
715.948304514206	943.109985351563
718.697307818481	946.955017089844
721.445428915779	946.997497558594
724.192668204716	947.039978027344
726.93902608368	947.5
729.684502950805	946.840026855469
732.429099204005	946.775024414063
735.172815240936	947.039978027344
737.915651459026	948.474975585938
740.657608255463	948.275024414063
743.398686027186	948.234985351563
746.13888517091	949.534973144531
748.878206083102	953.429992675781
751.616649159998	959.900024414063
754.354214797584	962.02001953125
757.09090339162	963.640014648438
759.826715337622	960.005004882813
762.561651030868	958.52001953125
765.295710866406	957.065002441406
768.028895239041	953.22998046875
770.761204543336	949.775024414063
773.492639173626	947.260009765625
776.223199524006	944.239990234375
778.952885988334	943.049987792969
781.681698960235	941.299987792969
784.40963883309	940.210021972656
787.136706000052	939.760009765625
789.862900854037	940.135009765625
792.588223787721	942.25
795.312675193549	944.385009765625
798.036255463728	945.375
800.758964990228	944.940002441406
803.480804164792	946.174987792969
806.201773378919	947.109985351563
808.921873023884	950.739990234375
811.641103490712	956.085021972656
814.359465170214	960.494995117188
817.076958452946	965.710021972656
819.793583729246	972.044982910156
822.509341389214	982.205017089844
825.224231822712	990.150024414063
827.938255419375	1000.14501953125
830.651412568596	1006.23498535156
833.363703659544	1007.26000976563
836.075129081157	1010.27001953125
838.785689222127	1012.61999511719
841.495384470928	1017.53497314453
844.204215215788	1023.89001464844
846.912181844721	1030.74499511719
849.619284745491	1038.7099609375
852.325524305638	1043.53002929688
855.030900912475	1047.61499023438
857.735414953079	1050.74499511719
860.439066814289	1045.88500976563
863.141856882725	1039.39001464844
865.843785544769	1033.83996582031
868.544853186571	1029.45495605469
871.245060194063	1024.3349609375
873.944406952925	1022.125
876.642893848625	1017.92498779297
879.340521266398	1017.61499023438
882.037289591241	1018.20501708984
884.733199207927	1019.15997314453
887.428250501001	1017.00500488281
890.122443854778	1017.38500976563
892.815779653335	1019.55999755859
895.508258280534	1026.0849609375
898.199880119997	1029.88500976563
900.890645555129	1032.15002441406
903.580554969094	1033
906.269608744832	1028.67504882813
908.957807265056	1027.60998535156
911.645150912257	1030.16003417969
914.331640068689	1030.92004394531
917.017275116375	1033.53002929688
919.702056437128	1037.26501464844
922.385984412518	1042.21997070313
925.069059423886	1047.67004394531
927.751281852366	1058.11499023438
930.432652078842	1067.46496582031
933.113170483983	1073.56494140625
935.79283744823	1075
938.471653351806	1074.71997070313
941.149618574686	1077.2900390625
943.826733496641	1079.80004882813
946.502998497206	1079.69250488281
949.178413955689	1079.5849609375
951.85298025118	1080.32995605469
954.526697762544	1076.75
957.199566868403	1070.41003417969
959.87158794718	1072.63000488281
962.542761377054	1075.06994628906
965.213087535987	1073.53002929688
967.882566801719	1069.89501953125
970.551199551761	1067.375
973.218986163399	1067.35498046875
975.885927013698	1067.3349609375
978.552022479501	1068.56005859375
981.217272937423	1072.98999023438
983.88167876386	1080.47497558594
986.545240334978	1083.59997558594
989.207958026729	1087.9150390625
991.869832214835	1096.04504394531
994.530863274798	1104.44995117188
997.191051581895	1126.93005371094
999.850397511185	1154.86999511719
1002.50890143751	1178.39501953125
1005.16656373546	1192.06005859375
1007.82338477944	1196.43994140625
1010.47936494363	1180.15502929688
1013.13450460195	1149.67504882813
1015.78880412815	1116.64001464844
1018.44226389572	1085.78002929688
1021.09488427794	1066.18505859375
1023.74666564789	1059.20495605469
1026.3976083784	1053.07995605469
1029.04771284208	1056.41003417969
1031.69697941135	1066.2900390625
1034.34540845838	1070.19995117188
1036.99300035512	1067.93505859375
1039.63975547333	1065.6650390625
1042.28567418452	1063.93005371094
1044.93075685998	1064.01501464844
1047.57500387081	1065.60498046875
1050.21841558786	1069.96997070313
1052.86099238177	1075.86499023438
1055.50273462297	1083.34997558594
1058.14364268167	1086.22998046875
1060.78371692784	1089.2099609375
1063.42295773126	1090.34497070313
1066.06136546148	1094.30505371094
1068.69894048781	1099.38000488281
1071.33568317939	1101.08996582031
1073.9715939051	1098.47998046875
1076.60667303362	1095.89501953125
1079.24092093341	1092.65002441406
1081.87433797271	1085.40002441406
1084.50692451954	1080.27502441406
1087.13868094172	1071.06005859375
1089.76960760684	1067.51501464844
1092.39970488226	1066.67504882813
1095.02897313516	1064.96496582031
1097.65741273246	1063.2099609375
1100.28502404089	1058.95495605469
1102.91180742697	1059.23498535156
1105.53776325698	1062.74499511719
1108.16289189701	1061.43505859375
1110.78719371291	1054.60998535156
1113.41066907033	1052.18005371094
1116.0333183347	1056.93505859375
1118.65514187124	1063.56994628906
1121.27614004495	1063.95495605469
1123.89631322061	1061.0400390625
1126.51566176279	1060.9150390625
1129.13418603585	1060.7900390625
1131.75188640394	1057.50500488281
1134.36876323098	1051.33996582031
1136.98481688069	1038.13500976563
1139.60004771655	1022.59997558594
1142.21445610187	1011.21002197266
1144.82804239972	1002.16497802734
1147.44080697295	997.35498046875
1150.05275018421	996.969970703125
1152.66387239593	998.294982910156
1155.27417397034	1001.72998046875
1157.88365526943	1004.10998535156
1160.49231665502	1006.26501464844
1163.10015848867	1011.29498291016
1165.70718113176	1010.88000488281
1168.31338494544	1010.5
1170.91877029067	1004.35498046875
1173.52333752817	1004.48498535156
1176.12708701847	1005.03002929688
1178.73001912187	1001.92498779297
1181.33213419848	999.835021972656
1183.93343260819	999.515014648438
1186.53391471068	998.929992675781
1189.13358086539	993.919982910156
1191.73243143161	991.169982910156
1194.33046676836	991.934997558594
1196.92768723449	995.744995117188
1199.52409318861	1004.10998535156
1202.11968498915	1012.02001953125
1204.7144629943	1018.66998291016
1207.30842756206	1025.17004394531
1209.90157905021	1033.34497070313
1212.49391781634	1036.2900390625
1215.08544421779	1034.14001464844
1217.67615861174	1027.30505371094
1220.26606135512	1022.94000244141
1222.85515280468	1025.32995605469
1225.44343331694	1031.57495117188
1228.03090324823	1038.82995605469
1230.61756295466	1045.51501464844
1233.20341279213	1053.6650390625
1235.78845311634	1062.84497070313
1238.37268428278	1068.47998046875
1240.95610664673	1076.375
1243.53872056325	1082.77001953125
1246.12052638722	1085.23999023438
1248.70152447329	1084.5400390625
1251.28171517591	1083.75500488281
1253.86109884934	1084.9599609375
1256.43967584759	1086.73498535156
1259.0174465245	1089.99499511719
1261.5944112337	1093.5849609375
1264.1705703286	1095.52502441406
1266.74592416241	1094.68505859375
1269.32047308814	1093.07495117188
1271.89421745858	1096.53002929688
1274.46715762633	1095.81494140625
1277.03929394377	1098.60498046875
1279.61062676308	1097.6650390625
1282.18115643624	1096.03002929688
1284.75088331502	1093.18005371094
1287.31980775098	1087.82495117188
1289.88793009548	1086.67504882813
1292.45525069969	1089.30505371094
1295.02176991454	1084.34497070313
1297.58748809078	1081.0400390625
1300.15240557897	1083.88000488281
1302.71652272942	1083.84997558594
1305.27983989229	1087.93005371094
1307.84235741749	1092.82995605469
1310.40407565475	1102.38000488281
1312.9649949536	1110.69995117188
1315.52511566335	1115.64001464844
1318.08443813311	1117.16003417969
1320.64296271181	1117.40502929688
1323.20068974815	1113.875
1325.75761959063	1108.07995605469
1328.31375258756	1108.05505371094
1330.86908908704	1113.52001953125
1333.42362943696	1115.51000976563
1335.97737398503	1116.79504394531
1338.53032307874	1114.43005371094
1341.08247706537	1115.17004394531
1343.63383629202	1111.56005859375
1346.18440110558	1106.58996582031
1348.73417185274	1100.85998535156
1351.28314887997	1092.2099609375
1353.83133253357	1077.13500976563
1356.37872315961	1065.59497070313
1358.92532110398	1060.93994140625
1361.47112671237	1056.75
1364.01614033024	1049.625
1366.56036230288	1041.15502929688
1369.10379297537	1036.0400390625
1371.64643269258	1026.25
1374.18828179921	1019.5
1376.72934063972	1015
1379.2696095584	1013.34497070313
1381.80908889932	1012.18499755859
1384.34777900637	1011.02001953125
1386.88568022323	1012.39001464844
1389.42279289337	1014.32000732422
1391.95911736009	1017.46997070313
1394.49465396645	1018.77502441406
1397.02940305537	1019.22497558594
1399.5633649695	1022.125
1402.09654005135	1026.30505371094
1404.6289286432	1028.82495117188
1407.16053108714	1029.125
1409.69134772507	1029.06005859375
1412.22137889868	1032.36999511719
1414.75062494947	1032.38000488281
1417.27908621874	1032.05004882813
1419.80676304759	1032.29504394531
1422.33365577692	1036.30004882813
1424.85976474744	1039.48498535156
1427.38509029967	1039.51501464844
1429.90963277392	1044.14001464844
1432.4333925103	1053.64501953125
1434.95636984873	1065.67004394531
1437.47856512894	1076.63500976563
1439.99997869045	1096.27502441406
1442.5206108726	1115.76000976563
1445.04046201452	1133.65502929688
1447.55953245515	1146.36999511719
1450.07782253323	1155.68005371094
1452.59533258731	1164.89001464844
1455.11206295574	1162.43994140625
1457.62801397668	1159.98999023438
1460.14318598809	1153.68994140625
1462.65757932774	1144.03503417969
1465.1711943332	1132.31494140625
1467.68403134184	1118.39001464844
1470.19609069085	1102.60498046875
1472.70737271721	1076.81494140625
1475.21787775772	1046.375
1477.72760614897	1018.59997558594
1480.23655822738	997.025024414063
1482.74473432914	981.015014648438
1485.25213479029	961.840026855469
1487.75875994664	949.179992675781
1490.26461013382	938.554992675781
1492.76968568726	930.890014648438
1495.27398694222	923.489990234375
1497.77751423374	917.294982910156
1500.28026789667	915.070007324219
1502.78224826569	915.330017089844
1505.28345567526	911.025024414063
1507.78389045967	910.947509765625
1510.28355295299	910.869995117188
1512.78244348913	906.919982910156
1515.28056240178	904.469970703125
1517.77791002445	904.609985351563
1520.27448669047	904.554992675781
1522.77029273296	906.119995117188
1525.26532848486	907.085021972656
1527.75959427889	907.744995117188
1530.25309044764	908.325012207031
1532.74581732344	909.445007324219
1535.23777523847	910.299987792969
1537.72896452471	909.820007324219
1540.21938551394	909.409973144531
1542.70903853778	911.89501953125
1545.19792392761	918.724975585938
1547.68604201466	925.455017089844
1550.17339312997	931.375
1552.65997760434	934.940002441406
1555.14579576845	940.044982910156
1557.63084795275	937.219970703125
1560.11513448749	934.945007324219
1562.59865570276	934.030029296875
1565.08141192845	936.099975585938
1567.56340349426	934.60498046875
1570.04463072969	933.525024414063
1572.52509396406	931.179992675781
1575.00479352652	932.265014648438
1577.48372974599	937.039978027344
1579.96190295124	940.609985351563
1582.43931347083	943.335021972656
1584.91596163314	947.099975585938
1587.39184776636	948.849975585938
1589.86697219849	951.47998046875
1592.34133525734	955.780029296875
1594.81493727054	959.960021972656
1597.28777856553	963.125
1599.75985946955	967.494995117188
1602.23118030968	974.094970703125
1604.70174141278	986.099975585938
1607.17154310555	996.065002441406
1609.64058571449	1001.07501220703
1612.10886956591	1001.15502929688
1614.57639498595	996.97998046875
1617.04316230054	995.219970703125
1619.50917183543	993.335021972656
1621.97442391621	989.719970703125
1624.43891886825	985.400024414063
1626.90265701674	983.469970703125
1629.36563868671	982.72998046875
1631.82786420296	983.054992675781
1634.28933389016	984.27001953125
1636.75004807274	988.505004882813
1639.21000707498	996.840026855469
1641.66921122097	1008.42999267578
1644.12766083459	1023.48999023438
1646.58535623956	1038.67004394531
1649.04229775941	1049.96997070313
1651.4984857175	1062.84497070313
1653.95392043697	1075.98999023438
1656.40860224079	1085.7099609375
1658.86253145177	1095.125
1661.3157083925	1095.10998535156
1663.76813338542	1095.09497070313
1666.21980675275	1098.38000488281
1668.67072881656	1092.76501464844
1671.1208998987	1081.29504394531
1673.57032032089	1066.43994140625
1676.0189904046	1056.0849609375
1678.46691047118	1046.19494628906
1680.91408084174	1030.65502929688
1683.36050183726	1016.40002441406
1685.8061737785	997.25
1688.25109698605	979.784973144531
1690.69527178032	966.760009765625
1693.13869848153	953.005004882813
1695.58137740972	938.554992675781
1698.02330888476	927.364990234375
1700.46449322631	916.255004882813
1702.90493075388	905.739990234375
1705.34462178678	895.054992675781
1707.78356664414	886.804992675781
1710.22176564492	881.125
1712.65921910787	875.864990234375
1715.0959273516	871.304992675781
1717.53189069449	869.89501953125
1719.9671094548	869.155029296875
1722.40158395054	869.734985351563
1724.8353144996	867.844970703125
1727.26830141965	866.924987792969
1729.70054502819	863.429992675781
1732.13204564255	862.869995117188
1734.56280357987	863.14501953125
1736.99281915711	864.005004882813
1739.42209269106	864
1741.85062449831	863.325012207031
1744.27841489529	861.690002441406
1746.70546419823	859.429992675781
1749.13177272321	858.734985351563
1751.5573407861	856.909973144531
1753.98216870262	857.195007324219
1756.40625678828	854.960021972656
1758.82960535844	854.484985351563
1761.25221472825	854.414978027344
1763.67408521271	853.890014648438
1766.09521712663	853.440002441406
1768.51561078464	854.960021972656
1770.93526650119	855.659973144531
1773.35418459056	855.375
1775.77236536684	854.474975585938
1778.18980914396	852.700012207031
1780.60651623565	852.820007324219
1783.02248695548	853.590026855469
1785.43772161684	854.705017089844
1787.85222053292	854.760009765625
1790.26598401677	852.719970703125
1792.67901238123	851.169982910156
1795.09130593899	850.859985351563
1797.50286500254	849.969970703125
1799.9136898842	849.775024414063
1802.32378089613	849.924987792969
1804.73313835028	850.35498046875
1807.14176255846	850.280029296875
1809.54965383228	849.159973144531
1811.95681248317	848.784973144531
1814.36323882242	847.994995117188
1816.76893316109	849.705017089844
1819.17389581011	849.465026855469
1821.57812708021	850.364990234375
1823.98162728196	848
1826.38439672573	847.780029296875
1828.78643572174	846.929992675781
1831.18774458003	847.744995117188
1833.58832361045	847.474975585938
1835.98817312269	846.52001953125
1838.38729342625	847.309997558594
1840.78568483048	847.830017089844
1843.18334764454	848.47998046875
1845.58028217741	848.599975585938
1847.9764887379	846.890014648438
1850.37196763465	846.044982910156
1852.76671917613	845.489990234375
1855.16074367062	845.650024414063
1857.55404142624	845.375
1859.94661275094	844.994995117188
1862.33845795247	845.335021972656
1864.72957733844	845.109985351563
1867.11997121627	845.594970703125
1869.5096398932	843.400024414063
1871.89858367631	845.150024414063
1874.28680287251	845.609985351563
1876.67429778851	844.679992675781
1879.06106873089	845.070007324219
1881.44711600601	844.840026855469
1883.8324399201	844.465026855469
1886.21704077919	844.794982910156
1888.60091888915	843.830017089844
1890.98407455567	844.484985351563
1893.36650808428	846.200012207031
1895.74821978033	846.775024414063
1898.12920994899	844.960021972656
1900.50947889527	844.215026855469
1902.88902692401	843.909973144531
1905.26785433986	843.554992675781
1907.64596144734	842.830017089844
1910.02334855075	843.905029296875
1912.40001595424	844
1914.7759639618	844.369995117188
1917.15119287724	844.784973144531
1919.52570300419	844.775024414063
1921.89949464611	844.400024414063
1924.27256810632	844.554992675781
1926.64492368793	843.780029296875
1929.0165616939	842.89501953125
1931.38748242701	842.784973144531
1933.75768618989	842.684997558594
1936.12717328497	844.35498046875
1938.49594401455	843.940002441406
1940.86399868071	844.489990234375
1943.23133758541	844.179992675781
1945.5979610304	843.369995117188
1947.96386931729	843.489990234375
1950.32906274751	843.427490234375
1952.69354162232	843.364990234375
1955.0573062428	843.780029296875
1957.42035690989	843.705017089844
1959.78269392434	843.630004882813
1962.14431758673	844.030029296875
1964.50522819748	843.900024414063
1966.86542605684	843.169982910156
1969.22491146488	844.39501953125
1971.58368472153	845.179992675781
1973.94174612654	845.02001953125
1976.29909597945	843.679992675781
1978.65573457971	843.835021972656
1981.01166222654	844.724975585938
1983.36687921902	844.760009765625
1985.72138585606	844.025024414063
1988.07518243639	844.325012207031
1990.42826925859	842.934997558594
1992.78064662106	841.554992675781
1995.13231482205	841.554992675781
1997.48327415961	841.984985351563
1999.83352493167	842.549987792969
2002.18306743594	842.945007324219
2004.53190197002	842.940002441406
2006.8800288313	843.27001953125
2009.22744831703	842.390014648438
2011.57416072427	842.22998046875
2013.92016634993	841.244995117188
2016.26546549076	841.200012207031
2018.61005844332	840.880004882813
2020.95394550404	840.799987792969
2023.29712696915	840.719970703125
2025.63960313474	841.405029296875
2027.98137429672	842.049987792969
2030.32244075083	843.210021972656
2032.66280279266	843.335021972656
2035.00246071763	843.14501953125
2037.34141482099	843.405029296875
2039.67966539784	842.919982910156
2042.01721274309	842.780029296875
2044.35405715151	843.340026855469
2046.69019891769	842.97998046875
2049.02563833606	842.450012207031
2051.3603757009	841.955017089844
2053.6944113063	841.630004882813
2056.0277454462	842.14501953125
2058.36037841439	843.445007324219
2060.69231050446	843.559997558594
2063.02354200988	845.5
2065.35407322392	844.755004882813
2067.68390443971	843.35498046875
2070.01303595021	843.410034179688
2072.3414680482	843.465026855469
2074.66920102633	843.405029296875
2076.99623517706	843.669982910156
2079.32257079271	843.630004882813
2081.6482081654	843.590026855469
2083.97314758713	843.510009765625
2086.29738934971	842.950012207031
2088.62093374481	843.690002441406
2090.94378106391	843.64501953125
2093.26593159835	843.599975585938
2095.5873856393	843.294982910156
2097.90814347777	843.755004882813
2100.2282054046	844.815002441406
2102.54757171048	845.335021972656
2104.86624268594	845.695007324219
2107.18421862133	844.914978027344
2109.50149980686	846.760009765625
2111.81808653257	848.14501953125
2114.13397908834	847.169982910156
2116.44917776388	847.635009765625
2118.76368284875	846.875
2121.07749463235	848.465026855469
2123.39061340391	847.450012207031
2125.70303945252	847.565002441406
2128.01477306707	847.22998046875
2130.32581453634	846.530029296875
2132.63616414891	846.460021972656
2134.94582219322	846.344970703125
2137.25478895754	844.984985351563
2139.56306472999	845.969970703125
2141.87064979851	848.090026855469
2144.17754445092	848.135009765625
2146.48374897484	848.179992675781
2148.78926365774	847.02001953125
2151.09408878695	847.469970703125
2153.39822464963	847.35498046875
2155.70167153277	847.505004882813
2158.00442972321	846.190002441406
2160.30649950763	845.335021972656
2162.60788117256	845.739990234375
2164.90857500436	847.190002441406
2167.20858128923	847.969970703125
2169.50790031323	847.669982910156
2171.80653236223	847.715026855469
2174.10447772198	846.554992675781
2176.40173667804	845.375
2178.69830951582	845.984985351563
2180.99419652058	847.135009765625
2183.28939797743	846.72998046875
2185.5839141713	845.289978027344
2187.87774538698	845.599975585938
2190.17089190908	845.565002441406
2192.46335402209	845.530029296875
2194.75513201032	845.335021972656
2197.04622615791	845.200012207031
2199.33663674886	845.909973144531
2201.62636406702	847.309997558594
2203.91540839606	846.830017089844
2206.20377001952	847.114990234375
2208.49144922077	846.14501953125
2210.77844628302	845.89501953125
2213.06476148933	846.340026855469
2215.3503951226	844.919982910156
2217.63534746557	845.234985351563
2219.91961880085	844.244995117188
2222.20320941085	843.659973144531
2224.48611957785	843.715026855469
2226.76834958399	844.659973144531
2229.04989971122	843.984985351563
2231.33077024136	844.359985351563
2233.61096145607	845.565002441406
2235.89047363683	846.880004882813
2238.169307065	846.724975585938
2240.44746202178	846.570007324219
2242.72493878819	845.494995117188
2245.00173764511	844.184997558594
2247.27785887327	844.090026855469
2249.55330275324	844.885009765625
2251.82806956545	845.380004882813
2254.10215959014	845.815002441406
2256.37557310744	846.635009765625
2258.64831039729	848.099975585938
2260.92037173949	847.494995117188
2263.19175741368	845.659973144531
2265.46246769938	845.815002441406
2267.7325028759	844.934997558594
2270.00186322243	844.890014648438
2272.270549018	845.429992675781
2274.5385605415	847.900024414063
2276.80589807165	847.294982910156
2279.07256188702	845.469970703125
2281.33855226601	845.390014648438
2283.60386948691	846.445007324219
2285.86851382782	845.929992675781
2288.1324855667	846.614990234375
2290.39578498136	846.6875
2292.65841234945	846.760009765625
2294.92036794847	846.664978027344
2297.18165205578	846.710021972656
2299.44226494856	846.662475585938
2301.70220690387	846.614990234375
2303.96147819859	846.315002441406
2306.22007910947	845.640014648438
2308.47800991309	845.484985351563
2310.73527088589	847.135009765625
2312.99186230416	847.784973144531
2315.24778444403	848.760009765625
2317.50303758149	848.359985351563
2319.75762199235	847.10498046875
2322.01153795231	847.090026855469
2324.26478573689	849.210021972656
2326.51736562147	849.02001953125
2328.76927788127	849.525024414063
2331.02052279137	850.169982910156
2333.2711006267	848.325012207031
2335.52101166203	846.14501953125
2337.77025617198	846.219970703125
2340.01883443103	848.275024414063
2342.2667467135	847.880004882813
2344.51399329356	847.219970703125
2346.76057444525	846.224975585938
2349.00649044241	845.885009765625
2351.2517415588	846.869995117188
2353.49632806796	846.349975585938
2355.74025024334	846.197509765625
2357.98350835819	846.044982910156
2360.22610268566	845.599975585938
2362.4680334987	846.380004882813
2364.70930107016	846.277465820313
2366.94990567269	846.174987792969
2369.18984757884	844.830017089844
2371.42912706098	844.734985351563
2373.66774439134	845.195007324219
2375.90569984199	845.549987792969
2378.14299368488	846.940002441406
2380.37962619179	846.434997558594
2382.61559763435	846.420043945313
2384.85090828405	846.405029296875
2387.08555841222	845.164978027344
2389.31954829006	846.010009765625
2391.55287818861	845.474975585938
2393.78554837877	844.775024414063
2396.01755913128	845.005004882813
2398.24891071673	844.919982910156
2400.47960340558	844.530029296875
2402.70963746814	845.744995117188
2404.93901317456	845.320007324219
2407.16773079485	846.409973144531
2409.39579059887	847.140014648438
2411.62319285633	847.125
2413.84993783681	846.875
2416.07602580971	847.380004882813
2418.30145704432	847.275024414063
2420.52623180977	846.169982910156
2422.75035037503	847.179992675781
2424.97381300893	847.284973144531
2427.19661998017	846.325012207031
2429.41877155729	845.940002441406
2431.64026800867	846.284973144531
2433.86110960257	847.030029296875
2436.08129660709	846.734985351563
2438.30082929019	845.989990234375
2440.51970791967	847.869995117188
2442.73793276321	847.309997558594
2444.95550408832	848.570007324219
2447.17242216237	847.835021972656
2449.38868725259	848.344970703125
2451.60429962607	845.609985351563
2453.81925954975	844.794982910156
2456.03356729041	845.299987792969
2458.2472231147	847.380004882813
2460.46022728913	846.609985351563
2462.67258008005	847.815002441406
2464.88428175368	848.489990234375
2467.09533257608	848.099975585938
2469.30573281318	846.030029296875
2471.51548273076	846.034973144531
2473.72458259445	846.034973144531
2475.93303266974	847.244995117188
2478.14083322198	846.64501953125
2480.34798451637	846.674987792969
2482.55448681797	847.010009765625
2484.76034039169	848.539978027344
2486.96554550231	849.875
2489.17010241445	850.679992675781
2491.37401139259	849.570007324219
2493.57727270109	849.309997558594
2495.77988660412	848.080017089844
2497.98185336574	848.585021972656
2500.18317324987	850.664978027344
2502.38384652028	850.655029296875
2504.58387344058	850.414978027344
2506.78325427425	850.140014648438
2508.98198928465	850.130004882813
2511.18007873495	848.744995117188
2513.37752288821	850.405029296875
2515.57432200735	850.150024414063
2517.77047635514	850.789978027344
2519.96598619419	850.484985351563
2522.16085178699	851.169982910156
2524.35507339589	851.554992675781
2526.54865128308	852.60498046875
2528.74158571062	850.765014648438
2530.93387694042	850.335021972656
2533.12552523427	851.715026855469
2535.31653085379	852.784973144531
2537.50689406046	853.14501953125
2539.69661511566	853.289978027344
2541.88569428057	851.984985351563
2544.07413181627	851.97998046875
2546.26192798368	853.445007324219
2548.44908304359	853.260009765625
2550.63559725664	853.065002441406
2552.82147088333	853.784973144531
2555.00670418402	854.705017089844
2557.19129741894	854.674987792969
2559.37525084817	853.530029296875
2561.55856473164	852.679992675781
2563.74123932917	852.777465820313
2565.92327490039	852.875
2568.10467170484	855.815002441406
2570.28543000189	856.909973144531
2572.46555005079	856.880004882813
2574.64503211063	854.864990234375
2576.82387644036	853.559997558594
2579.00208329882	853.469970703125
2581.17965294468	854.929992675781
2583.35658563648	854.910034179688
2585.53288163263	854.890014648438
2587.70854119137	857.330017089844
2589.88356457084	856.265014648438
2592.05795202902	854.844970703125
2594.23170382376	855.039978027344
2596.40482021275	855.034973144531
2598.57730145356	856.820007324219
2600.74914780363	857.549987792969
2602.92035952023	857.450012207031
2605.09093686053	857.875
2607.26088008153	859.580017089844
2609.4301894401	858.315002441406
2611.59886519299	860.114990234375
2613.76690759678	860.47998046875
2615.93431690793	861.364990234375
2618.10109338277	861.799987792969
2620.26723727748	861.804992675781
2622.4327488481	862.434997558594
2624.59762835054	863.35498046875
2626.76187604057	864.994995117188
2628.92549217382	866.219970703125
2631.08847700579	866.510009765625
2633.25083079182	866.559997558594
2635.41255378715	865.679992675781
2637.57364624684	865.97998046875
2639.73410842586	864.924987792969
2641.893940579	865.114990234375
2644.05314296094	864.525024414063
2646.21171582621	865.924987792969
2648.36965942921	869.125
2650.5269740242	868.52001953125
2652.6836598653	868.955017089844
2654.83971720651	870.284973144531
2656.99514630167	870.075012207031
2659.1499474045	869.244995117188
2661.30412076857	868.539978027344
2663.45766664734	868.965026855469
2665.61058529411	870.72998046875
2667.76287696204	872.200012207031
2669.91454190418	874.219970703125
2672.06558037342	874.390014648438
2674.21599262253	874.330017089844
2676.36577890413	874.27001953125
2678.51493947072	875.070007324219
2680.66347457466	875.125
2682.81138446816	876.515014648438
2684.95866940332	877.364990234375
2687.10532963209	878.169982910156
2689.25136540628	877.659973144531
2691.39677697757	878.755004882813
2693.54156459752	878.960021972656
2695.68572851753	881.625
2697.82926898888	882.080017089844
2699.97218626272	883.655029296875
2702.11448059006	884.359985351563
2704.25615222175	887.015014648438
2706.39720140856	887.705017089844
2708.53762840109	888.27001953125
2710.67743344979	888.965026855469
2712.81661680503	891.349975585938
2714.95517871698	895.150024414063
2717.09311943574	897.890014648438
2719.23043921123	899.559997558594
2721.36713829325	903.309997558594
2723.50321693148	906.914978027344
2725.63867537545	906.275024414063
2727.77351387456	906.625
2729.90773267809	907.539978027344
2732.04133203516	910.215026855469
2734.17431219478	910.317504882813
2736.30667340581	910.419982910156
2738.438415917	910.25
2740.56953997695	908.14501953125
2742.70004583414	909.594970703125
2744.82993373688	910.450012207031
2746.9592039334	907.650024414063
2749.08785667177	904.590026855469
2751.21589219993	902.530029296875
2753.34331076568	902.43505859375
2755.4701126167	902.340026855469
2757.59629800054	900.775024414063
2759.7218671646	899.575012207031
2761.84682035617	901.510009765625
2763.9711578224	902.239990234375
2766.0948798103	902.25
2768.21798656676	902.0625
2770.34047833852	901.875
2772.46235537222	900.39501953125
2774.58361791434	899.594970703125
2776.70426621124	899.505004882813
2778.82430050915	899.422485351563
2780.94372105416	899.340026855469
2783.06252809224	898.434997558594
2785.18072186922	896.349975585938
2787.29830263081	895.965026855469
2789.41527062257	896.905029296875
2791.53162608996	896.765014648438
2793.64736927828	897.275024414063
2795.76250043271	897.255004882813
2797.8770197983	897.234985351563
2799.99092761997	898.054992675781
2802.10422414252	901.799987792969
2804.21690961059	901.784973144531
2806.32898426873	903.52001953125
2808.44044836132	906.799987792969
2810.55130213264	909.325012207031
2812.66154582682	913.364990234375
2814.77117968788	917.075012207031
2816.8802039597	921.244995117188
2818.98861888601	924.474975585938
2821.09642471046	926.215026855469
2823.20362167653	929.994995117188
2825.31021002756	933.659973144531
2827.41619000682	941.630004882813
2829.52156185738	950.505004882813
2831.62632582224	959.114990234375
2833.73048214422	966.469970703125
2835.83403106606	974.60498046875
2837.93697283033	986.510009765625
2840.03930767951	998.849975585938
2842.1410358559	1016.56500244141
2844.24215760173	1030.375
2846.34267315905	1049.73498535156
2848.44258276982	1074.92504882813
2850.54188667585	1101.10498046875
2852.64058511883	1125.27001953125
2854.73867834032	1149.4599609375
2856.83616658175	1174.4599609375
2858.93305008443	1201.07995605469
2861.02932908952	1235.60998535156
2863.12500383809	1278.56494140625
2865.22007457104	1318.17004394531
2867.31454152918	1360.28002929688
2869.40840495316	1398.31005859375
2871.50166508353	1438.64001464844
2873.59432216069	1483.76000976563
2875.68637642493	1515.35998535156
2877.77782811641	1532.42004394531
2879.86867747515	1550.18505859375
2881.95892474105	1558.7099609375
2884.0485701539	1567.60498046875
2886.13761395333	1574.80505371094
2888.22605637886	1582.60498046875
2890.3138976699	1583.46752929688
2892.40113806571	1584.32995605469
2894.48777780544	1592.88500976563
2896.57381712808	1625.43994140625
2898.65925627254	1654.78002929688
2900.74409547758	1678.17504882813
2902.82833498183	1685.56994628906
2904.9119750238	1701.02001953125
2906.99501584188	1721.81494140625
2909.07745767432	1748.07495117188
2911.15930075925	1789.83996582031
2913.24054533469	1838.56494140625
2915.3211916385	1864.26501464844
2917.40123990846	1898.46496582031
2919.48069038217	1941.00500488281
2921.55954329716	1984.70495605469
2923.63779889079	2013.02502441406
2925.71545740033	2037.34497070313
2927.79251906289	2075.25
2929.86898411548	2100.11010742188
2931.94485279498	2100.38989257813
2934.02012533815	2104.48510742188
2936.0948019816	2116.22998046875
2938.16888296184	2111.44506835938
2940.24236851525	2100.94995117188
2942.31525887809	2076.44506835938
2944.38755428648	2037.36499023438
2946.45925497643	2001.8349609375
2948.53036118382	1949.76000976563
2950.6008731444	1900.60498046875
2952.67079109381	1860.31994628906
2954.74011526755	1824.01000976563
2956.80884590101	1779.94494628906
2958.87698322944	1750.15502929688
2960.94452748799	1721.5400390625
2963.01147891167	1704.14501953125
2965.07783773535	1690.20495605469
2967.14360419382	1658.51000976563
2969.2087785217	1629.26000976563
2971.27336095352	1605.94995117188
2973.33735172366	1587.02001953125
2975.40075106641	1561.14001464844
2977.46355921591	1527.67504882813
2979.52577640618	1507.09997558594
2981.58740287112	1490.07495117188
2983.64843884452	1465.69494628906
2985.70888456003	1438.83996582031
2987.76874025117	1410.60998535156
2989.82800615137	1365.8349609375
2991.88668249391	1329.97497558594
2993.94476951194	1307.40002441406
2996.00226743852	1284.48498535156
2998.05917650657	1251.71997070313
3000.11549694887	1222.15002441406
3002.17122899812	1198.82495117188
3004.22637288685	1177.76000976563
3006.2809288475	1154.50500488281
3008.33489711238	1128.96997070313
3010.38827791368	1104.79504394531
3012.44107148345	1087.11499023438
3014.49327805366	1078.17004394531
3016.5448978561	1064.90002441406
3018.59593112249	1050.65502929688
3020.64637808441	1039.63000488281
3022.6962389733	1025.81494140625
3024.74551402051	1017.22497558594
3026.79420345725	1011.92498779297
3028.84230751461	1009.02502441406
3030.88982642357	1006.75500488281
3032.93676041497	1009.59997558594
3034.98310971955	1011.54498291016
3037.02887456791	1011.55499267578
3039.07405519054	1010.65997314453
3041.11865181781	1012.70001220703
3043.16266467996	1013.90002441406
3045.20609400713	1018.25500488281
3047.24894002932	1023.83502197266
3049.2912029764	1031.68994140625
3051.33288307815	1037.35998535156
3053.37398056421	1046.21997070313
3055.41449566411	1051.93005371094
3057.45442860725	1060.48498535156
3059.49377962291	1068.98498535156
3061.53254894026	1073.86999511719
3063.57073678834	1076.77502441406
3065.60834339607	1075.41003417969
3067.64536899227	1069.80505371094
3069.68181380561	1062.84997558594
3071.71767806467	1054.05505371094
3073.75296199788	1040.78503417969
3075.78766583357	1027.4150390625
3077.82178979997	1014.95001220703
3079.85533412513	1002.71997070313
3081.88829903705	991.830017089844
3083.92068476356	979.429992675781
3085.95249153241	972.965026855469
3087.98371957119	969.284973144531
3090.01436910741	968.034973144531
3092.04444036844	965.369995117188
3094.07393358152	961.109985351563
3096.10284897381	958.755004882813
3098.13118677232	955.465026855469
3100.15894720395	952.140014648438
3102.18613049548	952.25
3104.21273687357	953.385009765625
3106.23876656477	954.140014648438
3108.2642197955	954.47998046875
3110.28909679208	954.375
3112.31339778069	953.549987792969
3114.33712298741	951.940002441406
3116.36027263819	953.494995117188
3118.38284695887	952.934997558594
3120.40484617516	955.059997558594
3122.42627051268	954.974975585938
3124.4471201969	959.400024414063
3126.46739545319	959.140014648438
3128.4870965068	958.880004882813
3130.50622358287	958.614990234375
3132.5247769064	957.659973144531
3134.54275670229	957.465026855469
3136.56016319534	960.27001953125
3138.57699661019	962.405029296875
3140.59325717139	963.700012207031
3142.60894510338	966.510009765625
3144.62406063047	966.60498046875
3146.63860397686	966.700012207031
3148.65257536662	964.909973144531
3150.66597502371	965.494995117188
3152.67880317199	963.5
3154.69106003518	967.460021972656
3156.70274583691	971.239990234375
3158.71386080065	974.065002441406
3160.72440514981	973.025024414063
3162.73437910763	975.789978027344
3164.74378289728	978.119995117188
3166.75261674179	980.599975585938
3168.76088086407	981.664978027344
3170.76857548692	981.815002441406
3172.77570083303	982.599975585938
3174.78225712498	987.525024414063
3176.78824458521	989.929992675781
3178.79366343607	992.489990234375
3180.79851389977	992.994995117188
3182.80279619844	993.25
3184.80651055405	994.309997558594
3186.80965718849	1000.16998291016
3188.81223632353	1003.61999511719
3190.81424818081	1007.16497802734
3192.81569298186	1009.25
3194.8165709481	1009.52001953125
3196.81688230084	1007.82501220703
3198.81662726126	1008.28002929688
3200.81580605044	1011.11999511719
3202.81441888933	1017.85498046875
3204.81246599879	1023.55499267578
3206.80994759954	1028.11999511719
3208.80686391219	1029.6650390625
3210.80321515726	1030.04504394531
3212.79900155512	1035.75500488281
3214.79422332605	1036.39501953125
3216.78888069021	1036.75500488281
3218.78297386765	1038.92504882813
3220.77650307828	1039.69995117188
3222.76946854195	1041.31994628906
3224.76187047834	1042.26501464844
3226.75370910705	1047.14001464844
3228.74498464755	1047.60998535156
3230.73569731921	1050.04504394531
3232.72584734127	1050.05505371094
3234.71543493287	1052.96997070313
3236.70446031304	1058.88500976563
3238.69292370068	1061.06005859375
3240.68082531459	1061.61499023438
3242.66816537345	1063.64001464844
3244.65494409583	1066.41003417969
3246.6411617002	1071.2099609375
3248.62681840488	1077.125
3250.61191442812	1081.01501464844
3252.59644998804	1079.69494628906
3254.58042530263	1076.18505859375
3256.56384058979	1082.03002929688
3258.54669606731	1089.31994628906
3260.52899195285	1089.37255859375
3262.51072846396	1089.42504882813
3264.4919058181	1094.65002441406
3266.47252423259	1098.5400390625
3268.45258392464	1102.41003417969
3270.43208511138	1106.18005371094
3272.41102800978	1109.23498535156
3274.38941283675	1114.21997070313
3276.36723980904	1116.85498046875
3278.34450914332	1118.56005859375
3280.32122105613	1118.18005371094
3282.29737576392	1121.25500488281
3284.272973483	1123.17504882813
3286.24801442958	1128.35998535156
3288.22249881978	1133.1650390625
3290.19642686957	1138.32995605469
3292.16979879485	1140.60498046875
3294.14261481136	1140.55004882813
3296.11487513478	1138.4150390625
3298.08657998065	1132.86499023438
3300.0577295644	1133.18994140625
3302.02832410136	1132.31994628906
3303.99836380673	1129.46496582031
3305.96784889563	1130.89001464844
3307.93677958303	1131.18994140625
3309.90515608383	1137.05505371094
3311.87297861278	1138.9150390625
3313.84024738456	1132.23999023438
3315.80696261371	1127.6650390625
3317.77312451466	1124.92504882813
3319.73873330175	1118.86499023438
3321.70378918919	1115.57495117188
3323.66829239109	1113.1650390625
3325.63224312145	1119.36999511719
3327.59564159416	1123.92504882813
3329.55848802299	1124.99499511719
3331.52078262162	1121.69995117188
3333.4825256036	1116.45495605469
3335.44371718237	1109.375
3337.40435757128	1108.34497070313
3339.36444698356	1108.375
3341.32398563232	1108.40502929688
3343.28297373058	1105.93505859375
3345.24141149124	1106.44995117188
3347.19929912709	1106.96496582031
3349.15663685081	1105.31994628906
3351.11342487497	1109.23999023438
3353.06966341204	1111.67504882813
3355.02535267437	1114.18994140625
3356.98049287421	1115.2099609375
3358.9350842237	1110.13000488281
3360.88912693486	1109.76501464844
3362.84262121962	1111.31005859375
3364.79556728978	1106.39501953125
3366.74796535705	1098.65002441406
3368.69981563302	1097.42004394531
3370.65111832917	1097.54504394531
3372.60187365689	1100.92004394531
3374.55208182744	1104.26000976563
3376.50174305198	1105.14501953125
3378.45085754157	1099.97998046875
3380.39942550714	1095.65002441406
3382.34744715954	1092.77502441406
3384.29492270949	1091.39001464844
3386.24185236761	1086.81494140625
3388.18823634442	1088.875
3390.13407485031	1093.88000488281
3392.07936809559	1093.42004394531
3394.02411629045	1090.18005371094
3395.96831964496	1084.69995117188
3397.91197836911	1079.77502441406
3399.85509267275	1081.04504394531
3401.79766276564	1081.7099609375
3403.73968885745	1075.2900390625
3405.68117115771	1072.38500976563
3407.62210987586	1077.3349609375
3409.56250522123	1080.80505371094
3411.50235740305	1080.42004394531
3413.44166663043	1078.90502929688
3415.38043311238	1082.65002441406
3417.3186570578	1082.875
3419.2563386755	1080.55004882813
3421.19347817415	1076.56994628906
3423.13007576235	1070.9150390625
3425.06613164857	1067.42504882813
3427.00164604118	1068.63000488281
3428.93661914844	1068.55505371094
3430.87105117852	1067.30004882813
3432.80494233945	1061.36499023438
3434.73829283919	1060.93005371094
3436.67110288558	1060.68005371094
3438.60337268634	1062.91003417969
3440.53510244911	1063.71496582031
3442.4662923814	1060.63000488281
3444.39694269064	1058.26501464844
3446.32705358412	1059.24499511719
3448.25662526905	1057.11499023438
3450.18565795254	1054.49499511719
3452.11415184156	1054.55004882813
3454.04210714302	1049.16003417969
3455.96952406369	1044.26000976563
3457.89640281024	1044.05505371094
3459.82274358924	1039.93005371094
3461.74854660717	1037.52001953125
3463.67381207038	1033.80505371094
3465.59854018513	1031.69995117188
3467.52273115756	1031.93994140625
3469.44638519373	1035.41003417969
3471.36950249956	1033.31494140625
3473.29208328091	1027.19494628906
3475.21412774349	1024.61499023438
3477.13563609293	1023.34002685547
3479.05660853476	1018.73498535156
3480.97704527438	1014.80499267578
3482.89694651712	1010.17498779297
3484.81631246818	1007.94500732422
3486.73514333266	1000.17498779297
3488.65343931557	998.015014648438
3490.57120062179	994.820007324219
3492.48842745612	994.965026855469
3494.40512002324	990.405029296875
3496.32127852773	985.710021972656
3498.23690317408	983.760009765625
3500.15199416666	978.27001953125
3502.06655170974	977.405029296875
3503.98057600749	976.840026855469
3505.89406726396	974.695007324219
3507.80702568312	970.419982910156
3509.71945146883	967.765014648438
3511.63134482483	965.530029296875
3513.54270595478	960.284973144531
3515.45353506222	959.090026855469
3517.3638323506	958.35498046875
3519.27359802324	955.159973144531
3521.1828322834	948.575012207031
3523.09153533419	942.934997558594
3524.99970737866	939.155029296875
3526.90734861972	936.275024414063
3528.81445926021	934.164978027344
3530.72103950283	934.775024414063
3532.62708955022	930.424987792969
3534.53260960488	926.525024414063
3536.43759986923	926.52001953125
3538.34206054558	924.210021972656
3540.24599183613	919.955017089844
3542.149393943	915.315002441406
3544.05226706817	912.710021972656
3545.95461141357	910.375
3547.85642718097	907.484985351563
3549.75771457208	906.35498046875
3551.6584737885	903.815002441406
3553.55870503171	903.044982910156
3555.4584085031	901.655029296875
3557.35758440396	897.960021972656
3559.25623293548	892.380004882813
3561.15435429874	888.590026855469
3563.05194869473	887.414978027344
3564.94901632432	887.260009765625
3566.84555738829	887.10498046875
3568.74157208732	885.679992675781
3570.63706062199	884.349975585938
3572.53202319277	883.275024414063
3574.42646000003	881.325012207031
3576.32037124406	877.890014648438
3578.213757125	875.700012207031
3580.10661784295	872.815002441406
3581.99895359786	870.635009765625
3583.8907645896	869.090026855469
3585.78205101794	867.10498046875
3587.67281308254	867.585021972656
3589.56305098297	866.325012207031
3591.4527649187	864.27001953125
3593.34195508907	861.575012207031
3595.23062169338	859.195007324219
3597.11876493075	858.580017089844
3599.00638500027	856.825012207031
3600.89348210089	855.780029296875
3602.78005643148	855.315002441406
3604.66610819078	853.309997558594
3606.55163757747	850.669982910156
3608.4366447901	849.674987792969
3610.32113002713	847.60498046875
3612.20509348693	846.390014648438
3614.08853536774	844.825012207031
3615.97145586773	843.844970703125
3617.85385518497	840.35498046875
3619.7357335174	838.619995117188
3621.61709106289	837.909973144531
3623.4979280192	837.119995117188
3625.37824458399	836.375
3627.25804095482	833.320007324219
3629.13731732915	831.534973144531
3631.01607390435	829.590026855469
3632.89431087767	828.799987792969
3634.77202844629	827.525024414063
3636.64922680726	826.830017089844
3638.52590615754	825.315002441406
3640.40206669402	822.765014648438
3642.27770861344	821.244995117188
3644.15283211248	819.875
3646.02743738771	819.049987792969
3647.90152463559	818.030029296875
3649.77509405251	816.344970703125
3651.64814583473	815.224975585938
3653.52068017842	812.47998046875
3655.39269727965	810.994995117188
3657.26419733442	810.02001953125
3659.13518053858	809.890014648438
3661.00564708793	808.580017089844
3662.87559717814	807.909973144531
3664.7450310048	805.450012207031
3666.61394876338	804.140014648438
3668.48235064928	802.609985351563
3670.35023685779	802.309997558594
3672.21760758409	802.780029296875
3674.08446302327	800.864990234375
3675.95080337033	799.755004882813
3677.81662882017	798.570007324219
3679.68193956758	797.835021972656
3681.54673580727	796.625
3683.41101773383	795.960021972656
3685.27478554178	794.570007324219
3687.13803942551	793.539978027344
3689.00077957934	792.315002441406
3690.86300619748	791.575012207031
3692.72471947405	790.059997558594
3694.58591960306	790.994995117188
3696.44660677844	790.599975585938
3698.306781194	789.900024414063
3700.16644304348	790.140014648438
3702.02559252049	789.469970703125
3703.88422981859	789.075012207031
3705.74235513119	787.414978027344
3707.59996865164	786.945007324219
3709.45707057318	786.02001953125
3711.31366108895	785.414978027344
3713.16974039199	784.179992675781
3715.02530867527	783.179992675781
3716.88036613164	782.309997558594
3718.73491295385	782.434997558594
3720.58894933456	782.135009765625
3722.44247546634	782.054992675781
3724.29549154166	781.835021972656
3726.14799775289	781.775024414063
3727.9999942923	781.25
3729.85148135209	780.344970703125
3731.70245912432	779.309997558594
3733.55292780098	779.510009765625
3735.40288757397	780.190002441406
3737.25233863509	780.184997558594
3739.10128117603	778.739990234375
3740.9497153884	778.294982910156
3742.7976414637	778.525024414063
3744.64505959335	778.489990234375
3746.49196996866	777.525024414063
3748.33837278086	777.255004882813
3750.18426822108	778.044982910156
3752.02965648033	779.150024414063
3753.87453774956	779.510009765625
3755.7189122196	778.650024414063
3757.5627800812	778.804992675781
3759.40614152501	777.505004882813
3761.24899674159	777.049987792969
3763.09134592138	777.184997558594
3764.93318925476	776.929992675781
3766.77452693199	777.265014648438
3768.61535914325	776.340026855469
3770.45568607861	776.174987792969
3772.29550792807	776.135009765625
3774.1348248815	775.565002441406
3775.9736371287	775.469970703125
3777.81194485938	775.469970703125
