32.6816976106991	717.974975585938
35.6535599501435	717.974975585938
38.6244374909659	717.974975585938
41.5943306947054	717.880004882813
44.5632400226282	717.862487792969
47.5311659356917	717.844970703125
50.4981088945929	717.880004882813
53.4640693597127	717.815002441406
56.4290477911676	717.869995117188
59.3930446487746	717.875
62.356060392067	717.880004882813
65.3180954802906	717.885009765625
68.2791503724084	717.835021972656
71.2392255270922	717.815002441406
74.1983214027271	717.828308105469
77.1564384574159	717.841674804688
80.113577148983	717.85498046875
83.0697379349549	717.880004882813
86.0249212725722	717.905029296875
88.9791276188058	717.914978027344
91.9323574303255	717.960021972656
94.8846111635238	717.934997558594
97.8358892745121	718.005004882813
100.786192219114	718.075012207031
103.73552045287	717.924987792969
106.683874431037	718.02001953125
109.631254608583	718.265014648438
112.577661440203	718.164978027344
115.523095380307	718.424987792969
118.467556883015	718.674987792969
121.411046402175	719.205017089844
124.353564391344	720.25
127.295111303796	721.734985351563
130.235687592532	724.530029296875
133.175293710265	729.789978027344
136.113930109434	737.669982910156
139.051597242185	748.505004882813
141.98829556039	761.424987792969
144.92402551564	775.510009765625
147.858787559244	790.835021972656
150.792582142239	806.280029296875
153.725409715372	818.674987792969
156.65727072911	827.630004882813
159.588165633643	832.914978027344
162.518094878884	836.690002441406
165.447058914469	839.150024414063
168.375058189747	841.039978027344
171.302093153792	840.075012207031
174.228164255401	837.599975585938
177.153271943091	840.450012207031
180.077416665101	840.164978027344
183.000598869394	837.544982910156
185.922819003656	837.885009765625
188.84407751529	839.669982910156
191.764374851424	840.445007324219
194.683711458919	841.275024414063
197.60208778434	843.625
200.519504273992	846.825012207031
203.435961373894	850.679992675781
206.351459529801	855.35498046875
209.265999187174	861.22998046875
212.179580791207	867.565002441406
215.092204786825	875.575012207031
218.003871618673	882.034973144531
220.914581731116	887.340026855469
223.824335568247	894.575012207031
226.733133573893	898.005004882813
229.640976191593	905.789978027344
232.547863864614	909.760009765625
235.453797035961	913.39501953125
238.358776148354	912.544982910156
241.26280164424	911.340026855469
244.1658739658	909.934997558594
247.067993554929	908.469970703125
249.969160853266	906.989990234375
252.869376302162	906.109985351563
255.768640342707	907.940002441406
258.666953415705	907.330017089844
261.564315961705	903.924987792969
264.46072842097	904.625
267.356191233499	901.710021972656
270.25070483901	899.515014648438
273.144269676967	898.695007324219
276.036886186551	898.414978027344
278.928554806671	897.755004882813
281.819275975966	897.559997558594
284.709050132812	895.429992675781
287.597877715306	892.919982910156
290.485759161281	892.390014648438
293.372694908298	892.414978027344
296.258685393644	894.14501953125
299.143731054352	894.039978027344
302.027832327156	895.054992675781
304.910989648557	893.5
307.79320345476	890.700012207031
310.674474181717	889.934997558594
313.554802265101	890.440002441406
316.434188140326	890.956665039063
319.312632242533	891.473327636719
322.190135006593	891.989990234375
325.066696867117	891.190002441406
327.942318258443	891.169982910156
330.816999614641	890.385009765625
333.690741369517	890.044982910156
336.56354395661	889.909973144531
339.435407809193	888.669982910156
342.306333360273	887.989990234375
345.176321042591	887.47998046875
348.045371288612	886.765014648438
350.913484530551	885.849975585938
353.78066120035	885.630004882813
356.64690172969	886.155029296875
359.512206549972	885.150024414063
362.376576092357	884.755004882813
365.240010787716	882.835021972656
368.102511066677	885.549987792969
370.964077359587	886.815002441406
373.82471009654	885.580017089844
376.684409707364	884.14501953125
379.543176621612	885.719970703125
382.401011268595	886.77001953125
385.257914077343	888.155029296875
388.113885476627	890.544982910156
390.968925894961	892.60498046875
393.823035760591	894.25
396.676215501503	896.75
399.528465545415	900.825012207031
402.379786319791	902.549987792969
405.230178251834	906.299987792969
408.079641768472	910.494995117188
410.928177296387	913.434997558594
413.775785261992	914.614990234375
416.622466091445	920.109985351563
419.468220210631	919.414978027344
422.313048045182	918.719970703125
425.156950020479	916.650024414063
427.999926561623	916.744995117188
430.841978093471	916.89501953125
433.683105040613	913.965026855469
436.523307827384	910.955017089844
439.362586877851	908.840026855469
442.200942615829	907.099975585938
445.038375464876	906.614990234375
447.874885848283	905.044982910156
450.710474189089	905.455017089844
453.54514091007	902.130004882813
456.37888643375	900.5
459.211711182386	900.030029296875
462.043615577986	897.734985351563
464.874600042297	893.64501953125
467.704664996804	894.044982910156
470.533810862741	894.344970703125
473.36203806108	894.227478027344
476.189347012547	894.109985351563
479.015738137594	894.969970703125
481.841211856432	896.664978027344
484.665768589008	897.77001953125
487.489408755009	899.924987792969
490.312132773878	900.869995117188
493.133941064796	901.60498046875
495.954834046683	900.445007324219
498.77481213821	897.14501953125
501.593875757797	896.070007324219
504.412025323601	893.799987792969
507.229261253524	888.760009765625
510.045583965226	883.775024414063
512.860993876093	880.369995117188
515.675491403271	877.775024414063
518.489076963649	875.044982910156
521.301750973863	872.315002441406
524.113513850293	870.065002441406
526.924366009065	867.25
529.734307866052	865.114990234375
532.543339836881	865.594970703125
535.35146233692	862.534973144531
538.158675781281	861.799987792969
540.964980584833	859.565002441406
543.770377162182	858.734985351563
546.574865927692	857.690002441406
549.378447295465	855.184997558594
552.181121679365	852.414978027344
554.982889492993	850.015014648438
557.783751149701	848.554992675781
560.583707062591	846.969970703125
563.38275764452	846.325012207031
566.180903308083	846.580017089844
568.978144465633	844.585021972656
571.774481529266	843.239990234375
574.569914910839	841.924987792969
577.364445021949	841.119995117188
580.158072273946	838.594970703125
582.950797077926	838.859985351563
585.742619844752	838.174987792969
588.533540985018	836.440002441406
591.323560909078	834.945007324219
594.112680027034	835.02001953125
596.90089874875	835.635009765625
599.688217483828	835.549987792969
602.474636641629	834.280029296875
605.260156631263	832.320007324219
608.044777861596	832.205017089844
610.828500741241	832.070007324219
613.611325678567	831.934997558594
616.393253081697	832.409973144531
619.174283358506	832.830017089844
621.954416916616	833.835021972656
624.733654163414	833.090026855469
627.511995506029	833.119995117188
630.289441351351	830.349975585938
633.065992106022	827.409973144531
635.841648176434	825.875
638.616409968744	826.64501953125
641.390277888847	828.64501953125
644.163252342408	830.059997558594
646.93533373484	831.77001953125
649.706522471307	831.0400390625
652.47681895674	830.309997558594
655.246223595811	829.544982910156
658.014736792957	828.859985351563
660.782358952371	828.804992675781
663.549090477999	828.599975585938
666.314931773542	829.575012207031
669.079883242452	830.010009765625
671.843945287955	829.804992675781
674.607118313019	831.159973144531
677.369402720366	831.344970703125
680.130798912488	831.840026855469
682.891307291627	832.325012207031
685.650928259784	830.010009765625
688.409662218708	828.484985351563
691.167509569927	828.150024414063
693.924470714705	828.150024414063
696.680546054078	828.424987792969
699.435735988832	827.940002441406
702.190040919516	826.554992675781
704.943461246442	826.390014648438
707.695997369667	826.330017089844
710.447649689022	825.065002441406
713.198418604088	825.919982910156
715.948304514206	827.705017089844
718.697307818481	828.155029296875
721.445428915779	827.539978027344
724.192668204716	826.789978027344
726.93902608368	825.284973144531
729.684502950805	825.590026855469
732.429099204005	826.705017089844
735.172815240936	827.695007324219
737.915651459026	827.554992675781
740.657608255463	827.419982910156
743.398686027186	828.705017089844
746.13888517091	828.840026855469
748.878206083102	831.200012207031
751.616649159998	833.099975585938
754.354214797584	835.614990234375
757.09090339162	836.369995117188
759.826715337622	836.034973144531
762.561651030868	835.375
765.295710866406	834.809997558594
768.028895239041	833.179992675781
770.761204543336	831.234985351563
773.492639173626	830.544982910156
776.223199524006	830.52001953125
778.952885988334	830.52001953125
781.681698960235	830.52001953125
784.40963883309	830.52001953125
787.136706000052	831.195007324219
789.862900854037	830.559997558594
792.588223787721	831.684997558594
795.312675193549	833.309997558594
798.036255463728	832.859985351563
800.758964990228	833.125
803.480804164792	833.679992675781
806.201773378919	835.075012207031
808.921873023884	837.965026855469
811.641103490712	840.594970703125
814.359465170214	842.315002441406
817.076958452946	844.534973144531
819.793583729246	849.909973144531
822.509341389214	855.195007324219
825.224231822712	860.265014648438
827.938255419375	865.559997558594
830.651412568596	867.880004882813
833.363703659544	867.965026855469
836.075129081157	868.419982910156
838.785689222127	871.265014648438
841.495384470928	874.809997558594
844.204215215788	879.799987792969
846.912181844721	885.859985351563
849.619284745491	892.195007324219
852.325524305638	895.984985351563
855.030900912475	898.75
857.735414953079	898.905029296875
860.439066814289	895.070007324219
863.141856882725	890.445007324219
865.843785544769	885.969970703125
868.544853186571	879.950012207031
871.245060194063	877.039978027344
873.944406952925	873.414978027344
876.642893848625	872.575012207031
879.340521266398	871.075012207031
882.037289591241	869.309997558594
884.733199207927	868.039978027344
887.428250501001	867.60498046875
890.122443854778	869.299987792969
892.815779653335	870.289978027344
895.508258280534	870.585021972656
898.199880119997	871.340026855469
900.890645555129	874.950012207031
903.580554969094	875.460021972656
906.269608744832	874.575012207031
908.957807265056	874.484985351563
911.645150912257	874.5
914.331640068689	876.294982910156
917.017275116375	880.135009765625
919.702056437128	883.239990234375
922.385984412518	884.125
925.069059423886	887.755004882813
927.751281852366	891.705017089844
930.432652078842	896.700012207031
933.113170483983	898.739990234375
935.79283744823	899.469970703125
938.471653351806	899.784973144531
941.149618574686	900.14501953125
943.826733496641	901.619995117188
946.502998497206	900.809997558594
949.178413955689	900
951.85298025118	897.174987792969
954.526697762544	896.025024414063
957.199566868403	894.015014648438
959.87158794718	894.505004882813
962.542761377054	894.054992675781
965.213087535987	895.590026855469
967.882566801719	892.97998046875
970.551199551761	891.859985351563
973.218986163399	891.614990234375
975.885927013698	892.690002441406
978.552022479501	894.034973144531
981.217272937423	896.465026855469
983.88167876386	901.664978027344
986.545240334978	905.625
989.207958026729	912.219970703125
991.869832214835	919.469970703125
994.530863274798	927.849975585938
997.191051581895	943.460021972656
999.850397511185	959.784973144531
1002.50890143751	974.619995117188
1005.16656373546	981.325012207031
1007.82338477944	981.614990234375
1010.47936494363	970.650024414063
1013.13450460195	954.085021972656
1015.78880412815	933.690002441406
1018.44226389572	916.905029296875
1021.09488427794	904.315002441406
1023.74666564789	897.155029296875
1026.3976083784	895.140014648438
1029.04771284208	898.609985351563
1031.69697941135	903.275024414063
1034.34540845838	904.580017089844
1036.99300035512	903.114990234375
1039.63975547333	905.335021972656
1042.28567418452	906.734985351563
1044.93075685998	907.52001953125
1047.57500387081	909.760009765625
1050.21841558786	914.210021972656
1052.86099238177	919.674987792969
1055.50273462297	924.885009765625
1058.14364268167	930.914978027344
1060.78371692784	937.565002441406
1063.42295773126	940.72998046875
1066.06136546148	945.64501953125
1068.69894048781	950.77001953125
1071.33568317939	950.255004882813
1073.9715939051	945.505004882813
1076.60667303362	940.539978027344
1079.24092093341	932.515014648438
1081.87433797271	923.849975585938
1084.50692451954	917.059997558594
1087.13868094172	913.405029296875
1089.76960760684	910.705017089844
1092.39970488226	909.325012207031
1095.02897313516	908.094970703125
1097.65741273246	903.760009765625
1100.28502404089	901.635009765625
1102.91180742697	901.375
1105.53776325698	902.640014648438
1108.16289189701	902.510009765625
1110.78719371291	900.375
1113.41066907033	900.559997558594
1116.0333183347	901.734985351563
1118.65514187124	903.739990234375
1121.27614004495	902.405029296875
1123.89631322061	903.044982910156
1126.51566176279	903.205017089844
1129.13418603585	902.815002441406
1131.75188640394	899.609985351563
1134.36876323098	890.700012207031
1136.98481688069	881.909973144531
1139.60004771655	876.340026855469
1142.21445610187	868.89501953125
1144.82804239972	862.484985351563
1147.44080697295	860.489990234375
1150.05275018421	859.359985351563
1152.66387239593	861.390014648438
1155.27417397034	861.880004882813
1157.88365526943	861.835021972656
1160.49231665502	863.5
1163.10015848867	863.367492675781
1165.70718113176	863.234985351563
1168.31338494544	863.059997558594
1170.91877029067	862.664978027344
1173.52333752817	862.174987792969
1176.12708701847	861.960021972656
1178.73001912187	859.260009765625
1181.33213419848	860.054992675781
1183.93343260819	859.950012207031
1186.53391471068	858.380004882813
1189.13358086539	857
1191.73243143161	855.690002441406
1194.33046676836	857.505004882813
1196.92768723449	859.705017089844
1199.52409318861	863.494995117188
1202.11968498915	868.955017089844
1204.7144629943	872.780029296875
1207.30842756206	877.72998046875
1209.90157905021	882.880004882813
1212.49391781634	885.60498046875
1215.08544421779	883.554992675781
1217.67615861174	881.705017089844
1220.26606135512	880.075012207031
1222.85515280468	882.715026855469
1225.44343331694	885.155029296875
1228.03090324823	888.344970703125
1230.61756295466	893.869995117188
1233.20341279213	899.804992675781
1235.78845311634	904.780029296875
1238.37268428278	906.614990234375
1240.95610664673	912.094970703125
1243.53872056325	916.984985351563
1246.12052638722	919.155029296875
1248.70152447329	918.684997558594
1251.28171517591	917.405029296875
1253.86109884934	919.434997558594
1256.43967584759	920.195007324219
1259.0174465245	921.109985351563
1261.5944112337	922.027465820313
1264.1705703286	922.945007324219
1266.74592416241	922.150024414063
1269.32047308814	921.080017089844
1271.89421745858	921.950012207031
1274.46715762633	922.293334960938
1277.03929394377	922.636657714844
1279.61062676308	922.97998046875
1282.18115643624	921.859985351563
1284.75088331502	919.585021972656
1287.31980775098	918.830017089844
1289.88793009548	917.60498046875
1292.45525069969	915.015014648438
1295.02176991454	912.539978027344
1297.58748809078	912.934997558594
1300.15240557897	914.625
1302.71652272942	915.135009765625
1305.27983989229	920.085021972656
1307.84235741749	922.450012207031
1310.40407565475	926.054992675781
1312.9649949536	928.664978027344
1315.52511566335	931.099975585938
1318.08443813311	929.715026855469
1320.64296271181	930.659973144531
1323.20068974815	928.315002441406
1325.75761959063	928.02001953125
1328.31375258756	933.109985351563
1330.86908908704	932.22998046875
1333.42362943696	932.825012207031
1335.97737398503	933.445007324219
1338.53032307874	931.789978027344
1341.08247706537	931.005004882813
1343.63383629202	929.289978027344
1346.18440110558	927.054992675781
1348.73417185274	924.484985351563
1351.28314887997	918.820007324219
1353.83133253357	912.919982910156
1356.37872315961	909.385009765625
1358.92532110398	906.619995117188
1361.47112671237	903.614990234375
1364.01614033024	899.700012207031
1366.56036230288	896.030029296875
1369.10379297537	892.835021972656
1371.64643269258	886.515014648438
1374.18828179921	882.405029296875
1376.72934063972	881.869995117188
1379.2696095584	879.054992675781
1381.80908889932	879.299987792969
1384.34777900637	881.655029296875
1386.88568022323	881.565002441406
1389.42279289337	882.164978027344
1391.95911736009	881.934997558594
1394.49465396645	880.739990234375
1397.02940305537	881.815002441406
1399.5633649695	884.174987792969
1402.09654005135	884.309997558594
1404.6289286432	885.97998046875
1407.16053108714	888.375
1409.69134772507	889.919982910156
1412.22137889868	892.489990234375
1414.75062494947	894.614990234375
1417.27908621874	895.775024414063
1419.80676304759	894.47998046875
1422.33365577692	895.409973144531
1424.85976474744	895.859985351563
1427.38509029967	896.034973144531
1429.90963277392	899.85498046875
1432.4333925103	905.945007324219
1434.95636984873	912.409973144531
1437.47856512894	919.27001953125
1439.99997869045	930.044982910156
1442.5206108726	939.315002441406
1445.04046201452	948.455017089844
1447.55953245515	957.505004882813
1450.07782253323	964.739990234375
1452.59533258731	965.64501953125
1455.11206295574	966.549987792969
1457.62801397668	967.455017089844
1460.14318598809	962.405029296875
1462.65757932774	957.215026855469
1465.1711943332	953.109985351563
1467.68403134184	946.140014648438
1470.19609069085	932.755004882813
1472.70737271721	915.869995117188
1475.21787775772	900.010009765625
1477.72760614897	883.760009765625
1480.23655822738	870.825012207031
1482.74473432914	858.184997558594
1485.25213479029	846.409973144531
1487.75875994664	837.215026855469
1490.26461013382	829.554992675781
1492.76968568726	823.885009765625
1495.27398694222	818.659973144531
1497.77751423374	814.974975585938
1500.28026789667	813.35498046875
1502.78224826569	811.5
1505.28345567526	810.090026855469
1507.78389045967	809.049987792969
1510.28355295299	808.119995117188
1512.78244348913	807.14501953125
1515.28056240178	806.554992675781
1517.77791002445	806.669982910156
1520.27448669047	806.909973144531
1522.77029273296	806.869995117188
1525.26532848486	806.830017089844
1527.75959427889	808.445007324219
1530.25309044764	808.849975585938
1532.74581732344	810.369995117188
1535.23777523847	811.534973144531
1537.72896452471	811.64501953125
1540.21938551394	812.400024414063
1542.70903853778	813.695007324219
1545.19792392761	817.85498046875
1547.68604201466	820.690002441406
1550.17339312997	825.164978027344
1552.65997760434	827.489990234375
1555.14579576845	829.034973144531
1557.63084795275	828.965026855469
1560.11513448749	827.890014648438
1562.59865570276	827.025024414063
1565.08141192845	827.300048828125
1567.56340349426	827.575012207031
1570.04463072969	827.655029296875
1572.52509396406	826.455017089844
1575.00479352652	827.505004882813
1577.48372974599	830.52001953125
1579.96190295124	832.554992675781
1582.43931347083	833.510009765625
1584.91596163314	835.97998046875
1587.39184776636	837.575012207031
1589.86697219849	838.099975585938
1592.34133525734	841.64501953125
1594.81493727054	842.900024414063
1597.28777856553	845.39501953125
1599.75985946955	849.744995117188
1602.23118030968	854.544982910156
1604.70174141278	860.869995117188
1607.17154310555	865.049987792969
1609.64058571449	866.695007324219
1612.10886956591	867.400024414063
1614.57639498595	865.309997558594
1617.04316230054	863.359985351563
1619.50917183543	862.344970703125
1621.97442391621	859.85498046875
1624.43891886825	857.070007324219
1626.90265701674	857.965026855469
1629.36563868671	856.265014648438
1631.82786420296	856.570007324219
1634.28933389016	857.875
1636.75004807274	861.25
1639.21000707498	865.309997558594
1641.66921122097	872.530029296875
1644.12766083459	880.409973144531
1646.58535623956	888.125
1649.04229775941	893.340026855469
1651.4984857175	902.02001953125
1653.95392043697	909.174987792969
1656.40860224079	914.27001953125
1658.86253145177	921
1661.3157083925	920.585021972656
1663.76813338542	923.14501953125
1666.21980675275	924.640014648438
1668.67072881656	920.919982910156
1671.1208998987	913.219970703125
1673.57032032089	909.539978027344
1676.0189904046	904.655029296875
1678.46691047118	896.864990234375
1680.91408084174	888.744995117188
1683.36050183726	879.409973144531
1685.8061737785	869.989990234375
1688.25109698605	860.164978027344
1690.69527178032	851.210021972656
1693.13869848153	842.294982910156
1695.58137740972	833.10498046875
1698.02330888476	825.739990234375
1700.46449322631	818.429992675781
1702.90493075388	810.364990234375
1705.34462178678	804.265014648438
1707.78356664414	798.919982910156
1710.22176564492	795.070007324219
1712.65921910787	792.414978027344
1715.0959273516	789.905029296875
1717.53189069449	787.534973144531
1719.9671094548	787.530029296875
1722.40158395054	786.010009765625
1724.8353144996	784.690002441406
1727.26830141965	782.799987792969
1729.70054502819	781.97998046875
1732.13204564255	781.75
1734.56280357987	781.609985351563
1736.99281915711	781.940002441406
1739.42209269106	780.974975585938
1741.85062449831	780.580017089844
1744.27841489529	779.47998046875
1746.70546419823	778.60498046875
1749.13177272321	777.684997558594
1751.5573407861	777.265014648438
1753.98216870262	776.820007324219
1756.40625678828	776.780029296875
1758.82960535844	776.940002441406
1761.25221472825	776.60498046875
1763.67408521271	776.525024414063
1766.09521712663	775.60498046875
1768.51561078464	775.14501953125
1770.93526650119	775.085021972656
1773.35418459056	775.025024414063
1775.77236536684	774.570007324219
1778.18980914396	774.594970703125
1780.60651623565	773.635009765625
1783.02248695548	774.150024414063
1785.43772161684	774.72998046875
1787.85222053292	774.065002441406
1790.26598401677	773.080017089844
1792.67901238123	773.344970703125
1795.09130593899	773.190002441406
1797.50286500254	772.844970703125
1799.9136898842	772.169982910156
1802.32378089613	772.299987792969
1804.73313835028	772.539978027344
1807.14176255846	771.945007324219
1809.54965383228	770.859985351563
1811.95681248317	771.315002441406
1814.36323882242	771.659973144531
1816.76893316109	771.97998046875
1819.17389581011	772.155029296875
1821.57812708021	771.815002441406
1823.98162728196	771.22998046875
1826.38439672573	770.349975585938
1828.78643572174	770.609985351563
1831.18774458003	771.619995117188
1833.58832361045	771.010009765625
1835.98817312269	770.934997558594
1838.38729342625	771
1840.78568483048	770.530029296875
1843.18334764454	770.525024414063
1845.58028217741	770.400024414063
1847.9764887379	769.869995117188
1850.37196763465	770.025024414063
1852.76671917613	770.265014648438
1855.16074367062	770.039978027344
1857.55404142624	770.22998046875
1859.94661275094	769.294982910156
1862.33845795247	769.869995117188
1864.72957733844	770.085021972656
1867.11997121627	769.690002441406
1869.5096398932	769.375
1871.89858367631	768.885009765625
1874.28680287251	770.030029296875
1876.67429778851	769.525024414063
1879.06106873089	769.734985351563
1881.44711600601	769.35498046875
1883.8324399201	769.372497558594
1886.21704077919	769.390014648438
1888.60091888915	769.397521972656
1890.98407455567	769.405029296875
1893.36650808428	769.405029296875
1895.74821978033	769.405029296875
1898.12920994899	769.044982910156
1900.50947889527	769.25
1902.88902692401	769.650024414063
1905.26785433986	769.739990234375
1907.64596144734	769.400024414063
1910.02334855075	768.835021972656
1912.40001595424	769.575012207031
1914.7759639618	770.375
1917.15119287724	770.27001953125
1919.52570300419	769.992553710938
1921.89949464611	769.715026855469
1924.27256810632	769.75
1926.64492368793	769.364990234375
1929.0165616939	769.39501953125
1931.38748242701	769.650024414063
1933.75768618989	768.955017089844
1936.12717328497	769.390014648438
1938.49594401455	769.830017089844
1940.86399868071	770.155029296875
1943.23133758541	769.585021972656
1945.5979610304	769.655029296875
1947.96386931729	769.530029296875
1950.32906274751	769.640014648438
1952.69354162232	769.489990234375
1955.0573062428	769.205017089844
1957.42035690989	769.440002441406
1959.78269392434	769.489990234375
1962.14431758673	769.244995117188
1964.50522819748	769.320007324219
1966.86542605684	770.030029296875
1969.22491146488	769.890014648438
1971.58368472153	770.390014648438
1973.94174612654	770.35498046875
1976.29909597945	770.200012207031
1978.65573457971	769.960021972656
1981.01166222654	770.284973144531
1983.36687921902	769.174987792969
1985.72138585606	769.059997558594
1988.07518243639	768.984985351563
1990.42826925859	768.419982910156
1992.78064662106	769.090026855469
1995.13231482205	770.025024414063
1997.48327415961	769.909973144531
1999.83352493167	770.090026855469
2002.18306743594	770.039978027344
2004.53190197002	769.890014648438
2006.8800288313	770.085021972656
2009.22744831703	769.484985351563
2011.57416072427	768.934997558594
2013.92016634993	769.320007324219
2016.26546549076	769.385009765625
2018.61005844332	769.299987792969
2020.95394550404	769.255004882813
2023.29712696915	768.614990234375
2025.63960313474	768.75
2027.98137429672	769.005004882813
2030.32244075083	769.695007324219
2032.66280279266	769.575012207031
2035.00246071763	769.830017089844
2037.34141482099	769.930053710938
2039.67966539784	770.030029296875
2042.01721274309	769.580017089844
2044.35405715151	769.905029296875
2046.69019891769	769.599975585938
2049.02563833606	769.924987792969
2051.3603757009	770.14501953125
2053.6944113063	769.849975585938
2056.0277454462	770.075012207031
2058.36037841439	770.567504882813
2060.69231050446	771.059997558594
2063.02354200988	770.905029296875
2065.35407322392	769.820007324219
2067.68390443971	770.494995117188
2070.01303595021	771.150024414063
2072.3414680482	769.965026855469
2074.66920102633	769.679992675781
2076.99623517706	770.864990234375
2079.32257079271	771.47998046875
2081.6482081654	771.599975585938
2083.97314758713	771.390014648438
2086.29738934971	770.619995117188
2088.62093374481	770.765014648438
2090.94378106391	770.909973144531
2093.26593159835	770.974975585938
2095.5873856393	770.784973144531
2097.90814347777	771.174987792969
2100.2282054046	771.890014648438
2102.54757171048	772.150024414063
2104.86624268594	771.400024414063
2107.18421862133	771.609985351563
2109.50149980686	772.650024414063
2111.81808653257	772.739990234375
2114.13397908834	772.455017089844
2116.44917776388	772.385009765625
2118.76368284875	772.989990234375
2121.07749463235	772.830017089844
2123.39061340391	772.965026855469
2125.70303945252	773.344970703125
2128.01477306707	773.114990234375
2130.32581453634	772.844970703125
2132.63616414891	772.484985351563
2134.94582219322	771.619995117188
2137.25478895754	772.02001953125
2139.56306472999	772.419982910156
2141.87064979851	773.580017089844
2144.17754445092	773.359985351563
2146.48374897484	773.169982910156
2148.78926365774	773.489990234375
2151.09408878695	773.570007324219
2153.39822464963	773.010009765625
2155.70167153277	772.664978027344
2158.00442972321	772.280029296875
2160.30649950763	772.885009765625
2162.60788117256	773.213317871094
2164.90857500436	773.541687011719
2167.20858128923	773.869995117188
2169.50790031323	772.710021972656
2171.80653236223	773.044982910156
2174.10447772198	773.5
2176.40173667804	773.309997558594
2178.69830951582	773.780029296875
2180.99419652058	773.565002441406
2183.28939797743	773.455017089844
2185.5839141713	773.440002441406
2187.87774538698	773.005004882813
2190.17089190908	772.27001953125
2192.46335402209	771.965026855469
2194.75513201032	771.734985351563
2197.04622615791	773.619995117188
2199.33663674886	773.375
2201.62636406702	773.130004882813
2203.91540839606	772.885009765625
2206.20377001952	772.60498046875
2208.49144922077	772.02001953125
2210.77844628302	772.294982910156
2213.06476148933	772.72998046875
2215.3503951226	772.66748046875
2217.63534746557	772.60498046875
2219.91961880085	772.554992675781
2222.20320941085	772.344970703125
2224.48611957785	773.344970703125
2226.76834958399	773.097473144531
2229.04989971122	772.849975585938
2231.33077024136	773.099975585938
2233.61096145607	772.594970703125
2235.89047363683	772.960021972656
2238.169307065	773.255004882813
2240.44746202178	773.284973144531
2242.72493878819	772.385009765625
2245.00173764511	772.414978027344
2247.27785887327	773.080017089844
2249.55330275324	773.385009765625
2251.82806956545	773.39501953125
2254.10215959014	773.516662597656
2256.37557310744	773.638366699219
2258.64831039729	773.760009765625
2260.92037173949	772.960021972656
2263.19175741368	773.054992675781
2265.46246769938	773.364990234375
2267.7325028759	772.635009765625
2270.00186322243	772.22998046875
2272.270549018	773.294982910156
2274.5385605415	773.150024414063
2276.80589807165	773.25
2279.07256188702	773.414978027344
2281.33855226601	773.302490234375
2283.60386948691	773.190002441406
2285.86851382782	772.89501953125
2288.1324855667	772.830017089844
2290.39578498136	773.059997558594
2292.65841234945	772.989990234375
2294.92036794847	772.919982910156
2297.18165205578	772.710021972656
2299.44226494856	772.909973144531
2301.70220690387	773.125
2303.96147819859	773.705017089844
2306.22007910947	773.455017089844
2308.47800991309	773.64501953125
2310.73527088589	773.460021972656
2312.99186230416	773.635009765625
2315.24778444403	773.800048828125
2317.50303758149	773.965026855469
2319.75762199235	773.054992675781
2322.01153795231	773.27001953125
2324.26478573689	774.015014648438
2326.51736562147	774.885009765625
2328.76927788127	775.929992675781
2331.02052279137	775.517456054688
2333.2711006267	775.10498046875
2335.52101166203	774.390014648438
2337.77025617198	773.864990234375
2340.01883443103	774.282470703125
2342.2667467135	774.700012207031
2344.51399329356	774.025024414063
2346.76057444525	773.85498046875
2349.00649044241	772.815002441406
2351.2517415588	773.690002441406
2353.49632806796	773.789978027344
2355.74025024334	774.534973144531
2357.98350835819	773.075012207031
2360.22610268566	773.950012207031
2362.4680334987	773.960021972656
2364.70930107016	773.744995117188
2366.94990567269	773.044982910156
2369.18984757884	773.385009765625
2371.42912706098	772.989990234375
2373.66774439134	773.440002441406
2375.90569984199	773.875
2378.14299368488	774.275024414063
2380.37962619179	774.100036621094
2382.61559763435	773.924987792969
2384.85090828405	773.75
2387.08555841222	773.609985351563
2389.31954829006	773.909973144531
2391.55287818861	773.715026855469
2393.78554837877	773.455017089844
2396.01755913128	774.059997558594
2398.24891071673	773.400024414063
2400.47960340558	774.450012207031
2402.70963746814	774.440002441406
2404.93901317456	773.885009765625
2407.16773079485	774.625
2409.39579059887	774.375
2411.62319285633	774.125
2413.84993783681	774.275024414063
2416.07602580971	774.315002441406
2418.30145704432	774.505004882813
2420.52623180977	774.594970703125
2422.75035037503	774.6533203125
2424.97381300893	774.711669921875
2427.19661998017	774.77001953125
2429.41877155729	774.474975585938
2431.64026800867	775.075012207031
2433.86110960257	775.215026855469
2436.08129660709	775.075012207031
2438.30082929019	775.424987792969
2440.51970791967	775.510009765625
2442.73793276321	775.614990234375
2444.95550408832	776.275024414063
2447.17242216237	776.255004882813
2449.38868725259	774.885009765625
2451.60429962607	774.734985351563
2453.81925954975	774.534973144531
2456.03356729041	774.450012207031
2458.2472231147	774.955017089844
2460.46022728913	774.969970703125
2462.67258008005	776.070007324219
2464.88428175368	776.294982910156
2467.09533257608	775.625
2469.30573281318	775.505004882813
2471.51548273076	774.619995117188
2473.72458259445	775.945007324219
2475.93303266974	775.719970703125
2478.14083322198	776.400024414063
2480.34798451637	776.794982910156
2482.55448681797	776.515014648438
2484.76034039169	776.044982910156
2486.96554550231	776.960021972656
2489.17010241445	777.530029296875
2491.37401139259	778.094970703125
2493.57727270109	777.544982910156
2495.77988660412	777.14501953125
2497.98185336574	777.60498046875
2500.18317324987	777.440002441406
2502.38384652028	777.280029296875
2504.58387344058	777.409973144531
2506.78325427425	777.405029296875
2508.98198928465	777.549987792969
2511.18007873495	777.715026855469
2513.37752288821	778.030029296875
2515.57432200735	778.344970703125
2517.77047635514	778.400024414063
2519.96598619419	777.710021972656
2522.16085178699	778.205017089844
2524.35507339589	779.400024414063
2526.54865128308	779.960021972656
2528.74158571062	779.359985351563
2530.93387694042	779.434997558594
2533.12552523427	779.164978027344
2535.31653085379	779.204956054688
2537.50689406046	779.244995117188
2539.69661511566	779.284973144531
2541.88569428057	779.565002441406
2544.07413181627	779.260009765625
2546.26192798368	779.684997558594
2548.44908304359	780.765014648438
2550.63559725664	781.140014648438
2552.82147088333	780.885009765625
2555.00670418402	781.205017089844
2557.19129741894	781.549987792969
2559.37525084817	780.515014648438
2561.55856473164	780.340026855469
2563.74123932917	781.005004882813
2565.92327490039	781.77001953125
2568.10467170484	782.659973144531
2570.28543000189	782.530029296875
2572.46555005079	782.89501953125
2574.64503211063	781.700012207031
2576.82387644036	780.515014648438
2579.00208329882	781.10498046875
2581.17965294468	782.099975585938
2583.35658563648	783.080017089844
2585.53288163263	781.489990234375
2587.70854119137	781.969970703125
2589.88356457084	782.594970703125
2592.05795202902	782.885009765625
2594.23170382376	783.224975585938
2596.40482021275	783.210021972656
2598.57730145356	784.744995117188
2600.74914780363	784.150024414063
2602.92035952023	783.864990234375
2605.09093686053	784.424987792969
2607.26088008153	785.085021972656
2609.4301894401	785.330017089844
2611.59886519299	785.559997558594
2613.76690759678	785.445007324219
2615.93431690793	786.590026855469
2618.10109338277	786.445007324219
2620.26723727748	787.734985351563
2622.4327488481	788.075012207031
2624.59762835054	788.544982910156
2626.76187604057	789.244995117188
2628.92549217382	788.905029296875
2631.08847700579	788.9150390625
2633.25083079182	788.924987792969
2635.41255378715	788.934997558594
2637.57364624684	789.784973144531
2639.73410842586	790.445007324219
2641.893940579	790.169982910156
2644.05314296094	790.085021972656
2646.21171582621	790.825012207031
2648.36965942921	791.875
2650.5269740242	792.065002441406
2652.6836598653	793.164978027344
2654.83971720651	792.484985351563
2656.99514630167	791.804992675781
2659.1499474045	792.39501953125
2661.30412076857	792.065002441406
2663.45766664734	792.679992675781
2665.61058529411	793.905029296875
2667.76287696204	795.674987792969
2669.91454190418	795.875
2672.06558037342	795.169982910156
2674.21599262253	795.744995117188
2676.36577890413	796.625
2678.51493947072	796.809997558594
2680.66347457466	796.844970703125
2682.81138446816	797.35498046875
2684.95866940332	799.200012207031
2687.10532963209	800.140014648438
2689.25136540628	799.335021972656
2691.39677697757	799.965026855469
2693.54156459752	801.530029296875
2695.68572851753	801.260009765625
2697.82926898888	801.974975585938
2699.97218626272	802.424987792969
2702.11448059006	803.809997558594
2704.25615222175	804.559997558594
2706.39720140856	806.130004882813
2708.53762840109	807.575012207031
2710.67743344979	808.780029296875
2712.81661680503	810.14501953125
2714.95517871698	812.585021972656
2717.09311943574	813.864990234375
2719.23043921123	814.059997558594
2721.36713829325	816.775024414063
2723.50321693148	821.674987792969
2725.63867537545	821.275024414063
2727.77351387456	820.335021972656
2729.90773267809	821.10498046875
2732.04133203516	822.169982910156
2734.17431219478	822.489990234375
2736.30667340581	821.804992675781
2738.438415917	821.8125
2740.56953997695	821.820007324219
2742.70004583414	822.450012207031
2744.82993373688	821.60498046875
2746.9592039334	820.565002441406
2749.08785667177	819.155029296875
2751.21589219993	819.429992675781
2753.34331076568	818.835021972656
2755.4701126167	816.679992675781
2757.59629800054	816.080017089844
2759.7218671646	816.890014648438
2761.84682035617	818.60498046875
2763.9711578224	818.5
2766.0948798103	819.575012207031
2768.21798656676	819.190002441406
2770.34047833852	817.015014648438
2772.46235537222	816.640014648438
2774.58361791434	815.969970703125
2776.70426621124	816.640014648438
2778.82430050915	816.969970703125
2780.94372105416	816.25
2783.06252809224	814.409973144531
2785.18072186922	814.75
2787.29830263081	814.5
2789.41527062257	815.6025390625
2791.53162608996	816.705017089844
2793.64736927828	815.280029296875
2795.76250043271	816.349975585938
2797.8770197983	817.195007324219
2799.99092761997	817.905029296875
2802.10422414252	818.085021972656
2804.21690961059	819.429992675781
2806.32898426873	819.840026855469
2808.44044836132	823.025024414063
2810.55130213264	825.994995117188
2812.66154582682	828.640014648438
2814.77117968788	830.559997558594
2816.8802039597	832.494995117188
2818.98861888601	835.77001953125
2821.09642471046	837.809997558594
2823.20362167653	841.070007324219
2825.31021002756	846.364990234375
2827.41619000682	851.27001953125
2829.52156185738	856.450012207031
2831.62632582224	860.349975585938
2833.73048214422	865.914978027344
2835.83403106606	872.940002441406
2837.93697283033	880.440002441406
2840.03930767951	888.919982910156
2842.1410358559	898.130004882813
2844.24215760173	910.35498046875
2846.34267315905	922.25
2848.44258276982	938.869995117188
2850.54188667585	956.35498046875
2852.64058511883	970.955017089844
2854.73867834032	988.349975585938
2856.83616658175	1010.42999267578
2858.93305008443	1031.20495605469
2861.02932908952	1052.82995605469
2863.12500383809	1074.93994140625
2865.22007457104	1095.92504882813
2867.31454152918	1123.0849609375
2869.40840495316	1149.61499023438
2871.50166508353	1178.24499511719
2873.59432216069	1205.84997558594
2875.68637642493	1229.89501953125
2877.77782811641	1250.49499511719
2879.86867747515	1259.51000976563
2881.95892474105	1263.0400390625
2884.0485701539	1267.75500488281
2886.13761395333	1278.22497558594
2888.22605637886	1288.19995117188
2890.3138976699	1293.5
2892.40113806571	1290.59997558594
2894.48777780544	1303.06494140625
2896.57381712808	1318.76501464844
2898.65925627254	1330.58996582031
2900.74409547758	1344.36999511719
2902.82833498183	1356.88500976563
2904.9119750238	1366.22998046875
2906.99501584188	1376.23999023438
2909.07745767432	1392.25500488281
2911.15930075925	1414.50500488281
2913.24054533469	1434.72998046875
2915.3211916385	1454.42004394531
2917.40123990846	1477.01000976563
2919.48069038217	1502.56005859375
2921.55954329716	1529.81494140625
2923.63779889079	1548.35998535156
2925.71545740033	1568.00500488281
2927.79251906289	1588.20495605469
2929.86898411548	1602.96496582031
2931.94485279498	1614.42004394531
2934.02012533815	1621.26501464844
2936.0948019816	1629.54504394531
2938.16888296184	1627.38500976563
2940.24236851525	1616.31494140625
2942.31525887809	1599.19995117188
2944.38755428648	1583.96496582031
2946.45925497643	1565.64501953125
2948.53036118382	1527.65002441406
2950.6008731444	1489.63000488281
2952.67079109381	1462.34497070313
2954.74011526755	1439.18005371094
2956.80884590101	1414.16003417969
2958.87698322944	1392.97998046875
2960.94452748799	1373.25500488281
2963.01147891167	1365.03503417969
2965.07783773535	1356.17504882813
2967.14360419382	1335.14501953125
2969.2087785217	1315.56005859375
2971.27336095352	1305.1650390625
2973.33735172366	1288.92004394531
2975.40075106641	1270.2900390625
2977.46355921591	1244.22998046875
2979.52577640618	1224.86499023438
2981.58740287112	1209.7900390625
2983.64843884452	1192.65502929688
2985.70888456003	1180.77502441406
2987.76874025117	1162.51000976563
2989.82800615137	1133.06494140625
2991.88668249391	1107.40002441406
2993.94476951194	1091.56005859375
2996.00226743852	1071.88000488281
2998.05917650657	1050.19995117188
3000.11549694887	1033.5849609375
3002.17122899812	1018.20501708984
3004.22637288685	1004.50500488281
3006.2809288475	989.989990234375
3008.33489711238	974.309997558594
3010.38827791368	957.60498046875
3012.44107148345	944.830017089844
3014.49327805366	935.275024414063
3016.5448978561	925.669982910156
3018.59593112249	918.609985351563
3020.64637808441	912.664978027344
3022.6962389733	905.544982910156
3024.74551402051	899.989990234375
3026.79420345725	895.530029296875
3028.84230751461	889.244995117188
3030.88982642357	886.739990234375
3032.93676041497	887.114990234375
3034.98310971955	889.815002441406
3037.02887456791	892.599975585938
3039.07405519054	893.320007324219
3041.11865181781	893.734985351563
3043.16266467996	892.544982910156
3045.20609400713	894.390014648438
3047.24894002932	898.155029296875
3049.2912029764	901.799987792969
3051.33288307815	906.445007324219
3053.37398056421	912.39501953125
3055.41449566411	916.789978027344
3057.45442860725	921.364990234375
3059.49377962291	924.804992675781
3061.53254894026	927.554992675781
3063.57073678834	929.320007324219
3065.60834339607	929.445007324219
3067.64536899227	925.539978027344
3069.68181380561	921.159973144531
3071.71767806467	916.005004882813
3073.75296199788	908.570007324219
3075.78766583357	900.10498046875
3077.82178979997	893.059997558594
3079.85533412513	883.869995117188
3081.88829903705	879.744995117188
3083.92068476356	875.909973144531
3085.95249153241	871.080017089844
3087.98371957119	867.97998046875
3090.01436910741	866.565002441406
3092.04444036844	865.585021972656
3094.07393358152	863.474975585938
3096.10284897381	860.429992675781
3098.13118677232	857.799987792969
3100.15894720395	857.094970703125
3102.18613049548	857.844970703125
3104.21273687357	859.684997558594
3106.23876656477	859.760009765625
3108.2642197955	859.349975585938
3110.28909679208	858.679992675781
3112.31339778069	858.325012207031
3114.33712298741	857.885009765625
3116.36027263819	857.989990234375
3118.38284695887	860.739990234375
3120.40484617516	861.575012207031
3122.42627051268	863.655029296875
3124.4471201969	863.637512207031
3126.46739545319	863.619995117188
3128.4870965068	862.539978027344
3130.50622358287	862.364990234375
3132.5247769064	863.434997558594
3134.54275670229	865.97998046875
3136.56016319534	867.275024414063
3138.57699661019	866.544982910156
3140.59325717139	866.900024414063
3142.60894510338	869.015014648438
3144.62406063047	869.525024414063
3146.63860397686	869.5
3148.65257536662	871.159973144531
3150.66597502371	871.674987792969
3152.67880317199	872.184997558594
3154.69106003518	872.85498046875
3156.70274583691	873.619995117188
3158.71386080065	875.164978027344
3160.72440514981	878.684997558594
3162.73437910763	880.010009765625
3164.74378289728	882.945007324219
3166.75261674179	882.655029296875
3168.76088086407	882.565002441406
3170.76857548692	883.125
3172.77570083303	884.924987792969
3174.78225712498	889.445007324219
3176.78824458521	891.125
3178.79366343607	891.52001953125
3180.79851389977	892.239990234375
3182.80279619844	893.890014648438
3184.80651055405	896.065002441406
3186.80965718849	899.859985351563
3188.81223632353	901.065002441406
3190.81424818081	901.109985351563
3192.81569298186	902.054992675781
3194.8165709481	903.400024414063
3196.81688230084	904.940002441406
3198.81662726126	907.325012207031
3200.81580605044	911.234985351563
3202.81441888933	913.744995117188
3204.81246599879	917.260009765625
3206.80994759954	918.780029296875
3208.80686391219	918.340026855469
3210.80321515726	921.679992675781
3212.79900155512	927.840026855469
3214.79422332605	927.119995117188
3216.78888069021	927.109985351563
3218.78297386765	931.734985351563
3220.77650307828	934.005004882813
3222.76946854195	933.815002441406
3224.76187047834	934.434997558594
3226.75370910705	935.357543945313
3228.74498464755	936.280029296875
3230.73569731921	934.85498046875
3232.72584734127	935.330017089844
3234.71543493287	939.905029296875
3236.70446031304	944.109985351563
3238.69292370068	945.710021972656
3240.68082531459	948.330017089844
3242.66816537345	949.330017089844
3244.65494409583	948.60498046875
3246.6411617002	951.294982910156
3248.62681840488	955.304992675781
3250.61191442812	956
3252.59644998804	955.304992675781
3254.58042530263	957.945007324219
3256.56384058979	962.755004882813
3258.54669606731	965.039978027344
3260.52899195285	963.914978027344
3262.51072846396	963.97998046875
3264.4919058181	970.635009765625
3266.47252423259	974.820007324219
3268.45258392464	977.280029296875
3270.43208511138	979.695007324219
3272.41102800978	980.549987792969
3274.38941283675	980.909973144531
3276.36723980904	983.275024414063
3278.34450914332	984.815002441406
3280.32122105613	985.179992675781
3282.29737576392	984.325012207031
3284.272973483	989.705017089844
3286.24801442958	989.64501953125
3288.22249881978	990.210021972656
3290.19642686957	995.39501953125
3292.16979879485	997.085021972656
3294.14261481136	999.414978027344
3296.11487513478	999.789978027344
3298.08657998065	995.960021972656
3300.0577295644	991.940002441406
3302.02832410136	990.429992675781
3303.99836380673	992.265014648438
3305.96784889563	995.445007324219
3307.93677958303	995.304992675781
3309.90515608383	997.710021972656
3311.87297861278	999.780029296875
3313.84024738456	994.099975585938
3315.80696261371	989.304992675781
3317.77312451466	987.315002441406
3319.73873330175	984.655029296875
3321.70378918919	986.465026855469
3323.66829239109	988.77001953125
3325.63224312145	991.010009765625
3327.59564159416	991.390014648438
3329.55848802299	989.994995117188
3331.52078262162	989.614990234375
3333.4825256036	986.200012207031
3335.44371718237	986.289978027344
3337.40435757128	985.289978027344
3339.36444698356	984.827514648438
3341.32398563232	984.364990234375
3343.28297373058	984.900024414063
3345.24141149124	984.905029296875
3347.19929912709	984.75
3349.15663685081	984.849975585938
3351.11342487497	984.950012207031
3353.06966341204	985.050048828125
3355.02535267437	985.150024414063
3356.98049287421	985.260009765625
3358.9350842237	984.890014648438
3360.88912693486	987.015014648438
3362.84262121962	987.760009765625
3364.79556728978	986.224975585938
3366.74796535705	986.914978027344
3368.69981563302	988.525024414063
3370.65111832917	988.635009765625
3372.60187365689	988.744995117188
3374.55208182744	985.804992675781
3376.50174305198	984.89501953125
3378.45085754157	983
3380.39942550714	982.164978027344
3382.34744715954	981.710021972656
3384.29492270949	980.309997558594
3386.24185236761	978.710021972656
3388.18823634442	978.804992675781
3390.13407485031	981.580017089844
3392.07936809559	979.994995117188
3394.02411629045	975.109985351563
3395.96831964496	974.015014648438
3397.91197836911	973.554992675781
3399.85509267275	974.205017089844
3401.79766276564	974.114990234375
3403.73968885745	973.744995117188
3405.68117115771	970.780029296875
3407.62210987586	973.304992675781
3409.56250522123	974.684997558594
3411.50235740305	973.690002441406
3413.44166663043	970.830017089844
3415.38043311238	971.234985351563
3417.3186570578	973.35498046875
3419.2563386755	972.414978027344
3421.19347817415	969.405029296875
3423.13007576235	964.630004882813
3425.06613164857	966.119995117188
3427.00164604118	969.890014648438
3428.93661914844	967.359985351563
3430.87105117852	966.655029296875
3432.80494233945	961.455017089844
3434.73829283919	960.294982910156
3436.67110288558	962.099975585938
3438.60337268634	962.440002441406
3440.53510244911	961.330017089844
3442.4662923814	960.169982910156
3444.39694269064	958.900024414063
3446.32705358412	958.289978027344
3448.25662526905	955.830017089844
3450.18565795254	954.585021972656
3452.11415184156	955.820007324219
3454.04210714302	954.409973144531
3455.96952406369	950.255004882813
3457.89640281024	946.034973144531
3459.82274358924	944.809997558594
3461.74854660717	942.505004882813
3463.67381207038	939.125
3465.59854018513	937.02001953125
3467.52273115756	939.109985351563
3469.44638519373	939.570007324219
3471.36950249956	935.409973144531
3473.29208328091	933.155029296875
3475.21412774349	932.710021972656
3477.13563609293	933.950012207031
3479.05660853476	929.719970703125
3480.97704527438	924.065002441406
3482.89694651712	921.849975585938
3484.81631246818	919.195007324219
3486.73514333266	915.585021972656
3488.65343931557	911.775024414063
3490.57120062179	908.445007324219
3492.48842745612	906.875
3494.40512002324	906.815002441406
3496.32127852773	905.210021972656
3498.23690317408	903.575012207031
3500.15199416666	903.255004882813
3502.06655170974	900.400024414063
3503.98057600749	898.674987792969
3505.89406726396	897.10498046875
3507.80702568312	893.929992675781
3509.71945146883	890.744995117188
3511.63134482483	889.239990234375
3513.54270595478	884.510009765625
3515.45353506222	881.849975585938
3517.3638323506	880.5
3519.27359802324	877.835021972656
3521.1828322834	874.239990234375
3523.09153533419	871.39501953125
3524.99970737866	869.164978027344
3526.90734861972	866.25
3528.81445926021	863.565002441406
3530.72103950283	863.094970703125
3532.62708955022	862.244995117188
3534.53260960488	860.640014648438
3536.43759986923	858.284973144531
3538.34206054558	854.674987792969
3540.24599183613	853.210021972656
3542.149393943	849.864990234375
3544.05226706817	847.164978027344
3545.95461141357	845.155029296875
3547.85642718097	844.364990234375
3549.75771457208	842.080017089844
3551.6584737885	840.424987792969
3553.55870503171	838.10498046875
3555.4584085031	838.659973144531
3557.35758440396	836.465026855469
3559.25623293548	833.114990234375
3561.15435429874	827.655029296875
3563.05194869473	825.960021972656
3564.94901632432	826.924987792969
3566.84555738829	826.864990234375
3568.74157208732	825.455017089844
3570.63706062199	823.955017089844
3572.53202319277	822.025024414063
3574.42646000003	821.780029296875
3576.32037124406	819.385009765625
3578.213757125	817.630004882813
3580.10661784295	815.419982910156
3581.99895359786	815.385009765625
3583.8907645896	815.065002441406
3585.78205101794	812.380004882813
3587.67281308254	811.554992675781
3589.56305098297	808.575012207031
3591.4527649187	806.179992675781
3593.34195508907	805.710021972656
3595.23062169338	805.869995117188
3597.11876493075	804.804992675781
3599.00638500027	803.880004882813
3600.89348210089	802.184997558594
3602.78005643148	801.940002441406
3604.66610819078	800.265014648438
3606.55163757747	798.169982910156
3608.4366447901	796.849975585938
3610.32113002713	795.455017089844
3612.20509348693	794.820007324219
3614.08853536774	793.414978027344
3615.97145586773	792.429992675781
3617.85385518497	791.424987792969
3619.7357335174	790.025024414063
3621.61709106289	789.22998046875
3623.4979280192	788.885009765625
3625.37824458399	787.075012207031
3627.25804095482	785.255004882813
3629.13731732915	783.619995117188
3631.01607390435	782.650024414063
3632.89431087767	781.97998046875
3634.77202844629	780.085021972656
3636.64922680726	779.994995117188
3638.52590615754	778.400024414063
3640.40206669402	777.135009765625
3642.27770861344	776.340026855469
3644.15283211248	775.739990234375
3646.02743738771	774.015014648438
3647.90152463559	772.534973144531
3649.77509405251	771.085021972656
3651.64814583473	769.625
3653.52068017842	769.465026855469
3655.39269727965	769.090026855469
3657.26419733442	768.859985351563
3659.13518053858	767.549987792969
3661.00564708793	766.205017089844
3662.87559717814	765.85498046875
3664.7450310048	765.044982910156
3666.61394876338	763.640014648438
3668.48235064928	762.765014648438
3670.35023685779	761.72998046875
3672.21760758409	761.289978027344
3674.08446302327	760.210021972656
3675.95080337033	759.299987792969
3677.81662882017	758.210021972656
3679.68193956758	758.234985351563
3681.54673580727	757.255004882813
3683.41101773383	756.630004882813
3685.27478554178	756.14501953125
3687.13803942551	754.960021972656
3689.00077957934	754.554992675781
3690.86300619748	754.549987792969
3692.72471947405	754.35498046875
3694.58591960306	753.799987792969
3696.44660677844	753.400024414063
3698.306781194	753.135009765625
3700.16644304348	751.804992675781
3702.02559252049	752.119995117188
3703.88422981859	751.315002441406
3705.74235513119	750.284973144531
3707.59996865164	749.724975585938
3709.45707057318	749.77001953125
3711.31366108895	749.765014648438
3713.16974039199	748.765014648438
3715.02530867527	748.445007324219
3716.88036613164	748.150024414063
3718.73491295385	747.635009765625
3720.58894933456	747.090026855469
3722.44247546634	747.289978027344
3724.29549154166	746.85498046875
3726.14799775289	747.159973144531
3727.9999942923	746.554992675781
3729.85148135209	746.369995117188
3731.70245912432	746.030029296875
3733.55292780098	745.974975585938
3735.40288757397	745.974975585938
3737.25233863509	745.409973144531
3739.10128117603	745.510009765625
3740.9497153884	745.200012207031
3742.7976414637	744.849975585938
3744.64505959335	744.159973144531
3746.49196996866	744.580017089844
3748.33837278086	744.630004882813
3750.18426822108	744.849975585938
3752.02965648033	744.525024414063
3753.87453774956	744.950012207031
3755.7189122196	744.465026855469
3757.5627800812	744.164978027344
3759.40614152501	744.030029296875
3761.24899674159	744.039978027344
3763.09134592138	744.16748046875
3764.93318925476	744.294982910156
3766.77452693199	744.094970703125
3768.61535914325	743.690002441406
3770.45568607861	743.820007324219
3772.29550792807	743.619995117188
3774.1348248815	743.150024414063
3775.9736371287	742.844970703125
3777.81194485938	742.989990234375
