32.6816976106991	715.140014648438
35.6535599501435	714.969970703125
38.6244374909659	715.054992675781
41.5943306947054	715.005004882813
44.5632400226282	715
47.5311659356917	714.934997558594
50.4981088945929	714.969970703125
53.4640693597127	714.955017089844
56.4290477911676	714.940002441406
59.3930446487746	714.955017089844
62.356060392067	714.794982910156
65.3180954802906	714.85498046875
68.2791503724084	715.025024414063
71.2392255270922	715.085021972656
74.1983214027271	715.054992675781
77.1564384574159	715.094970703125
80.113577148983	714.909973144531
83.0697379349549	714.97998046875
86.0249212725722	715.119995117188
88.9791276188058	714.929992675781
91.9323574303255	715.150024414063
94.8846111635238	715.030029296875
97.8358892745121	715.309997558594
100.786192219114	715.130004882813
103.73552045287	715.210021972656
106.683874431037	715.315002441406
109.631254608583	715.599975585938
112.577661440203	715.539978027344
115.523095380307	715.695007324219
118.467556883015	716.210021972656
121.411046402175	716.955017089844
124.353564391344	718.325012207031
127.295111303796	720.659973144531
130.235687592532	724.659973144531
133.175293710265	732.025024414063
136.113930109434	743.35498046875
139.051597242185	760.359985351563
141.98829556039	779.815002441406
144.92402551564	802.219970703125
147.858787559244	826.919982910156
150.792582142239	851.775024414063
153.725409715372	872.010009765625
156.65727072911	888.544982910156
159.588165633643	898.205017089844
162.518094878884	902.89501953125
165.447058914469	907.359985351563
168.375058189747	906.505004882813
171.302093153792	904.049987792969
174.228164255401	903.614990234375
177.153271943091	906.635009765625
180.077416665101	906.844970703125
183.000598869394	904.85498046875
185.922819003656	904.872497558594
188.84407751529	904.890014648438
191.764374851424	905.700012207031
194.683711458919	910.414978027344
197.60208778434	915.424987792969
200.519504273992	919.364990234375
203.435961373894	924.094970703125
206.351459529801	930.97998046875
209.265999187174	939.405029296875
212.179580791207	950.614990234375
215.092204786825	961.950012207031
218.003871618673	971.804992675781
220.914581731116	982.489990234375
223.824335568247	992.960021972656
226.733133573893	999.880004882813
229.640976191593	1008.05499267578
232.547863864614	1015.36499023438
235.453797035961	1017.89001464844
238.358776148354	1019.83001708984
241.26280164424	1016.75500488281
244.1658739658	1016.78997802734
247.067993554929	1015.79998779297
249.969160853266	1012.41497802734
252.869376302162	1010.04998779297
255.768640342707	1011.82000732422
258.666953415705	1009.15002441406
261.564315961705	1003.64501953125
264.46072842097	999.25
267.356191233499	995.650024414063
270.25070483901	994.590026855469
273.144269676967	996.974975585938
276.036886186551	995.809997558594
278.928554806671	995.799987792969
281.819275975966	990.39501953125
284.709050132812	988.734985351563
287.597877715306	986.52001953125
290.485759161281	984.039978027344
293.372694908298	984.640014648438
296.258685393644	983.655029296875
299.143731054352	983.515014648438
302.027832327156	983.359985351563
304.910989648557	982.10498046875
307.79320345476	979.674987792969
310.674474181717	979.960021972656
313.554802265101	979.530029296875
316.434188140326	981.174987792969
319.312632242533	981.330017089844
322.190135006593	980.390014648438
325.066696867117	978.570007324219
327.942318258443	976.789978027344
330.816999614641	977.489990234375
333.690741369517	975.210021972656
336.56354395661	972.049987792969
339.435407809193	969.875
342.306333360273	968.330017089844
345.176321042591	963.955017089844
348.045371288612	960.784973144531
350.913484530551	962.304992675781
353.78066120035	963.684997558594
356.64690172969	965.155029296875
359.512206549972	966.35498046875
362.376576092357	963.309997558594
365.240010787716	959.385009765625
368.102511066677	961.340026855469
370.964077359587	962.679992675781
373.82471009654	962.454956054688
376.684409707364	962.22998046875
379.543176621612	961.505004882813
382.401011268595	963.914978027344
385.257914077343	965.275024414063
388.113885476627	965.955017089844
390.968925894961	968.905029296875
393.823035760591	969.710021972656
396.676215501503	971.474975585938
399.528465545415	975.625
402.379786319791	980.359985351563
405.230178251834	986.914978027344
408.079641768472	994.515014648438
410.928177296387	997.715026855469
413.775785261992	999.469970703125
416.622466091445	1003.96997070313
419.468220210631	1004.67498779297
422.313048045182	1004.34497070313
425.156950020479	1000.42498779297
427.999926561623	998.14501953125
430.841978093471	1000.93499755859
433.683105040613	1000.20501708984
436.523307827384	993.494995117188
439.362586877851	991.275024414063
442.200942615829	986.164978027344
445.038375464876	981.049987792969
447.874885848283	979.405029296875
450.710474189089	982.414978027344
453.54514091007	983.695007324219
456.37888643375	979.674987792969
459.211711182386	979.60498046875
462.043615577986	977.664978027344
464.874600042297	973.080017089844
467.704664996804	974.419982910156
470.533810862741	976.039978027344
473.36203806108	976.530029296875
476.189347012547	976.349975585938
479.015738137594	978.804992675781
481.841211856432	977.664978027344
484.665768589008	976.64501953125
487.489408755009	979.60498046875
490.312132773878	986.015014648438
493.133941064796	986.780029296875
495.954834046683	987.635009765625
498.77481213821	986.159973144531
501.593875757797	987.539978027344
504.412025323601	987.085021972656
507.229261253524	983.559997558594
510.045583965226	980.684997558594
512.860993876093	976.650024414063
515.675491403271	973.77001953125
518.489076963649	970.960021972656
521.301750973863	968.97998046875
524.113513850293	968.244995117188
526.924366009065	964.919982910156
529.734307866052	962.174987792969
532.543339836881	960.905029296875
535.35146233692	961.159973144531
538.158675781281	957.974975585938
540.964980584833	952.664978027344
543.770377162182	951.655029296875
546.574865927692	950.929992675781
549.378447295465	947.609985351563
552.181121679365	942.570007324219
554.982889492993	943.27001953125
557.783751149701	941.674987792969
560.583707062591	939.609985351563
563.38275764452	938.880004882813
566.180903308083	939.469970703125
568.978144465633	936.989990234375
571.774481529266	935.344970703125
574.569914910839	934.090026855469
577.364445021949	931.409973144531
580.158072273946	927.679992675781
582.950797077926	927.532470703125
585.742619844752	927.385009765625
588.533540985018	923.375
591.323560909078	919.820007324219
594.112680027034	917.284973144531
596.90089874875	920.710021972656
599.688217483828	919.739990234375
602.474636641629	920.955017089844
605.260156631263	920.945007324219
608.044777861596	917.585021972656
610.828500741241	916.880004882813
613.611325678567	916.114990234375
616.393253081697	916.530029296875
619.174283358506	919.155029296875
621.954416916616	919.224975585938
624.733654163414	920.280029296875
627.511995506029	920.849975585938
630.289441351351	918.715026855469
633.065992106022	914.619995117188
635.841648176434	911.844970703125
638.616409968744	910.984985351563
641.390277888847	914.640014648438
644.163252342408	918.590026855469
646.93533373484	920.375
649.706522471307	919.934997558594
652.47681895674	919.494995117188
655.246223595811	917.765014648438
658.014736792957	917.830017089844
660.782358952371	917.669982910156
663.549090477999	916.195007324219
666.314931773542	916.465026855469
669.079883242452	921.010009765625
671.843945287955	922.619995117188
674.607118313019	922.844970703125
677.369402720366	920.590026855469
680.130798912488	919.35498046875
682.891307291627	921.294982910156
685.650928259784	921.260009765625
688.409662218708	918.075012207031
691.167509569927	916.929992675781
693.924470714705	917.849975585938
696.680546054078	918.255004882813
699.435735988832	916.799987792969
702.190040919516	916.830017089844
704.943461246442	918.340026855469
707.695997369667	917.955017089844
710.447649689022	915.494995117188
713.198418604088	915.039978027344
715.948304514206	917.179992675781
718.697307818481	918.650024414063
721.445428915779	920.799987792969
724.192668204716	920.219970703125
726.93902608368	920.210021972656
729.684502950805	919.724975585938
732.429099204005	920.205017089844
735.172815240936	920
737.915651459026	921.169982910156
740.657608255463	921.200012207031
743.398686027186	921.27001953125
746.13888517091	922.590026855469
748.878206083102	925.150024414063
751.616649159998	930.919982910156
754.354214797584	933.809997558594
757.09090339162	935.900024414063
759.826715337622	932.794982910156
762.561651030868	930.289978027344
765.295710866406	929.140014648438
768.028895239041	926.294982910156
770.761204543336	923.025024414063
773.492639173626	921.489990234375
776.223199524006	918.820007324219
778.952885988334	916.97998046875
781.681698960235	915.539978027344
784.40963883309	913.924987792969
787.136706000052	913.880004882813
789.862900854037	914.544982910156
792.588223787721	916.700012207031
795.312675193549	918.085021972656
798.036255463728	917.934997558594
800.758964990228	917.614990234375
803.480804164792	920.760009765625
806.201773378919	922.015014648438
808.921873023884	924.364990234375
811.641103490712	929.679992675781
814.359465170214	935.635009765625
817.076958452946	939.424987792969
819.793583729246	944.375
822.509341389214	953.765014648438
825.224231822712	962.5
827.938255419375	971.39501953125
830.651412568596	977.804992675781
833.363703659544	977.065002441406
836.075129081157	981.52001953125
838.785689222127	983.804992675781
841.495384470928	986.005004882813
844.204215215788	993.130004882813
846.912181844721	998.89501953125
849.619284745491	1004.94500732422
852.325524305638	1012.27001953125
855.030900912475	1015.33001708984
857.735414953079	1018.25500488281
860.439066814289	1013.84997558594
863.141856882725	1007.67498779297
865.843785544769	1002.88500976563
868.544853186571	997.025024414063
871.245060194063	995.299987792969
873.944406952925	991.304992675781
876.642893848625	986.830017089844
879.340521266398	988.52001953125
882.037289591241	988.429992675781
884.733199207927	989.085021972656
887.428250501001	988
890.122443854778	986.934997558594
892.815779653335	989.344970703125
895.508258280534	994.549987792969
898.199880119997	997.130004882813
900.890645555129	1000.17498779297
903.580554969094	1001.07501220703
906.269608744832	997.275024414063
908.957807265056	995.804992675781
911.645150912257	997.429992675781
914.331640068689	998.744995117188
917.017275116375	1002.45501708984
919.702056437128	1004.40002441406
922.385984412518	1008.54998779297
925.069059423886	1015.44000244141
927.751281852366	1024.02001953125
930.432652078842	1031.38500976563
933.113170483983	1037.82495117188
935.79283744823	1038.02001953125
938.471653351806	1039.02502441406
941.149618574686	1039.32995605469
943.826733496641	1042.13500976563
946.502998497206	1041.892578125
949.178413955689	1041.65002441406
951.85298025118	1040.59497070313
954.526697762544	1037
957.199566868403	1031.82995605469
959.87158794718	1034.97998046875
962.542761377054	1034.06005859375
965.213087535987	1034.91003417969
967.882566801719	1030.85498046875
970.551199551761	1029.09497070313
973.218986163399	1030.23498535156
975.885927013698	1031.95495605469
978.552022479501	1032.40502929688
981.217272937423	1036.31994628906
983.88167876386	1043.89501953125
986.545240334978	1047.22497558594
989.207958026729	1053.15502929688
991.869832214835	1060.11499023438
994.530863274798	1068.5
997.191051581895	1090.94995117188
999.850397511185	1118.26000976563
1002.50890143751	1139.97998046875
1005.16656373546	1155.82995605469
1007.82338477944	1159.2099609375
1010.47936494363	1145.94494628906
1013.13450460195	1116.89501953125
1015.78880412815	1081.67004394531
1018.44226389572	1051.58996582031
1021.09488427794	1035.02502441406
1023.74666564789	1027.19995117188
1026.3976083784	1021.22998046875
1029.04771284208	1027.09997558594
1031.69697941135	1033.86499023438
1034.34540845838	1038.95495605469
1036.99300035512	1036.55505371094
1039.63975547333	1033.68005371094
1042.28567418452	1031.86499023438
1044.93075685998	1032.19494628906
1047.57500387081	1033.59497070313
1050.21841558786	1035.86499023438
1052.86099238177	1042.07995605469
1055.50273462297	1047.73498535156
1058.14364268167	1050.80505371094
1060.78371692784	1053.5400390625
1063.42295773126	1055.57495117188
1066.06136546148	1059.26501464844
1068.69894048781	1063.26000976563
1071.33568317939	1064.66003417969
1073.9715939051	1062.1650390625
1076.60667303362	1060.125
1079.24092093341	1055.7900390625
1081.87433797271	1051.10998535156
1084.50692451954	1045.39001464844
1087.13868094172	1037.90502929688
1089.76960760684	1033.66003417969
1092.39970488226	1033.34997558594
1095.02897313516	1034.44494628906
1097.65741273246	1029.875
1100.28502404089	1026.10498046875
1102.91180742697	1027.55004882813
1105.53776325698	1029.98498535156
1108.16289189701	1030.19494628906
1110.78719371291	1024.40002441406
1113.41066907033	1021.59497070313
1116.0333183347	1024.32495117188
1118.65514187124	1029.23999023438
1121.27614004495	1029.49499511719
1123.89631322061	1030.26000976563
1126.51566176279	1028.71997070313
1129.13418603585	1028.72998046875
1131.75188640394	1026.09997558594
1134.36876323098	1018.59997558594
1136.98481688069	1005.92498779297
1139.60004771655	992.35498046875
1142.21445610187	980.760009765625
1144.82804239972	972.590026855469
1147.44080697295	967.494995117188
1150.05275018421	968.164978027344
1152.66387239593	969.690002441406
1155.27417397034	974.219970703125
1157.88365526943	975.984985351563
1160.49231665502	976.599975585938
1163.10015848867	978.609985351563
1165.70718113176	981.219970703125
1168.31338494544	980.840026855469
1170.91877029067	976.664978027344
1173.52333752817	976.349975585938
1176.12708701847	976.72998046875
1178.73001912187	974.255004882813
1181.33213419848	971.469970703125
1183.93343260819	972.880004882813
1186.53391471068	973.190002441406
1189.13358086539	967.945007324219
1191.73243143161	963.875
1194.33046676836	963.869995117188
1196.92768723449	969.150024414063
1199.52409318861	976.544982910156
1202.11968498915	985.205017089844
1204.7144629943	991.215026855469
1207.30842756206	998.150024414063
1209.90157905021	1005.46997070313
1212.49391781634	1009.16998291016
1215.08544421779	1007.78997802734
1217.67615861174	1001.11499023438
1220.26606135512	998.275024414063
1222.85515280468	999.914978027344
1225.44343331694	1006.02001953125
1228.03090324823	1012.81500244141
1230.61756295466	1019.89001464844
1233.20341279213	1027.42004394531
1235.78845311634	1036.80004882813
1238.37268428278	1040.84997558594
1240.95610664673	1046.34997558594
1243.53872056325	1056.14001464844
1246.12052638722	1057.88000488281
1248.70152447329	1057.58996582031
1251.28171517591	1056.2900390625
1253.86109884934	1058.07995605469
1256.43967584759	1057.9150390625
1259.0174465245	1060.07995605469
1261.5944112337	1064.9599609375
1264.1705703286	1064.125
1266.74592416241	1062.75500488281
1269.32047308814	1062.84497070313
1271.89421745858	1066.81994628906
1274.46715762633	1065.11999511719
1277.03929394377	1065.98999023438
1279.61062676308	1065.67004394531
1282.18115643624	1063.40502929688
1284.75088331502	1060.98999023438
1287.31980775098	1057.42504882813
1289.88793009548	1056.19995117188
1292.45525069969	1056.23999023438
1295.02176991454	1054.72497558594
1297.58748809078	1052.68994140625
1300.15240557897	1054.95495605469
1302.71652272942	1054.24499511719
1305.27983989229	1056.65002441406
1307.84235741749	1061.60498046875
1310.40407565475	1071.71496582031
1312.9649949536	1079.19494628906
1315.52511566335	1081.85998535156
1318.08443813311	1084.76000976563
1320.64296271181	1084.22998046875
1323.20068974815	1081.18994140625
1325.75761959063	1076.89001464844
1328.31375258756	1079.08996582031
1330.86908908704	1084.18505859375
1333.42362943696	1084.2900390625
1335.97737398503	1083.77001953125
1338.53032307874	1084.34497070313
1341.08247706537	1082.56005859375
1343.63383629202	1080.77502441406
1346.18440110558	1076.21997070313
1348.73417185274	1071.93994140625
1351.28314887997	1064.15002441406
1353.83133253357	1047.68005371094
1356.37872315961	1035.82995605469
1358.92532110398	1031.68994140625
1361.47112671237	1027.52001953125
1364.01614033024	1020.51000976563
1366.56036230288	1013.83502197266
1369.10379297537	1008.39501953125
1371.64643269258	998.880004882813
1374.18828179921	993.02001953125
1376.72934063972	988.715026855469
1379.2696095584	987.02001953125
1381.80908889932	985.72998046875
1384.34777900637	984.794982910156
1386.88568022323	984.89501953125
1389.42279289337	986.885009765625
1391.95911736009	989.64501953125
1394.49465396645	990.27001953125
1397.02940305537	991.609985351563
1399.5633649695	994.655029296875
1402.09654005135	998.505004882813
1404.6289286432	1001.65002441406
1407.16053108714	1001.96502685547
1409.69134772507	1002.68499755859
1412.22137889868	1004.36999511719
1414.75062494947	1004.36499023438
1417.27908621874	1004.35998535156
1419.80676304759	1005.84002685547
1422.33365577692	1009.72497558594
1424.85976474744	1012.97497558594
1427.38509029967	1012.36499023438
1429.90963277392	1018.22998046875
1432.4333925103	1025.74499511719
1434.95636984873	1037.95495605469
1437.47856512894	1048.8349609375
1439.99997869045	1068.09997558594
1442.5206108726	1087.27502441406
1445.04046201452	1104.23999023438
1447.55953245515	1115.07495117188
1450.07782253323	1124.99499511719
1452.59533258731	1134.89001464844
1455.11206295574	1150.54504394531
1457.62801397668	1128.32495117188
1460.14318598809	1123.4150390625
1462.65757932774	1111.65502929688
1465.1711943332	1102.84997558594
1467.68403134184	1089.88500976563
1470.19609069085	1071.31005859375
1472.70737271721	1047.77001953125
1475.21787775772	1017.84997558594
1477.72760614897	989.89501953125
1480.23655822738	973
1482.74473432914	956.575012207031
1485.25213479029	937.849975585938
1487.75875994664	924.340026855469
1490.26461013382	914.794982910156
1492.76968568726	906.890014648438
1495.27398694222	901.099975585938
1497.77751423374	895.594970703125
1500.28026789667	892.890014648438
1502.78224826569	891.989990234375
1505.28345567526	888.914978027344
1507.78389045967	887.85498046875
1510.28355295299	887.864990234375
1512.78244348913	885.25
1515.28056240178	882.794982910156
1517.77791002445	882.125
1520.27448669047	882.940002441406
1522.77029273296	883.64501953125
1525.26532848486	885.655029296875
1527.75959427889	886.494995117188
1530.25309044764	885.955017089844
1532.74581732344	887.015014648438
1535.23777523847	887.260009765625
1537.72896452471	888.5
1540.21938551394	888.369995117188
1542.70903853778	890.664978027344
1545.19792392761	896.984985351563
1547.68604201466	902.445007324219
1550.17339312997	907.614990234375
1552.65997760434	912.875
1555.14579576845	916.864990234375
1557.63084795275	916.219970703125
1560.11513448749	912.469970703125
1562.59865570276	911.085021972656
1565.08141192845	914.570007324219
1567.56340349426	913.489990234375
1570.04463072969	911.049987792969
1572.52509396406	909.085021972656
1575.00479352652	908.304992675781
1577.48372974599	913.919982910156
1579.96190295124	917.440002441406
1582.43931347083	920.630004882813
1584.91596163314	923.424987792969
1587.39184776636	924.684997558594
1589.86697219849	926.905029296875
1592.34133525734	930.5
1594.81493727054	934.385009765625
1597.28777856553	937.900024414063
1599.75985946955	941.960021972656
1602.23118030968	949.150024414063
1604.70174141278	960.119995117188
1607.17154310555	970.369995117188
1609.64058571449	976.375
1612.10886956591	975.539978027344
1614.57639498595	971.150024414063
1617.04316230054	970.525024414063
1619.50917183543	968.010009765625
1621.97442391621	964.530029296875
1624.43891886825	961.710021972656
1626.90265701674	959.924987792969
1629.36563868671	960.539978027344
1631.82786420296	958.585021972656
1634.28933389016	961.065002441406
1636.75004807274	966.109985351563
1639.21000707498	972.025024414063
1641.66921122097	983.239990234375
1644.12766083459	999.825012207031
1646.58535623956	1014.77502441406
1649.04229775941	1025.35998535156
1651.4984857175	1035.69494628906
1653.95392043697	1047.81994628906
1656.40860224079	1059.01000976563
1658.86253145177	1069.54504394531
1661.3157083925	1071.92004394531
1663.76813338542	1073.93994140625
1666.21980675275	1076.36999511719
1668.67072881656	1070.07495117188
1671.1208998987	1058.49499511719
1673.57032032089	1046.75
1676.0189904046	1035.74499511719
1678.46691047118	1025.51000976563
1680.91408084174	1011.99499511719
1683.36050183726	995.97998046875
1685.8061737785	976.684997558594
1688.25109698605	961.515014648438
1690.69527178032	947.575012207031
1693.13869848153	935.195007324219
1695.58137740972	918.215026855469
1698.02330888476	907.60498046875
1700.46449322631	897.015014648438
1702.90493075388	886.505004882813
1705.34462178678	876.405029296875
1707.78356664414	867.869995117188
1710.22176564492	862.390014648438
1712.65921910787	857.424987792969
1715.0959273516	852.219970703125
1717.53189069449	850.585021972656
1719.9671094548	849.414978027344
1722.40158395054	849.195007324219
1724.8353144996	847.630004882813
1727.26830141965	846.669982910156
1729.70054502819	844.424987792969
1732.13204564255	843.765014648438
1734.56280357987	843.059997558594
1736.99281915711	843.794982910156
1739.42209269106	843.405029296875
1741.85062449831	842.924987792969
1744.27841489529	841.719970703125
1746.70546419823	839.135009765625
1749.13177272321	838.385009765625
1751.5573407861	836.455017089844
1753.98216870262	836.969970703125
1756.40625678828	836.974975585938
1758.82960535844	835.400024414063
1761.25221472825	835.155029296875
1763.67408521271	834.780029296875
1766.09521712663	835.090026855469
1768.51561078464	835.130004882813
1770.93526650119	835.169982910156
1773.35418459056	835.765014648438
1775.77236536684	834.760009765625
1778.18980914396	833.844970703125
1780.60651623565	834.034973144531
1783.02248695548	833.719970703125
1785.43772161684	833.690002441406
1787.85222053292	834.715026855469
1790.26598401677	833.289978027344
1792.67901238123	832.700012207031
1795.09130593899	831.534973144531
1797.50286500254	830.450012207031
1799.9136898842	830.099975585938
1802.32378089613	830.14501953125
1804.73313835028	830.309997558594
1807.14176255846	830.585021972656
1809.54965383228	830.150024414063
1811.95681248317	829.760009765625
1814.36323882242	830.22998046875
1816.76893316109	829.359985351563
1819.17389581011	829.450012207031
1821.57812708021	829.924987792969
1823.98162728196	829.825012207031
1826.38439672573	828.614990234375
1828.78643572174	828.284973144531
1831.18774458003	828.169982910156
1833.58832361045	827.809997558594
1835.98817312269	827.289978027344
1838.38729342625	827.219970703125
1840.78568483048	828.460021972656
1843.18334764454	828.710021972656
1845.58028217741	828.330017089844
1847.9764887379	827.609985351563
1850.37196763465	827.025024414063
1852.76671917613	826.140014648438
1855.16074367062	825.650024414063
1857.55404142624	825.22998046875
1859.94661275094	825.549987792969
1862.33845795247	826.344970703125
1864.72957733844	826.174987792969
1867.11997121627	825.679992675781
1869.5096398932	825.090026855469
1871.89858367631	825.200012207031
1874.28680287251	825.724975585938
1876.67429778851	825.385009765625
1879.06106873089	825.909973144531
1881.44711600601	825.83251953125
1883.8324399201	825.755004882813
1886.21704077919	826.195007324219
1888.60091888915	825.065002441406
1890.98407455567	825.075012207031
1893.36650808428	826.599975585938
1895.74821978033	827.135009765625
1898.12920994899	826.330017089844
1900.50947889527	825.815002441406
1902.88902692401	824.265014648438
1905.26785433986	825.065002441406
1907.64596144734	824.739990234375
1910.02334855075	824.414978027344
1912.40001595424	825.684997558594
1914.7759639618	824.890014648438
1917.15119287724	826.400024414063
1919.52570300419	826.849975585938
1921.89949464611	825.594970703125
1924.27256810632	824.864990234375
1926.64492368793	824.787475585938
1929.0165616939	824.710021972656
1931.38748242701	824.539978027344
1933.75768618989	824.210021972656
1936.12717328497	824.619995117188
1938.49594401455	825.994995117188
1940.86399868071	826.385009765625
1943.23133758541	826.390014648438
1945.5979610304	825.219970703125
1947.96386931729	824.924987792969
1950.32906274751	824.164978027344
1952.69354162232	824.554992675781
1955.0573062428	825.765014648438
1957.42035690989	825.955017089844
1959.78269392434	825.27001953125
1962.14431758673	825.275024414063
1964.50522819748	825.280029296875
1966.86542605684	824.340026855469
1969.22491146488	825.429992675781
1971.58368472153	827.424987792969
1973.94174612654	826.405029296875
1976.29909597945	825.234985351563
1978.65573457971	825.224975585938
1981.01166222654	825.320007324219
1983.36687921902	826.39501953125
1985.72138585606	825.690002441406
1988.07518243639	826.215026855469
1990.42826925859	824.619995117188
1992.78064662106	823.575012207031
1995.13231482205	823.025024414063
1997.48327415961	824.070007324219
1999.83352493167	823.465026855469
2002.18306743594	824.64501953125
2004.53190197002	825.099975585938
2006.8800288313	824.39501953125
2009.22744831703	824.409973144531
2011.57416072427	823.815002441406
2013.92016634993	823.849975585938
2016.26546549076	822.984985351563
2018.61005844332	822.585021972656
2020.95394550404	822.85498046875
2023.29712696915	823.315002441406
2025.63960313474	823.205017089844
2027.98137429672	824.140014648438
2030.32244075083	824.969970703125
2032.66280279266	824.784973144531
2035.00246071763	824.864990234375
2037.34141482099	824.8349609375
2039.67966539784	824.804992675781
2042.01721274309	824.929992675781
2044.35405715151	824.325012207031
2046.69019891769	824.525024414063
2049.02563833606	823.994995117188
2051.3603757009	824.369995117188
2053.6944113063	823.760009765625
2056.0277454462	824.190002441406
2058.36037841439	825.034973144531
2060.69231050446	825.294982910156
2063.02354200988	826.794982910156
2065.35407322392	825.969970703125
2067.68390443971	824.789978027344
2070.01303595021	826.039978027344
2072.3414680482	825.114990234375
2074.66920102633	824.715026855469
2076.99623517706	824.794982910156
2079.32257079271	826.109985351563
2081.6482081654	826.260009765625
2083.97314758713	825.47998046875
2086.29738934971	824.169982910156
2088.62093374481	826.265014648438
2090.94378106391	826.222534179688
2093.26593159835	826.179992675781
2095.5873856393	825.184997558594
2097.90814347777	826.530029296875
2100.2282054046	826.724975585938
2102.54757171048	826.914978027344
2104.86624268594	826.359985351563
2107.18421862133	826.109985351563
2109.50149980686	827.369995117188
2111.81808653257	828.760009765625
2114.13397908834	827.719970703125
2116.44917776388	828.125
2118.76368284875	829.215026855469
2121.07749463235	829.515014648438
2123.39061340391	828.960021972656
2125.70303945252	829.255004882813
2128.01477306707	828.640014648438
2130.32581453634	828.275024414063
2132.63616414891	828.35498046875
2134.94582219322	827.609985351563
2137.25478895754	827.340026855469
2139.56306472999	827.655029296875
2141.87064979851	828.715026855469
2144.17754445092	829.325012207031
2146.48374897484	828.869995117188
2148.78926365774	828.775024414063
2151.09408878695	828.820007324219
2153.39822464963	828.864990234375
2155.70167153277	828.909973144531
2158.00442972321	827.794982910156
2160.30649950763	826.549987792969
2162.60788117256	827.044982910156
2164.90857500436	828.650024414063
2167.20858128923	828.924987792969
2169.50790031323	827.950012207031
2171.80653236223	827.927490234375
2174.10447772198	827.905029296875
2176.40173667804	827.505004882813
2178.69830951582	827.75
2180.99419652058	829.164978027344
2183.28939797743	828.424987792969
2185.5839141713	828.349975585938
2187.87774538698	827.625
2190.17089190908	827.775024414063
2192.46335402209	827.544982910156
2194.75513201032	826.880004882813
2197.04622615791	826.929992675781
2199.33663674886	828.390014648438
2201.62636406702	828.924987792969
2203.91540839606	829.155029296875
2206.20377001952	829.109985351563
2208.49144922077	829.065002441406
2210.77844628302	828.825012207031
2213.06476148933	827.794982910156
2215.3503951226	827.125
2217.63534746557	826.880004882813
2219.91961880085	826.700012207031
2222.20320941085	825.570007324219
2224.48611957785	825.570007324219
2226.76834958399	826.700012207031
2229.04989971122	826.489990234375
2231.33077024136	826.4775390625
2233.61096145607	826.465026855469
2235.89047363683	827.484985351563
2238.169307065	830.239990234375
2240.44746202178	828.64501953125
2242.72493878819	827.659973144531
2245.00173764511	826.070007324219
2247.27785887327	826.739990234375
2249.55330275324	826.780029296875
2251.82806956545	826.820007324219
2254.10215959014	828.679992675781
2256.37557310744	827.719970703125
2258.64831039729	828.75
2260.92037173949	829.64501953125
2263.19175741368	827.64501953125
2265.46246769938	827.755004882813
2267.7325028759	826.325012207031
2270.00186322243	826.885009765625
2272.270549018	828.304992675781
2274.5385605415	828.885009765625
2276.80589807165	829.099975585938
2279.07256188702	827.364990234375
2281.33855226601	828.484985351563
2283.60386948691	828.150024414063
2285.86851382782	827.859985351563
2288.1324855667	828.934997558594
2290.39578498136	829.054992675781
2292.65841234945	829.080017089844
2294.92036794847	827.440002441406
2297.18165205578	827.940002441406
2299.44226494856	828.044982910156
2301.70220690387	829.010009765625
2303.96147819859	828.325012207031
2306.22007910947	827.760009765625
2308.47800991309	828.239990234375
2310.73527088589	828.635009765625
2312.99186230416	830.409973144531
2315.24778444403	830.950012207031
2317.50303758149	830.059997558594
2319.75762199235	828.575012207031
2322.01153795231	828.869995117188
2324.26478573689	830.885009765625
2326.51736562147	830.864990234375
2328.76927788127	831.419982910156
2331.02052279137	832.234985351563
2333.2711006267	829.940002441406
2335.52101166203	828.934997558594
2337.77025617198	828.974975585938
2340.01883443103	829.609985351563
2342.2667467135	829.940002441406
2344.51399329356	829.445007324219
2346.76057444525	828.119995117188
2349.00649044241	828.244995117188
2351.2517415588	828.825012207031
2353.49632806796	829.664978027344
2355.74025024334	829.109985351563
2357.98350835819	828.325012207031
2360.22610268566	827.570007324219
2362.4680334987	829.109985351563
2364.70930107016	829.64501953125
2366.94990567269	828.77001953125
2369.18984757884	827.390014648438
2371.42912706098	827.455017089844
2373.66774439134	827.429992675781
2375.90569984199	828.119995117188
2378.14299368488	828.809997558594
2380.37962619179	829.044982910156
2382.61559763435	828.989990234375
2384.85090828405	828.39501953125
2387.08555841222	827.054992675781
2389.31954829006	828.075012207031
2391.55287818861	828.210021972656
2393.78554837877	827.130004882813
2396.01755913128	827.169982910156
2398.24891071673	826.835021972656
2400.47960340558	827.260009765625
2402.70963746814	828.169982910156
2404.93901317456	827.825012207031
2407.16773079485	828.705017089844
2409.39579059887	828.924987792969
2411.62319285633	829.599975585938
2413.84993783681	829.440002441406
2416.07602580971	829.429992675781
2418.30145704432	829.330017089844
2420.52623180977	828.684997558594
2422.75035037503	828.969970703125
2424.97381300893	829.465026855469
2427.19661998017	829.315002441406
2429.41877155729	828.22998046875
2431.64026800867	828.880004882813
2433.86110960257	829.919982910156
2436.08129660709	829.289978027344
2438.30082929019	828.994995117188
2440.51970791967	829.89501953125
2442.73793276321	829.330017089844
2444.95550408832	830.260009765625
2447.17242216237	830.27001953125
2449.38868725259	830.27001953125
2451.60429962607	828.309997558594
2453.81925954975	828.210021972656
2456.03356729041	828.815002441406
2458.2472231147	830.465026855469
2460.46022728913	829.330017089844
2462.67258008005	829.840026855469
2464.88428175368	831.85498046875
2467.09533257608	830.369995117188
2469.30573281318	828.489990234375
2471.51548273076	829.059997558594
2473.72458259445	828.705017089844
2475.93303266974	830.159973144531
2478.14083322198	829.844970703125
2480.34798451637	829.109985351563
2482.55448681797	829.570007324219
2484.76034039169	830.575012207031
2486.96554550231	832.25
2489.17010241445	832.659973144531
2491.37401139259	833.205017089844
2493.57727270109	831.924987792969
2495.77988660412	831.224975585938
2497.98185336574	831.429992675781
2500.18317324987	832.840026855469
2502.38384652028	832.239990234375
2504.58387344058	831.650024414063
2506.78325427425	832.625
2508.98198928465	832.97998046875
2511.18007873495	832.977478027344
2513.37752288821	832.974975585938
2515.57432200735	833.724975585938
2517.77047635514	834.054992675781
2519.96598619419	833.440002441406
2522.16085178699	833.849975585938
2524.35507339589	834.460021972656
2526.54865128308	834.780029296875
2528.74158571062	833.960021972656
2530.93387694042	832.684997558594
2533.12552523427	833.840026855469
2535.31653085379	834.924987792969
2537.50689406046	835.534973144531
2539.69661511566	835.125
2541.88569428057	834.784973144531
2544.07413181627	834.460021972656
2546.26192798368	835.114990234375
2548.44908304359	835.780029296875
2550.63559725664	836.090026855469
2552.82147088333	836.625
2555.00670418402	837.14501953125
2557.19129741894	837.419982910156
2559.37525084817	836.809997558594
2561.55856473164	835.169982910156
2563.74123932917	835.385009765625
2565.92327490039	837.505004882813
2568.10467170484	838.840026855469
2570.28543000189	839.455017089844
2572.46555005079	839.809997558594
2574.64503211063	838.684997558594
2576.82387644036	837.599975585938
2579.00208329882	836.650024414063
2581.17965294468	838.39501953125
2583.35658563648	838.859985351563
2585.53288163263	838.580017089844
2587.70854119137	839.275024414063
2589.88356457084	839.294982910156
2592.05795202902	838.130004882813
2594.23170382376	837.744995117188
2596.40482021275	839.070007324219
2598.57730145356	839.705017089844
2600.74914780363	840.22998046875
2602.92035952023	840.684997558594
2605.09093686053	840.97998046875
2607.26088008153	842.400024414063
2609.4301894401	842.585021972656
2611.59886519299	842.294982910156
2613.76690759678	844.065002441406
2615.93431690793	844.005004882813
2618.10109338277	844.950012207031
2620.26723727748	845.534973144531
2622.4327488481	846.375
2624.59762835054	847.054992675781
2626.76187604057	846.960021972656
2628.92549217382	849.294982910156
2631.08847700579	850.244995117188
2633.25083079182	850.119995117188
2635.41255378715	849.565002441406
2637.57364624684	848.35498046875
2639.73410842586	848.539978027344
2641.893940579	848.994995117188
2644.05314296094	847.455017089844
2646.21171582621	849.695007324219
2648.36965942921	851.890014648438
2650.5269740242	852.335021972656
2652.6836598653	852.494995117188
2654.83971720651	853.525024414063
2656.99514630167	853.22998046875
2659.1499474045	852.159973144531
2661.30412076857	851.705017089844
2663.45766664734	851.775024414063
2665.61058529411	854.174987792969
2667.76287696204	855.75
2669.91454190418	857.22998046875
2672.06558037342	856.994995117188
2674.21599262253	856.659973144531
2676.36577890413	857.575012207031
2678.51493947072	857.075012207031
2680.66347457466	858.369995117188
2682.81138446816	859.445007324219
2684.95866940332	860.205017089844
2687.10532963209	861.530029296875
2689.25136540628	861.099975585938
2691.39677697757	860.809997558594
2693.54156459752	862.719970703125
2695.68572851753	864.510009765625
2697.82926898888	864.364990234375
2699.97218626272	867.034973144531
2702.11448059006	867.419982910156
2704.25615222175	868.849975585938
2706.39720140856	870.255004882813
2708.53762840109	871.784973144531
2710.67743344979	872.155029296875
2712.81661680503	874.840026855469
2714.95517871698	878.070007324219
2717.09311943574	881.065002441406
2719.23043921123	882.650024414063
2721.36713829325	885.804992675781
2723.50321693148	889.294982910156
2725.63867537545	890.179992675781
2727.77351387456	888.784973144531
2729.90773267809	891.119995117188
2732.04133203516	893.570007324219
2734.17431219478	893.497497558594
2736.30667340581	893.424987792969
2738.438415917	891.929992675781
2740.56953997695	891.489990234375
2742.70004583414	893.489990234375
2744.82993373688	893.35498046875
2746.9592039334	889.945007324219
2749.08785667177	886.969970703125
2751.21589219993	886.705017089844
2753.34331076568	887.030029296875
2755.4701126167	884.340026855469
2757.59629800054	881.97998046875
2759.7218671646	883.710021972656
2761.84682035617	884.835021972656
2763.9711578224	885.195007324219
2766.0948798103	885.554992675781
2768.21798656676	886.590026855469
2770.34047833852	885.924987792969
2772.46235537222	883.614990234375
2774.58361791434	882.075012207031
2776.70426621124	882.659973144531
2778.82430050915	883.590026855469
2780.94372105416	882.335021972656
2783.06252809224	880.75
2785.18072186922	879.005004882813
2787.29830263081	879.414978027344
2789.41527062257	879.594970703125
2791.53162608996	881.375
2793.64736927828	881
2795.76250043271	881.489990234375
2797.8770197983	880.419982910156
2799.99092761997	881.565002441406
2802.10422414252	883.369995117188
2804.21690961059	884.875
2806.32898426873	886.940002441406
2808.44044836132	889.335021972656
2810.55130213264	892.799987792969
2812.66154582682	896.929992675781
2814.77117968788	900.085021972656
2816.8802039597	903.679992675781
2818.98861888601	908.309997558594
2821.09642471046	910.114990234375
2823.20362167653	913.130004882813
2825.31021002756	916.659973144531
2827.41619000682	924.030029296875
2829.52156185738	934.705017089844
2831.62632582224	942.984985351563
2833.73048214422	950.25
2835.83403106606	959.405029296875
2837.93697283033	969.205017089844
2840.03930767951	983.780029296875
2842.1410358559	998.195007324219
2844.24215760173	1015.13500976563
2846.34267315905	1033.16003417969
2848.44258276982	1058.68005371094
2850.54188667585	1084.34997558594
2852.64058511883	1108.43005371094
2854.73867834032	1133.18005371094
2856.83616658175	1157.21997070313
2858.93305008443	1183.07495117188
2861.02932908952	1218.34997558594
2863.12500383809	1258.89501953125
2865.22007457104	1300.36999511719
2867.31454152918	1346.13500976563
2869.40840495316	1381.9150390625
2871.50166508353	1421.18505859375
2873.59432216069	1464.1650390625
2875.68637642493	1494.19995117188
2877.77782811641	1514.5400390625
2879.86867747515	1530.42504882813
2881.95892474105	1539.73999023438
2884.0485701539	1545.38000488281
2886.13761395333	1555.46496582031
2888.22605637886	1566.27502441406
2890.3138976699	1570.625
2892.40113806571	1564.06005859375
2894.48777780544	1574.14001464844
2896.57381712808	1608.64501953125
2898.65925627254	1640.22998046875
2900.74409547758	1662.78503417969
2902.82833498183	1670.31994628906
2904.9119750238	1686.03503417969
2906.99501584188	1704.67504882813
2909.07745767432	1731.6650390625
2911.15930075925	1768.13000488281
2913.24054533469	1814.63000488281
2915.3211916385	1842.2099609375
2917.40123990846	1883.13500976563
2919.48069038217	1928.48498535156
2921.55954329716	1969.48999023438
2923.63779889079	1991.5400390625
2925.71545740033	2018.125
2927.79251906289	2056.73510742188
2929.86898411548	2076.2900390625
2931.94485279498	2077.7900390625
2934.02012533815	2086.1201171875
2936.0948019816	2099.80493164063
2938.16888296184	2096.0048828125
2940.24236851525	2086.3798828125
2942.31525887809	2066.19995117188
2944.38755428648	2024.55004882813
2946.45925497643	1987.84997558594
2948.53036118382	1935.22497558594
2950.6008731444	1880.44494628906
2952.67079109381	1845.51501464844
2954.74011526755	1809.38500976563
2956.80884590101	1769.63000488281
2958.87698322944	1741.53503417969
2960.94452748799	1711.53002929688
2963.01147891167	1693.18005371094
2965.07783773535	1678.95495605469
2967.14360419382	1648.18994140625
2969.2087785217	1614.93994140625
2971.27336095352	1591.02502441406
2973.33735172366	1575.15502929688
2975.40075106641	1548.06494140625
2977.46355921591	1516.13500976563
2979.52577640618	1495.10498046875
2981.58740287112	1475.84997558594
2983.64843884452	1451.03503417969
2985.70888456003	1425.19494628906
2987.76874025117	1396.14501953125
2989.82800615137	1349.77502441406
2991.88668249391	1313.5400390625
2993.94476951194	1292.93994140625
2996.00226743852	1271.56994628906
2998.05917650657	1239.25500488281
3000.11549694887	1208.60998535156
3002.17122899812	1185.74499511719
3004.22637288685	1164.26501464844
3006.2809288475	1141.10498046875
3008.33489711238	1115.06994628906
3010.38827791368	1090.5849609375
3012.44107148345	1071.97497558594
3014.49327805366	1063.2099609375
3016.5448978561	1051.84497070313
3018.59593112249	1037.1650390625
3020.64637808441	1024.01501464844
3022.6962389733	1010.35498046875
3024.74551402051	1003.07000732422
3026.79420345725	997.344970703125
3028.84230751461	994.405029296875
3030.88982642357	993.525024414063
3032.93676041497	994.684997558594
3034.98310971955	996.955017089844
3037.02887456791	995.580017089844
3039.07405519054	996.015014648438
3041.11865181781	999.309997558594
3043.16266467996	999.484985351563
3045.20609400713	1002.35498046875
3047.24894002932	1009.60998535156
3049.2912029764	1017.34997558594
3051.33288307815	1023.94000244141
3053.37398056421	1031.70495605469
3055.41449566411	1038.19995117188
3057.45442860725	1046.11999511719
3059.49377962291	1054.15002441406
3061.53254894026	1060.13000488281
3063.57073678834	1063.69494628906
3065.60834339607	1062.10498046875
3067.64536899227	1055.25500488281
3069.68181380561	1047.41003417969
3071.71767806467	1039.6650390625
3073.75296199788	1027.23498535156
3075.78766583357	1012.80499267578
3077.82178979997	1000.15997314453
3079.85533412513	985.880004882813
3081.88829903705	977.580017089844
3083.92068476356	966.650024414063
3085.95249153241	958.085021972656
3087.98371957119	954.234985351563
3090.01436910741	952.619995117188
3092.04444036844	950.724975585938
3094.07393358152	947.960021972656
3096.10284897381	944.10498046875
3098.13118677232	939.390014648438
3100.15894720395	936.289978027344
3102.18613049548	935.775024414063
3104.21273687357	937.52001953125
3106.23876656477	939.405029296875
3108.2642197955	939.585021972656
3110.28909679208	938.64501953125
3112.31339778069	938.304992675781
3114.33712298741	938.385009765625
3116.36027263819	938.465026855469
3118.38284695887	938.794982910156
3120.40484617516	939.289978027344
3122.42627051268	940.965026855469
3124.4471201969	944.905029296875
3126.46739545319	944.914978027344
3128.4870965068	944.85498046875
3130.50622358287	944.344970703125
3132.5247769064	944
3134.54275670229	942.969970703125
3136.56016319534	944.02001953125
3138.57699661019	947.940002441406
3140.59325717139	948.880004882813
3142.60894510338	951.27001953125
3144.62406063047	951.242553710938
3146.63860397686	951.215026855469
3148.65257536662	951.010009765625
3150.66597502371	950.390014648438
3152.67880317199	949.72998046875
3154.69106003518	954.784973144531
3156.70274583691	956.590026855469
3158.71386080065	957.719970703125
3160.72440514981	958.510009765625
3162.73437910763	963.265014648438
3164.74378289728	964.89501953125
3166.75261674179	964.484985351563
3168.76088086407	966.434997558594
3170.76857548692	966.77001953125
3172.77570083303	968.14501953125
3174.78225712498	974.244995117188
3176.78824458521	977.034973144531
3178.79366343607	977.75
3180.79851389977	978.585021972656
3182.80279619844	978.960021972656
3184.80651055405	980.460021972656
3186.80965718849	985.72998046875
3188.81223632353	990.015014648438
3190.81424818081	994.299987792969
3192.81569298186	995.575012207031
3194.8165709481	995.309997558594
3196.81688230084	994.684997558594
3198.81662726126	994.955017089844
3200.81580605044	998.739990234375
3202.81441888933	1004.54498291016
3204.81246599879	1010.27001953125
3206.80994759954	1016.35498046875
3208.80686391219	1015.70501708984
3210.80321515726	1016.22998046875
3212.79900155512	1021.55499267578
3214.79422332605	1021.83001708984
3216.78888069021	1021.38500976563
3218.78297386765	1023.77001953125
3220.77650307828	1027.60498046875
3222.76946854195	1029.31494140625
3224.76187047834	1030.5849609375
3226.75370910705	1034.81005859375
3228.74498464755	1034.93005371094
3230.73569731921	1034.99255371094
3232.72584734127	1035.05505371094
3234.71543493287	1040.10998535156
3236.70446031304	1045.27502441406
3238.69292370068	1048.67004394531
3240.68082531459	1050.32495117188
3242.66816537345	1051.47497558594
3244.65494409583	1055.06994628906
3246.6411617002	1059.91003417969
3248.62681840488	1066.70495605469
3250.61191442812	1067.15502929688
3252.59644998804	1065.93505859375
3254.58042530263	1064.05505371094
3256.56384058979	1069.65002441406
3258.54669606731	1078.73498535156
3260.52899195285	1078.51501464844
3262.51072846396	1077.47497558594
3264.4919058181	1080.89501953125
3266.47252423259	1087.94494628906
3268.45258392464	1093.26000976563
3270.43208511138	1096.06494140625
3272.41102800978	1099.22998046875
3274.38941283675	1103
3276.36723980904	1105.18505859375
3278.34450914332	1104.56994628906
3280.32122105613	1105.97998046875
3282.29737576392	1108.95495605469
3284.272973483	1112.24499511719
3286.24801442958	1117.67504882813
3288.22249881978	1120.75
3290.19642686957	1125.0400390625
3292.16979879485	1127.86499023438
3294.14261481136	1128.38000488281
3296.11487513478	1126.07495117188
3298.08657998065	1123.49499511719
3300.0577295644	1121.93505859375
3302.02832410136	1122.89001464844
3303.99836380673	1119.81005859375
3305.96784889563	1121.2099609375
3307.93677958303	1121.44494628906
3309.90515608383	1126.02502441406
3311.87297861278	1128.25500488281
3313.84024738456	1120.43505859375
3315.80696261371	1114.39001464844
3317.77312451466	1111.94494628906
3319.73873330175	1108.07495117188
3321.70378918919	1104.69494628906
3323.66829239109	1103.98498535156
3325.63224312145	1111.36999511719
3327.59564159416	1115.09997558594
3329.55848802299	1114.15002441406
3331.52078262162	1111.25
3333.4825256036	1106.06994628906
3335.44371718237	1098.86499023438
3337.40435757128	1100.08996582031
3339.36444698356	1101.65002441406
3341.32398563232	1098.60998535156
3343.28297373058	1095.60998535156
3345.24141149124	1095.65747070313
3347.19929912709	1095.70495605469
3349.15663685081	1095.93994140625
3351.11342487497	1097.84497070313
3353.06966341204	1100.48999023438
3355.02535267437	1105.22998046875
3356.98049287421	1105.2099609375
3358.9350842237	1101.17004394531
3360.88912693486	1100.02502441406
3362.84262121962	1100.26501464844
3364.79556728978	1095.9599609375
3366.74796535705	1091.68994140625
3368.69981563302	1087.33996582031
3370.65111832917	1088.625
3372.60187365689	1093.78002929688
3374.55208182744	1097.31494140625
3376.50174305198	1095.22497558594
3378.45085754157	1090.69494628906
3380.39942550714	1085.63500976563
3382.34744715954	1083.51501464844
3384.29492270949	1081.72998046875
3386.24185236761	1079.07995605469
3388.18823634442	1080.11999511719
3390.13407485031	1082.13000488281
3392.07936809559	1082.19250488281
3394.02411629045	1082.25500488281
3395.96831964496	1075.22998046875
3397.91197836911	1073.22998046875
3399.85509267275	1073.23999023438
3401.79766276564	1073.25
3403.73968885745	1066.56494140625
3405.68117115771	1062.07495117188
3407.62210987586	1065.01501464844
3409.56250522123	1071.98999023438
3411.50235740305	1071.34997558594
3413.44166663043	1069.93505859375
3415.38043311238	1072.28503417969
3417.3186570578	1072.11999511719
3419.2563386755	1071.95495605469
3421.19347817415	1067.53002929688
3423.13007576235	1062
3425.06613164857	1058.93994140625
3427.00164604118	1059.07995605469
3428.93661914844	1059.21997070313
3430.87105117852	1057.89001464844
3432.80494233945	1052.31494140625
3434.73829283919	1051.28002929688
3436.67110288558	1051.93994140625
3438.60337268634	1053.86999511719
3440.53510244911	1054.92004394531
3442.4662923814	1050.40002441406
3444.39694269064	1050.43505859375
3446.32705358412	1050.71997070313
3448.25662526905	1047.44995117188
3450.18565795254	1047.67504882813
3452.11415184156	1046.38500976563
3454.04210714302	1042.38000488281
3455.96952406369	1037.0400390625
3457.89640281024	1035.35998535156
3459.82274358924	1033.01000976563
3461.74854660717	1028.90502929688
3463.67381207038	1028.35998535156
3465.59854018513	1025.15502929688
3467.52273115756	1024.40502929688
3469.44638519373	1026.65502929688
3471.36950249956	1023.27502441406
3473.29208328091	1018.73999023438
3475.21412774349	1014.59997558594
3477.13563609293	1014.60998535156
3479.05660853476	1012.10998535156
3480.97704527438	1004.63500976563
3482.89694651712	1000.16998291016
3484.81631246818	998.424987792969
3486.73514333266	991.159973144531
3488.65343931557	987.780029296875
3490.57120062179	985.445007324219
3492.48842745612	985.710021972656
3494.40512002324	983.900024414063
3496.32127852773	979.070007324219
3498.23690317408	975.234985351563
3500.15199416666	971.054992675781
3502.06655170974	968.679992675781
3503.98057600749	970.710021972656
3505.89406726396	967.690002441406
3507.80702568312	962.409973144531
3509.71945146883	960.580017089844
3511.63134482483	957.950012207031
3513.54270595478	951.294982910156
3515.45353506222	951.080017089844
3517.3638323506	949.625
3519.27359802324	947.695007324219
3521.1828322834	940.830017089844
3523.09153533419	935.289978027344
3524.99970737866	931.830017089844
3526.90734861972	928.60498046875
3528.81445926021	927.484985351563
3530.72103950283	925.825012207031
3532.62708955022	921.169982910156
3534.53260960488	918.065002441406
3536.43759986923	917.484985351563
3538.34206054558	916.044982910156
3540.24599183613	910.465026855469
3542.149393943	906.515014648438
3544.05226706817	904.875
3545.95461141357	901.724975585938
3547.85642718097	900.539978027344
3549.75771457208	898.840026855469
3551.6584737885	895.950012207031
3553.55870503171	894.530029296875
3555.4584085031	892.280029296875
3557.35758440396	889.409973144531
3559.25623293548	884.275024414063
3561.15435429874	880.450012207031
3563.05194869473	878.440002441406
3564.94901632432	878.592529296875
3566.84555738829	878.744995117188
3568.74157208732	876.049987792969
3570.63706062199	875.525024414063
3572.53202319277	874.085021972656
3574.42646000003	871.965026855469
3576.32037124406	870.085021972656
3578.213757125	868.169982910156
3580.10661784295	864.780029296875
3581.99895359786	861.60498046875
3583.8907645896	859.474975585938
3585.78205101794	858.75
3587.67281308254	858.780029296875
3589.56305098297	859.099975585938
3591.4527649187	855.875
3593.34195508907	853.484985351563
3595.23062169338	850.244995117188
3597.11876493075	848.880004882813
3599.00638500027	848.140014648438
3600.89348210089	847.210021972656
3602.78005643148	847.080017089844
3604.66610819078	845
3606.55163757747	842.130004882813
3608.4366447901	840.22998046875
3610.32113002713	839.130004882813
3612.20509348693	838.025024414063
3614.08853536774	836.909973144531
3615.97145586773	834.580017089844
3617.85385518497	833.64501953125
3619.7357335174	830.549987792969
3621.61709106289	828.955017089844
3623.4979280192	828.619995117188
3625.37824458399	826.934997558594
3627.25804095482	824.674987792969
3629.13731732915	823.419982910156
3631.01607390435	821.515014648438
3632.89431087767	820.289978027344
3634.77202844629	819.599975585938
3636.64922680726	817.640014648438
3638.52590615754	816.210021972656
3640.40206669402	814.344970703125
3642.27770861344	812.440002441406
3644.15283211248	811.344970703125
3646.02743738771	811.030029296875
3647.90152463559	809.880004882813
3649.77509405251	807.755004882813
3651.64814583473	806.294982910156
3653.52068017842	804.190002441406
3655.39269727965	802.299987792969
3657.26419733442	802.390014648438
3659.13518053858	802.169982910156
3661.00564708793	801.159973144531
3662.87559717814	799.375
3664.7450310048	797.455017089844
3666.61394876338	795.510009765625
3668.48235064928	794.710021972656
3670.35023685779	793.280029296875
3672.21760758409	793.260009765625
3674.08446302327	791.875
3675.95080337033	790.940002441406
3677.81662882017	790.325012207031
3679.68193956758	789.150024414063
3681.54673580727	788.22998046875
3683.41101773383	786.960021972656
3685.27478554178	786.010009765625
3687.13803942551	784.955017089844
3689.00077957934	784.359985351563
3690.86300619748	782.875
3692.72471947405	782.669982910156
3694.58591960306	783.179992675781
3696.44660677844	782.244995117188
3698.306781194	781.64501953125
3700.16644304348	781.010009765625
3702.02559252049	781.075012207031
3703.88422981859	780.25
3705.74235513119	779.195007324219
3707.59996865164	777.840026855469
3709.45707057318	777.705017089844
3711.31366108895	777.309997558594
3713.16974039199	775.875
3715.02530867527	775.049987792969
3716.88036613164	774.539978027344
3718.73491295385	773.590026855469
3720.58894933456	774.010009765625
3722.44247546634	773.804992675781
3724.29549154166	774.025024414063
3726.14799775289	773.299987792969
3727.9999942923	772.825012207031
3729.85148135209	772.090026855469
3731.70245912432	771.065002441406
3733.55292780098	771.150024414063
3735.40288757397	771.974975585938
3737.25233863509	772.765014648438
3739.10128117603	770.659973144531
3740.9497153884	770.469970703125
3742.7976414637	770.840026855469
3744.64505959335	770.695007324219
3746.49196996866	769.705017089844
3748.33837278086	770.760009765625
3750.18426822108	770.340026855469
3752.02965648033	771.27001953125
3753.87453774956	770.994995117188
3755.7189122196	770.724975585938
3757.5627800812	770.934997558594
3759.40614152501	769.755004882813
3761.24899674159	769.515014648438
3763.09134592138	769.955017089844
3764.93318925476	769.215026855469
3766.77452693199	769.215026855469
3768.61535914325	768.844970703125
3770.45568607861	768.695007324219
3772.29550792807	768.849975585938
3774.1348248815	768.299987792969
3775.9736371287	768.234985351563
3777.81194485938	768.405029296875
