32.6816976106991	714.044982910156
35.6535599501435	714.190002441406
38.6244374909659	714.179992675781
41.5943306947054	714.169982910156
44.5632400226282	714.114990234375
47.5311659356917	713.955017089844
50.4981088945929	714.049987792969
53.4640693597127	714.085021972656
56.4290477911676	714.080017089844
59.3930446487746	714.080017089844
62.356060392067	714.010009765625
65.3180954802906	714.080017089844
68.2791503724084	714.109985351563
71.2392255270922	713.984985351563
74.1983214027271	713.950012207031
77.1564384574159	714.265014648438
80.113577148983	714.155029296875
83.0697379349549	714.030029296875
86.0249212725722	714.275024414063
88.9791276188058	714.125
91.9323574303255	714.085021972656
94.8846111635238	713.89501953125
97.8358892745121	714.344970703125
100.786192219114	714.210021972656
103.73552045287	714.309997558594
106.683874431037	714.5
109.631254608583	714.664978027344
112.577661440203	714.755004882813
115.523095380307	714.934997558594
118.467556883015	715.289978027344
121.411046402175	715.950012207031
124.353564391344	717.405029296875
127.295111303796	719.77001953125
130.235687592532	724.090026855469
133.175293710265	730.705017089844
136.113930109434	742.474975585938
139.051597242185	759.424987792969
141.98829556039	780.304992675781
144.92402551564	801.859985351563
147.858787559244	825.799987792969
150.792582142239	849.679992675781
153.725409715372	871.690002441406
156.65727072911	887.280029296875
159.588165633643	897.349975585938
162.518094878884	905.27001953125
165.447058914469	911.984985351563
168.375058189747	909.554992675781
171.302093153792	906.099975585938
174.228164255401	904.559997558594
177.153271943091	904.489990234375
180.077416665101	904.422485351563
183.000598869394	904.35498046875
185.922819003656	901.525024414063
188.84407751529	900.630004882813
191.764374851424	903.224975585938
194.683711458919	906.400024414063
197.60208778434	910.330017089844
200.519504273992	912.830017089844
203.435961373894	915.809997558594
206.351459529801	921.669982910156
209.265999187174	930.289978027344
212.179580791207	941.859985351563
215.092204786825	952.27001953125
218.003871618673	962.349975585938
220.914581731116	971.52001953125
223.824335568247	981.375
226.733133573893	987.820007324219
229.640976191593	994.039978027344
232.547863864614	998.200012207031
235.453797035961	1002.53497314453
238.358776148354	1003.41998291016
241.26280164424	1001.95001220703
244.1658739658	1000.78997802734
247.067993554929	997.35498046875
249.969160853266	995.085021972656
252.869376302162	990.424987792969
255.768640342707	988.049987792969
258.666953415705	990.554992675781
261.564315961705	982.539978027344
264.46072842097	978.60498046875
267.356191233499	975.864990234375
270.25070483901	973.60498046875
273.144269676967	972.875
276.036886186551	972.434997558594
278.928554806671	967.724975585938
281.819275975966	966.239990234375
284.709050132812	967.010009765625
287.597877715306	963.400024414063
290.485759161281	960.875
293.372694908298	956.864990234375
296.258685393644	957.844970703125
299.143731054352	956.190002441406
302.027832327156	957.445007324219
304.910989648557	956.684997558594
307.79320345476	954.400024414063
310.674474181717	951.385009765625
313.554802265101	950.955017089844
316.434188140326	950.085021972656
319.312632242533	950.114990234375
322.190135006593	950.39501953125
325.066696867117	949.424987792969
327.942318258443	946.940002441406
330.816999614641	945.375
333.690741369517	944.900024414063
336.56354395661	942.419982910156
339.435407809193	940.119995117188
342.306333360273	939.330017089844
345.176321042591	935.784973144531
348.045371288612	933.799987792969
350.913484530551	932.484985351563
353.78066120035	932.125
356.64690172969	932.619995117188
359.512206549972	930.039978027344
362.376576092357	928.52001953125
365.240010787716	926.109985351563
368.102511066677	926.234985351563
370.964077359587	928.609985351563
373.82471009654	928.835021972656
376.684409707364	929.414978027344
379.543176621612	930.179992675781
382.401011268595	931.684997558594
385.257914077343	931.450012207031
388.113885476627	929.575012207031
390.968925894961	931.184997558594
393.823035760591	931.219970703125
396.676215501503	934.414978027344
399.528465545415	937.905029296875
402.379786319791	942.210021972656
405.230178251834	944.375
408.079641768472	954.35498046875
410.928177296387	960.799987792969
413.775785261992	960.669982910156
416.622466091445	963.450012207031
419.468220210631	963.525024414063
422.313048045182	963.599975585938
425.156950020479	961.825012207031
427.999926561623	959.619995117188
430.841978093471	957.409973144531
433.683105040613	957.330017089844
436.523307827384	953.294982910156
439.362586877851	951.585021972656
442.200942615829	947.349975585938
445.038375464876	940.77001953125
447.874885848283	938.474975585938
450.710474189089	939.755004882813
453.54514091007	942.434997558594
456.37888643375	941.244995117188
459.211711182386	939.880004882813
462.043615577986	935.669982910156
464.874600042297	934.575012207031
467.704664996804	933.419982910156
470.533810862741	933.705017089844
473.36203806108	933.005004882813
476.189347012547	932.804992675781
479.015738137594	936.119995117188
481.841211856432	937.684997558594
484.665768589008	938.135009765625
487.489408755009	941.299987792969
490.312132773878	946.215026855469
493.133941064796	947.794982910156
495.954834046683	948.775024414063
498.77481213821	950.85498046875
501.593875757797	951.094970703125
504.412025323601	948.369995117188
507.229261253524	944.945007324219
510.045583965226	943.690002441406
512.860993876093	942.724975585938
515.675491403271	940.315002441406
518.489076963649	938.75
521.301750973863	935.034973144531
524.113513850293	935.039978027344
526.924366009065	933.304992675781
529.734307866052	931.469970703125
532.543339836881	927.914978027344
535.35146233692	926.224975585938
538.158675781281	924.72998046875
540.964980584833	920.914978027344
543.770377162182	917.405029296875
546.574865927692	915.205017089844
549.378447295465	911.755004882813
552.181121679365	909.960021972656
554.982889492993	908.080017089844
557.783751149701	906.864990234375
560.583707062591	904.155029296875
563.38275764452	903.505004882813
566.180903308083	903.5
568.978144465633	903.494995117188
571.774481529266	901.015014648438
574.569914910839	898.659973144531
577.364445021949	896.969970703125
580.158072273946	893.409973144531
582.950797077926	892.315002441406
585.742619844752	891.510009765625
588.533540985018	889.570007324219
591.323560909078	885.39501953125
594.112680027034	881.669982910156
596.90089874875	881.909973144531
599.688217483828	881.304992675781
602.474636641629	883.409973144531
605.260156631263	883.10498046875
608.044777861596	882.929992675781
610.828500741241	881.489990234375
613.611325678567	880.885009765625
616.393253081697	882.174987792969
619.174283358506	884.614990234375
621.954416916616	886.64501953125
624.733654163414	886.719970703125
627.511995506029	885.119995117188
630.289441351351	883.039978027344
633.065992106022	880.669982910156
635.841648176434	879.085021972656
638.616409968744	879.085021972656
641.390277888847	882.169982910156
644.163252342408	884.505004882813
646.93533373484	886.47998046875
649.706522471307	888.419982910156
652.47681895674	887.965026855469
655.246223595811	884.840026855469
658.014736792957	883.869995117188
660.782358952371	882.984985351563
663.549090477999	883.234985351563
666.314931773542	882.489990234375
669.079883242452	885.114990234375
671.843945287955	889.005004882813
674.607118313019	888.950012207031
677.369402720366	888.89501953125
680.130798912488	886.125
682.891307291627	885.155029296875
685.650928259784	885.085021972656
688.409662218708	884.14501953125
691.167509569927	881.599975585938
693.924470714705	880.695007324219
696.680546054078	880.60498046875
699.435735988832	880.515014648438
702.190040919516	880.780029296875
704.943461246442	881.945007324219
707.695997369667	881.934997558594
710.447649689022	881.724975585938
713.198418604088	882.489990234375
715.948304514206	882.530029296875
718.697307818481	884.844970703125
721.445428915779	885.344970703125
724.192668204716	883.239990234375
726.93902608368	883.210021972656
729.684502950805	882.820007324219
732.429099204005	882.955017089844
735.172815240936	884.955017089844
737.915651459026	886.044982910156
740.657608255463	886.169982910156
743.398686027186	886.590026855469
746.13888517091	887.780029296875
748.878206083102	888.780029296875
751.616649159998	892.359985351563
754.354214797584	896.950012207031
757.09090339162	901.580017089844
759.826715337622	900.304992675781
762.561651030868	896.484985351563
765.295710866406	894.200012207031
768.028895239041	888.35498046875
770.761204543336	885.625
773.492639173626	883.054992675781
776.223199524006	881.690002441406
778.952885988334	878.609985351563
781.681698960235	876.47998046875
784.40963883309	876.5849609375
787.136706000052	876.690002441406
789.862900854037	876.945007324219
792.588223787721	875.905029296875
795.312675193549	876.784973144531
798.036255463728	879.455017089844
800.758964990228	880.900024414063
803.480804164792	882.719970703125
806.201773378919	882.77001953125
808.921873023884	885.674987792969
811.641103490712	888.994995117188
814.359465170214	894.630004882813
817.076958452946	901.205017089844
819.793583729246	908.630004882813
822.509341389214	915.994995117188
825.224231822712	924.130004882813
827.938255419375	933.299987792969
830.651412568596	938.594970703125
833.363703659544	940.179992675781
836.075129081157	944.390014648438
838.785689222127	946.590026855469
841.495384470928	948.114990234375
844.204215215788	953.510009765625
846.912181844721	962.460021972656
849.619284745491	969.130004882813
852.325524305638	973.094970703125
855.030900912475	979.455017089844
857.735414953079	979.460021972656
860.439066814289	979.465026855469
863.141856882725	972.205017089844
865.843785544769	967.580017089844
868.544853186571	960.465026855469
871.245060194063	957.690002441406
873.944406952925	954.525024414063
876.642893848625	950.969970703125
879.340521266398	948.859985351563
882.037289591241	949
884.733199207927	951.940002441406
887.428250501001	953.825012207031
890.122443854778	953.650024414063
892.815779653335	953.075012207031
895.508258280534	958.224975585938
898.199880119997	962.590026855469
900.890645555129	964.380004882813
903.580554969094	965.674987792969
906.269608744832	963.284973144531
908.957807265056	959.950012207031
911.645150912257	960.590026855469
914.331640068689	961.969970703125
917.017275116375	964.344970703125
919.702056437128	965.005004882813
922.385984412518	968.849975585938
925.069059423886	976.340026855469
927.751281852366	985.674987792969
930.432652078842	994.375
933.113170483983	1000.44000244141
935.79283744823	999.405029296875
938.471653351806	999.844970703125
941.149618574686	1000.66497802734
943.826733496641	1003.04498291016
946.502998497206	1006.90002441406
949.178413955689	998.635009765625
951.85298025118	997.715026855469
954.526697762544	994.340026855469
957.199566868403	989.544982910156
959.87158794718	988.849975585938
962.542761377054	990.635009765625
965.213087535987	989.549987792969
967.882566801719	985.700012207031
970.551199551761	983.489990234375
973.218986163399	985.344970703125
975.885927013698	984.179992675781
978.552022479501	985.97998046875
981.217272937423	989.585021972656
983.88167876386	999.525024414063
986.545240334978	1006.24499511719
989.207958026729	1009.59997558594
991.869832214835	1018.51000976563
994.530863274798	1025.7099609375
997.191051581895	1042.47998046875
999.850397511185	1070.10998535156
1002.50890143751	1098.375
1005.16656373546	1112
1007.82338477944	1115.15002441406
1010.47936494363	1107.0849609375
1013.13450460195	1082.43005371094
1015.78880412815	1047.17504882813
1018.44226389572	1015.01000976563
1021.09488427794	993.570007324219
1023.74666564789	987.424987792969
1026.3976083784	983.630004882813
1029.04771284208	985.109985351563
1031.69697941135	990.554992675781
1034.34540845838	996.530029296875
1036.99300035512	996.35498046875
1039.63975547333	996.179992675781
1042.28567418452	995.059997558594
1044.93075685998	993.304992675781
1047.57500387081	995.344970703125
1050.21841558786	1000.04998779297
1052.86099238177	1003.91998291016
1055.50273462297	1007.26501464844
1058.14364268167	1011.41998291016
1060.78371692784	1015.52001953125
1063.42295773126	1016.50500488281
1066.06136546148	1019.85998535156
1068.69894048781	1024.1650390625
1071.33568317939	1027.3349609375
1073.9715939051	1025.81005859375
1076.60667303362	1020.63500976563
1079.24092093341	1014.03997802734
1081.87433797271	1011.04498291016
1084.50692451954	1008.57501220703
1087.13868094172	1005.14501953125
1089.76960760684	996.510009765625
1092.39970488226	992.085021972656
1095.02897313516	992.015014648438
1097.65741273246	991.945007324219
1100.28502404089	991.280029296875
1102.91180742697	988.445007324219
1105.53776325698	992.474975585938
1108.16289189701	995.090026855469
1110.78719371291	994.375
1113.41066907033	989.075012207031
1116.0333183347	988.049987792969
1118.65514187124	991.200012207031
1121.27614004495	993.530029296875
1123.89631322061	995.575012207031
1126.51566176279	997.265014648438
1129.13418603585	997.39501953125
1131.75188640394	990.510009765625
1134.36876323098	981.890014648438
1136.98481688069	973.094970703125
1139.60004771655	960.200012207031
1142.21445610187	945.914978027344
1144.82804239972	934.090026855469
1147.44080697295	929.534973144531
1150.05275018421	931.559997558594
1152.66387239593	933.955017089844
1155.27417397034	933.125
1157.88365526943	934.39501953125
1160.49231665502	935.780029296875
1163.10015848867	939.559997558594
1165.70718113176	939.594970703125
1168.31338494544	943.119995117188
1170.91877029067	941.924987792969
1173.52333752817	941.289978027344
1176.12708701847	941.570007324219
1178.73001912187	938.159973144531
1181.33213419848	936.825012207031
1183.93343260819	936.869995117188
1186.53391471068	933.515014648438
1189.13358086539	930.674987792969
1191.73243143161	927.155029296875
1194.33046676836	926.330017089844
1196.92768723449	929.614990234375
1199.52409318861	938.359985351563
1202.11968498915	948.710021972656
1204.7144629943	954.690002441406
1207.30842756206	963.780029296875
1209.90157905021	971.385009765625
1212.49391781634	971.087524414063
1215.08544421779	970.789978027344
1217.67615861174	963.744995117188
1220.26606135512	959.945007324219
1222.85515280468	961.265014648438
1225.44343331694	967.325012207031
1228.03090324823	971.590026855469
1230.61756295466	978.47998046875
1233.20341279213	985.775024414063
1235.78845311634	996.934997558594
1238.37268428278	1001.46502685547
1240.95610664673	1007.13000488281
1243.53872056325	1014.375
1246.12052638722	1018.59002685547
1248.70152447329	1020.95001220703
1251.28171517591	1022.05499267578
1253.86109884934	1024.94995117188
1256.43967584759	1023.44500732422
1259.0174465245	1026.10998535156
1261.5944112337	1028.14001464844
1264.1705703286	1029.39001464844
1266.74592416241	1028.46496582031
1269.32047308814	1030.20495605469
1271.89421745858	1033.89001464844
1274.46715762633	1034.94494628906
1277.03929394377	1032.25500488281
1279.61062676308	1032.21496582031
1282.18115643624	1030.06994628906
1284.75088331502	1028.64001464844
1287.31980775098	1025.71997070313
1289.88793009548	1021.94000244141
1292.45525069969	1021.45501708984
1295.02176991454	1021.45501708984
1297.58748809078	1020.05499267578
1300.15240557897	1024.65502929688
1302.71652272942	1027.30505371094
1305.27983989229	1028.67504882813
1307.84235741749	1029.9150390625
1310.40407565475	1038.94494628906
1312.9649949536	1046.70495605469
1315.52511566335	1051.9599609375
1318.08443813311	1052.23999023438
1320.64296271181	1055.03503417969
1323.20068974815	1056
1325.75761959063	1052.73999023438
1328.31375258756	1050.93505859375
1330.86908908704	1050.0400390625
1333.42362943696	1055.64001464844
1335.97737398503	1058.88500976563
1338.53032307874	1058.38500976563
1341.08247706537	1058.06005859375
1343.63383629202	1054.15502929688
1346.18440110558	1047.82495117188
1348.73417185274	1041.67504882813
1351.28314887997	1035.31494140625
1353.83133253357	1020.72497558594
1356.37872315961	1005.86999511719
1358.92532110398	997.710021972656
1361.47112671237	995.695007324219
1364.01614033024	988.684997558594
1366.56036230288	979.169982910156
1369.10379297537	972.380004882813
1371.64643269258	962.219970703125
1374.18828179921	953.340026855469
1376.72934063972	947.594970703125
1379.2696095584	948.294982910156
1381.80908889932	948.905029296875
1384.34777900637	949.289978027344
1386.88568022323	949.440002441406
1389.42279289337	949.344970703125
1391.95911736009	954.35498046875
1394.49465396645	954.195007324219
1397.02940305537	953.210021972656
1399.5633649695	955.700012207031
1402.09654005135	961.065002441406
1404.6289286432	963.445007324219
1407.16053108714	964.375
1409.69134772507	965.960021972656
1412.22137889868	968.664978027344
1414.75062494947	970.719970703125
1417.27908621874	969.864990234375
1419.80676304759	969.489990234375
1422.33365577692	972.265014648438
1424.85976474744	977.005004882813
1427.38509029967	976.450012207031
1429.90963277392	981.25
1432.4333925103	991.114990234375
1434.95636984873	1000.21002197266
1437.47856512894	1016.53997802734
1439.99997869045	1036.02502441406
1442.5206108726	1054.0400390625
1445.04046201452	1073.00500488281
1447.55953245515	1088.01501464844
1450.07782253323	1096.17004394531
1452.59533258731	1106.26501464844
1455.11206295574	1101.87255859375
1457.62801397668	1097.47998046875
1460.14318598809	1094.19494628906
1462.65757932774	1085.46997070313
1465.1711943332	1074.97998046875
1467.68403134184	1058.25
1470.19609069085	1036.18005371094
1472.70737271721	1013.77001953125
1475.21787775772	988.380004882813
1477.72760614897	959.960021972656
1480.23655822738	935.875
1482.74473432914	919.515014648438
1485.25213479029	901.440002441406
1487.75875994664	886.505004882813
1490.26461013382	877.22998046875
1492.76968568726	868.085021972656
1495.27398694222	861.47998046875
1497.77751423374	856.994995117188
1500.28026789667	853.765014648438
1502.78224826569	851.465026855469
1505.28345567526	848.864990234375
1507.78389045967	847.825012207031
1510.28355295299	848.335021972656
1512.78244348913	845.525024414063
1515.28056240178	842.585021972656
1517.77791002445	840.715026855469
1520.27448669047	840.174987792969
1522.77029273296	842.054992675781
1525.26532848486	842.525024414063
1527.75959427889	843.489990234375
1530.25309044764	843.640014648438
1532.74581732344	845.265014648438
1535.23777523847	845.212524414063
1537.72896452471	845.159973144531
1540.21938551394	847.489990234375
1542.70903853778	848.405029296875
1545.19792392761	852.755004882813
1547.68604201466	859.594970703125
1550.17339312997	867.210021972656
1552.65997760434	869.765014648438
1555.14579576845	873.554992675781
1557.63084795275	874.864990234375
1560.11513448749	872.35498046875
1562.59865570276	869.859985351563
1565.08141192845	871.880004882813
1567.56340349426	872.150024414063
1570.04463072969	870.155029296875
1572.52509396406	869.755004882813
1575.00479352652	869.440002441406
1577.48372974599	873.244995117188
1579.96190295124	875.210021972656
1582.43931347083	878.109985351563
1584.91596163314	883.724975585938
1587.39184776636	886.094970703125
1589.86697219849	887.14501953125
1592.34133525734	890.695007324219
1594.81493727054	894.830017089844
1597.28777856553	897.880004882813
1599.75985946955	903.260009765625
1602.23118030968	910.434997558594
1604.70174141278	919.640014648438
1607.17154310555	929.315002441406
1609.64058571449	937.739990234375
1612.10886956591	938.265014648438
1614.57639498595	934.35498046875
1617.04316230054	932.52001953125
1619.50917183543	930.460021972656
1621.97442391621	926.335021972656
1624.43891886825	922.39501953125
1626.90265701674	920.650024414063
1629.36563868671	919.244995117188
1631.82786420296	918.974975585938
1634.28933389016	923.585021972656
1636.75004807274	928.905029296875
1639.21000707498	936.380004882813
1641.66921122097	946.659973144531
1644.12766083459	961.265014648438
1646.58535623956	976.409973144531
1649.04229775941	990.885009765625
1651.4984857175	1003.09997558594
1653.95392043697	1015.63500976563
1656.40860224079	1026.72998046875
1658.86253145177	1033.64501953125
1661.3157083925	1037.57995605469
1663.76813338542	1036.53002929688
1666.21980675275	1036.71997070313
1668.67072881656	1033.43005371094
1671.1208998987	1024.17504882813
1673.57032032089	1011.91497802734
1676.0189904046	997
1678.46691047118	985.294982910156
1680.91408084174	971.890014648438
1683.36050183726	954.030029296875
1685.8061737785	937.119995117188
1688.25109698605	922.364990234375
1690.69527178032	907.859985351563
1693.13869848153	895.619995117188
1695.58137740972	880.684997558594
1698.02330888476	868.705017089844
1700.46449322631	856.700012207031
1702.90493075388	847.75
1705.34462178678	838.940002441406
1707.78356664414	830.239990234375
1710.22176564492	824.065002441406
1712.65921910787	818.859985351563
1715.0959273516	814.575012207031
1717.53189069449	812.424987792969
1719.9671094548	811.989990234375
1722.40158395054	810.005004882813
1724.8353144996	807.594970703125
1727.26830141965	806.590026855469
1729.70054502819	805.505004882813
1732.13204564255	804.489990234375
1734.56280357987	804.494995117188
1736.99281915711	804.289978027344
1739.42209269106	804.234985351563
1741.85062449831	804.294982910156
1744.27841489529	803.469970703125
1746.70546419823	801.844970703125
1749.13177272321	799.825012207031
1751.5573407861	798.640014648438
1753.98216870262	797.890014648438
1756.40625678828	797.599975585938
1758.82960535844	797.169982910156
1761.25221472825	796.075012207031
1763.67408521271	796.465026855469
1766.09521712663	795.755004882813
1768.51561078464	794.565002441406
1770.93526650119	794.840026855469
1773.35418459056	795.684997558594
1775.77236536684	795.344970703125
1778.18980914396	794.255004882813
1780.60651623565	793.825012207031
1783.02248695548	794.14501953125
1785.43772161684	793.929992675781
1787.85222053292	793.914978027344
1790.26598401677	793.380004882813
1792.67901238123	792.409973144531
1795.09130593899	792.534973144531
1797.50286500254	791.614990234375
1799.9136898842	790.510009765625
1802.32378089613	789.590026855469
1804.73313835028	791.534973144531
1807.14176255846	791.619995117188
1809.54965383228	791.465026855469
1811.95681248317	791.599975585938
1814.36323882242	791.159973144531
1816.76893316109	790.969970703125
1819.17389581011	790.549987792969
1821.57812708021	791.030029296875
1823.98162728196	790.924987792969
1826.38439672573	790.094970703125
1828.78643572174	789.760009765625
1831.18774458003	789.405029296875
1833.58832361045	789.424987792969
1835.98817312269	789.265014648438
1838.38729342625	789.039978027344
1840.78568483048	789.575012207031
1843.18334764454	789.775024414063
1845.58028217741	789.315002441406
1847.9764887379	788.875
1850.37196763465	788.950012207031
1852.76671917613	788.484985351563
1855.16074367062	788.674987792969
1857.55404142624	788.539978027344
1859.94661275094	788.090026855469
1862.33845795247	788.434997558594
1864.72957733844	788.489990234375
1867.11997121627	788.454956054688
1869.5096398932	788.419982910156
1871.89858367631	787.765014648438
1874.28680287251	788.190002441406
1876.67429778851	787.544982910156
1879.06106873089	786.724975585938
1881.44711600601	787.460021972656
1883.8324399201	787.755004882813
1886.21704077919	788
1888.60091888915	787.984985351563
1890.98407455567	787.914978027344
1893.36650808428	788.544982910156
1895.74821978033	788.840026855469
1898.12920994899	787.909973144531
1900.50947889527	788.119995117188
1902.88902692401	787.549987792969
1905.26785433986	787.429992675781
1907.64596144734	787.14501953125
1910.02334855075	786.494995117188
1912.40001595424	786.52001953125
1914.7759639618	786.544982910156
1917.15119287724	787.424987792969
1919.52570300419	788.02001953125
1921.89949464611	787.630004882813
1924.27256810632	788.239990234375
1926.64492368793	788.015014648438
1929.0165616939	788.184997558594
1931.38748242701	786.789978027344
1933.75768618989	785.784973144531
1936.12717328497	786.530029296875
1938.49594401455	787.474975585938
1940.86399868071	787.815002441406
1943.23133758541	788.085021972656
1945.5979610304	787.515014648438
1947.96386931729	788.530029296875
1950.32906274751	788.070007324219
1952.69354162232	787.309997558594
1955.0573062428	786.570007324219
1957.42035690989	786.85498046875
1959.78269392434	786.094970703125
1962.14431758673	787.210021972656
1964.50522819748	786.969970703125
1966.86542605684	787.080017089844
1969.22491146488	787.77001953125
1971.58368472153	789.25
1973.94174612654	788.364990234375
1976.29909597945	787.565002441406
1978.65573457971	787.965026855469
1981.01166222654	788.375
1983.36687921902	787.554992675781
1985.72138585606	787.065002441406
1988.07518243639	787.119995117188
1990.42826925859	786.325012207031
1992.78064662106	786.304992675781
1995.13231482205	786.39501953125
1997.48327415961	786.765014648438
1999.83352493167	787.130004882813
2002.18306743594	786.890014648438
2004.53190197002	786.025024414063
2006.8800288313	787.039978027344
2009.22744831703	786.679992675781
2011.57416072427	786.635009765625
2013.92016634993	786.315002441406
2016.26546549076	786.325012207031
2018.61005844332	786.434997558594
2020.95394550404	786.544982910156
2023.29712696915	786.215026855469
2025.63960313474	786.22998046875
2027.98137429672	786.244995117188
2030.32244075083	787.47998046875
2032.66280279266	786.765014648438
2035.00246071763	787.405029296875
2037.34141482099	787.039978027344
2039.67966539784	788.364990234375
2042.01721274309	788.109985351563
2044.35405715151	787.744995117188
2046.69019891769	787.080017089844
2049.02563833606	786.919982910156
2051.3603757009	787.260009765625
2053.6944113063	787.195007324219
2056.0277454462	787.130004882813
2058.36037841439	787.875
2060.69231050446	787.75
2063.02354200988	788.049987792969
2065.35407322392	788.715026855469
2067.68390443971	788.60498046875
2070.01303595021	788.109985351563
2072.3414680482	789.299987792969
2074.66920102633	788.489990234375
2076.99623517706	788.755004882813
2079.32257079271	788.809997558594
2081.6482081654	788.844970703125
2083.97314758713	788.590026855469
2086.29738934971	789.135009765625
2088.62093374481	788.325012207031
2090.94378106391	788.344970703125
2093.26593159835	789.309997558594
2095.5873856393	789.307495117188
2097.90814347777	789.304992675781
2100.2282054046	788.590026855469
2102.54757171048	789.155029296875
2104.86624268594	790.190002441406
2107.18421862133	789.599975585938
2109.50149980686	789.715026855469
2111.81808653257	791.424987792969
2114.13397908834	791.359985351563
2116.44917776388	789.674987792969
2118.76368284875	790.684997558594
2121.07749463235	791.284973144531
2123.39061340391	791.375
2125.70303945252	791.409973144531
2128.01477306707	791.630004882813
2130.32581453634	791.085021972656
2132.63616414891	791.065002441406
2134.94582219322	790.559997558594
2137.25478895754	790.294982910156
2139.56306472999	790.039978027344
2141.87064979851	790.405029296875
2144.17754445092	790.994995117188
2146.48374897484	791.744995117188
2148.78926365774	790.640014648438
2151.09408878695	790.994995117188
2153.39822464963	791.14501953125
2155.70167153277	791.599975585938
2158.00442972321	791.650024414063
2160.30649950763	791.099975585938
2162.60788117256	790.635009765625
2164.90857500436	791.025024414063
2167.20858128923	790.760009765625
2169.50790031323	791.044982910156
2171.80653236223	791.304992675781
2174.10447772198	791.625
2176.40173667804	790.684997558594
2178.69830951582	791.585021972656
2180.99419652058	791.054992675781
2183.28939797743	791.614990234375
2185.5839141713	792.010009765625
2187.87774538698	790.585021972656
2190.17089190908	789.684997558594
2192.46335402209	789.575012207031
2194.75513201032	790.099975585938
2197.04622615791	790.635009765625
2199.33663674886	790.919982910156
2201.62636406702	790.489990234375
2203.91540839606	791.174987792969
2206.20377001952	791.174987792969
2208.49144922077	791.554992675781
2210.77844628302	791.885009765625
2213.06476148933	790.830017089844
2215.3503951226	790.440002441406
2217.63534746557	790.25
2219.91961880085	790.22998046875
2222.20320941085	790.565002441406
2224.48611957785	789.955017089844
2226.76834958399	789.989990234375
2229.04989971122	789.859985351563
2231.33077024136	789.525024414063
2233.61096145607	789.974975585938
2235.89047363683	790.5
2238.169307065	792.539978027344
2240.44746202178	792.744995117188
2242.72493878819	791.715026855469
2245.00173764511	790.575012207031
2247.27785887327	789.989990234375
2249.55330275324	790.200012207031
2251.82806956545	790.594970703125
2254.10215959014	790.60498046875
2256.37557310744	790.280029296875
2258.64831039729	790.929992675781
2260.92037173949	791.14501953125
2263.19175741368	791.335021972656
2265.46246769938	791.054992675781
2267.7325028759	790.5
2270.00186322243	790.690002441406
2272.270549018	790.650024414063
2274.5385605415	790.64501953125
2276.80589807165	790.640014648438
2279.07256188702	790.570007324219
2281.33855226601	790.864990234375
2283.60386948691	791.195007324219
2285.86851382782	791.544982910156
2288.1324855667	791.794982910156
2290.39578498136	791.785034179688
2292.65841234945	791.775024414063
2294.92036794847	791.02001953125
2297.18165205578	791.125
2299.44226494856	791.515014648438
2301.70220690387	791.364990234375
2303.96147819859	791.215026855469
2306.22007910947	791.385009765625
2308.47800991309	790.969970703125
2310.73527088589	791
2312.99186230416	791.924987792969
2315.24778444403	792.909973144531
2317.50303758149	792.794982910156
2319.75762199235	792.679992675781
2322.01153795231	791.510009765625
2324.26478573689	791.515014648438
2326.51736562147	792.89501953125
2328.76927788127	795.325012207031
2331.02052279137	795.10498046875
2333.2711006267	793.554992675781
2335.52101166203	793.039978027344
2337.77025617198	792.424987792969
2340.01883443103	791.719970703125
2342.2667467135	791.989990234375
2344.51399329356	791.825012207031
2346.76057444525	791.849975585938
2349.00649044241	791.950012207031
2351.2517415588	791.484985351563
2353.49632806796	791.369995117188
2355.74025024334	791.655029296875
2357.98350835819	791.099975585938
2360.22610268566	791.450012207031
2362.4680334987	791.619995117188
2364.70930107016	791.744995117188
2366.94990567269	791.755004882813
2369.18984757884	791.765014648438
2371.42912706098	791.590026855469
2373.66774439134	791.705017089844
2375.90569984199	791.590026855469
2378.14299368488	792.215026855469
2380.37962619179	791.989990234375
2382.61559763435	791.414978027344
2384.85090828405	791.179992675781
2387.08555841222	791.294982910156
2389.31954829006	791.344970703125
2391.55287818861	791.434997558594
2393.78554837877	791.635009765625
2396.01755913128	790.775024414063
2398.24891071673	790.900024414063
2400.47960340558	791.284973144531
2402.70963746814	792.35498046875
2404.93901317456	792.179992675781
2407.16773079485	791.710021972656
2409.39579059887	791.89501953125
2411.62319285633	791.710021972656
2413.84993783681	792.130004882813
2416.07602580971	792.494995117188
2418.30145704432	792.534973144531
2420.52623180977	793.234985351563
2422.75035037503	793.179992675781
2424.97381300893	792.969970703125
2427.19661998017	792.590026855469
2429.41877155729	792.885009765625
2431.64026800867	793.109985351563
2433.86110960257	793.309997558594
2436.08129660709	793.559997558594
2438.30082929019	793.065002441406
2440.51970791967	794.140014648438
2442.73793276321	794.099975585938
2444.95550408832	793.510009765625
2447.17242216237	792.715026855469
2449.38868725259	793.344970703125
2451.60429962607	793.14501953125
2453.81925954975	792
2456.03356729041	792.030029296875
2458.2472231147	793.650024414063
2460.46022728913	794.234985351563
2462.67258008005	793.890014648438
2464.88428175368	794.950012207031
2467.09533257608	794.190002441406
2469.30573281318	793.965026855469
2471.51548273076	794.409973144531
2473.72458259445	793.794982910156
2475.93303266974	794.820007324219
2478.14083322198	794.72998046875
2480.34798451637	793.914978027344
2482.55448681797	793.705017089844
2484.76034039169	794.085021972656
2486.96554550231	795.794982910156
2489.17010241445	795.880004882813
2491.37401139259	794.934997558594
2493.57727270109	795.755004882813
2495.77988660412	795.64501953125
2497.98185336574	795.724975585938
2500.18317324987	796.534973144531
2502.38384652028	797.169982910156
2504.58387344058	795.844970703125
2506.78325427425	796.625
2508.98198928465	796.515014648438
2511.18007873495	796.075012207031
2513.37752288821	795.955017089844
2515.57432200735	797.085021972656
2517.77047635514	797.094970703125
2519.96598619419	797.10498046875
2522.16085178699	797.130004882813
2524.35507339589	797.705017089844
2526.54865128308	797.60498046875
2528.74158571062	798.159973144531
2530.93387694042	798.280029296875
2533.12552523427	798.265014648438
2535.31653085379	799.744995117188
2537.50689406046	798.799987792969
2539.69661511566	798.630004882813
2541.88569428057	799.309997558594
2544.07413181627	799.169982910156
2546.26192798368	799.635009765625
2548.44908304359	800.135009765625
2550.63559725664	800.109985351563
2552.82147088333	799.710021972656
2555.00670418402	801.510009765625
2557.19129741894	801.820007324219
2559.37525084817	800.97998046875
2561.55856473164	800.234985351563
2563.74123932917	799.864990234375
2565.92327490039	801.265014648438
2568.10467170484	801.419982910156
2570.28543000189	803.64501953125
2572.46555005079	803.049987792969
2574.64503211063	802.835021972656
2576.82387644036	801.739990234375
2579.00208329882	801
2581.17965294468	801.070007324219
2583.35658563648	802.335021972656
2585.53288163263	802.715026855469
2587.70854119137	804.030029296875
2589.88356457084	804.239990234375
2592.05795202902	804.174987792969
2594.23170382376	803.135009765625
2596.40482021275	803.489990234375
2598.57730145356	804.97998046875
2600.74914780363	805.200012207031
2602.92035952023	804.640014648438
2605.09093686053	805.619995117188
2607.26088008153	807.075012207031
2609.4301894401	807.099975585938
2611.59886519299	807.27001953125
2613.76690759678	807.099975585938
2615.93431690793	807.650024414063
2618.10109338277	808.640014648438
2620.26723727748	808.330017089844
2622.4327488481	809.840026855469
2624.59762835054	810.25
2626.76187604057	810.609985351563
2628.92549217382	812.140014648438
2631.08847700579	812.494995117188
2633.25083079182	813.215026855469
2635.41255378715	813.570007324219
2637.57364624684	812.484985351563
2639.73410842586	813.294982910156
2641.893940579	813.135009765625
2644.05314296094	812.674987792969
2646.21171582621	811.309997558594
2648.36965942921	812.315002441406
2650.5269740242	814.219970703125
2652.6836598653	814.765014648438
2654.83971720651	814.969970703125
2656.99514630167	816.125
2659.1499474045	816.445007324219
2661.30412076857	815.135009765625
2663.45766664734	814.205017089844
2665.61058529411	816.950012207031
2667.76287696204	817.830017089844
2669.91454190418	818.375
2672.06558037342	820.590026855469
2674.21599262253	819.570007324219
2676.36577890413	820.109985351563
2678.51493947072	820.044982910156
2680.66347457466	820.309997558594
2682.81138446816	821.739990234375
2684.95866940332	823.059997558594
2687.10532963209	824.070007324219
2689.25136540628	825.22998046875
2691.39677697757	825.214965820313
2693.54156459752	825.200012207031
2695.68572851753	825.414978027344
2697.82926898888	825.940002441406
2699.97218626272	826.934997558594
2702.11448059006	830.239990234375
2704.25615222175	832.385009765625
2706.39720140856	833.919982910156
2708.53762840109	834.695007324219
2710.67743344979	835.455017089844
2712.81661680503	836.674987792969
2714.95517871698	839.335021972656
2717.09311943574	842.39501953125
2719.23043921123	844.234985351563
2721.36713829325	847.054992675781
2723.50321693148	850.72998046875
2725.63867537545	850.777465820313
2727.77351387456	850.825012207031
2729.90773267809	850.315002441406
2732.04133203516	852.625
2734.17431219478	855.130004882813
2736.30667340581	855.179992675781
2738.438415917	855.22998046875
2740.56953997695	852.5
2742.70004583414	852.099975585938
2744.82993373688	853.224975585938
2746.9592039334	853.289978027344
2749.08785667177	851.609985351563
2751.21589219993	847.304992675781
2753.34331076568	845.575012207031
2755.4701126167	844.719970703125
2757.59629800054	843.109985351563
2759.7218671646	843.724975585938
2761.84682035617	846.784973144531
2763.9711578224	846.799987792969
2766.0948798103	846.815002441406
2768.21798656676	847.424987792969
2770.34047833852	847.340026855469
2772.46235537222	846.039978027344
2774.58361791434	845.450012207031
2776.70426621124	843.265014648438
2778.82430050915	844.284973144531
2780.94372105416	842.599975585938
2783.06252809224	842.119995117188
2785.18072186922	842.049987792969
2787.29830263081	841.47998046875
2789.41527062257	841.085021972656
2791.53162608996	840.469970703125
2793.64736927828	840.650024414063
2795.76250043271	840.630004882813
2797.8770197983	840.440002441406
2799.99092761997	842.02001953125
2802.10422414252	842.924987792969
2804.21690961059	845.429992675781
2806.32898426873	849
2808.44044836132	850.559997558594
2810.55130213264	851.385009765625
2812.66154582682	855.974975585938
2814.77117968788	860.150024414063
2816.8802039597	863.429992675781
2818.98861888601	866.315002441406
2821.09642471046	868.380004882813
2823.20362167653	872.419982910156
2825.31021002756	875.914978027344
2827.41619000682	880.119995117188
2829.52156185738	889.515014648438
2831.62632582224	897.315002441406
2833.73048214422	904.765014648438
2835.83403106606	912.114990234375
2837.93697283033	920.635009765625
2840.03930767951	932.10498046875
2842.1410358559	949.22998046875
2844.24215760173	966.815002441406
2846.34267315905	984.825012207031
2848.44258276982	1007.30999755859
2850.54188667585	1030.81494140625
2852.64058511883	1053.8349609375
2854.73867834032	1080.52001953125
2856.83616658175	1108.68994140625
2858.93305008443	1131.06005859375
2861.02932908952	1158.0400390625
2863.12500383809	1191.65002441406
2865.22007457104	1229.86999511719
2867.31454152918	1274.18994140625
2869.40840495316	1312.14001464844
2871.50166508353	1343.67504882813
2873.59432216069	1382.31994628906
2875.68637642493	1414.81994628906
2877.77782811641	1434.25500488281
2879.86867747515	1444.5
2881.95892474105	1458.45495605469
2884.0485701539	1467.09497070313
2886.13761395333	1477.71496582031
2888.22605637886	1491.36999511719
2890.3138976699	1491.78002929688
2892.40113806571	1492.18994140625
2894.48777780544	1489.20495605469
2896.57381712808	1506.64501953125
2898.65925627254	1536.375
2900.74409547758	1570.00500488281
2902.82833498183	1589.15002441406
2904.9119750238	1606.80505371094
2906.99501584188	1621.13000488281
2909.07745767432	1643.47998046875
2911.15930075925	1668.41003417969
2913.24054533469	1710.875
2915.3211916385	1747.69995117188
2917.40123990846	1781.71997070313
2919.48069038217	1830.13000488281
2921.55954329716	1869.28002929688
2923.63779889079	1889.22998046875
2925.71545740033	1901.50500488281
2927.79251906289	1937.5
2929.86898411548	1970.88000488281
2931.94485279498	1971.42504882813
2934.02012533815	1971.96997070313
2936.0948019816	1982.10998535156
2938.16888296184	1980.48999023438
2940.24236851525	1974.2099609375
2942.31525887809	1964.59997558594
2944.38755428648	1921.6650390625
2946.45925497643	1874.7099609375
2948.53036118382	1825.57995605469
2950.6008731444	1783.09497070313
2952.67079109381	1749.38000488281
2954.74011526755	1712.64001464844
2956.80884590101	1677.9599609375
2958.87698322944	1652.02502441406
2960.94452748799	1628.73999023438
2963.01147891167	1604.48999023438
2965.07783773535	1588.31005859375
2967.14360419382	1556.07995605469
2969.2087785217	1526.43005371094
2971.27336095352	1505.18994140625
2973.33735172366	1484.17504882813
2975.40075106641	1465.46496582031
2977.46355921591	1435.31994628906
2979.52577640618	1410.69494628906
2981.58740287112	1386.27001953125
2983.64843884452	1369.67504882813
2985.70888456003	1350.74499511719
2987.76874025117	1321.23999023438
2989.82800615137	1287.5400390625
2991.88668249391	1254.80004882813
2993.94476951194	1227.61999511719
2996.00226743852	1205.32495117188
2998.05917650657	1176.59497070313
3000.11549694887	1151.68505859375
3002.17122899812	1127.875
3004.22637288685	1107.375
3006.2809288475	1083.61999511719
3008.33489711238	1061.56994628906
3010.38827791368	1040.46997070313
3012.44107148345	1021.90502929688
3014.49327805366	1006.19000244141
3016.5448978561	995.875
3018.59593112249	983.919982910156
3020.64637808441	973.155029296875
3022.6962389733	963.794982910156
3024.74551402051	954.239990234375
3026.79420345725	947.35498046875
3028.84230751461	944.679992675781
3030.88982642357	943.409973144531
3032.93676041497	945.275024414063
3034.98310971955	947.950012207031
3037.02887456791	946.784973144531
3039.07405519054	945.169982910156
3041.11865181781	946.284973144531
3043.16266467996	949.469970703125
3045.20609400713	951.919982910156
3047.24894002932	956.739990234375
3049.2912029764	965.940002441406
3051.33288307815	972.210021972656
3053.37398056421	977.784973144531
3055.41449566411	985.489990234375
3057.45442860725	991.575012207031
3059.49377962291	999.130004882813
3061.53254894026	1003.49499511719
3063.57073678834	1003.98999023438
3065.60834339607	1003.76501464844
3067.64536899227	997.219970703125
3069.68181380561	993.304992675781
3071.71767806467	987.039978027344
3073.75296199788	975.715026855469
3075.78766583357	961.330017089844
3077.82178979997	949.825012207031
3079.85533412513	937.724975585938
3081.88829903705	928.864990234375
3083.92068476356	918.690002441406
3085.95249153241	909.924987792969
3087.98371957119	903.260009765625
3090.01436910741	902.130004882813
3092.04444036844	902.885009765625
3094.07393358152	898.164978027344
3096.10284897381	894.914978027344
3098.13118677232	891.405029296875
3100.15894720395	889.484985351563
3102.18613049548	889.039978027344
3104.21273687357	888.35498046875
3106.23876656477	888.924987792969
3108.2642197955	889.465026855469
3110.28909679208	889.452514648438
3112.31339778069	889.440002441406
3114.33712298741	889.405029296875
3116.36027263819	888.924987792969
3118.38284695887	890.580017089844
3120.40484617516	892.5
3122.42627051268	893.255004882813
3124.4471201969	892.755004882813
3126.46739545319	893.424987792969
3128.4870965068	894.655029296875
3130.50622358287	894.530029296875
3132.5247769064	894.734985351563
3134.54275670229	894.614990234375
3136.56016319534	894.609985351563
3138.57699661019	896.525024414063
3140.59325717139	895.794982910156
3142.60894510338	896.969970703125
3144.62406063047	899.469970703125
3146.63860397686	899.505004882813
3148.65257536662	900.619995117188
3150.66597502371	900.405029296875
3152.67880317199	900.280029296875
3154.69106003518	901.97998046875
3156.70274583691	904.080017089844
3158.71386080065	909.135009765625
3160.72440514981	910.244995117188
3162.73437910763	910.679992675781
3164.74378289728	909.820007324219
3166.75261674179	910.409973144531
3168.76088086407	912.085021972656
3170.76857548692	913.784973144531
3172.77570083303	916.244995117188
3174.78225712498	919.72998046875
3176.78824458521	920.835021972656
3178.79366343607	922.72998046875
3180.79851389977	922.732482910156
3182.80279619844	922.734985351563
3184.80651055405	925.344970703125
3186.80965718849	928.900024414063
3188.81223632353	931.10498046875
3190.81424818081	933.25
3192.81569298186	936.484985351563
3194.8165709481	940.994995117188
3196.81688230084	941.205017089844
3198.81662726126	941.275024414063
3200.81580605044	942.705017089844
3202.81441888933	945.945007324219
3204.81246599879	951.52001953125
3206.80994759954	956.450012207031
3208.80686391219	957.429992675781
3210.80321515726	955.619995117188
3212.79900155512	957.825012207031
3214.79422332605	961.184997558594
3216.78888069021	963.525024414063
3218.78297386765	967.130004882813
3220.77650307828	966.989990234375
3222.76946854195	968.02001953125
3224.76187047834	969.474975585938
3226.75370910705	973.869995117188
3228.74498464755	973.440002441406
3230.73569731921	975.544982910156
3232.72584734127	975.184997558594
3234.71543493287	976.434997558594
3236.70446031304	985.289978027344
3238.69292370068	992.405029296875
3240.68082531459	991.005004882813
3242.66816537345	990.929992675781
3244.65494409583	990.794982910156
3246.6411617002	995.289978027344
3248.62681840488	1000
3250.61191442812	1001.41998291016
3252.59644998804	1001.38500976563
3254.58042530263	1000.39501953125
3256.56384058979	1002.78997802734
3258.54669606731	1010.23999023438
3260.52899195285	1014.35998535156
3262.51072846396	1016.51501464844
3264.4919058181	1018.72497558594
3266.47252423259	1021.77502441406
3268.45258392464	1026.52502441406
3270.43208511138	1028.63000488281
3272.41102800978	1031.05004882813
3274.38941283675	1035.00500488281
3276.36723980904	1038.375
3278.34450914332	1038.42504882813
3280.32122105613	1038.47497558594
3282.29737576392	1039.96997070313
3284.272973483	1044.64001464844
3286.24801442958	1048.85498046875
3288.22249881978	1051.875
3290.19642686957	1056.73498535156
3292.16979879485	1061.29504394531
3294.14261481136	1059.2099609375
3296.11487513478	1057.82495117188
3298.08657998065	1052.15502929688
3300.0577295644	1050.65002441406
3302.02832410136	1049.50500488281
3303.99836380673	1048.14001464844
3305.96784889563	1050.92004394531
3307.93677958303	1051.28503417969
3309.90515608383	1055.93994140625
3311.87297861278	1056.63500976563
3313.84024738456	1057.32995605469
3315.80696261371	1047.85498046875
3317.77312451466	1043.73999023438
3319.73873330175	1042.75500488281
3321.70378918919	1045.08996582031
3323.66829239109	1038.41003417969
3325.63224312145	1039.56494140625
3327.59564159416	1039.73999023438
3329.55848802299	1037.6650390625
3331.52078262162	1036.67004394531
3333.4825256036	1037.02001953125
3335.44371718237	1035.31994628906
3337.40435757128	1037.69995117188
3339.36444698356	1038.94494628906
3341.32398563232	1036.81994628906
3343.28297373058	1030.93005371094
3345.24141149124	1026.93505859375
3347.19929912709	1025.77001953125
3349.15663685081	1027.625
3351.11342487497	1028.23999023438
3353.06966341204	1031.90002441406
3355.02535267437	1038.29504394531
3356.98049287421	1040.14501953125
3358.9350842237	1033.89001464844
3360.88912693486	1030.17004394531
3362.84262121962	1029.79504394531
3364.79556728978	1029.47497558594
3366.74796535705	1026.61499023438
3368.69981563302	1022.57501220703
3370.65111832917	1022.00500488281
3372.60187365689	1026.0849609375
3374.55208182744	1026.375
3376.50174305198	1025.54504394531
3378.45085754157	1023.58001708984
3380.39942550714	1023.48999023438
3382.34744715954	1021.34997558594
3384.29492270949	1015.63500976563
3386.24185236761	1011.20001220703
3388.18823634442	1010.47998046875
3390.13407485031	1015.03002929688
3392.07936809559	1018.32501220703
3394.02411629045	1017.32501220703
3395.96831964496	1014.83502197266
3397.91197836911	1009.16998291016
3399.85509267275	1009.20501708984
3401.79766276564	1009.89001464844
3403.73968885745	1007.47497558594
3405.68117115771	1001.95501708984
3407.62210987586	999.380004882813
3409.56250522123	1004.58502197266
3411.50235740305	1004.61999511719
3413.44166663043	1004.65502929688
3415.38043311238	1003.28002929688
3417.3186570578	1003.40502929688
3419.2563386755	1003.53002929688
3421.19347817415	1002.68499755859
3423.13007576235	1002.14501953125
3425.06613164857	998.315002441406
3427.00164604118	998.640014648438
3428.93661914844	997.525024414063
3430.87105117852	996.955017089844
3432.80494233945	993.150024414063
3434.73829283919	990.640014648438
3436.67110288558	991.034973144531
3438.60337268634	990.989990234375
3440.53510244911	991.005004882813
3442.4662923814	989.195007324219
3444.39694269064	985.585021972656
3446.32705358412	987.544982910156
3448.25662526905	990.14501953125
3450.18565795254	989.75
3452.11415184156	987.27001953125
3454.04210714302	982.405029296875
3455.96952406369	978.090026855469
3457.89640281024	974.340026855469
3459.82274358924	971.765014648438
3461.74854660717	970.179992675781
3463.67381207038	969.744995117188
3465.59854018513	968.405029296875
3467.52273115756	965.739990234375
3469.44638519373	965.565002441406
3471.36950249956	961.919982910156
3473.29208328091	959.710021972656
3475.21412774349	957.840026855469
3477.13563609293	958.159973144531
3479.05660853476	957.429992675781
3480.97704527438	952.739990234375
3482.89694651712	946.025024414063
3484.81631246818	943.924987792969
3486.73514333266	939.765014648438
3488.65343931557	936.299987792969
3490.57120062179	933.150024414063
3492.48842745612	932.044982910156
3494.40512002324	933.739990234375
3496.32127852773	930.125
3498.23690317408	925.14501953125
3500.15199416666	919.809997558594
3502.06655170974	915.60498046875
3503.98057600749	915.140014648438
3505.89406726396	914.900024414063
3507.80702568312	910.174987792969
3509.71945146883	905.794982910156
3511.63134482483	905.940002441406
3513.54270595478	901.614990234375
3515.45353506222	900.989990234375
3517.3638323506	903.094970703125
3519.27359802324	902.505004882813
3521.1828322834	897.215026855469
3523.09153533419	891.460021972656
3524.99970737866	886.809997558594
3526.90734861972	885.609985351563
3528.81445926021	883.940002441406
3530.72103950283	880.215026855469
3532.62708955022	880.280029296875
3534.53260960488	875.090026855469
3536.43759986923	872.784973144531
3538.34206054558	871.734985351563
3540.24599183613	867.35498046875
3542.149393943	862.789978027344
3544.05226706817	860.224975585938
3545.95461141357	859.994995117188
3547.85642718097	858.080017089844
3549.75771457208	856.575012207031
3551.6584737885	854.289978027344
3553.55870503171	852.635009765625
3555.4584085031	851.585021972656
3557.35758440396	849.405029296875
3559.25623293548	847.690002441406
3561.15435429874	842.784973144531
3563.05194869473	839.489990234375
3564.94901632432	839.784973144531
3566.84555738829	839.140014648438
3568.74157208732	835.945007324219
3570.63706062199	835.330017089844
3572.53202319277	835.280029296875
3574.42646000003	833.984985351563
3576.32037124406	833.140014648438
3578.213757125	831.159973144531
3580.10661784295	828.085021972656
3581.99895359786	825.340026855469
3583.8907645896	824.325012207031
3585.78205101794	823.075012207031
3587.67281308254	822.614990234375
3589.56305098297	820.284973144531
3591.4527649187	818.919982910156
3593.34195508907	816.869995117188
3595.23062169338	816.140014648438
3597.11876493075	813.864990234375
3599.00638500027	810.804992675781
3600.89348210089	811.359985351563
3602.78005643148	811.559997558594
3604.66610819078	810.570007324219
3606.55163757747	807.559997558594
3608.4366447901	806.049987792969
3610.32113002713	805.184997558594
3612.20509348693	804.575012207031
3614.08853536774	804.200012207031
3615.97145586773	802.059997558594
3617.85385518497	799.414978027344
3619.7357335174	797.580017089844
3621.61709106289	796.434997558594
3623.4979280192	795.260009765625
3625.37824458399	794.025024414063
3627.25804095482	792.765014648438
3629.13731732915	791.705017089844
3631.01607390435	790.835021972656
3632.89431087767	789.955017089844
3634.77202844629	788.559997558594
3636.64922680726	786.35498046875
3638.52590615754	784.919982910156
3640.40206669402	784.544982910156
3642.27770861344	782.544982910156
3644.15283211248	781.445007324219
3646.02743738771	779.525024414063
3647.90152463559	779.625
3649.77509405251	779.034973144531
3651.64814583473	778.114990234375
3653.52068017842	777.179992675781
3655.39269727965	775.255004882813
3657.26419733442	774.445007324219
3659.13518053858	773.619995117188
3661.00564708793	773.320007324219
3662.87559717814	771.505004882813
3664.7450310048	770.090026855469
3666.61394876338	769.109985351563
3668.48235064928	767.090026855469
3670.35023685779	766.174987792969
3672.21760758409	766.094970703125
3674.08446302327	766.309997558594
3675.95080337033	764.315002441406
3677.81662882017	763.544982910156
3679.68193956758	763.25
3681.54673580727	762.539978027344
3683.41101773383	761.599975585938
3685.27478554178	761.150024414063
3687.13803942551	759.969970703125
3689.00077957934	759.570007324219
3690.86300619748	758.909973144531
3692.72471947405	757.890014648438
3694.58591960306	758.455017089844
3696.44660677844	757.35498046875
3698.306781194	756.465026855469
3700.16644304348	756.015014648438
3702.02559252049	755.719970703125
3703.88422981859	754.835021972656
3705.74235513119	754.97998046875
3707.59996865164	753.5
3709.45707057318	753.164978027344
3711.31366108895	753.075012207031
3713.16974039199	753.255004882813
3715.02530867527	752.385009765625
3716.88036613164	751.85498046875
3718.73491295385	751.575012207031
3720.58894933456	750.77001953125
3722.44247546634	750.724975585938
3724.29549154166	750.820007324219
3726.14799775289	750.570007324219
3727.9999942923	750.39501953125
3729.85148135209	749.914978027344
3731.70245912432	749.474975585938
3733.55292780098	748.594970703125
3735.40288757397	748.940002441406
3737.25233863509	748.942504882813
3739.10128117603	748.945007324219
3740.9497153884	747.974975585938
3742.7976414637	748.234985351563
3744.64505959335	748.277465820313
3746.49196996866	748.320007324219
3748.33837278086	747.75
3750.18426822108	747.52001953125
3752.02965648033	747.784973144531
3753.87453774956	747.969970703125
3755.7189122196	747.924987792969
3757.5627800812	748.034973144531
3759.40614152501	748.179992675781
3761.24899674159	747.674987792969
3763.09134592138	747.869995117188
3764.93318925476	747.864990234375
3766.77452693199	747.47998046875
3768.61535914325	747.325012207031
3770.45568607861	746.580017089844
3772.29550792807	746.559997558594
3774.1348248815	746.539978027344
3775.9736371287	746.570007324219
3777.81194485938	746.570007324219
