32.6816976106991	718.150024414063
35.6535599501435	718.174987792969
38.6244374909659	717.974975585938
41.5943306947054	718.25
44.5632400226282	718.155029296875
47.5311659356917	718.075012207031
50.4981088945929	717.994995117188
53.4640693597127	717.969970703125
56.4290477911676	718.044982910156
59.3930446487746	718.094970703125
62.356060392067	718.069946289063
65.3180954802906	718.044982910156
68.2791503724084	718.030029296875
71.2392255270922	718.015014648438
74.1983214027271	718.030029296875
77.1564384574159	718.02001953125
80.113577148983	718.010009765625
83.0697379349549	717.97998046875
86.0249212725722	717.950012207031
88.9791276188058	718.340026855469
91.9323574303255	718.02001953125
94.8846111635238	718.155029296875
97.8358892745121	718.304992675781
100.786192219114	718.255004882813
103.73552045287	718.22998046875
106.683874431037	718.369995117188
109.631254608583	718.594970703125
112.577661440203	718.450012207031
115.523095380307	718.559997558594
118.467556883015	718.784973144531
121.411046402175	719.369995117188
124.353564391344	720.330017089844
127.295111303796	721.789978027344
130.235687592532	724.440002441406
133.175293710265	729.239990234375
136.113930109434	736.635009765625
139.051597242185	747.244995117188
141.98829556039	759.455017089844
144.92402551564	773.049987792969
147.858787559244	787.330017089844
150.792582142239	801.755004882813
153.725409715372	814.140014648438
156.65727072911	821.799987792969
159.588165633643	827.789978027344
162.518094878884	831.994995117188
165.447058914469	834.984985351563
168.375058189747	835.409973144531
171.302093153792	834.304992675781
174.228164255401	832.299987792969
177.153271943091	834.419982910156
180.077416665101	834.929992675781
183.000598869394	832.284973144531
185.922819003656	832.650024414063
188.84407751529	834.005004882813
191.764374851424	835.599975585938
194.683711458919	836.625
197.60208778434	839.450012207031
200.519504273992	841.690002441406
203.435961373894	845.77001953125
206.351459529801	850.315002441406
209.265999187174	854.875
212.179580791207	862.260009765625
215.092204786825	871.705017089844
218.003871618673	876.330017089844
220.914581731116	882.330017089844
223.824335568247	887.780029296875
226.733133573893	891.190002441406
229.640976191593	898.140014648438
232.547863864614	902.780029296875
235.453797035961	907.190002441406
238.358776148354	906.275024414063
241.26280164424	904.35498046875
244.1658739658	903.960021972656
247.067993554929	900.77001953125
249.969160853266	899.679992675781
252.869376302162	900.140014648438
255.768640342707	900.914978027344
258.666953415705	900.744995117188
261.564315961705	896.659973144531
264.46072842097	896.515014648438
267.356191233499	893.299987792969
270.25070483901	892.474975585938
273.144269676967	891.739990234375
276.036886186551	891.215026855469
278.928554806671	890.109985351563
281.819275975966	890.25
284.709050132812	888.219970703125
287.597877715306	885.049987792969
290.485759161281	886.164978027344
293.372694908298	886.005004882813
296.258685393644	886.424987792969
299.143731054352	886.844970703125
302.027832327156	887.5
304.910989648557	885.919982910156
307.79320345476	883.070007324219
310.674474181717	881.940002441406
313.554802265101	882.794982910156
316.434188140326	885.335021972656
319.312632242533	884.340026855469
322.190135006593	884.280029296875
325.066696867117	883.974975585938
327.942318258443	884.424987792969
330.816999614641	882.905029296875
333.690741369517	883.945007324219
336.56354395661	882.469970703125
339.435407809193	881.030029296875
342.306333360273	879.974975585938
345.176321042591	880.155029296875
348.045371288612	879.575012207031
350.913484530551	879.715026855469
353.78066120035	879.565002441406
356.64690172969	880.005004882813
359.512206549972	880.534973144531
362.376576092357	879.034973144531
365.240010787716	876.075012207031
368.102511066677	877.47998046875
370.964077359587	880.469970703125
373.82471009654	880.049987792969
376.684409707364	877.905029296875
379.543176621612	880.650024414063
382.401011268595	881.844970703125
385.257914077343	884.065002441406
388.113885476627	885.114990234375
390.968925894961	886.640014648438
393.823035760591	887.445007324219
396.676215501503	890.599975585938
399.528465545415	894.200012207031
402.379786319791	897.594970703125
405.230178251834	900.755004882813
408.079641768472	906.094970703125
410.928177296387	908.299987792969
413.775785261992	911.130004882813
416.622466091445	917.315002441406
419.468220210631	917.945007324219
422.313048045182	915.484985351563
425.156950020479	913.97998046875
427.999926561623	915.349975585938
430.841978093471	912.294982910156
433.683105040613	909.315002441406
436.523307827384	905.534973144531
439.362586877851	904.299987792969
442.200942615829	902.804992675781
445.038375464876	902.380004882813
447.874885848283	900.934997558594
450.710474189089	900.059997558594
453.54514091007	898.760009765625
456.37888643375	896.344970703125
459.211711182386	895.885009765625
462.043615577986	893.304992675781
464.874600042297	888.840026855469
467.704664996804	890.460021972656
470.533810862741	889.534973144531
473.36203806108	888.10498046875
476.189347012547	889.484985351563
479.015738137594	890.630004882813
481.841211856432	890.25
484.665768589008	892.655029296875
487.489408755009	894.914978027344
490.312132773878	897.239990234375
493.133941064796	895.765014648438
495.954834046683	894.289978027344
498.77481213821	893.594970703125
501.593875757797	892.85498046875
504.412025323601	891.929992675781
507.229261253524	885.469970703125
510.045583965226	881.140014648438
512.860993876093	876.565002441406
515.675491403271	874.184997558594
518.489076963649	871.205017089844
521.301750973863	868.900024414063
524.113513850293	866.570007324219
526.924366009065	862.424987792969
529.734307866052	861.489990234375
532.543339836881	860.659973144531
535.35146233692	858.950012207031
538.158675781281	856.424987792969
540.964980584833	855.684997558594
543.770377162182	853.844970703125
546.574865927692	853.5
549.378447295465	849.565002441406
552.181121679365	846.5
554.982889492993	845.549987792969
557.783751149701	843.580017089844
560.583707062591	842.965026855469
563.38275764452	842.140014648438
566.180903308083	842.299987792969
568.978144465633	840.869995117188
571.774481529266	838.114990234375
574.569914910839	836.794982910156
577.364445021949	835.955017089844
580.158072273946	833.039978027344
582.950797077926	832.244995117188
585.742619844752	831.140014648438
588.533540985018	830.669982910156
591.323560909078	828.905029296875
594.112680027034	828.75
596.90089874875	829.969970703125
599.688217483828	829.469970703125
602.474636641629	827.715026855469
605.260156631263	825.799987792969
608.044777861596	824.77001953125
610.828500741241	826.484985351563
613.611325678567	826.440002441406
616.393253081697	825.099975585938
619.174283358506	826.159973144531
621.954416916616	826.945007324219
624.733654163414	826.35498046875
627.511995506029	825.830017089844
630.289441351351	823.205017089844
633.065992106022	819.960021972656
635.841648176434	818.760009765625
638.616409968744	818.815002441406
641.390277888847	821.35498046875
644.163252342408	822.52001953125
646.93533373484	822.960021972656
649.706522471307	822.66748046875
652.47681895674	822.375
655.246223595811	821.984985351563
658.014736792957	821.530029296875
660.782358952371	820.924987792969
663.549090477999	820.409973144531
666.314931773542	822.335021972656
669.079883242452	822.625
671.843945287955	822.059997558594
674.607118313019	823.335021972656
677.369402720366	824.155029296875
680.130798912488	824.72998046875
682.891307291627	824.52001953125
685.650928259784	822.27001953125
688.409662218708	821.630004882813
691.167509569927	820.325012207031
693.924470714705	820.10498046875
696.680546054078	820.864990234375
699.435735988832	819.125
702.190040919516	818.875
704.943461246442	818.85498046875
707.695997369667	817.664978027344
710.447649689022	817.369995117188
713.198418604088	817.705017089844
715.948304514206	819.955017089844
718.697307818481	820.030029296875
721.445428915779	820.119995117188
724.192668204716	818.784973144531
726.93902608368	818.044982910156
729.684502950805	816.989990234375
732.429099204005	818.674987792969
735.172815240936	818.575012207031
737.915651459026	818.890014648438
740.657608255463	819.080017089844
743.398686027186	821.085021972656
746.13888517091	821.505004882813
748.878206083102	822.659973144531
751.616649159998	825.109985351563
754.354214797584	826.669982910156
757.09090339162	828.215026855469
759.826715337622	827.335021972656
762.561651030868	826.255004882813
765.295710866406	825.210021972656
768.028895239041	823.330017089844
770.761204543336	822.330017089844
773.492639173626	821.294982910156
776.223199524006	821.724975585938
778.952885988334	821.505004882813
781.681698960235	821.302490234375
784.40963883309	821.099975585938
787.136706000052	822.284973144531
789.862900854037	822.409973144531
792.588223787721	823.734985351563
795.312675193549	823.85498046875
798.036255463728	824.525024414063
800.758964990228	823.815002441406
803.480804164792	824.489990234375
806.201773378919	825.85498046875
808.921873023884	828.570007324219
811.641103490712	831.974975585938
814.359465170214	833.945007324219
817.076958452946	836.609985351563
819.793583729246	841.054992675781
822.509341389214	847.47998046875
825.224231822712	850.97998046875
827.938255419375	857.974975585938
830.651412568596	858.924987792969
833.363703659544	858.734985351563
836.075129081157	860.72998046875
838.785689222127	862.965026855469
841.495384470928	867
844.204215215788	871.919982910156
846.912181844721	879.77001953125
849.619284745491	885.119995117188
852.325524305638	888.914978027344
855.030900912475	891.85498046875
857.735414953079	891.664978027344
860.439066814289	886.794982910156
863.141856882725	882.630004882813
865.843785544769	877.594970703125
868.544853186571	872.835021972656
871.245060194063	869.195007324219
873.944406952925	865.195007324219
876.642893848625	864.580017089844
879.340521266398	862.215026855469
882.037289591241	860.484985351563
884.733199207927	860.304992675781
887.428250501001	859.505004882813
890.122443854778	860.140014648438
892.815779653335	861.599975585938
895.508258280534	860.905029296875
898.199880119997	863.414978027344
900.890645555129	865.315002441406
903.580554969094	866.809997558594
906.269608744832	865.635009765625
908.957807265056	867.22998046875
911.645150912257	868.565002441406
914.331640068689	868.864990234375
917.017275116375	872.309997558594
919.702056437128	875.724975585938
922.385984412518	877.130004882813
925.069059423886	880.5
927.751281852366	885
930.432652078842	890.159973144531
933.113170483983	894.125
935.79283744823	893.835021972656
938.471653351806	894.039978027344
941.149618574686	895.659973144531
943.826733496641	896.091674804688
946.502998497206	896.523315429688
949.178413955689	896.955017089844
951.85298025118	894.794982910156
954.526697762544	893.125
957.199566868403	889.72998046875
959.87158794718	890.02001953125
962.542761377054	890.965026855469
965.213087535987	891.484985351563
967.882566801719	888.755004882813
970.551199551761	886.364990234375
973.218986163399	886.205017089844
975.885927013698	886.809997558594
978.552022479501	888.885009765625
981.217272937423	890.544982910156
983.88167876386	895.945007324219
986.545240334978	899.510009765625
989.207958026729	904.60498046875
991.869832214835	911.27001953125
994.530863274798	919.114990234375
997.191051581895	933.234985351563
999.850397511185	949.155029296875
1002.50890143751	962.880004882813
1005.16656373546	970.424987792969
1007.82338477944	970.380004882813
1010.47936494363	958.690002441406
1013.13450460195	942.599975585938
1015.78880412815	924.474975585938
1018.44226389572	907.215026855469
1021.09488427794	896.265014648438
1023.74666564789	886.590026855469
1026.3976083784	886.344970703125
1029.04771284208	890.010009765625
1031.69697941135	893.340026855469
1034.34540845838	894.375
1036.99300035512	894.174987792969
1039.63975547333	897.234985351563
1042.28567418452	897.849975585938
1044.93075685998	899.625
1047.57500387081	902.549987792969
1050.21841558786	909.424987792969
1052.86099238177	914.205017089844
1055.50273462297	921.265014648438
1058.14364268167	928.054992675781
1060.78371692784	935.414978027344
1063.42295773126	939.705017089844
1066.06136546148	945.380004882813
1068.69894048781	951.405029296875
1071.33568317939	949.304992675781
1073.9715939051	944.369995117188
1076.60667303362	939.929992675781
1079.24092093341	930.875
1081.87433797271	921.059997558594
1084.50692451954	912.85498046875
1087.13868094172	907.825012207031
1089.76960760684	905.64501953125
1092.39970488226	902.429992675781
1095.02897313516	899.294982910156
1097.65741273246	895.474975585938
1100.28502404089	895.070007324219
1102.91180742697	893.809997558594
1105.53776325698	893.840026855469
1108.16289189701	894.840026855469
1110.78719371291	892.309997558594
1113.41066907033	891.974975585938
1116.0333183347	894.719970703125
1118.65514187124	896.539978027344
1121.27614004495	894.72998046875
1123.89631322061	896.489990234375
1126.51566176279	897.460021972656
1129.13418603585	896.530029296875
1131.75188640394	891.804992675781
1134.36876323098	883.359985351563
1136.98481688069	876.090026855469
1139.60004771655	868.119995117188
1142.21445610187	859.359985351563
1144.82804239972	853.940002441406
1147.44080697295	851.22998046875
1150.05275018421	849.419982910156
1152.66387239593	851.369995117188
1155.27417397034	852.630004882813
1157.88365526943	852.369995117188
1160.49231665502	853.299987792969
1163.10015848867	853.705017089844
1165.70718113176	853.177490234375
1168.31338494544	852.650024414063
1170.91877029067	851.239990234375
1173.52333752817	852.155029296875
1176.12708701847	850.804992675781
1178.73001912187	848.390014648438
1181.33213419848	848.22998046875
1183.93343260819	848.825012207031
1186.53391471068	847.445007324219
1189.13358086539	844.155029296875
1191.73243143161	842.794982910156
1194.33046676836	844.885009765625
1196.92768723449	846.140014648438
1199.52409318861	850.205017089844
1202.11968498915	854.184997558594
1204.7144629943	859.14501953125
1207.30842756206	864.640014648438
1209.90157905021	868.205017089844
1212.49391781634	870.445007324219
1215.08544421779	868.497497558594
1217.67615861174	866.549987792969
1220.26606135512	865.280029296875
1222.85515280468	865.02001953125
1225.44343331694	867.710021972656
1228.03090324823	871.505004882813
1230.61756295466	876.97998046875
1233.20341279213	881.914978027344
1235.78845311634	886.849975585938
1238.37268428278	889.039978027344
1240.95610664673	894.164978027344
1243.53872056325	899.265014648438
1246.12052638722	902.640014648438
1248.70152447329	901.315002441406
1251.28171517591	901.385009765625
1253.86109884934	904.090026855469
1256.43967584759	904.059997558594
1259.0174465245	906.27001953125
1261.5944112337	907.789978027344
1264.1705703286	908.070007324219
1266.74592416241	906.809997558594
1269.32047308814	906.804992675781
1271.89421745858	907.890014648438
1274.46715762633	909.794982910156
1277.03929394377	910.409973144531
1279.61062676308	910.049987792969
1282.18115643624	908.825012207031
1284.75088331502	908.39501953125
1287.31980775098	906.205017089844
1289.88793009548	903.539978027344
1292.45525069969	900
1295.02176991454	898.885009765625
1297.58748809078	899.164978027344
1300.15240557897	900.780029296875
1302.71652272942	902.840026855469
1305.27983989229	905.280029296875
1307.84235741749	908.090026855469
1310.40407565475	911.994995117188
1312.9649949536	914.320007324219
1315.52511566335	917.309997558594
1318.08443813311	915.325012207031
1320.64296271181	915.984985351563
1323.20068974815	913.909973144531
1325.75761959063	914.440002441406
1328.31375258756	919.25
1330.86908908704	919.690002441406
1333.42362943696	917.315002441406
1335.97737398503	917.75
1338.53032307874	916.340026855469
1341.08247706537	916.804992675781
1343.63383629202	914.844970703125
1346.18440110558	912.744995117188
1348.73417185274	910.950012207031
1351.28314887997	906.765014648438
1353.83133253357	899.400024414063
1356.37872315961	896.794982910156
1358.92532110398	893.309997558594
1361.47112671237	891.169982910156
1364.01614033024	887.424987792969
1366.56036230288	884.335021972656
1369.10379297537	880.265014648438
1371.64643269258	874.945007324219
1374.18828179921	871.789978027344
1376.72934063972	871.5
1379.2696095584	869.390014648438
1381.80908889932	868.60498046875
1384.34777900637	869.52001953125
1386.88568022323	869.674987792969
1389.42279289337	869.830017089844
1391.95911736009	869.859985351563
1394.49465396645	869
1397.02940305537	870.724975585938
1399.5633649695	871.890014648438
1402.09654005135	872.52001953125
1404.6289286432	872.580017089844
1407.16053108714	875.119995117188
1409.69134772507	878.525024414063
1412.22137889868	881.72998046875
1414.75062494947	882.059997558594
1417.27908621874	882.184997558594
1419.80676304759	880.875
1422.33365577692	881.825012207031
1424.85976474744	884.054992675781
1427.38509029967	884.515014648438
1429.90963277392	887.784973144531
1432.4333925103	893.030029296875
1434.95636984873	898.195007324219
1437.47856512894	904.349975585938
1439.99997869045	915.60498046875
1442.5206108726	925.900024414063
1445.04046201452	932.890014648438
1447.55953245515	941.304992675781
1450.07782253323	949.880004882813
1452.59533258731	951.273315429688
1455.11206295574	952.666687011719
1457.62801397668	954.059997558594
1460.14318598809	948.544982910156
1462.65757932774	943.434997558594
1465.1711943332	940.049987792969
1467.68403134184	934.369995117188
1470.19609069085	921.034973144531
1472.70737271721	904.599975585938
1475.21787775772	889.184997558594
1477.72760614897	873.960021972656
1480.23655822738	859.755004882813
1482.74473432914	848.669982910156
1485.25213479029	835.594970703125
1487.75875994664	826.309997558594
1490.26461013382	819.075012207031
1492.76968568726	813.455017089844
1495.27398694222	808.25
1497.77751423374	804.304992675781
1500.28026789667	802.965026855469
1502.78224826569	801.554992675781
1505.28345567526	799.849975585938
1507.78389045967	799.659973144531
1510.28355295299	797.619995117188
1512.78244348913	795.989990234375
1515.28056240178	795.155029296875
1517.77791002445	794.469970703125
1520.27448669047	794.419982910156
1522.77029273296	794.069946289063
1525.26532848486	793.719970703125
1527.75959427889	794.409973144531
1530.25309044764	794.960021972656
1532.74581732344	795.859985351563
1535.23777523847	796.635009765625
1537.72896452471	797.765014648438
1540.21938551394	798.349975585938
1542.70903853778	799.710021972656
1545.19792392761	802.984985351563
1547.68604201466	806.784973144531
1550.17339312997	809.585021972656
1552.65997760434	812.030029296875
1555.14579576845	813.419982910156
1557.63084795275	813.690002441406
1560.11513448749	812.809997558594
1562.59865570276	812.460021972656
1565.08141192845	813.119995117188
1567.56340349426	812.239990234375
1570.04463072969	811.684997558594
1572.52509396406	810.515014648438
1575.00479352652	811.474975585938
1577.48372974599	814.635009765625
1579.96190295124	817.265014648438
1582.43931347083	817.700012207031
1584.91596163314	820.804992675781
1587.39184776636	821.539978027344
1589.86697219849	822.89501953125
1592.34133525734	825.200012207031
1594.81493727054	826.599975585938
1597.28777856553	830.349975585938
1599.75985946955	833.765014648438
1602.23118030968	839.090026855469
1604.70174141278	846.184997558594
1607.17154310555	848.315002441406
1609.64058571449	850.169982910156
1612.10886956591	849.547485351563
1614.57639498595	848.924987792969
1617.04316230054	848.140014648438
1619.50917183543	845.900024414063
1621.97442391621	842.700012207031
1624.43891886825	840.820007324219
1626.90265701674	840.844970703125
1629.36563868671	840.890014648438
1631.82786420296	840.539978027344
1634.28933389016	841.090026855469
1636.75004807274	844.539978027344
1639.21000707498	849.280029296875
1641.66921122097	856.059997558594
1644.12766083459	863.705017089844
1646.58535623956	871.919982910156
1649.04229775941	877.284973144531
1651.4984857175	885.289978027344
1653.95392043697	892.974975585938
1656.40860224079	898.25
1658.86253145177	903.575012207031
1661.3157083925	904.650024414063
1663.76813338542	904.530029296875
1666.21980675275	905.594970703125
1668.67072881656	901.47998046875
1671.1208998987	896.034973144531
1673.57032032089	891.330017089844
1676.0189904046	885.169982910156
1678.46691047118	878.054992675781
1680.91408084174	870.375
1683.36050183726	860.505004882813
1685.8061737785	851.234985351563
1688.25109698605	842.239990234375
1690.69527178032	834.284973144531
1693.13869848153	824.914978027344
1695.58137740972	817.39501953125
1698.02330888476	809.64501953125
1700.46449322631	803.440002441406
1702.90493075388	797.190002441406
1705.34462178678	791.510009765625
1707.78356664414	787.710021972656
1710.22176564492	784.114990234375
1712.65921910787	781.405029296875
1715.0959273516	779.974975585938
1717.53189069449	778.049987792969
1719.9671094548	777.309997558594
1722.40158395054	776.22998046875
1724.8353144996	775.445007324219
1727.26830141965	774.60498046875
1729.70054502819	773.705017089844
1732.13204564255	773.440002441406
1734.56280357987	773.640014648438
1736.99281915711	774.005004882813
1739.42209269106	773.164978027344
1741.85062449831	771.450012207031
1744.27841489529	771.205017089844
1746.70546419823	770.424987792969
1749.13177272321	769.690002441406
1751.5573407861	769.265014648438
1753.98216870262	769.065002441406
1756.40625678828	768.695007324219
1758.82960535844	768.369995117188
1761.25221472825	768.799987792969
1763.67408521271	768.210021972656
1766.09521712663	767.469970703125
1768.51561078464	767.525024414063
1770.93526650119	767.580017089844
1773.35418459056	767.489990234375
1775.77236536684	767.460021972656
1778.18980914396	766.669982910156
1780.60651623565	766.484985351563
1783.02248695548	766.840026855469
1785.43772161684	767.409973144531
1787.85222053292	767.125
1790.26598401677	766.885009765625
1792.67901238123	765.890014648438
1795.09130593899	766.135009765625
1797.50286500254	765.344970703125
1799.9136898842	764.864990234375
1802.32378089613	765.195007324219
1804.73313835028	765.505004882813
1807.14176255846	764.919982910156
1809.54965383228	764.434997558594
1811.95681248317	764.309997558594
1814.36323882242	765.130004882813
1816.76893316109	764.849975585938
1819.17389581011	765.585021972656
1821.57812708021	764.715026855469
1823.98162728196	763.684997558594
1826.38439672573	763.255004882813
1828.78643572174	763.700012207031
1831.18774458003	763.994995117188
1833.58832361045	764.530029296875
1835.98817312269	764.099975585938
1838.38729342625	764.484985351563
1840.78568483048	764.22998046875
1843.18334764454	763.929992675781
1845.58028217741	763.239990234375
1847.9764887379	763.320007324219
1850.37196763465	763.532470703125
1852.76671917613	763.744995117188
1855.16074367062	763.195007324219
1857.55404142624	762.929992675781
1859.94661275094	762.554992675781
1862.33845795247	762.695007324219
1864.72957733844	762.710021972656
1867.11997121627	762.885009765625
1869.5096398932	763.059997558594
1871.89858367631	762.984985351563
1874.28680287251	763.135009765625
1876.67429778851	763.559997558594
1879.06106873089	763.6650390625
1881.44711600601	763.77001953125
1883.8324399201	762.554992675781
1886.21704077919	762.940002441406
1888.60091888915	763.174987792969
1890.98407455567	762.905029296875
1893.36650808428	763.174987792969
1895.74821978033	762.650024414063
1898.12920994899	762.684997558594
1900.50947889527	762.609985351563
1902.88902692401	762.840026855469
1905.26785433986	763.224975585938
1907.64596144734	762.445007324219
1910.02334855075	762.880004882813
1912.40001595424	762.85498046875
1914.7759639618	763.429992675781
1917.15119287724	763.140014648438
1919.52570300419	763.142517089844
1921.89949464611	763.14501953125
1924.27256810632	762.929992675781
1926.64492368793	762.739990234375
1929.0165616939	762.575012207031
1931.38748242701	762.945007324219
1933.75768618989	762.864990234375
1936.12717328497	763.215026855469
1938.49594401455	763.125
1940.86399868071	762.965026855469
1943.23133758541	763.25
1945.5979610304	763.224975585938
1947.96386931729	763.460021972656
1950.32906274751	763.335021972656
1952.69354162232	763.429992675781
1955.0573062428	763.265014648438
1957.42035690989	763.025024414063
1959.78269392434	762.919982910156
1962.14431758673	762.789978027344
1964.50522819748	762.955017089844
1966.86542605684	763.739990234375
1969.22491146488	763.554992675781
1971.58368472153	763.780029296875
1973.94174612654	763.455017089844
1976.29909597945	763.364990234375
1978.65573457971	763.625
1981.01166222654	763.320007324219
1983.36687921902	763.015014648438
1985.72138585606	762.900024414063
1988.07518243639	762.885009765625
1990.42826925859	762.440002441406
1992.78064662106	763.025024414063
1995.13231482205	763.114990234375
1997.48327415961	763.52001953125
1999.83352493167	763.835021972656
2002.18306743594	763.570007324219
2004.53190197002	763.304992675781
2006.8800288313	763.739990234375
2009.22744831703	763.455017089844
2011.57416072427	762.840026855469
2013.92016634993	762.640014648438
2016.26546549076	762.640014648438
2018.61005844332	762.640014648438
2020.95394550404	762.640014648438
2023.29712696915	762.755004882813
2025.63960313474	762.919982910156
2027.98137429672	762.369995117188
2030.32244075083	762.885009765625
2032.66280279266	764.289978027344
2035.00246071763	763.60498046875
2037.34141482099	763.989990234375
2039.67966539784	763.929992675781
2042.01721274309	764.059997558594
2044.35405715151	763.859985351563
2046.69019891769	763.859985351563
2049.02563833606	763.650024414063
2051.3603757009	763
2053.6944113063	763.974975585938
2056.0277454462	764.75
2058.36037841439	764.630004882813
2060.69231050446	764.255004882813
2063.02354200988	764.174987792969
2065.35407322392	764.094970703125
2067.68390443971	764.215026855469
2070.01303595021	764.474975585938
2072.3414680482	764.375
2074.66920102633	764.265014648438
2076.99623517706	764.375
2079.32257079271	765.072509765625
2081.6482081654	765.77001953125
2083.97314758713	765.640014648438
2086.29738934971	764.85498046875
2088.62093374481	765.044982910156
2090.94378106391	765.159973144531
2093.26593159835	764.450012207031
2095.5873856393	765.025024414063
2097.90814347777	765.049987792969
2100.2282054046	765.575012207031
2102.54757171048	765.744995117188
2104.86624268594	765.544982910156
2107.18421862133	765.760009765625
2109.50149980686	766.094970703125
2111.81808653257	766.429992675781
2114.13397908834	765.955017089844
2116.44917776388	766.530029296875
2118.76368284875	766.280029296875
2121.07749463235	767.414978027344
2123.39061340391	766.945007324219
2125.70303945252	767.5
2128.01477306707	766.909973144531
2130.32581453634	766.684997558594
2132.63616414891	766.27001953125
2134.94582219322	765.494995117188
2137.25478895754	765.659973144531
2139.56306472999	766.820007324219
2141.87064979851	767.419982910156
2144.17754445092	767.950012207031
2146.48374897484	766.484985351563
2148.78926365774	767.559997558594
2151.09408878695	767.299987792969
2153.39822464963	767.330017089844
2155.70167153277	767.02001953125
2158.00442972321	766.469970703125
2160.30649950763	766.739990234375
2162.60788117256	767.400024414063
2164.90857500436	767.565002441406
2167.20858128923	767.869995117188
2169.50790031323	767.414978027344
2171.80653236223	767.130004882813
2174.10447772198	767.304992675781
2176.40173667804	767.400024414063
2178.69830951582	766.900024414063
2180.99419652058	767.375
2183.28939797743	767.344970703125
2185.5839141713	767.390014648438
2187.87774538698	767.215026855469
2190.17089190908	766.554992675781
2192.46335402209	765.695007324219
2194.75513201032	766.429992675781
2197.04622615791	767.344970703125
2199.33663674886	768.234985351563
2201.62636406702	768.190002441406
2203.91540839606	767.924987792969
2206.20377001952	766.570007324219
2208.49144922077	766.625
2210.77844628302	766.905029296875
2213.06476148933	767.140014648438
2215.3503951226	767.197509765625
2217.63534746557	767.255004882813
2219.91961880085	766.715026855469
2222.20320941085	766.734985351563
2224.48611957785	767.080017089844
2226.76834958399	767.044982910156
2229.04989971122	766.914978027344
2231.33077024136	766.924987792969
2233.61096145607	766.934997558594
2235.89047363683	766.945007324219
2238.169307065	767.070007324219
2240.44746202178	767.195007324219
2242.72493878819	766.559997558594
2245.00173764511	766.77001953125
2247.27785887327	766.914978027344
2249.55330275324	767.140014648438
2251.82806956545	767.919982910156
2254.10215959014	768.434997558594
2256.37557310744	768.39501953125
2258.64831039729	768.10498046875
2260.92037173949	767.309997558594
2263.19175741368	767.289978027344
2265.46246769938	767.164978027344
2267.7325028759	766.424987792969
2270.00186322243	767.669982910156
2272.270549018	767.609985351563
2274.5385605415	767.280029296875
2276.80589807165	767.700012207031
2279.07256188702	767.280029296875
2281.33855226601	767.609985351563
2283.60386948691	767.244995117188
2285.86851382782	767.549987792969
2288.1324855667	767.660034179688
2290.39578498136	767.77001953125
2292.65841234945	767.875
2294.92036794847	767.239990234375
2297.18165205578	767.224975585938
2299.44226494856	767.804992675781
2301.70220690387	767.635009765625
2303.96147819859	767.539978027344
2306.22007910947	767.955017089844
2308.47800991309	768.27001953125
2310.73527088589	768.484985351563
2312.99186230416	768.835021972656
2315.24778444403	768.419982910156
2317.50303758149	768.674987792969
2319.75762199235	768.265014648438
2322.01153795231	768.455017089844
2324.26478573689	768.940002441406
2326.51736562147	769.984985351563
2328.76927788127	770.554992675781
2331.02052279137	771.094970703125
2333.2711006267	770.364990234375
2335.52101166203	768.239990234375
2337.77025617198	768.900024414063
2340.01883443103	769.119995117188
2342.2667467135	768.755004882813
2344.51399329356	768.820007324219
2346.76057444525	768.14501953125
2349.00649044241	767.715026855469
2351.2517415588	768.599975585938
2353.49632806796	768.809997558594
2355.74025024334	768.875
2357.98350835819	767.825012207031
2360.22610268566	768.315002441406
2362.4680334987	768.070007324219
2364.70930107016	767.825012207031
2366.94990567269	767.580017089844
2369.18984757884	767.849975585938
2371.42912706098	767.835021972656
2373.66774439134	768.015014648438
2375.90569984199	769.094970703125
2378.14299368488	768.525024414063
2380.37962619179	768.974975585938
2382.61559763435	768.702514648438
2384.85090828405	768.429992675781
2387.08555841222	768.515014648438
2389.31954829006	768.559997558594
2391.55287818861	768.155029296875
2393.78554837877	767.825012207031
2396.01755913128	768.405029296875
2398.24891071673	768.484985351563
2400.47960340558	768.150024414063
2402.70963746814	768.244995117188
2404.93901317456	768.719970703125
2407.16773079485	769.179992675781
2409.39579059887	769.434997558594
2411.62319285633	769.294982910156
2413.84993783681	769.179992675781
2416.07602580971	769.325012207031
2418.30145704432	769.35498046875
2420.52623180977	769.385009765625
2422.75035037503	769.705017089844
2424.97381300893	769.733337402344
2427.19661998017	769.761657714844
2429.41877155729	769.789978027344
2431.64026800867	769.599975585938
2433.86110960257	769.820007324219
2436.08129660709	770.260009765625
2438.30082929019	770.510009765625
2440.51970791967	770.405029296875
2442.73793276321	770.299987792969
2444.95550408832	770.282470703125
2447.17242216237	770.265014648438
2449.38868725259	769.659973144531
2451.60429962607	770.239990234375
2453.81925954975	769.974975585938
2456.03356729041	769.794982910156
2458.2472231147	770.460021972656
2460.46022728913	770.5
2462.67258008005	771.094970703125
2464.88428175368	770.984985351563
2467.09533257608	770.844970703125
2469.30573281318	770.174987792969
2471.51548273076	770.840026855469
2473.72458259445	770.570007324219
2475.93303266974	770.900024414063
2478.14083322198	770.849975585938
2480.34798451637	770.962524414063
2482.55448681797	771.075012207031
2484.76034039169	771.97998046875
2486.96554550231	771.85498046875
2489.17010241445	772.684997558594
2491.37401139259	773.315002441406
2493.57727270109	773.015014648438
2495.77988660412	772.380004882813
2497.98185336574	772.650024414063
2500.18317324987	772.224975585938
2502.38384652028	771.799987792969
2504.58387344058	772.39501953125
2506.78325427425	772.619995117188
2508.98198928465	772.510009765625
2511.18007873495	772.585021972656
2513.37752288821	773.344970703125
2515.57432200735	773.780029296875
2517.77047635514	774.184997558594
2519.96598619419	773.140014648438
2522.16085178699	774.215026855469
2524.35507339589	774.64501953125
2526.54865128308	774.440002441406
2528.74158571062	774.537475585938
2530.93387694042	774.635009765625
2533.12552523427	774.655029296875
2535.31653085379	775.219970703125
2537.50689406046	775.799987792969
2539.69661511566	775.224975585938
2541.88569428057	775.484985351563
2544.07413181627	775.375
2546.26192798368	775.27001953125
2548.44908304359	775.765014648438
2550.63559725664	777.140014648438
2552.82147088333	776.885009765625
2555.00670418402	776.914978027344
2557.19129741894	776.205017089844
2559.37525084817	776.460021972656
2561.55856473164	776.35498046875
2563.74123932917	776.25
2565.92327490039	777.5
2568.10467170484	778.047485351563
2570.28543000189	778.594970703125
2572.46555005079	777.7099609375
2574.64503211063	776.825012207031
2576.82387644036	776.275024414063
2579.00208329882	777.090026855469
2581.17965294468	777.52001953125
2583.35658563648	778.25
2585.53288163263	778.094970703125
2587.70854119137	779
2589.88356457084	778.265014648438
2592.05795202902	778.890014648438
2594.23170382376	778.510009765625
2596.40482021275	778.760009765625
2598.57730145356	779.400024414063
2600.74914780363	779.664978027344
2602.92035952023	779.809997558594
2605.09093686053	779.869995117188
2607.26088008153	781.114990234375
2609.4301894401	782.005004882813
2611.59886519299	781.130004882813
2613.76690759678	782.010009765625
2615.93431690793	782.344970703125
2618.10109338277	782.830017089844
2620.26723727748	783.184997558594
2622.4327488481	783.960021972656
2624.59762835054	784.705017089844
2626.76187604057	785.294982910156
2628.92549217382	786.195007324219
2631.08847700579	785.822509765625
2633.25083079182	785.450012207031
2635.41255378715	784.64501953125
2637.57364624684	785.280029296875
2639.73410842586	785.844970703125
2641.893940579	787.174987792969
2644.05314296094	786.059997558594
2646.21171582621	786.784973144531
2648.36965942921	788.14501953125
2650.5269740242	788.280029296875
2652.6836598653	789.359985351563
2654.83971720651	788.954956054688
2656.99514630167	788.549987792969
2659.1499474045	788.35498046875
2661.30412076857	788.280029296875
2663.45766664734	789.219970703125
2665.61058529411	790.655029296875
2667.76287696204	791.984985351563
2669.91454190418	792.52001953125
2672.06558037342	792.169982910156
2674.21599262253	793.434997558594
2676.36577890413	793.875
2678.51493947072	793.075012207031
2680.66347457466	793.284973144531
2682.81138446816	793.869995117188
2684.95866940332	795.760009765625
2687.10532963209	796.875
2689.25136540628	796.049987792969
2691.39677697757	797.260009765625
2693.54156459752	798.294982910156
2695.68572851753	798.359985351563
2697.82926898888	798.424987792969
2699.97218626272	799.544982910156
2702.11448059006	800.809997558594
2704.25615222175	801.02001953125
2706.39720140856	803.049987792969
2708.53762840109	804.609985351563
2710.67743344979	806.755004882813
2712.81661680503	808.965026855469
2714.95517871698	810.549987792969
2717.09311943574	811.955017089844
2719.23043921123	812.690002441406
2721.36713829325	815.635009765625
2723.50321693148	818.344970703125
2725.63867537545	818.424987792969
2727.77351387456	818.844970703125
2729.90773267809	819.255004882813
2732.04133203516	820.565002441406
2734.17431219478	820.695007324219
2736.30667340581	820.260009765625
2738.438415917	820.359985351563
2740.56953997695	820.650024414063
2742.70004583414	820.734985351563
2744.82993373688	819.109985351563
2746.9592039334	817.609985351563
2749.08785667177	816.489990234375
2751.21589219993	817.844970703125
2753.34331076568	817.005004882813
2755.4701126167	814.875
2757.59629800054	814.594970703125
2759.7218671646	815.385009765625
2761.84682035617	816.755004882813
2763.9711578224	817.635009765625
2766.0948798103	817.599975585938
2768.21798656676	817.789978027344
2770.34047833852	816.434997558594
2772.46235537222	814.684997558594
2774.58361791434	814.244995117188
2776.70426621124	814.804992675781
2778.82430050915	814.377502441406
2780.94372105416	813.950012207031
2783.06252809224	813.219970703125
2785.18072186922	813.059997558594
2787.29830263081	813.52001953125
2789.41527062257	815.234985351563
2791.53162608996	815.794982910156
2793.64736927828	814.885009765625
2795.76250043271	815.135009765625
2797.8770197983	815.765014648438
2799.99092761997	816.744995117188
2802.10422414252	816.234985351563
2804.21690961059	818.090026855469
2806.32898426873	820.090026855469
2808.44044836132	823
2810.55130213264	825.75
2812.66154582682	828.864990234375
2814.77117968788	831.039978027344
2816.8802039597	833.135009765625
2818.98861888601	836.034973144531
2821.09642471046	837.179992675781
2823.20362167653	840.625
2825.31021002756	846.39501953125
2827.41619000682	851.474975585938
2829.52156185738	857.205017089844
2831.62632582224	861.97998046875
2833.73048214422	866.179992675781
2835.83403106606	873.710021972656
2837.93697283033	883.669982910156
2840.03930767951	891.150024414063
2842.1410358559	901.460021972656
2844.24215760173	912.39501953125
2846.34267315905	925.140014648438
2848.44258276982	942.505004882813
2850.54188667585	960.400024414063
2852.64058511883	975.710021972656
2854.73867834032	992.715026855469
2856.83616658175	1013.52001953125
2858.93305008443	1035.59497070313
2861.02932908952	1058.03002929688
2863.12500383809	1078.54504394531
2865.22007457104	1099.58996582031
2867.31454152918	1128.92004394531
2869.40840495316	1158.05505371094
2871.50166508353	1186.36499023438
2873.59432216069	1212.63000488281
2875.68637642493	1235.16003417969
2877.77782811641	1254.52001953125
2879.86867747515	1265.40002441406
2881.95892474105	1269.81994628906
2884.0485701539	1272.59997558594
2886.13761395333	1283.22497558594
2888.22605637886	1298.36499023438
2890.3138976699	1301.50500488281
2892.40113806571	1296.40002441406
2894.48777780544	1307.66003417969
2896.57381712808	1324.3349609375
2898.65925627254	1340.2900390625
2900.74409547758	1356.10498046875
2902.82833498183	1367.30505371094
2904.9119750238	1377.05505371094
2906.99501584188	1383.78503417969
2909.07745767432	1400.38500976563
2911.15930075925	1423.22497558594
2913.24054533469	1440.61999511719
2915.3211916385	1457.93994140625
2917.40123990846	1481.85498046875
2919.48069038217	1507.10498046875
2921.55954329716	1531.5400390625
2923.63779889079	1555.36499023438
2925.71545740033	1570.92504882813
2927.79251906289	1590.23999023438
2929.86898411548	1603.06994628906
2931.94485279498	1615.96496582031
2934.02012533815	1623.33996582031
2936.0948019816	1633.82995605469
2938.16888296184	1628.61499023438
2940.24236851525	1613.59997558594
2942.31525887809	1596.84497070313
2944.38755428648	1581.0400390625
2946.45925497643	1563.52502441406
2948.53036118382	1522.81005859375
2950.6008731444	1483.13500976563
2952.67079109381	1460.03503417969
2954.74011526755	1436.4150390625
2956.80884590101	1411.88000488281
2958.87698322944	1389.30004882813
2960.94452748799	1369.05004882813
2963.01147891167	1363.32995605469
2965.07783773535	1355.03503417969
2967.14360419382	1332.26501464844
2969.2087785217	1311.4599609375
2971.27336095352	1298.47998046875
2973.33735172366	1283.75
2975.40075106641	1261.86999511719
2977.46355921591	1237.19995117188
2979.52577640618	1219.76501464844
2981.58740287112	1203.71997070313
2983.64843884452	1188.19995117188
2985.70888456003	1173.90502929688
2987.76874025117	1155.20495605469
2989.82800615137	1124.64501953125
2991.88668249391	1102.21997070313
2993.94476951194	1086.31494140625
2996.00226743852	1066.80004882813
2998.05917650657	1046.2099609375
3000.11549694887	1030.01000976563
3002.17122899812	1015.46002197266
3004.22637288685	1000.54498291016
3006.2809288475	987.669982910156
3008.33489711238	971.840026855469
3010.38827791368	955.489990234375
3012.44107148345	942.005004882813
3014.49327805366	934.465026855469
3016.5448978561	922.60498046875
3018.59593112249	916.14501953125
3020.64637808441	911.155029296875
3022.6962389733	904.174987792969
3024.74551402051	897.484985351563
3026.79420345725	893.510009765625
3028.84230751461	887.924987792969
3030.88982642357	885.299987792969
3032.93676041497	885.349975585938
3034.98310971955	887.635009765625
3037.02887456791	889.914978027344
3039.07405519054	892.14501953125
3041.11865181781	891.530029296875
3043.16266467996	890.820007324219
3045.20609400713	892.530029296875
3047.24894002932	896.609985351563
3049.2912029764	900.359985351563
3051.33288307815	904.340026855469
3053.37398056421	909.650024414063
3055.41449566411	915.265014648438
3057.45442860725	919.599975585938
3059.49377962291	921.830017089844
3061.53254894026	925.780029296875
3063.57073678834	927.155029296875
3065.60834339607	928.89501953125
3067.64536899227	923.734985351563
3069.68181380561	919.174987792969
3071.71767806467	914.960021972656
3073.75296199788	907.614990234375
3075.78766583357	899.315002441406
3077.82178979997	893.224975585938
3079.85533412513	882.960021972656
3081.88829903705	879.10498046875
3083.92068476356	875.559997558594
3085.95249153241	870.625
3087.98371957119	868.364990234375
3090.01436910741	867.684997558594
3092.04444036844	865.434997558594
3094.07393358152	864.059997558594
3096.10284897381	861.085021972656
3098.13118677232	859.599975585938
3100.15894720395	857.900024414063
3102.18613049548	859.094970703125
3104.21273687357	861.140014648438
3106.23876656477	862.419982910156
3108.2642197955	861.760009765625
3110.28909679208	861.47998046875
3112.31339778069	861.244995117188
3114.33712298741	860.77001953125
3116.36027263819	861.059997558594
3118.38284695887	862.760009765625
3120.40484617516	863.565002441406
3122.42627051268	865.924987792969
3124.4471201969	868.150024414063
3126.46739545319	866.585021972656
3128.4870965068	864.190002441406
3130.50622358287	865.765014648438
3132.5247769064	867.960021972656
3134.54275670229	869.60498046875
3136.56016319534	869.75
3138.57699661019	870.559997558594
3140.59325717139	870.549987792969
3142.60894510338	871.905029296875
3144.62406063047	872.994995117188
3146.63860397686	872.804992675781
3148.65257536662	873.715026855469
3150.66597502371	873.919982910156
3152.67880317199	874.890014648438
3154.69106003518	876.330017089844
3156.70274583691	877.130004882813
3158.71386080065	879.125
3160.72440514981	882.635009765625
3162.73437910763	885.85498046875
3164.74378289728	886.440002441406
3166.75261674179	886.789978027344
3168.76088086407	886.580017089844
3170.76857548692	887.070007324219
3172.77570083303	889.609985351563
3174.78225712498	892.765014648438
3176.78824458521	896.835021972656
3178.79366343607	896.544982910156
3180.79851389977	896.640014648438
3182.80279619844	898.155029296875
3184.80651055405	901.484985351563
3186.80965718849	905.109985351563
3188.81223632353	906.080017089844
3190.81424818081	906.375
3192.81569298186	906.580017089844
3194.8165709481	907.905029296875
3196.81688230084	908.835021972656
3198.81662726126	912.080017089844
3200.81580605044	916.255004882813
3202.81441888933	920.940002441406
3204.81246599879	922.299987792969
3206.80994759954	923.614990234375
3208.80686391219	923.934997558594
3210.80321515726	927.385009765625
3212.79900155512	932.315002441406
3214.79422332605	932.424987792969
3216.78888069021	934.275024414063
3218.78297386765	937.265014648438
3220.77650307828	939.984985351563
3222.76946854195	937.309997558594
3224.76187047834	938.590026855469
3226.75370910705	940.5
3228.74498464755	942.409973144531
3230.73569731921	939.72998046875
3232.72584734127	941.335021972656
3234.71543493287	947.320007324219
3236.70446031304	951.335021972656
3238.69292370068	955.125
3240.68082531459	955.47998046875
3242.66816537345	954.289978027344
3244.65494409583	954.989990234375
3246.6411617002	957.650024414063
3248.62681840488	961.549987792969
3250.61191442812	963.64501953125
3252.59644998804	963.190002441406
3254.58042530263	963.794982910156
3256.56384058979	968.359985351563
3258.54669606731	972.434997558594
3260.52899195285	971.39501953125
3262.51072846396	971.419982910156
3264.4919058181	977.419982910156
3266.47252423259	982.010009765625
3268.45258392464	985.119995117188
3270.43208511138	985.474975585938
3272.41102800978	987.525024414063
3274.38941283675	989.864990234375
3276.36723980904	990.775024414063
3278.34450914332	993.825012207031
3280.32122105613	993.210021972656
3282.29737576392	993.809997558594
3284.272973483	996.515014648438
3286.24801442958	998.224975585938
3288.22249881978	998.159973144531
3290.19642686957	1004.36999511719
3292.16979879485	1005.50500488281
3294.14261481136	1010.09497070313
3296.11487513478	1010.26501464844
3298.08657998065	1006.29998779297
3300.0577295644	999.164978027344
3302.02832410136	998.919982910156
3303.99836380673	1001.53997802734
3305.96784889563	1005.65997314453
3307.93677958303	1005.90997314453
3309.90515608383	1008.40002441406
3311.87297861278	1010.97998046875
3313.84024738456	1003.56500244141
3315.80696261371	999.075012207031
3317.77312451466	995.169982910156
3319.73873330175	994.534973144531
3321.70378918919	996.424987792969
3323.66829239109	999.52001953125
3325.63224312145	1001.91998291016
3327.59564159416	1000.67999267578
3329.55848802299	1001.67999267578
3331.52078262162	999.224975585938
3333.4825256036	995.140014648438
3335.44371718237	995.132507324219
3337.40435757128	995.125
3339.36444698356	995.390014648438
3341.32398563232	994.169982910156
3343.28297373058	994.299987792969
3345.24141149124	994.880004882813
3347.19929912709	993.150024414063
3349.15663685081	995.590026855469
3351.11342487497	998.169982910156
3353.06966341204	997.590026855469
3355.02535267437	996.119995117188
3356.98049287421	995.994995117188
3358.9350842237	995.650024414063
3360.88912693486	996
3362.84262121962	996.22998046875
3364.79556728978	996.460021972656
3366.74796535705	996.969970703125
3368.69981563302	998.719970703125
3370.65111832917	999.032470703125
3372.60187365689	999.344970703125
3374.55208182744	998.090026855469
3376.50174305198	996.025024414063
3378.45085754157	993.155029296875
3380.39942550714	991.075012207031
3382.34744715954	993.179992675781
3384.29492270949	991.455017089844
3386.24185236761	987.515014648438
3388.18823634442	987.135009765625
3390.13407485031	986.418334960938
3392.07936809559	985.70166015625
3394.02411629045	984.984985351563
3395.96831964496	985.109985351563
3397.91197836911	985.039978027344
3399.85509267275	984.429992675781
3401.79766276564	984.544982910156
3403.73968885745	983.724975585938
3405.68117115771	982.184997558594
3407.62210987586	984.724975585938
3409.56250522123	984.002502441406
3411.50235740305	983.280029296875
3413.44166663043	980.760009765625
3415.38043311238	982.195007324219
3417.3186570578	985.320007324219
3419.2563386755	982.065002441406
3421.19347817415	978.690002441406
3423.13007576235	977.715026855469
3425.06613164857	977.75
3427.00164604118	980.744995117188
3428.93661914844	980.39501953125
3430.87105117852	977.640014648438
3432.80494233945	972.619995117188
3434.73829283919	970.570007324219
3436.67110288558	970.984985351563
3438.60337268634	971.987487792969
3440.53510244911	972.989990234375
3442.4662923814	969.880004882813
3444.39694269064	969.655029296875
3446.32705358412	967.940002441406
3448.25662526905	967.114990234375
3450.18565795254	966.840026855469
3452.11415184156	968.419982910156
3454.04210714302	965.065002441406
3455.96952406369	960.330017089844
3457.89640281024	957.880004882813
3459.82274358924	955.85498046875
3461.74854660717	953.034973144531
3463.67381207038	949.630004882813
3465.59854018513	947.434997558594
3467.52273115756	948.140014648438
3469.44638519373	949.140014648438
3471.36950249956	945.47998046875
3473.29208328091	943.359985351563
3475.21412774349	943.47998046875
3477.13563609293	943.880004882813
3479.05660853476	938.224975585938
3480.97704527438	932.60498046875
3482.89694651712	930.525024414063
3484.81631246818	928.539978027344
3486.73514333266	924.635009765625
3488.65343931557	920.765014648438
3490.57120062179	917.049987792969
3492.48842745612	915.559997558594
3494.40512002324	914.440002441406
3496.32127852773	913.840026855469
3498.23690317408	912.169982910156
3500.15199416666	911.929992675781
3502.06655170974	908.070007324219
3503.98057600749	906.789978027344
3505.89406726396	904.244995117188
3507.80702568312	901.25
3509.71945146883	899.844970703125
3511.63134482483	895.179992675781
3513.54270595478	891.184997558594
3515.45353506222	888.27001953125
3517.3638323506	887.280029296875
3519.27359802324	884.280029296875
3521.1828322834	881.090026855469
3523.09153533419	877.64501953125
3524.99970737866	876.97998046875
3526.90734861972	873.059997558594
3528.81445926021	869.97998046875
3530.72103950283	869.924987792969
3532.62708955022	868.89501953125
3534.53260960488	866.025024414063
3536.43759986923	864.224975585938
3538.34206054558	859.965026855469
3540.24599183613	858.054992675781
3542.149393943	855.030029296875
3544.05226706817	852.065002441406
3545.95461141357	850.950012207031
3547.85642718097	848.080017089844
3549.75771457208	846.580017089844
3551.6584737885	845.835021972656
3553.55870503171	844.825012207031
3555.4584085031	842.869995117188
3557.35758440396	841.525024414063
3559.25623293548	837.085021972656
3561.15435429874	832.830017089844
3563.05194869473	831.025024414063
3564.94901632432	831.594970703125
3566.84555738829	832
3568.74157208732	830.284973144531
3570.63706062199	828.039978027344
3572.53202319277	826.369995117188
3574.42646000003	825.22998046875
3576.32037124406	823.594970703125
3578.213757125	821.109985351563
3580.10661784295	819.989990234375
3581.99895359786	818.815002441406
3583.8907645896	817.864990234375
3585.78205101794	817.52001953125
3587.67281308254	815.849975585938
3589.56305098297	812.655029296875
3591.4527649187	809.969970703125
3593.34195508907	809.22998046875
3595.23062169338	808.440002441406
3597.11876493075	807.580017089844
3599.00638500027	807.539978027344
3600.89348210089	806.27001953125
3602.78005643148	804.630004882813
3604.66610819078	802.27001953125
3606.55163757747	800.340026855469
3608.4366447901	799.905029296875
3610.32113002713	798.780029296875
3612.20509348693	797.25
3614.08853536774	797.140014648438
3615.97145586773	795.705017089844
3617.85385518497	794.304992675781
3619.7357335174	792.580017089844
3621.61709106289	791.364990234375
3623.4979280192	791.239990234375
3625.37824458399	790.094970703125
3627.25804095482	787.945007324219
3629.13731732915	785.830017089844
3631.01607390435	784.434997558594
3632.89431087767	783.799987792969
3634.77202844629	783.049987792969
3636.64922680726	781.859985351563
3638.52590615754	780.429992675781
3640.40206669402	779.255004882813
3642.27770861344	778.945007324219
3644.15283211248	777.469970703125
3646.02743738771	776.330017089844
3647.90152463559	773.984985351563
3649.77509405251	772.210021972656
3651.64814583473	771.155029296875
3653.52068017842	770.85498046875
3655.39269727965	770.380004882813
3657.26419733442	769.794982910156
3659.13518053858	768.580017089844
3661.00564708793	767.325012207031
3662.87559717814	766.919982910156
3664.7450310048	765.705017089844
3666.61394876338	764.455017089844
3668.48235064928	763.265014648438
3670.35023685779	762.544982910156
3672.21760758409	762.429992675781
3674.08446302327	761.325012207031
3675.95080337033	760.400024414063
3677.81662882017	759.614990234375
3679.68193956758	758.974975585938
3681.54673580727	758.565002441406
3683.41101773383	757.794982910156
3685.27478554178	756.419982910156
3687.13803942551	755.940002441406
3689.00077957934	755.085021972656
3690.86300619748	754.544982910156
3692.72471947405	754.299987792969
3694.58591960306	753.820007324219
3696.44660677844	753.885009765625
3698.306781194	753.364990234375
3700.16644304348	752.650024414063
3702.02559252049	752.744995117188
3703.88422981859	752.150024414063
3705.74235513119	750.989990234375
3707.59996865164	750.494995117188
3709.45707057318	749.984985351563
3711.31366108895	749.869995117188
3713.16974039199	749.239990234375
3715.02530867527	748.739990234375
3716.88036613164	748.090026855469
3718.73491295385	747.844970703125
3720.58894933456	747.140014648438
3722.44247546634	747.030029296875
3724.29549154166	746.849975585938
3726.14799775289	746.775024414063
3727.9999942923	746.059997558594
3729.85148135209	745.674987792969
3731.70245912432	746.025024414063
3733.55292780098	746.544982910156
3735.40288757397	745.794982910156
3737.25233863509	745.465026855469
3739.10128117603	744.974975585938
3740.9497153884	745.030029296875
3742.7976414637	744.989990234375
3744.64505959335	744.544982910156
3746.49196996866	744.804992675781
3748.33837278086	744.5
3750.18426822108	744.570007324219
3752.02965648033	744.614990234375
3753.87453774956	744.659973144531
3755.7189122196	744.5
3757.5627800812	744.284973144531
3759.40614152501	744.304992675781
3761.24899674159	743.815002441406
3763.09134592138	744.059997558594
3764.93318925476	744.174987792969
3766.77452693199	743.960021972656
3768.61535914325	743.950012207031
3770.45568607861	743.640014648438
3772.29550792807	743.424987792969
3774.1348248815	742.934997558594
3775.9736371287	742.875
3777.81194485938	743.044982910156
