32.6816976106991	717.255004882813
35.6535599501435	717.114990234375
38.6244374909659	717.025024414063
41.5943306947054	716.849975585938
44.5632400226282	717.065002441406
47.5311659356917	717.059997558594
50.4981088945929	716.77001953125
53.4640693597127	716.724975585938
56.4290477911676	716.739990234375
59.3930446487746	716.705017089844
62.356060392067	716.784973144531
65.3180954802906	716.85498046875
68.2791503724084	716.734985351563
71.2392255270922	716.929992675781
74.1983214027271	716.780029296875
77.1564384574159	717.14501953125
80.113577148983	716.950012207031
83.0697379349549	716.960021972656
86.0249212725722	716.974975585938
88.9791276188058	717
91.9323574303255	717.070007324219
94.8846111635238	717.02001953125
97.8358892745121	717.090026855469
100.786192219114	717.099975585938
103.73552045287	717.260009765625
106.683874431037	717.184997558594
109.631254608583	717.424987792969
112.577661440203	717.469970703125
115.523095380307	717.710021972656
118.467556883015	718.085021972656
121.411046402175	718.614990234375
124.353564391344	719.679992675781
127.295111303796	721.815002441406
130.235687592532	725.47998046875
133.175293710265	731.60498046875
136.113930109434	741.640014648438
139.051597242185	756.820007324219
141.98829556039	778.174987792969
144.92402551564	801.684997558594
147.858787559244	829.525024414063
150.792582142239	854.294982910156
153.725409715372	878.880004882813
156.65727072911	894.304992675781
159.588165633643	904.215026855469
162.518094878884	914.039978027344
165.447058914469	920.599975585938
168.375058189747	921.890014648438
171.302093153792	921.77001953125
174.228164255401	920.109985351563
177.153271943091	919.900024414063
180.077416665101	919.690002441406
183.000598869394	919.664978027344
185.922819003656	919.174987792969
188.84407751529	921.945007324219
191.764374851424	925.234985351563
194.683711458919	929.549987792969
197.60208778434	931.47998046875
200.519504273992	932.155029296875
203.435961373894	938.424987792969
206.351459529801	949.234985351563
209.265999187174	956.580017089844
212.179580791207	967.625
215.092204786825	977.934997558594
218.003871618673	987.580017089844
220.914581731116	997.659973144531
223.824335568247	1011.57000732422
226.733133573893	1027.68005371094
229.640976191593	1036.67004394531
232.547863864614	1040.40002441406
235.453797035961	1046.72497558594
238.358776148354	1046.02502441406
241.26280164424	1044.39001464844
244.1658739658	1048.05004882813
247.067993554929	1046.42004394531
249.969160853266	1041.25500488281
252.869376302162	1041.51501464844
255.768640342707	1042.86254882813
258.666953415705	1044.2099609375
261.564315961705	1041.35998535156
264.46072842097	1037.06005859375
267.356191233499	1031.81005859375
270.25070483901	1030.31494140625
273.144269676967	1027.78503417969
276.036886186551	1029.81994628906
278.928554806671	1028.66003417969
281.819275975966	1027.80004882813
284.709050132812	1028.95495605469
287.597877715306	1031.21496582031
290.485759161281	1030.11999511719
293.372694908298	1026.4599609375
296.258685393644	1024.73498535156
299.143731054352	1021.46002197266
302.027832327156	1020.77001953125
304.910989648557	1021.53497314453
307.79320345476	1021.84002685547
310.674474181717	1021.97253417969
313.554802265101	1022.10498046875
316.434188140326	1021.33502197266
319.312632242533	1020.74499511719
322.190135006593	1019.78002929688
325.066696867117	1018.61999511719
327.942318258443	1015.32501220703
330.816999614641	1015.56500244141
333.690741369517	1014.17999267578
336.56354395661	1015.49499511719
339.435407809193	1013.54498291016
342.306333360273	1011.98498535156
345.176321042591	1006.73498535156
348.045371288612	1006.53997802734
350.913484530551	1008.10998535156
353.78066120035	1006.46502685547
356.64690172969	1003.42999267578
359.512206549972	1001.46002197266
362.376576092357	1001.84997558594
365.240010787716	1002.41497802734
368.102511066677	1001.13000488281
370.964077359587	1004.22998046875
373.82471009654	1001.86499023438
376.684409707364	998.994995117188
379.543176621612	1000.59997558594
382.401011268595	1003.03002929688
385.257914077343	1000.14001464844
388.113885476627	1002.09002685547
390.968925894961	1001.34497070313
393.823035760591	1003.82000732422
396.676215501503	1008.39001464844
399.528465545415	1008.96002197266
402.379786319791	1011.88500976563
405.230178251834	1017.16998291016
408.079641768472	1023.61999511719
410.928177296387	1025.65002441406
413.775785261992	1026.72998046875
416.622466091445	1031.47998046875
419.468220210631	1033.36999511719
422.313048045182	1035.97998046875
425.156950020479	1035.52502441406
427.999926561623	1032.13500976563
430.841978093471	1033.92504882813
433.683105040613	1029.25500488281
436.523307827384	1024.9599609375
439.362586877851	1024.72998046875
442.200942615829	1023.59997558594
445.038375464876	1022.21997070313
447.874885848283	1020.07000732422
450.710474189089	1018.78997802734
453.54514091007	1020.67999267578
456.37888643375	1021.91497802734
459.211711182386	1022.69500732422
462.043615577986	1018.45501708984
464.874600042297	1014.27502441406
467.704664996804	1010.43499755859
470.533810862741	1008.20501708984
473.36203806108	1006.08502197266
476.189347012547	1003.77001953125
479.015738137594	1004.40997314453
481.841211856432	1009.78002929688
484.665768589008	1013.80499267578
487.489408755009	1017.40502929688
490.312132773878	1019
493.133941064796	1018.32501220703
495.954834046683	1018.77502441406
498.77481213821	1020.45251464844
501.593875757797	1022.13000488281
504.412025323601	1018.93499755859
507.229261253524	1014.16998291016
510.045583965226	1014.40002441406
512.860993876093	1012.44000244141
515.675491403271	1008.35498046875
518.489076963649	1002.28997802734
521.301750973863	998.210021972656
524.113513850293	995.034973144531
526.924366009065	990.929992675781
529.734307866052	986.494995117188
532.543339836881	981.640014648438
535.35146233692	979.159973144531
538.158675781281	976.090026855469
540.964980584833	974.484985351563
543.770377162182	972.705017089844
546.574865927692	968.239990234375
549.378447295465	965.724975585938
552.181121679365	965.234985351563
554.982889492993	963.72998046875
557.783751149701	961.349975585938
560.583707062591	959.119995117188
563.38275764452	956.969970703125
566.180903308083	954.914978027344
568.978144465633	954.330017089844
571.774481529266	953.474975585938
574.569914910839	950.184997558594
577.364445021949	949.469970703125
580.158072273946	948.135009765625
582.950797077926	945.835021972656
585.742619844752	943.434997558594
588.533540985018	942.22998046875
591.323560909078	944.155029296875
594.112680027034	943.799987792969
596.90089874875	943.130004882813
599.688217483828	943.114990234375
602.474636641629	940.625
605.260156631263	938.159973144531
608.044777861596	937.219970703125
610.828500741241	939.034973144531
613.611325678567	939.859985351563
616.393253081697	940.39501953125
619.174283358506	942.690002441406
621.954416916616	945.450012207031
624.733654163414	946.039978027344
627.511995506029	943.619995117188
630.289441351351	937.299987792969
633.065992106022	931.635009765625
635.841648176434	931.75
638.616409968744	936.22998046875
641.390277888847	941.294982910156
644.163252342408	944.780029296875
646.93533373484	946.580017089844
649.706522471307	946.864990234375
652.47681895674	945.094970703125
655.246223595811	942.255004882813
658.014736792957	941.184997558594
660.782358952371	940.239990234375
663.549090477999	939.510009765625
666.314931773542	942.344970703125
669.079883242452	944.549987792969
671.843945287955	943.919982910156
674.607118313019	941.974975585938
677.369402720366	943.364990234375
680.130798912488	944.299987792969
682.891307291627	943.549987792969
685.650928259784	940.469970703125
688.409662218708	941.39501953125
691.167509569927	942.52001953125
693.924470714705	944.080017089844
696.680546054078	943.320007324219
699.435735988832	943.080017089844
702.190040919516	943.034973144531
704.943461246442	944.109985351563
707.695997369667	941.015014648438
710.447649689022	940.890014648438
713.198418604088	942.955017089844
715.948304514206	943.984985351563
718.697307818481	946.135009765625
721.445428915779	949.835021972656
724.192668204716	950.299987792969
726.93902608368	950.130004882813
729.684502950805	948.380004882813
732.429099204005	949.505004882813
735.172815240936	949.969970703125
737.915651459026	952.109985351563
740.657608255463	954.335021972656
743.398686027186	957.205017089844
746.13888517091	959.719970703125
748.878206083102	962.150024414063
751.616649159998	961.789978027344
754.354214797584	960.934997558594
757.09090339162	964.719970703125
759.826715337622	968.669982910156
762.561651030868	966.630004882813
765.295710866406	962.755004882813
768.028895239041	964.570007324219
770.761204543336	958.755004882813
773.492639173626	952.72998046875
776.223199524006	949.155029296875
778.952885988334	948.72998046875
781.681698960235	948.864990234375
784.40963883309	945.315002441406
787.136706000052	945.200012207031
789.862900854037	945.940002441406
792.588223787721	945.489990234375
795.312675193549	946.484985351563
798.036255463728	947.080017089844
800.758964990228	948.299987792969
803.480804164792	950.099975585938
806.201773378919	952.914978027344
808.921873023884	952.684997558594
811.641103490712	955.205017089844
814.359465170214	959.640014648438
817.076958452946	964.809997558594
819.793583729246	970.309997558594
822.509341389214	979.390014648438
825.224231822712	985.815002441406
827.938255419375	996.205017089844
830.651412568596	1003.24499511719
833.363703659544	1006.16998291016
836.075129081157	1005.68499755859
838.785689222127	1005.20501708984
841.495384470928	1008.89001464844
844.204215215788	1008.93499755859
846.912181844721	1010.53002929688
849.619284745491	1015.27502441406
852.325524305638	1021.57000732422
855.030900912475	1025.60498046875
857.735414953079	1029.19494628906
860.439066814289	1027.48498535156
863.141856882725	1021.54498291016
865.843785544769	1011.98999023438
868.544853186571	1009.75
871.245060194063	1006.71502685547
873.944406952925	1005.11499023438
876.642893848625	1008.59002685547
879.340521266398	1011.76000976563
882.037289591241	1012.97497558594
884.733199207927	1014.82501220703
887.428250501001	1012.90502929688
890.122443854778	1011.94000244141
892.815779653335	1012.59497070313
895.508258280534	1019.64501953125
898.199880119997	1025.73498535156
900.890645555129	1028.49499511719
903.580554969094	1030.94995117188
906.269608744832	1030.5
908.957807265056	1027.5849609375
911.645150912257	1023.84497070313
914.331640068689	1020.98498535156
917.017275116375	1019.90997314453
919.702056437128	1018.10498046875
922.385984412518	1026.43005371094
925.069059423886	1032.96496582031
927.751281852366	1033.70495605469
930.432652078842	1035.85498046875
933.113170483983	1043.2099609375
935.79283744823	1046.38500976563
938.471653351806	1049.68505859375
941.149618574686	1047.47998046875
943.826733496641	1052.10498046875
946.502998497206	1058.43505859375
949.178413955689	1056.08996582031
951.85298025118	1058.25500488281
954.526697762544	1057.51000976563
957.199566868403	1055.23498535156
959.87158794718	1055.11999511719
962.542761377054	1055.8349609375
965.213087535987	1052.68994140625
967.882566801719	1052.45495605469
970.551199551761	1050.02502441406
973.218986163399	1046.88500976563
975.885927013698	1043.77502441406
978.552022479501	1040.625
981.217272937423	1041.35498046875
983.88167876386	1042.67504882813
986.545240334978	1046.06994628906
989.207958026729	1051.52502441406
991.869832214835	1062.21997070313
994.530863274798	1070.94995117188
997.191051581895	1089.26000976563
999.850397511185	1119.93994140625
1002.50890143751	1152.85498046875
1005.16656373546	1178.85998535156
1007.82338477944	1191.95495605469
1010.47936494363	1181.07995605469
1013.13450460195	1159.59997558594
1015.78880412815	1121.13500976563
1018.44226389572	1084.03002929688
1021.09488427794	1062.15502929688
1023.74666564789	1050.23999023438
1026.3976083784	1045.52502441406
1029.04771284208	1046.02502441406
1031.69697941135	1052.64001464844
1034.34540845838	1058.81005859375
1036.99300035512	1061.10998535156
1039.63975547333	1059.5
1042.28567418452	1055.23498535156
1044.93075685998	1047.40502929688
1047.57500387081	1043.83996582031
1050.21841558786	1044.83996582031
1052.86099238177	1048.42004394531
1055.50273462297	1053.03002929688
1058.14364268167	1054.65002441406
1060.78371692784	1056.01000976563
1063.42295773126	1054.43994140625
1066.06136546148	1058.60998535156
1068.69894048781	1065.1650390625
1071.33568317939	1068.57995605469
1073.9715939051	1070.02502441406
1076.60667303362	1072.81005859375
1079.24092093341	1073.45495605469
1081.87433797271	1077.66003417969
1084.50692451954	1079.5849609375
1087.13868094172	1079.0849609375
1089.76960760684	1075.53002929688
1092.39970488226	1071.36499023438
1095.02897313516	1068.28002929688
1097.65741273246	1066.19494628906
1100.28502404089	1062.94995117188
1102.91180742697	1061.22497558594
1105.53776325698	1061.78002929688
1108.16289189701	1061.63500976563
1110.78719371291	1060.29504394531
1113.41066907033	1057.4599609375
1116.0333183347	1055.38000488281
1118.65514187124	1057.14501953125
1121.27614004495	1060.55004882813
1123.89631322061	1062.51501464844
1126.51566176279	1063.33996582031
1129.13418603585	1064.28002929688
1131.75188640394	1064.7900390625
1134.36876323098	1059.10498046875
1136.98481688069	1047.89501953125
1139.60004771655	1033.42004394531
1142.21445610187	1023.46502685547
1144.82804239972	1015.46502685547
1147.44080697295	1009.76000976563
1150.05275018421	1009.34497070313
1152.66387239593	1012.16998291016
1155.27417397034	1017.79998779297
1157.88365526943	1024.72998046875
1160.49231665502	1029.35998535156
1163.10015848867	1027.794921875
1165.70718113176	1026.22998046875
1168.31338494544	1026.27502441406
1170.91877029067	1028.06005859375
1173.52333752817	1028.79504394531
1176.12708701847	1030.99499511719
1178.73001912187	1030.28503417969
1181.33213419848	1026.82995605469
1183.93343260819	1021.23498535156
1186.53391471068	1014.65502929688
1189.13358086539	1011.64501953125
1191.73243143161	1010.58502197266
1194.33046676836	1011.48999023438
1196.92768723449	1014.04498291016
1199.52409318861	1022.21997070313
1202.11968498915	1032.14501953125
1204.7144629943	1040.70495605469
1207.30842756206	1048.68994140625
1209.90157905021	1056.35498046875
1212.49391781634	1059.97998046875
1215.08544421779	1059.96997070313
1217.67615861174	1056.60998535156
1220.26606135512	1054.54504394531
1222.85515280468	1050.92004394531
1225.44343331694	1051.1650390625
1228.03090324823	1056.38000488281
1230.61756295466	1063.8349609375
1233.20341279213	1075.80505371094
1235.78845311634	1084.89001464844
1238.37268428278	1091.48498535156
1240.95610664673	1095.3349609375
1243.53872056325	1102.31994628906
1246.12052638722	1105.02001953125
1248.70152447329	1099.875
1251.28171517591	1098.67004394531
1253.86109884934	1103.68505859375
1256.43967584759	1106.63500976563
1259.0174465245	1110.18505859375
1261.5944112337	1106.45495605469
1264.1705703286	1108.94494628906
1266.74592416241	1114.57995605469
1269.32047308814	1110.7099609375
1271.89421745858	1104.98498535156
1274.46715762633	1102.44995117188
1277.03929394377	1105.125
1279.61062676308	1105.73498535156
1282.18115643624	1106.06994628906
1284.75088331502	1105.96997070313
1287.31980775098	1101.23498535156
1289.88793009548	1099.57995605469
1292.45525069969	1097.32995605469
1295.02176991454	1095.11999511719
1297.58748809078	1094.01501464844
1300.15240557897	1096.93505859375
1302.71652272942	1100.31494140625
1305.27983989229	1106.68994140625
1307.84235741749	1112.21997070313
1310.40407565475	1119.47497558594
1312.9649949536	1126.05505371094
1315.52511566335	1122.38000488281
1318.08443813311	1125.32495117188
1320.64296271181	1134.76000976563
1323.20068974815	1136.64501953125
1325.75761959063	1137.68994140625
1328.31375258756	1137.76501464844
1330.86908908704	1138.125
1333.42362943696	1137.52502441406
1335.97737398503	1137.25
1338.53032307874	1143.09497070313
1341.08247706537	1142.6650390625
1343.63383629202	1143.29504394531
1346.18440110558	1138.76000976563
1348.73417185274	1127.51501464844
1351.28314887997	1119.5400390625
1353.83133253357	1113.10498046875
1356.37872315961	1100.23999023438
1358.92532110398	1084.76501464844
1361.47112671237	1075
1364.01614033024	1064.47998046875
1366.56036230288	1057
1369.10379297537	1048.23999023438
1371.64643269258	1040.09997558594
1374.18828179921	1032.93994140625
1376.72934063972	1029.0400390625
1379.2696095584	1025.43994140625
1381.80908889932	1020.30999755859
1384.34777900637	1019.56500244141
1386.88568022323	1020.18499755859
1389.42279289337	1020.09002685547
1391.95911736009	1022.43499755859
1394.49465396645	1023.28997802734
1397.02940305537	1025.02502441406
1399.5633649695	1028.28503417969
1402.09654005135	1034.77502441406
1404.6289286432	1040.56494140625
1407.16053108714	1042.13500976563
1409.69134772507	1038.19494628906
1412.22137889868	1037.82495117188
1414.75062494947	1041.59497070313
1417.27908621874	1040.38500976563
1419.80676304759	1035.73999023438
1422.33365577692	1037.16003417969
1424.85976474744	1040.8349609375
1427.38509029967	1046.11999511719
1429.90963277392	1052.50500488281
1432.4333925103	1059.5849609375
1434.95636984873	1074.4150390625
1437.47856512894	1091.73498535156
1439.99997869045	1110.71997070313
1442.5206108726	1129.17504882813
1445.04046201452	1142.06494140625
1447.55953245515	1158.20495605469
1450.07782253323	1173.56494140625
1452.59533258731	1213.31994628906
1455.11206295574	1196.36254882813
1457.62801397668	1179.40502929688
1460.14318598809	1169.65502929688
1462.65757932774	1154.93994140625
1465.1711943332	1140.34997558594
1467.68403134184	1124.91003417969
1470.19609069085	1107.56494140625
1472.70737271721	1086.5400390625
1475.21787775772	1062.89501953125
1477.72760614897	1037.17504882813
1480.23655822738	1013.95001220703
1482.74473432914	991.914978027344
1485.25213479029	974.655029296875
1487.75875994664	959.215026855469
1490.26461013382	949.684997558594
1492.76968568726	944.349975585938
1495.27398694222	940.775024414063
1497.77751423374	936.695007324219
1500.28026789667	935.005004882813
1502.78224826569	936.304992675781
1505.28345567526	933.280029296875
1507.78389045967	934.534973144531
1510.28355295299	933.820007324219
1512.78244348913	933.414978027344
1515.28056240178	932.200012207031
1517.77791002445	932.434997558594
1520.27448669047	933.284973144531
1522.77029273296	934.640014648438
1525.26532848486	934.122497558594
1527.75959427889	933.60498046875
1530.25309044764	933.059997558594
1532.74581732344	932.659973144531
1535.23777523847	933.965026855469
1537.72896452471	934.424987792969
1540.21938551394	935.059997558594
1542.70903853778	937.460021972656
1545.19792392761	941.820007324219
1547.68604201466	948.075012207031
1550.17339312997	956.880004882813
1552.65997760434	961.169982910156
1555.14579576845	963.909973144531
1557.63084795275	965.030029296875
1560.11513448749	963.469970703125
1562.59865570276	963.260009765625
1565.08141192845	962.330017089844
1567.56340349426	958.679992675781
1570.04463072969	957.25
1572.52509396406	956.155029296875
1575.00479352652	955.22998046875
1577.48372974599	956.830017089844
1579.96190295124	962.059997558594
1582.43931347083	964.25
1584.91596163314	967.25
1587.39184776636	970.89501953125
1589.86697219849	973.780029296875
1592.34133525734	973.804992675781
1594.81493727054	974.934997558594
1597.28777856553	982.010009765625
1599.75985946955	988.705017089844
1602.23118030968	998.284973144531
1604.70174141278	1007.41998291016
1607.17154310555	1020.625
1609.64058571449	1031.94494628906
1612.10886956591	1034.46496582031
1614.57639498595	1030.68005371094
1617.04316230054	1026.36999511719
1619.50917183543	1020.27001953125
1621.97442391621	1015.03002929688
1624.43891886825	1011.92498779297
1626.90265701674	1009.43499755859
1629.36563868671	1003.10998535156
1631.82786420296	1000.96002197266
1634.28933389016	1007
1636.75004807274	1013.18499755859
1639.21000707498	1015.36499023438
1641.66921122097	1023.10498046875
1644.12766083459	1034.80004882813
1646.58535623956	1051.31994628906
1649.04229775941	1063.55004882813
1651.4984857175	1079.63500976563
1653.95392043697	1095.92504882813
1656.40860224079	1109.07995605469
1658.86253145177	1119.86999511719
1661.3157083925	1127.06494140625
1663.76813338542	1126.875
1666.21980675275	1123.80505371094
1668.67072881656	1119.42504882813
1671.1208998987	1112.20495605469
1673.57032032089	1104.01000976563
1676.0189904046	1093.25500488281
1678.46691047118	1078.23999023438
1680.91408084174	1065.375
1683.36050183726	1055.4150390625
1685.8061737785	1040.84997558594
1688.25109698605	1021.55499267578
1690.69527178032	1004.125
1693.13869848153	986.234985351563
1695.58137740972	970.909973144531
1698.02330888476	958.385009765625
1700.46449322631	945.989990234375
1702.90493075388	934.650024414063
1705.34462178678	925.525024414063
1707.78356664414	915.534973144531
1710.22176564492	908.705017089844
1712.65921910787	902.025024414063
1715.0959273516	898.215026855469
1717.53189069449	895.094970703125
1719.9671094548	890.10498046875
1722.40158395054	887.510009765625
1724.8353144996	887.450012207031
1727.26830141965	886.554992675781
1729.70054502819	884.450012207031
1732.13204564255	883.119995117188
1734.56280357987	883.599975585938
1736.99281915711	883.885009765625
1739.42209269106	882.330017089844
1741.85062449831	881.299987792969
1744.27841489529	880.320007324219
1746.70546419823	880.619995117188
1749.13177272321	879.414978027344
1751.5573407861	878.255004882813
1753.98216870262	877.835021972656
1756.40625678828	878.864990234375
1758.82960535844	877.150024414063
1761.25221472825	878.89501953125
1763.67408521271	879.094970703125
1766.09521712663	878.340026855469
1768.51561078464	878.385009765625
1770.93526650119	877.650024414063
1773.35418459056	878.030029296875
1775.77236536684	876.85498046875
1778.18980914396	875.659973144531
1780.60651623565	876.349975585938
1783.02248695548	877.265014648438
1785.43772161684	877.5
1787.85222053292	876.900024414063
1790.26598401677	875.150024414063
1792.67901238123	873.919982910156
1795.09130593899	874.14501953125
1797.50286500254	875.609985351563
1799.9136898842	875.825012207031
1802.32378089613	876.109985351563
1804.73313835028	873.859985351563
1807.14176255846	871.35498046875
1809.54965383228	872.015014648438
1811.95681248317	873.030029296875
1814.36323882242	873.47998046875
1816.76893316109	873.919982910156
1819.17389581011	872.744995117188
1821.57812708021	871.994995117188
1823.98162728196	872.780029296875
1826.38439672573	871.200012207031
1828.78643572174	871.900024414063
1831.18774458003	873.190002441406
1833.58832361045	872.965026855469
1835.98817312269	872.159973144531
1838.38729342625	871.049987792969
1840.78568483048	871.469970703125
1843.18334764454	870.494995117188
1845.58028217741	869.974975585938
1847.9764887379	870.5
1850.37196763465	871.5
1852.76671917613	870.64501953125
1855.16074367062	870.77001953125
1857.55404142624	870.570007324219
1859.94661275094	870.97998046875
1862.33845795247	872.039978027344
1864.72957733844	870.765014648438
1867.11997121627	869.570007324219
1869.5096398932	868.299987792969
1871.89858367631	869.630004882813
1874.28680287251	870.054992675781
1876.67429778851	871.255004882813
1879.06106873089	870.224975585938
1881.44711600601	871.630004882813
1883.8324399201	870.815002441406
1886.21704077919	870.885009765625
1888.60091888915	870.864990234375
1890.98407455567	870.340026855469
1893.36650808428	870.219970703125
1895.74821978033	869.419982910156
1898.12920994899	869.400024414063
1900.50947889527	868.309997558594
1902.88902692401	869.210021972656
1905.26785433986	869.77001953125
1907.64596144734	871.14501953125
1910.02334855075	872.385009765625
1912.40001595424	871.784973144531
1914.7759639618	869.840026855469
1917.15119287724	869.695007324219
1919.52570300419	869.034973144531
1921.89949464611	869.734985351563
1924.27256810632	871.335021972656
1926.64492368793	872.489990234375
1929.0165616939	870.924987792969
1931.38748242701	870.619995117188
1933.75768618989	871.049987792969
1936.12717328497	870.965026855469
1938.49594401455	870.739990234375
1940.86399868071	870.205017089844
1943.23133758541	870.210021972656
1945.5979610304	869.349975585938
1947.96386931729	869.89501953125
1950.32906274751	870.039978027344
1952.69354162232	870.484985351563
1955.0573062428	871.299987792969
1957.42035690989	870.789978027344
1959.78269392434	870.887451171875
1962.14431758673	870.984985351563
1964.50522819748	870.789978027344
1966.86542605684	870.984985351563
1969.22491146488	870.054992675781
1971.58368472153	870.674987792969
1973.94174612654	871.72998046875
1976.29909597945	871.174987792969
1978.65573457971	871.099975585938
1981.01166222654	871.025024414063
1983.36687921902	871.150024414063
1985.72138585606	871.650024414063
1988.07518243639	869.929992675781
1990.42826925859	869.184997558594
1992.78064662106	870.494995117188
1995.13231482205	870.090026855469
1997.48327415961	870.135009765625
1999.83352493167	868.909973144531
2002.18306743594	870.35498046875
2004.53190197002	870.840026855469
2006.8800288313	871.06005859375
2009.22744831703	871.280029296875
2011.57416072427	870.859985351563
2013.92016634993	869.905029296875
2016.26546549076	869.715026855469
2018.61005844332	870.47998046875
2020.95394550404	870.590026855469
2023.29712696915	870.598327636719
2025.63960313474	870.606689453125
2027.98137429672	870.614990234375
2030.32244075083	870.72998046875
2032.66280279266	871.215026855469
2035.00246071763	871.794982910156
2037.34141482099	869.994995117188
2039.67966539784	869.945007324219
2042.01721274309	870.710021972656
2044.35405715151	871.125
2046.69019891769	870.760009765625
2049.02563833606	872.47998046875
2051.3603757009	871.39501953125
2053.6944113063	872.244995117188
2056.0277454462	872.234985351563
2058.36037841439	873.440002441406
2060.69231050446	873.539978027344
2063.02354200988	871.164978027344
2065.35407322392	871.539978027344
2067.68390443971	872.724975585938
2070.01303595021	872.434997558594
2072.3414680482	873.099975585938
2074.66920102633	873.125
2076.99623517706	872.97998046875
2079.32257079271	871.539978027344
2081.6482081654	871.205017089844
2083.97314758713	871.905029296875
2086.29738934971	873.260009765625
2088.62093374481	874.594970703125
2090.94378106391	874.25
2093.26593159835	874.224975585938
2095.5873856393	875.109985351563
2097.90814347777	874.559997558594
2100.2282054046	874.984985351563
2102.54757171048	874.460021972656
2104.86624268594	873.169982910156
2107.18421862133	874.984985351563
2109.50149980686	874.864990234375
2111.81808653257	876.460021972656
2114.13397908834	876.419982910156
2116.44917776388	876.719970703125
2118.76368284875	877.179992675781
2121.07749463235	875.969970703125
2123.39061340391	876.179992675781
2125.70303945252	874.710021972656
2128.01477306707	877.265014648438
2130.32581453634	877.434997558594
2132.63616414891	878.119995117188
2134.94582219322	876.880004882813
2137.25478895754	876.159973144531
2139.56306472999	876.164978027344
2141.87064979851	876.510009765625
2144.17754445092	875.255004882813
2146.48374897484	877.890014648438
2148.78926365774	879.580017089844
2151.09408878695	878.159973144531
2153.39822464963	877.924987792969
2155.70167153277	877.224975585938
2158.00442972321	876.034973144531
2160.30649950763	875.534973144531
2162.60788117256	876.989990234375
2164.90857500436	877.905029296875
2167.20858128923	878.309997558594
2169.50790031323	876.844970703125
2171.80653236223	878.375
2174.10447772198	879.554992675781
2176.40173667804	877.224975585938
2178.69830951582	875.525024414063
2180.99419652058	876.655029296875
2183.28939797743	877.174987792969
2185.5839141713	877.195007324219
2187.87774538698	875.349975585938
2190.17089190908	875.599975585938
2192.46335402209	876.215026855469
2194.75513201032	876.614990234375
2197.04622615791	877.450012207031
2199.33663674886	877.625
2201.62636406702	877.530029296875
2203.91540839606	877.890014648438
2206.20377001952	877.905029296875
2208.49144922077	877.469970703125
2210.77844628302	876.734985351563
2213.06476148933	876.414978027344
2215.3503951226	875.52001953125
2217.63534746557	875.409973144531
2219.91961880085	875.140014648438
2222.20320941085	875.627502441406
2224.48611957785	876.114990234375
2226.76834958399	875.505004882813
2229.04989971122	875.580017089844
2231.33077024136	876.945007324219
2233.61096145607	877.10498046875
2235.89047363683	877.219970703125
2238.169307065	877.755004882813
2240.44746202178	877.945007324219
2242.72493878819	878.034973144531
2245.00173764511	878.950012207031
2247.27785887327	878.594970703125
2249.55330275324	876.539978027344
2251.82806956545	879.359985351563
2254.10215959014	880.255004882813
2256.37557310744	879.150024414063
2258.64831039729	878.02001953125
2260.92037173949	877.630004882813
2263.19175741368	877.75
2265.46246769938	878.085021972656
2267.7325028759	877.869995117188
2270.00186322243	878.505004882813
2272.270549018	879.544982910156
2274.5385605415	878.474975585938
2276.80589807165	878.505004882813
2279.07256188702	879.575012207031
2281.33855226601	878.784973144531
2283.60386948691	877.239990234375
2285.86851382782	878.835021972656
2288.1324855667	879.650024414063
2290.39578498136	879.760009765625
2292.65841234945	879.869995117188
2294.92036794847	880.659973144531
2297.18165205578	881.890014648438
2299.44226494856	881.034973144531
2301.70220690387	880
2303.96147819859	881.215026855469
2306.22007910947	882.695007324219
2308.47800991309	884.679992675781
2310.73527088589	882.674987792969
2312.99186230416	882.609985351563
2315.24778444403	881.780029296875
2317.50303758149	884.030029296875
2319.75762199235	882.820007324219
2322.01153795231	881.22998046875
2324.26478573689	881.97998046875
2326.51736562147	881.325012207031
2328.76927788127	883.905029296875
2331.02052279137	885.255004882813
2333.2711006267	883.340026855469
2335.52101166203	884.034973144531
2337.77025617198	884.72998046875
2340.01883443103	882.794982910156
2342.2667467135	883.544982910156
2344.51399329356	882.325012207031
2346.76057444525	881.219970703125
2349.00649044241	879.994995117188
2351.2517415588	881.47998046875
2353.49632806796	880.940002441406
2355.74025024334	881.929992675781
2357.98350835819	881.349975585938
2360.22610268566	881.015014648438
2362.4680334987	882.765014648438
2364.70930107016	882.244995117188
2366.94990567269	881.724975585938
2369.18984757884	881.025024414063
2371.42912706098	881.325012207031
2373.66774439134	882.47998046875
2375.90569984199	881.664978027344
2378.14299368488	880.619995117188
2380.37962619179	879.609985351563
2382.61559763435	879.984985351563
2384.85090828405	880.265014648438
2387.08555841222	880.799987792969
2389.31954829006	880.674987792969
2391.55287818861	880.835021972656
2393.78554837877	881.445007324219
2396.01755913128	881.929992675781
2398.24891071673	881.630004882813
2400.47960340558	881.455017089844
2402.70963746814	881.960021972656
2404.93901317456	882.849975585938
2407.16773079485	883.599975585938
2409.39579059887	882.989990234375
2411.62319285633	882.75
2413.84993783681	883.012512207031
2416.07602580971	883.275024414063
2418.30145704432	882.375
2420.52623180977	883.474975585938
2422.75035037503	883.684997558594
2424.97381300893	881.594970703125
2427.19661998017	880.549987792969
2429.41877155729	882.794982910156
2431.64026800867	883.169982910156
2433.86110960257	882.815002441406
2436.08129660709	883.099975585938
2438.30082929019	885.070007324219
2440.51970791967	885.474975585938
2442.73793276321	885.77001953125
2444.95550408832	884.539978027344
2447.17242216237	884.075012207031
2449.38868725259	882.900024414063
2451.60429962607	881.89501953125
2453.81925954975	883.489990234375
2456.03356729041	884.655029296875
2458.2472231147	884.969970703125
2460.46022728913	884.913330078125
2462.67258008005	884.856628417969
2464.88428175368	884.799987792969
2467.09533257608	884.989990234375
2469.30573281318	884.400024414063
2471.51548273076	884.820007324219
2473.72458259445	883.869995117188
2475.93303266974	885.85498046875
2478.14083322198	886.090026855469
2480.34798451637	885.9150390625
2482.55448681797	885.739990234375
2484.76034039169	886.130004882813
2486.96554550231	885.97998046875
2489.17010241445	885.914978027344
2491.37401139259	887.655029296875
2493.57727270109	887.864990234375
2495.77988660412	888.784973144531
2497.98185336574	888.309997558594
2500.18317324987	886.205017089844
2502.38384652028	887.210021972656
2504.58387344058	889.085021972656
2506.78325427425	889.085021972656
2508.98198928465	889.119995117188
2511.18007873495	888.650024414063
2513.37752288821	887.784973144531
2515.57432200735	887.934997558594
2517.77047635514	887.724975585938
2519.96598619419	887.405029296875
2522.16085178699	887.359985351563
2524.35507339589	890.164978027344
2526.54865128308	889.950012207031
2528.74158571062	889.625
2530.93387694042	889.844970703125
2533.12552523427	890.267456054688
2535.31653085379	890.690002441406
2537.50689406046	889.780029296875
2539.69661511566	890.97998046875
2541.88569428057	890.630004882813
2544.07413181627	890.955017089844
2546.26192798368	890.400024414063
2548.44908304359	890.599975585938
2550.63559725664	892.434997558594
2552.82147088333	893.715026855469
2555.00670418402	893.092529296875
2557.19129741894	892.469970703125
2559.37525084817	891.919982910156
2561.55856473164	890.630004882813
2563.74123932917	892.140014648438
2565.92327490039	894.02001953125
2568.10467170484	894.599975585938
2570.28543000189	894.799987792969
2572.46555005079	895.289978027344
2574.64503211063	893.900024414063
2576.82387644036	893.994995117188
2579.00208329882	893.325012207031
2581.17965294468	896.52001953125
2583.35658563648	897.22998046875
2585.53288163263	896.280029296875
2587.70854119137	894.085021972656
2589.88356457084	893.190002441406
2592.05795202902	896.255004882813
2594.23170382376	898.590026855469
2596.40482021275	897.219970703125
2598.57730145356	896.565002441406
2600.74914780363	895.640014648438
2602.92035952023	896.130004882813
2605.09093686053	896.440002441406
2607.26088008153	896.974975585938
2609.4301894401	897.155029296875
2611.59886519299	899.919982910156
2613.76690759678	901.760009765625
2615.93431690793	900.909973144531
2618.10109338277	901.335021972656
2620.26723727748	901.755004882813
2622.4327488481	903.909973144531
2624.59762835054	905.684997558594
2626.76187604057	905.039978027344
2628.92549217382	906.950012207031
2631.08847700579	908.094970703125
2633.25083079182	906.710021972656
2635.41255378715	906.724975585938
2637.57364624684	906.140014648438
2639.73410842586	905.609985351563
2641.893940579	906.484985351563
2644.05314296094	906.27001953125
2646.21171582621	907.039978027344
2648.36965942921	907.489990234375
2650.5269740242	907.340026855469
2652.6836598653	909.390014648438
2654.83971720651	911.690002441406
2656.99514630167	911.419982910156
2659.1499474045	910.924987792969
2661.30412076857	912.159973144531
2663.45766664734	912.25
2665.61058529411	912.815002441406
2667.76287696204	912.64501953125
2669.91454190418	913.330017089844
2672.06558037342	915.070007324219
2674.21599262253	916.315002441406
2676.36577890413	915.135009765625
2678.51493947072	913.695007324219
2680.66347457466	915.789978027344
2682.81138446816	917.10498046875
2684.95866940332	918.929992675781
2687.10532963209	918.72998046875
2689.25136540628	918.340026855469
2691.39677697757	918.210021972656
2693.54156459752	919.775024414063
2695.68572851753	920.815002441406
2697.82926898888	920.427490234375
2699.97218626272	920.039978027344
2702.11448059006	920.10498046875
2704.25615222175	921.594970703125
2706.39720140856	922.830017089844
2708.53762840109	924.219970703125
2710.67743344979	927.320007324219
2712.81661680503	928.544982910156
2714.95517871698	930.715026855469
2717.09311943574	932.094970703125
2719.23043921123	935.169982910156
2721.36713829325	938.830017089844
2723.50321693148	942.510009765625
2725.63867537545	943.429992675781
2727.77351387456	942.260009765625
2729.90773267809	944.255004882813
2732.04133203516	944.789978027344
2734.17431219478	947.380004882813
2736.30667340581	946.489990234375
2738.438415917	946.030029296875
2740.56953997695	945.409973144531
2742.70004583414	944.655029296875
2744.82993373688	942.484985351563
2746.9592039334	940.320007324219
2749.08785667177	941.260009765625
2751.21589219993	939.844970703125
2753.34331076568	939.135009765625
2755.4701126167	936.445007324219
2757.59629800054	935.299987792969
2759.7218671646	934.005004882813
2761.84682035617	934.994995117188
2763.9711578224	934.809997558594
2766.0948798103	936.594970703125
2768.21798656676	938.835021972656
2770.34047833852	937.907470703125
2772.46235537222	936.97998046875
2774.58361791434	936.484985351563
2776.70426621124	935.820007324219
2778.82430050915	935.777465820313
2780.94372105416	935.734985351563
2783.06252809224	935.664978027344
2785.18072186922	933.400024414063
2787.29830263081	936.239990234375
2789.41527062257	934.89501953125
2791.53162608996	933.280029296875
2793.64736927828	932.385009765625
2795.76250043271	932.840026855469
2797.8770197983	932.867553710938
2799.99092761997	932.89501953125
2802.10422414252	933.89501953125
2804.21690961059	937.72998046875
2806.32898426873	938.989990234375
2808.44044836132	940.575012207031
2810.55130213264	942.169982910156
2812.66154582682	943.135009765625
2814.77117968788	946.255004882813
2816.8802039597	950.205017089844
2818.98861888601	953.760009765625
2821.09642471046	957.914978027344
2823.20362167653	960.989990234375
2825.31021002756	964.14501953125
2827.41619000682	966.804992675781
2829.52156185738	972.059997558594
2831.62632582224	975.294982910156
2833.73048214422	983.830017089844
2835.83403106606	994.875
2837.93697283033	1004.36499023438
2840.03930767951	1013.38000488281
2842.1410358559	1024.21496582031
2844.24215760173	1034.40002441406
2846.34267315905	1051.39501953125
2848.44258276982	1070.46496582031
2850.54188667585	1095.15502929688
2852.64058511883	1124.30505371094
2854.73867834032	1149.47497558594
2856.83616658175	1166.42004394531
2858.93305008443	1193.00500488281
2861.02932908952	1221.97998046875
2863.12500383809	1256.98999023438
2865.22007457104	1302.89001464844
2867.31454152918	1349.54504394531
2869.40840495316	1388.19995117188
2871.50166508353	1427.40502929688
2873.59432216069	1463.4599609375
2875.68637642493	1484.18994140625
2877.77782811641	1494.88500976563
2879.86867747515	1498.82995605469
2881.95892474105	1517.26000976563
2884.0485701539	1531.98999023438
2886.13761395333	1536.57495117188
2888.22605637886	1539.04504394531
2890.3138976699	1551.15002441406
2892.40113806571	1563.90502929688
2894.48777780544	1574.46496582031
2896.57381712808	1585.42004394531
2898.65925627254	1606.51501464844
2900.74409547758	1622.96496582031
2902.82833498183	1637.1650390625
2904.9119750238	1658.78503417969
2906.99501584188	1679.89501953125
2909.07745767432	1708.6650390625
2911.15930075925	1742.1650390625
2913.24054533469	1783.21997070313
2915.3211916385	1841.125
2917.40123990846	1898.28002929688
2919.48069038217	1930.93994140625
2921.55954329716	1951.20495605469
2923.63779889079	1973.09997558594
2925.71545740033	2002.61999511719
2927.79251906289	2021.67504882813
2929.86898411548	2046.28002929688
2931.94485279498	2081.11499023438
2934.02012533815	2098.8798828125
2936.0948019816	2099.78002929688
2938.16888296184	2080.81494140625
2940.24236851525	2058.77490234375
2942.31525887809	2027.38500976563
2944.38755428648	1973.13000488281
2946.45925497643	1941.90502929688
2948.53036118382	1910.25500488281
2950.6008731444	1865.5
2952.67079109381	1824.63500976563
2954.74011526755	1798.30505371094
2956.80884590101	1758
2958.87698322944	1726.34497070313
2960.94452748799	1709.85498046875
2963.01147891167	1690.01501464844
2965.07783773535	1663.61999511719
2967.14360419382	1639.39501953125
2969.2087785217	1614.00500488281
2971.27336095352	1591.5
2973.33735172366	1583.94995117188
2975.40075106641	1574.36499023438
2977.46355921591	1557.59997558594
2979.52577640618	1538.2099609375
2981.58740287112	1509.07995605469
2983.64843884452	1483.50500488281
2985.70888456003	1464.74499511719
2987.76874025117	1443.98999023438
2989.82800615137	1408.85998535156
2991.88668249391	1375.02502441406
2993.94476951194	1340.03002929688
2996.00226743852	1307.2900390625
2998.05917650657	1282.88000488281
3000.11549694887	1263.19995117188
3002.17122899812	1249.32495117188
3004.22637288685	1226.72497558594
3006.2809288475	1199.34997558594
3008.33489711238	1177.61999511719
3010.38827791368	1158.34497070313
3012.44107148345	1137.31994628906
3014.49327805366	1120.47998046875
3016.5448978561	1106.36499023438
3018.59593112249	1090.17004394531
3020.64637808441	1079.36999511719
3022.6962389733	1066.49499511719
3024.74551402051	1061.21496582031
3026.79420345725	1057.89501953125
3028.84230751461	1051.88000488281
3030.88982642357	1047.7099609375
3032.93676041497	1047.47497558594
3034.98310971955	1044.35498046875
3037.02887456791	1046.64001464844
3039.07405519054	1054.00500488281
3041.11865181781	1059.51000976563
3043.16266467996	1060.13000488281
3045.20609400713	1060.14001464844
3047.24894002932	1065.65002441406
3049.2912029764	1075.5849609375
3051.33288307815	1079.06994628906
3053.37398056421	1086.07495117188
3055.41449566411	1094.27502441406
3057.45442860725	1105.90502929688
3059.49377962291	1114.50500488281
3061.53254894026	1117.63000488281
3063.57073678834	1120.49499511719
3065.60834339607	1124.41003417969
3067.64536899227	1122.89501953125
3069.68181380561	1115.41003417969
3071.71767806467	1105.5849609375
3073.75296199788	1090.95495605469
3075.78766583357	1074.23999023438
3077.82178979997	1057.14001464844
3079.85533412513	1046.49499511719
3081.88829903705	1036.24499511719
3083.92068476356	1025.81494140625
3085.95249153241	1020.34497070313
3087.98371957119	1011.82501220703
3090.01436910741	1003.71502685547
3092.04444036844	1000.21997070313
3094.07393358152	994.234985351563
3096.10284897381	991.934997558594
3098.13118677232	989.5
3100.15894720395	989.159973144531
3102.18613049548	985.77001953125
3104.21273687357	984.97998046875
3106.23876656477	985.184997558594
3108.2642197955	983.760009765625
3110.28909679208	982.114990234375
3112.31339778069	982.659973144531
3114.33712298741	982.760009765625
3116.36027263819	982.114990234375
3118.38284695887	984.744995117188
3120.40484617516	985.994995117188
3122.42627051268	984.414978027344
3124.4471201969	984.950012207031
3126.46739545319	985.802490234375
3128.4870965068	986.655029296875
3130.50622358287	984.72998046875
3132.5247769064	981.72998046875
3134.54275670229	986.260009765625
3136.56016319534	990.945007324219
3138.57699661019	988.840026855469
3140.59325717139	984.450012207031
3142.60894510338	983.715026855469
3144.62406063047	985.450012207031
3146.63860397686	984.89501953125
3148.65257536662	986.794982910156
3150.66597502371	988.265014648438
3152.67880317199	989.445007324219
3154.69106003518	989.974975585938
3156.70274583691	990.994995117188
3158.71386080065	990.739990234375
3160.72440514981	989.239990234375
3162.73437910763	991.594970703125
3164.74378289728	993.414978027344
3166.75261674179	997.119995117188
3168.76088086407	997.244995117188
3170.76857548692	1002.46002197266
3172.77570083303	1004.71002197266
3174.78225712498	1002.85998535156
3176.78824458521	1003.04498291016
3178.79366343607	1005.47497558594
3180.79851389977	1005.88000488281
3182.80279619844	1005.84002685547
3184.80651055405	1004.56500244141
3186.80965718849	1006.58001708984
3188.81223632353	1010.45501708984
3190.81424818081	1012.69000244141
3192.81569298186	1014.01501464844
3194.8165709481	1012.90246582031
3196.81688230084	1011.78997802734
3198.81662726126	1011.92498779297
3200.81580605044	1019.07501220703
3202.81441888933	1019.98999023438
3204.81246599879	1021.25
3206.80994759954	1023.80499267578
3208.80686391219	1028.25
3210.80321515726	1030.63500976563
3212.79900155512	1032.10498046875
3214.79422332605	1032.9150390625
3216.78888069021	1032.14001464844
3218.78297386765	1030.98999023438
3220.77650307828	1030.9150390625
3222.76946854195	1037.75
3224.76187047834	1042.625
3226.75370910705	1041.20495605469
3228.74498464755	1042.57495117188
3230.73569731921	1044.89001464844
3232.72584734127	1045.98498535156
3234.71543493287	1044.67504882813
3236.70446031304	1046.22497558594
3238.69292370068	1049.30505371094
3240.68082531459	1051.41003417969
3242.66816537345	1053.04504394531
3244.65494409583	1056.18994140625
3246.6411617002	1060.13000488281
3248.62681840488	1058.07995605469
3250.61191442812	1056.85998535156
3252.59644998804	1059.19494628906
3254.58042530263	1059.75
3256.56384058979	1059.46496582031
3258.54669606731	1064.58996582031
3260.52899195285	1071.0849609375
3262.51072846396	1077.69995117188
3264.4919058181	1076.54504394531
3266.47252423259	1077.2900390625
3268.45258392464	1080.48999023438
3270.43208511138	1086.06494140625
3272.41102800978	1089.5849609375
3274.38941283675	1097.02502441406
3276.36723980904	1099.67504882813
3278.34450914332	1095.59997558594
3280.32122105613	1090.125
3282.29737576392	1092.5849609375
3284.272973483	1100.0400390625
3286.24801442958	1109.7099609375
3288.22249881978	1109.05505371094
3290.19642686957	1107.125
3292.16979879485	1108.69995117188
3294.14261481136	1110.65002441406
3296.11487513478	1116.10498046875
3298.08657998065	1116.5400390625
3300.0577295644	1114.75500488281
3302.02832410136	1109.2099609375
3303.99836380673	1110.43005371094
3305.96784889563	1114.56494140625
3307.93677958303	1114.46496582031
3309.90515608383	1112.34997558594
3311.87297861278	1110.25500488281
3313.84024738456	1107.93994140625
3315.80696261371	1102.52502441406
3317.77312451466	1098.71997070313
3319.73873330175	1097.625
3321.70378918919	1096.34997558594
3323.66829239109	1092.625
3325.63224312145	1089.05004882813
3327.59564159416	1084.42504882813
3329.55848802299	1086.10998535156
3331.52078262162	1087.18994140625
3333.4825256036	1086.66003417969
3335.44371718237	1084.96496582031
3337.40435757128	1087.92504882813
3339.36444698356	1085.63500976563
3341.32398563232	1079.81994628906
3343.28297373058	1076.43994140625
3345.24141149124	1077.25
3347.19929912709	1075.52502441406
3349.15663685081	1077.69995117188
3351.11342487497	1078.6650390625
3353.06966341204	1076.68994140625
3355.02535267437	1074.09997558594
3356.98049287421	1072.18505859375
3358.9350842237	1069.42504882813
3360.88912693486	1071.9150390625
3362.84262121962	1070.05004882813
3364.79556728978	1068.18505859375
3366.74796535705	1067.72497558594
3368.69981563302	1068.05505371094
3370.65111832917	1064.93005371094
3372.60187365689	1063.60498046875
3374.55208182744	1062.38500976563
3376.50174305198	1063.10498046875
3378.45085754157	1062.68005371094
3380.39942550714	1062.26000976563
3382.34744715954	1054.52001953125
3384.29492270949	1052.16003417969
3386.24185236761	1049.68005371094
3388.18823634442	1048.3349609375
3390.13407485031	1048.06994628906
3392.07936809559	1045.8349609375
3394.02411629045	1043.69494628906
3395.96831964496	1041.40002441406
3397.91197836911	1039.48999023438
3399.85509267275	1041.54504394531
3401.79766276564	1039.61499023438
3403.73968885745	1036.93005371094
3405.68117115771	1035.13500976563
3407.62210987586	1032.42504882813
3409.56250522123	1028.92504882813
3411.50235740305	1027.18505859375
3413.44166663043	1029.20495605469
3415.38043311238	1028.19995117188
3417.3186570578	1024.67004394531
3419.2563386755	1023.625
3421.19347817415	1021.77502441406
3423.13007576235	1023.79498291016
3425.06613164857	1025.31994628906
3427.00164604118	1024.56994628906
3428.93661914844	1021.93499755859
3430.87105117852	1020.04498291016
3432.80494233945	1020.22998046875
3434.73829283919	1017.83502197266
3436.67110288558	1015.19000244141
3438.60337268634	1015.85998535156
3440.53510244911	1016.04498291016
3442.4662923814	1016.22998046875
3444.39694269064	1015.82501220703
3446.32705358412	1013.89001464844
3448.25662526905	1010.34497070313
3450.18565795254	1006.78002929688
3452.11415184156	1005.25500488281
3454.04210714302	1002.98498535156
3455.96952406369	1001.80999755859
3457.89640281024	1002.01000976563
3459.82274358924	1005.75500488281
3461.74854660717	1015.13000488281
3463.67381207038	998.424987792969
3465.59854018513	993.059997558594
3467.52273115756	991.304992675781
3469.44638519373	989.164978027344
3471.36950249956	987.599975585938
3473.29208328091	986.695007324219
3475.21412774349	986.244995117188
3477.13563609293	988.030029296875
3479.05660853476	985.434997558594
3480.97704527438	984.35498046875
3482.89694651712	979.210021972656
3484.81631246818	977.034973144531
3486.73514333266	974.844970703125
3488.65343931557	974.47998046875
3490.57120062179	970.565002441406
3492.48842745612	968.549987792969
3494.40512002324	965.880004882813
3496.32127852773	962.830017089844
3498.23690317408	962.859985351563
3500.15199416666	959.630004882813
3502.06655170974	957.219970703125
3503.98057600749	956.530029296875
3505.89406726396	954.364990234375
3507.80702568312	954.609985351563
3509.71945146883	954.885009765625
3511.63134482483	952.049987792969
3513.54270595478	949.630004882813
3515.45353506222	946.950012207031
3517.3638323506	949.215026855469
3519.27359802324	949.330017089844
3521.1828322834	947.450012207031
3523.09153533419	941.414978027344
3524.99970737866	939.794982910156
3526.90734861972	937.960021972656
3528.81445926021	936.984985351563
3530.72103950283	932.205017089844
3532.62708955022	931.565002441406
3534.53260960488	931.635009765625
3536.43759986923	930.140014648438
3538.34206054558	927.679992675781
3540.24599183613	922.219970703125
3542.149393943	921.494995117188
3544.05226706817	920.72998046875
3545.95461141357	919.150024414063
3547.85642718097	916.349975585938
3549.75771457208	917.450012207031
3551.6584737885	917.130004882813
3553.55870503171	915.755004882813
3555.4584085031	912.085021972656
3557.35758440396	911.164978027344
3559.25623293548	909.559997558594
3561.15435429874	906.840026855469
3563.05194869473	906.294982910156
3564.94901632432	904.5
3566.84555738829	903.465026855469
3568.74157208732	901.619995117188
3570.63706062199	901.674987792969
3572.53202319277	902.054992675781
3574.42646000003	901.934997558594
3576.32037124406	901.815002441406
3578.213757125	901.710021972656
3580.10661784295	900.869995117188
3581.99895359786	902.27001953125
3583.8907645896	901.190002441406
3585.78205101794	899.114990234375
3587.67281308254	897.02001953125
3589.56305098297	895.369995117188
3591.4527649187	894.205017089844
3593.34195508907	893.965026855469
3595.23062169338	894.465026855469
3597.11876493075	891.580017089844
3599.00638500027	889.049987792969
3600.89348210089	888.804992675781
3602.78005643148	888.450012207031
3604.66610819078	889.015014648438
3606.55163757747	890.325012207031
3608.4366447901	888.265014648438
3610.32113002713	885.549987792969
3612.20509348693	885.315002441406
3614.08853536774	883.450012207031
3615.97145586773	882.64501953125
3617.85385518497	881.655029296875
3619.7357335174	881.085021972656
3621.61709106289	880.575012207031
3623.4979280192	879.059997558594
3625.37824458399	878.174987792969
3627.25804095482	876.679992675781
3629.13731732915	876.150024414063
3631.01607390435	874.474975585938
3632.89431087767	873.97998046875
3634.77202844629	872.294982910156
3636.64922680726	872.349975585938
3638.52590615754	872.72998046875
3640.40206669402	871.919982910156
3642.27770861344	871.390014648438
3644.15283211248	871.525024414063
3646.02743738771	870.544982910156
3647.90152463559	872.940002441406
3649.77509405251	872.315002441406
3651.64814583473	869.875
3653.52068017842	868.859985351563
3655.39269727965	867.304992675781
3657.26419733442	866.85498046875
3659.13518053858	867.070007324219
3661.00564708793	865.059997558594
3662.87559717814	863.974975585938
3664.7450310048	863.869995117188
3666.61394876338	863.724975585938
3668.48235064928	863.469970703125
3670.35023685779	863.590026855469
3672.21760758409	861.344970703125
3674.08446302327	860.97998046875
3675.95080337033	859.710021972656
3677.81662882017	860.890014648438
3679.68193956758	861.02001953125
3681.54673580727	858.859985351563
3683.41101773383	859.015014648438
3685.27478554178	858.299987792969
3687.13803942551	858.419982910156
3689.00077957934	857.429992675781
3690.86300619748	856.219970703125
3692.72471947405	854.914978027344
3694.58591960306	854.955017089844
3696.44660677844	855.590026855469
3698.306781194	855.392517089844
3700.16644304348	855.195007324219
3702.02559252049	854.344970703125
3703.88422981859	853.849975585938
3705.74235513119	851.409973144531
3707.59996865164	850.159973144531
3709.45707057318	849.135009765625
3711.31366108895	849.125
3713.16974039199	849.14501953125
3715.02530867527	849.164978027344
3716.88036613164	849.815002441406
3718.73491295385	849.914978027344
3720.58894933456	850.140014648438
3722.44247546634	848.580017089844
3724.29549154166	844.909973144531
3726.14799775289	845.369995117188
3727.9999942923	846.304992675781
3729.85148135209	847.405029296875
3731.70245912432	846.960021972656
3733.55292780098	844.429992675781
3735.40288757397	843.059997558594
3737.25233863509	841.974975585938
3739.10128117603	841.969970703125
3740.9497153884	843.330017089844
3742.7976414637	843.965026855469
3744.64505959335	843.049987792969
3746.49196996866	843.434997558594
3748.33837278086	843.869995117188
3750.18426822108	843.599975585938
3752.02965648033	843.684997558594
3753.87453774956	843.419982910156
3755.7189122196	843.679992675781
3757.5627800812	843.455017089844
3759.40614152501	844.89501953125
3761.24899674159	845.955017089844
3763.09134592138	844.775024414063
3764.93318925476	841.765014648438
3766.77452693199	841.094970703125
3768.61535914325	839.174987792969
3770.45568607861	839.570007324219
3772.29550792807	839.565002441406
3774.1348248815	840.674987792969
3775.9736371287	841.005004882813
3777.81194485938	842.875
