32.6816976106991	717.960021972656
35.6535599501435	717.929992675781
38.6244374909659	717.880004882813
41.5943306947054	717.780029296875
44.5632400226282	717.929992675781
47.5311659356917	717.869995117188
50.4981088945929	717.909973144531
53.4640693597127	718.109985351563
56.4290477911676	718.010009765625
59.3930446487746	718.02001953125
62.356060392067	718
65.3180954802906	718
68.2791503724084	717.789978027344
71.2392255270922	718.039978027344
74.1983214027271	717.780029296875
77.1564384574159	717.919982910156
80.113577148983	718.140014648438
83.0697379349549	718.299987792969
86.0249212725722	717.880004882813
88.9791276188058	718.080017089844
91.9323574303255	717.880004882813
94.8846111635238	718.039978027344
97.8358892745121	718.400024414063
100.786192219114	718.200012207031
103.73552045287	718.440002441406
106.683874431037	718.510009765625
109.631254608583	719.010009765625
112.577661440203	718.809997558594
115.523095380307	719.359985351563
118.467556883015	720.130004882813
121.411046402175	720.859985351563
124.353564391344	723.200012207031
127.295111303796	727.380004882813
130.235687592532	734.710021972656
133.175293710265	746.919982910156
136.113930109434	765.969970703125
139.051597242185	794.080017089844
141.98829556039	828.219970703125
144.92402551564	866.440002441406
147.858787559244	906.619995117188
150.792582142239	946.419982910156
153.725409715372	981.840026855469
156.65727072911	1003.15997314453
159.588165633643	1017.29998779297
162.518094878884	1029.92004394531
165.447058914469	1038.07995605469
168.375058189747	1040.66003417969
171.302093153792	1036.98999023438
174.228164255401	1035.08996582031
177.153271943091	1040.56005859375
180.077416665101	1045.2099609375
183.000598869394	1047.89001464844
185.922819003656	1050.64001464844
188.84407751529	1054.06994628906
191.764374851424	1058.34997558594
194.683711458919	1066.48999023438
197.60208778434	1074.96997070313
200.519504273992	1082.93005371094
203.435961373894	1098.92004394531
206.351459529801	1116.39001464844
209.265999187174	1130.47998046875
212.179580791207	1143.11999511719
215.092204786825	1162.98999023438
218.003871618673	1179.96997070313
220.914581731116	1194.84997558594
223.824335568247	1213.81994628906
226.733133573893	1225.60998535156
229.640976191593	1229.2900390625
232.547863864614	1237.94995117188
235.453797035961	1242.81994628906
238.358776148354	1238.93005371094
241.26280164424	1234.73999023438
244.1658739658	1233.90002441406
247.067993554929	1228.01000976563
249.969160853266	1221.9599609375
252.869376302162	1221.31005859375
255.768640342707	1224.06994628906
258.666953415705	1217.09997558594
261.564315961705	1210.48999023438
264.46072842097	1205.90002441406
267.356191233499	1201.63000488281
270.25070483901	1198.76000976563
273.144269676967	1194.68005371094
276.036886186551	1196.25
278.928554806671	1198.05004882813
281.819275975966	1199.26000976563
284.709050132812	1198.23999023438
287.597877715306	1195.5
290.485759161281	1189.18994140625
293.372694908298	1187.42004394531
296.258685393644	1184.90002441406
299.143731054352	1179.94995117188
302.027832327156	1178.59997558594
304.910989648557	1179.96997070313
307.79320345476	1180.10998535156
310.674474181717	1181.40991210938
313.554802265101	1182.7099609375
316.434188140326	1179.68005371094
319.312632242533	1175.75
322.190135006593	1172
325.066696867117	1170.17004394531
327.942318258443	1171.30004882813
330.816999614641	1173.88000488281
333.690741369517	1174.13000488281
336.56354395661	1169.15002441406
339.435407809193	1161.83996582031
342.306333360273	1161.41003417969
345.176321042591	1162.46997070313
348.045371288612	1163.84997558594
350.913484530551	1166.18994140625
353.78066120035	1157.97998046875
356.64690172969	1154.48999023438
359.512206549972	1154.16003417969
362.376576092357	1155.05004882813
365.240010787716	1155.36999511719
368.102511066677	1152.66003417969
370.964077359587	1153.35998535156
373.82471009654	1145.76000976563
376.684409707364	1145.18005371094
379.543176621612	1151.09997558594
382.401011268595	1149.7099609375
385.257914077343	1148.97998046875
388.113885476627	1149.41003417969
390.968925894961	1151.55004882813
393.823035760591	1152.33996582031
396.676215501503	1154.17004394531
399.528465545415	1157.86999511719
402.379786319791	1165.05004882813
405.230178251834	1170.66003417969
408.079641768472	1170.59997558594
410.928177296387	1172.91003417969
413.775785261992	1181.55004882813
416.622466091445	1182.40002441406
419.468220210631	1183.93994140625
422.313048045182	1187.69995117188
425.156950020479	1185.18994140625
427.999926561623	1186.19995117188
430.841978093471	1180.06005859375
433.683105040613	1174.93994140625
436.523307827384	1173.58996582031
439.362586877851	1172.91003417969
442.200942615829	1170.56994628906
445.038375464876	1172.46997070313
447.874885848283	1168.67004394531
450.710474189089	1172.27001953125
453.54514091007	1173.01000976563
456.37888643375	1175.03002929688
459.211711182386	1174.58996582031
462.043615577986	1169.31994628906
464.874600042297	1165.01000976563
467.704664996804	1163.41003417969
470.533810862741	1163.81994628906
473.36203806108	1165.89001464844
476.189347012547	1164.92004394531
479.015738137594	1164.27001953125
481.841211856432	1171.26000976563
484.665768589008	1177.0400390625
487.489408755009	1174.76000976563
490.312132773878	1174.69995117188
493.133941064796	1176.13000488281
495.954834046683	1179.81994628906
498.77481213821	1183.07995605469
501.593875757797	1188.08996582031
504.412025323601	1188.09997558594
507.229261253524	1187.7099609375
510.045583965226	1189.17004394531
512.860993876093	1193.43994140625
515.675491403271	1194.84997558594
518.489076963649	1190.63000488281
521.301750973863	1191.68005371094
524.113513850293	1189.78002929688
526.924366009065	1188.77001953125
529.734307866052	1184.75
532.543339836881	1183.05004882813
535.35146233692	1180.23999023438
538.158675781281	1179.89001464844
540.964980584833	1180.66003417969
543.770377162182	1180.43994140625
546.574865927692	1175.17004394531
549.378447295465	1175.86999511719
552.181121679365	1177.31994628906
554.982889492993	1175.18994140625
557.783751149701	1171.71997070313
560.583707062591	1170.57995605469
563.38275764452	1167.43005371094
566.180903308083	1168.19995117188
568.978144465633	1169.02001953125
571.774481529266	1163.7900390625
574.569914910839	1160.86999511719
577.364445021949	1164.41003417969
580.158072273946	1162.66003417969
582.950797077926	1160.09997558594
585.742619844752	1159.4599609375
588.533540985018	1163.25
591.323560909078	1165
594.112680027034	1162.31005859375
596.90089874875	1159.18005371094
599.688217483828	1158.34997558594
602.474636641629	1155.67004394531
605.260156631263	1151.32995605469
608.044777861596	1154.16003417969
610.828500741241	1157.19995117188
613.611325678567	1159.34997558594
616.393253081697	1160.13000488281
619.174283358506	1160.07995605469
621.954416916616	1163.26489257813
624.733654163414	1166.44995117188
627.511995506029	1159.46997070313
630.289441351351	1152.69995117188
633.065992106022	1153.38000488281
635.841648176434	1157.27001953125
638.616409968744	1161.48999023438
641.390277888847	1165.5
644.163252342408	1166.05004882813
646.93533373484	1172.5400390625
649.706522471307	1175.40002441406
652.47681895674	1170.41003417969
655.246223595811	1169.08996582031
658.014736792957	1174.31994628906
660.782358952371	1175.28002929688
663.549090477999	1176.0400390625
666.314931773542	1177.36999511719
669.079883242452	1177.10998535156
671.843945287955	1177.66003417969
674.607118313019	1180.14001464844
677.369402720366	1185.18005371094
680.130798912488	1181.31994628906
682.891307291627	1182.71997070313
685.650928259784	1184.48999023438
688.409662218708	1193.26000976563
691.167509569927	1192.85998535156
693.924470714705	1193.15002441406
696.680546054078	1192.25
699.435735988832	1187.53002929688
702.190040919516	1188.69995117188
704.943461246442	1185.57995605469
707.695997369667	1182.7900390625
710.447649689022	1184.30004882813
713.198418604088	1182.39001464844
715.948304514206	1181.96997070313
718.697307818481	1183.89001464844
721.445428915779	1184.82495117188
724.192668204716	1185.76000976563
726.93902608368	1182.32995605469
729.684502950805	1179.81005859375
732.429099204005	1184.03002929688
735.172815240936	1180.18005371094
737.915651459026	1183.13000488281
740.657608255463	1186
743.398686027186	1188.96997070313
746.13888517091	1188.66003417969
748.878206083102	1186.88000488281
751.616649159998	1184.88000488281
754.354214797584	1183.80004882813
757.09090339162	1186.60998535156
759.826715337622	1186.89501953125
762.561651030868	1187.18005371094
765.295710866406	1183.68994140625
768.028895239041	1182.30004882813
770.761204543336	1175.15002441406
773.492639173626	1174.01000976563
776.223199524006	1172.10998535156
778.952885988334	1174.92004394531
781.681698960235	1171.93005371094
784.40963883309	1166.59997558594
787.136706000052	1165.83996582031
789.862900854037	1166.03002929688
792.588223787721	1164.71997070313
795.312675193549	1165.26000976563
798.036255463728	1166.03002929688
800.758964990228	1167.38000488281
803.480804164792	1170.55004882813
806.201773378919	1174.73999023438
808.921873023884	1172.0400390625
811.641103490712	1178.25
814.359465170214	1180.98999023438
817.076958452946	1184.64001464844
819.793583729246	1192.64001464844
822.509341389214	1203.16003417969
825.224231822712	1212.84997558594
827.938255419375	1220.39001464844
830.651412568596	1227.07995605469
833.363703659544	1226.27001953125
836.075129081157	1226.18994140625
838.785689222127	1227.06994628906
841.495384470928	1233.94995117188
844.204215215788	1238.41003417969
846.912181844721	1243.18005371094
849.619284745491	1251.06005859375
852.325524305638	1255.68005371094
855.030900912475	1260.55004882813
857.735414953079	1259.97998046875
860.439066814289	1254.22998046875
863.141856882725	1250
865.843785544769	1241.67004394531
868.544853186571	1242.32995605469
871.245060194063	1239.73999023438
873.944406952925	1239.5
876.642893848625	1244.81994628906
879.340521266398	1244.71997070313
882.037289591241	1246.32006835938
884.733199207927	1247.92004394531
887.428250501001	1244.69995117188
890.122443854778	1240.78002929688
892.815779653335	1247.52001953125
895.508258280534	1254.44995117188
898.199880119997	1258.7900390625
900.890645555129	1261.81994628906
903.580554969094	1264.68005371094
906.269608744832	1265.17004394531
908.957807265056	1260.25
911.645150912257	1259.90002441406
914.331640068689	1255.78002929688
917.017275116375	1256.01000976563
919.702056437128	1261.83996582031
922.385984412518	1268.7900390625
925.069059423886	1272.18005371094
927.751281852366	1270.77001953125
930.432652078842	1273.31005859375
933.113170483983	1278.68005371094
935.79283744823	1285.97998046875
938.471653351806	1289.68994140625
941.149618574686	1289.08996582031
943.826733496641	1297.17004394531
946.502998497206	1305.81005859375
949.178413955689	1301.46997070313
951.85298025118	1304.34997558594
954.526697762544	1303.66003417969
957.199566868403	1303.32995605469
959.87158794718	1309.26000976563
962.542761377054	1309.18994140625
965.213087535987	1307.59997558594
967.882566801719	1303.67004394531
970.551199551761	1302.81005859375
973.218986163399	1300.32995605469
975.885927013698	1297.27001953125
978.552022479501	1293.0400390625
981.217272937423	1303.14001464844
983.88167876386	1305.7900390625
986.545240334978	1311
989.207958026729	1330.5
991.869832214835	1343.76000976563
994.530863274798	1360.53002929688
997.191051581895	1392.06005859375
999.850397511185	1431.61999511719
1002.50890143751	1470.01000976563
1005.16656373546	1497.92004394531
1007.82338477944	1495.27001953125
1010.47936494363	1478.81994628906
1013.13450460195	1451.76000976563
1015.78880412815	1424.82995605469
1018.44226389572	1410.93005371094
1021.09488427794	1397.61999511719
1023.74666564789	1386.0400390625
1026.3976083784	1379.94995117188
1029.04771284208	1385.18994140625
1031.69697941135	1391.57995605469
1034.34540845838	1398.09997558594
1036.99300035512	1398.97998046875
1039.63975547333	1398.06005859375
1042.28567418452	1392.80004882813
1044.93075685998	1384.93005371094
1047.57500387081	1380.94995117188
1050.21841558786	1386.85998535156
1052.86099238177	1393.22998046875
1055.50273462297	1409.51000976563
1058.14364268167	1427.76000976563
1060.78371692784	1440.13000488281
1063.42295773126	1450.76000976563
1066.06136546148	1455.06005859375
1068.69894048781	1452.4599609375
1071.33568317939	1440.98999023438
1073.9715939051	1427.32995605469
1076.60667303362	1405.5
1079.24092093341	1388.11999511719
1081.87433797271	1379.73999023438
1084.50692451954	1373.48999023438
1087.13868094172	1364.78002929688
1089.76960760684	1352.5400390625
1092.39970488226	1341.30004882813
1095.02897313516	1332.43994140625
1097.65741273246	1320.94995117188
1100.28502404089	1315.66003417969
1102.91180742697	1315.09997558594
1105.53776325698	1315
1108.16289189701	1311.7900390625
1110.78719371291	1306.69995117188
1113.41066907033	1303.0400390625
1116.0333183347	1303.11999511719
1118.65514187124	1305.55004882813
1121.27614004495	1312.83996582031
1123.89631322061	1310.55004882813
1126.51566176279	1309.56994628906
1129.13418603585	1305.82995605469
1131.75188640394	1303.57995605469
1134.36876323098	1297.84997558594
1136.98481688069	1287.76000976563
1139.60004771655	1278.06005859375
1142.21445610187	1266.48999023438
1144.82804239972	1261.41003417969
1147.44080697295	1260.07995605469
1150.05275018421	1262.56005859375
1152.66387239593	1264.7099609375
1155.27417397034	1273.80004882813
1157.88365526943	1281.30004882813
1160.49231665502	1286.80004882813
1163.10015848867	1281.7099609375
1165.70718113176	1279.27001953125
1168.31338494544	1280.7900390625
1170.91877029067	1275.19995117188
1173.52333752817	1273.31005859375
1176.12708701847	1274.21997070313
1178.73001912187	1275.48999023438
1181.33213419848	1266.86999511719
1183.93343260819	1260.90002441406
1186.53391471068	1253.39001464844
1189.13358086539	1247.71997070313
1191.73243143161	1251.58996582031
1194.33046676836	1249.09997558594
1196.92768723449	1254.08996582031
1199.52409318861	1263.05004882813
1202.11968498915	1273.08996582031
1204.7144629943	1278.38000488281
1207.30842756206	1283.93994140625
1209.90157905021	1287.14001464844
1212.49391781634	1289.78002929688
1215.08544421779	1287.85998535156
1217.67615861174	1285.02001953125
1220.26606135512	1283.60998535156
1222.85515280468	1278.27001953125
1225.44343331694	1282.06005859375
1228.03090324823	1285.2099609375
1230.61756295466	1296.11999511719
1233.20341279213	1305.19995117188
1235.78845311634	1313.65002441406
1238.37268428278	1314.4599609375
1240.95610664673	1314.98999023438
1243.53872056325	1319.60998535156
1246.12052638722	1317.68994140625
1248.70152447329	1320.9599609375
1251.28171517591	1322.2099609375
1253.86109884934	1329.10998535156
1256.43967584759	1334.4599609375
1259.0174465245	1335.35998535156
1261.5944112337	1336.69995117188
1264.1705703286	1340.8349609375
1266.74592416241	1344.96997070313
1269.32047308814	1339.2099609375
1271.89421745858	1340.23999023438
1274.46715762633	1341.82995605469
1277.03929394377	1342.44995117188
1279.61062676308	1342.41003417969
1282.18115643624	1342.44995117188
1284.75088331502	1340.13000488281
1287.31980775098	1335.05004882813
1289.88793009548	1333.01000976563
1292.45525069969	1334.34997558594
1295.02176991454	1341.83996582031
1297.58748809078	1339.42004394531
1300.15240557897	1344.55004882813
1302.71652272942	1344.64001464844
1305.27983989229	1350.22998046875
1307.84235741749	1356.43005371094
1310.40407565475	1365.73999023438
1312.9649949536	1366.34997558594
1315.52511566335	1361.67004394531
1318.08443813311	1364.18994140625
1320.64296271181	1368.43994140625
1323.20068974815	1371.5400390625
1325.75761959063	1370.63000488281
1328.31375258756	1370.35998535156
1330.86908908704	1372.86999511719
1333.42362943696	1373.11999511719
1335.97737398503	1376.27001953125
1338.53032307874	1372.57995605469
1341.08247706537	1370.16003417969
1343.63383629202	1369.78002929688
1346.18440110558	1366.67004394531
1348.73417185274	1364.32995605469
1351.28314887997	1356.56005859375
1353.83133253357	1346.51000976563
1356.37872315961	1335.9599609375
1358.92532110398	1325.11999511719
1361.47112671237	1317.59997558594
1364.01614033024	1307.97998046875
1366.56036230288	1304.18005371094
1369.10379297537	1294.51000976563
1371.64643269258	1289.02001953125
1374.18828179921	1285.93994140625
1376.72934063972	1285.93994140625
1379.2696095584	1282.14001464844
1381.80908889932	1276.80004882813
1384.34777900637	1277.89001464844
1386.88568022323	1278.60998535156
1389.42279289337	1275.21997070313
1391.95911736009	1281.17004394531
1394.49465396645	1280.13000488281
1397.02940305537	1281.16003417969
1399.5633649695	1285.66003417969
1402.09654005135	1294.48999023438
1404.6289286432	1296.44995117188
1407.16053108714	1293.64001464844
1409.69134772507	1291.9599609375
1412.22137889868	1295.31994628906
1414.75062494947	1296.31994628906
1417.27908621874	1291.9599609375
1419.80676304759	1287.30004882813
1422.33365577692	1290.18005371094
1424.85976474744	1297.76000976563
1427.38509029967	1305.71997070313
1429.90963277392	1316.91003417969
1432.4333925103	1323.80004882813
1434.95636984873	1331.02001953125
1437.47856512894	1344.63000488281
1439.99997869045	1361
1442.5206108726	1371.43994140625
1445.04046201452	1383.81994628906
1447.55953245515	1398.13000488281
1450.07782253323	1407.43994140625
1452.59533258731	1403.21325683594
1455.11206295574	1398.98669433594
1457.62801397668	1394.76000976563
1460.14318598809	1387.39001464844
1462.65757932774	1375.08996582031
1465.1711943332	1360.85998535156
1467.68403134184	1346.10998535156
1470.19609069085	1328.18005371094
1472.70737271721	1307.90002441406
1475.21787775772	1285.26000976563
1477.72760614897	1265.25
1480.23655822738	1246.44995117188
1482.74473432914	1230.44995117188
1485.25213479029	1215.61999511719
1487.75875994664	1205.92004394531
1490.26461013382	1200.18994140625
1492.76968568726	1194.60998535156
1495.27398694222	1189.85998535156
1497.77751423374	1188.4599609375
1500.28026789667	1189.4599609375
1502.78224826569	1190.96997070313
1505.28345567526	1194.5
1507.78389045967	1195.58996582031
1510.28355295299	1193.41003417969
1512.78244348913	1192.39001464844
1515.28056240178	1191.16003417969
1517.77791002445	1194.22998046875
1520.27448669047	1199.4599609375
1522.77029273296	1203.18994140625
1525.26532848486	1203.03002929688
1527.75959427889	1201.64001464844
1530.25309044764	1193.83996582031
1532.74581732344	1193.26000976563
1535.23777523847	1192.17004394531
1537.72896452471	1190.80004882813
1540.21938551394	1192.77001953125
1542.70903853778	1196.21997070313
1545.19792392761	1196.89001464844
1547.68604201466	1204.2099609375
1550.17339312997	1209.97998046875
1552.65997760434	1208.59997558594
1555.14579576845	1208.43994140625
1557.63084795275	1212.63000488281
1560.11513448749	1210.76000976563
1562.59865570276	1210.80004882813
1565.08141192845	1208.39001464844
1567.56340349426	1207.31005859375
1570.04463072969	1204.15002441406
1572.52509396406	1207.05004882813
1575.00479352652	1206.03002929688
1577.48372974599	1208.84997558594
1579.96190295124	1216.7900390625
1582.43931347083	1218.64001464844
1584.91596163314	1222.46997070313
1587.39184776636	1223.13000488281
1589.86697219849	1224.66003417969
1592.34133525734	1225.08996582031
1594.81493727054	1225.71997070313
1597.28777856553	1235.55004882813
1599.75985946955	1242.82995605469
1602.23118030968	1248.78002929688
1604.70174141278	1255.98999023438
1607.17154310555	1271.47998046875
1609.64058571449	1275.93005371094
1612.10886956591	1273.7900390625
1614.57639498595	1266.30004882813
1617.04316230054	1262.15002441406
1619.50917183543	1254.30004882813
1621.97442391621	1249.64001464844
1624.43891886825	1248.43994140625
1626.90265701674	1246.19995117188
1629.36563868671	1242.75
1631.82786420296	1247.76000976563
1634.28933389016	1250.57995605469
1636.75004807274	1248.09997558594
1639.21000707498	1249.26000976563
1641.66921122097	1257.42004394531
1644.12766083459	1272.23999023438
1646.58535623956	1287.89001464844
1649.04229775941	1298.75
1651.4984857175	1306.44995117188
1653.95392043697	1319.25
1656.40860224079	1325.75
1658.86253145177	1331.53002929688
1661.3157083925	1331.16003417969
1663.76813338542	1330.94995117188
1666.21980675275	1329.67004394531
1668.67072881656	1320.46997070313
1671.1208998987	1309.68005371094
1673.57032032089	1302.53002929688
1676.0189904046	1295.85998535156
1678.46691047118	1283.78002929688
1680.91408084174	1273.38000488281
1683.36050183726	1260.2900390625
1685.8061737785	1250.72998046875
1688.25109698605	1241.17004394531
1690.69527178032	1227.31994628906
1693.13869848153	1213.39001464844
1695.58137740972	1201.56005859375
1698.02330888476	1194.77001953125
1700.46449322631	1186.4599609375
1702.90493075388	1173.52001953125
1705.34462178678	1169.02001953125
1707.78356664414	1160.2900390625
1710.22176564492	1159.56005859375
1712.65921910787	1151.47998046875
1715.0959273516	1148.38000488281
1717.53189069449	1145.38000488281
1719.9671094548	1144.09997558594
1722.40158395054	1144.27001953125
1724.8353144996	1146.11999511719
1727.26830141965	1140.65002441406
1729.70054502819	1139.48999023438
1732.13204564255	1140.34997558594
1734.56280357987	1141.85498046875
1736.99281915711	1143.35998535156
1739.42209269106	1138.61999511719
1741.85062449831	1136.07995605469
1744.27841489529	1135.81005859375
1746.70546419823	1138.83996582031
1749.13177272321	1136.06005859375
1751.5573407861	1134.27001953125
1753.98216870262	1135.08996582031
1756.40625678828	1134.94995117188
1758.82960535844	1136.125
1761.25221472825	1137.30004882813
1763.67408521271	1134.56994628906
1766.09521712663	1135.72998046875
1768.51561078464	1137.82995605469
1770.93526650119	1136.18994140625
1773.35418459056	1135.14001464844
1775.77236536684	1133.13000488281
1778.18980914396	1129.48999023438
1780.60651623565	1135.19995117188
1783.02248695548	1132.80004882813
1785.43772161684	1135.14001464844
1787.85222053292	1134.58996582031
1790.26598401677	1128.26000976563
1792.67901238123	1129.94995117188
1795.09130593899	1132.83996582031
1797.50286500254	1134.55004882813
1799.9136898842	1134.17004394531
1802.32378089613	1132.78002929688
1804.73313835028	1129.06994628906
1807.14176255846	1125.66003417969
1809.54965383228	1125.63000488281
1811.95681248317	1128.84997558594
1814.36323882242	1128.31005859375
1816.76893316109	1129.11999511719
1819.17389581011	1126
1821.57812708021	1126.67004394531
1823.98162728196	1123.94995117188
1826.38439672573	1123.9599609375
1828.78643572174	1130.46997070313
1831.18774458003	1130.69995117188
1833.58832361045	1128.48999023438
1835.98817312269	1125.61999511719
1838.38729342625	1124.80004882813
1840.78568483048	1123.32995605469
1843.18334764454	1122.69995117188
1845.58028217741	1121.9599609375
1847.9764887379	1123.43005371094
1850.37196763465	1125.27001953125
1852.76671917613	1126.03002929688
1855.16074367062	1123.33996582031
1857.55404142624	1125.51000976563
1859.94661275094	1124.88000488281
1862.33845795247	1125.81994628906
1864.72957733844	1122.08996582031
1867.11997121627	1117.38000488281
1869.5096398932	1119.06005859375
1871.89858367631	1119.42004394531
1874.28680287251	1121.31994628906
1876.67429778851	1121.42004394531
1879.06106873089	1122.40002441406
1881.44711600601	1124.22998046875
1883.8324399201	1122.25
1886.21704077919	1123.17004394531
1888.60091888915	1125.02001953125
1890.98407455567	1124.35998535156
1893.36650808428	1123.89001464844
1895.74821978033	1121.55004882813
1898.12920994899	1119.96997070313
1900.50947889527	1116.36999511719
1902.88902692401	1119.98999023438
1905.26785433986	1121.75
1907.64596144734	1121.23999023438
1910.02334855075	1120.72998046875
1912.40001595424	1120.21997070313
1914.7759639618	1121.80004882813
1917.15119287724	1121.5400390625
1919.52570300419	1120.93005371094
1921.89949464611	1125.07995605469
1924.27256810632	1127.08996582031
1926.64492368793	1127.01000976563
1929.0165616939	1123.84997558594
1931.38748242701	1124.72998046875
1933.75768618989	1124.2900390625
1936.12717328497	1122.81994628906
1938.49594401455	1121.48999023438
1940.86399868071	1125.90002441406
1943.23133758541	1125.39001464844
1945.5979610304	1126.10998535156
1947.96386931729	1122.91003417969
1950.32906274751	1121.60998535156
1952.69354162232	1125.41003417969
1955.0573062428	1128.56994628906
1957.42035690989	1126.2099609375
1959.78269392434	1126.18994140625
1962.14431758673	1122.76000976563
1964.50522819748	1119.01000976563
1966.86542605684	1121.83996582031
1969.22491146488	1126.10998535156
1971.58368472153	1122.2900390625
1973.94174612654	1121.32995605469
1976.29909597945	1121.68005371094
1978.65573457971	1122.78002929688
1981.01166222654	1123.09997558594
1983.36687921902	1124.59997558594
1985.72138585606	1123.80004882813
1988.07518243639	1121.0400390625
1990.42826925859	1123.15002441406
1992.78064662106	1123.21997070313
1995.13231482205	1121.39001464844
1997.48327415961	1116.96997070313
1999.83352493167	1118.51000976563
2002.18306743594	1122.23999023438
2004.53190197002	1122.73999023438
2006.8800288313	1124.11999511719
2009.22744831703	1125.5
2011.57416072427	1122
2013.92016634993	1119.77001953125
2016.26546549076	1119.81994628906
2018.61005844332	1119.16003417969
2020.95394550404	1118.58996582031
2023.29712696915	1119.59997558594
2025.63960313474	1119.18005371094
2027.98137429672	1118.01000976563
2030.32244075083	1119.25
2032.66280279266	1119.94995117188
2035.00246071763	1116.2900390625
2037.34141482099	1115.25
2039.67966539784	1119.53002929688
2042.01721274309	1123.68005371094
2044.35405715151	1123.73999023438
2046.69019891769	1122.18994140625
2049.02563833606	1122.89001464844
2051.3603757009	1120.03002929688
2053.6944113063	1120.48999023438
2056.0277454462	1121.51501464844
2058.36037841439	1122.5400390625
2060.69231050446	1120.86999511719
2063.02354200988	1117.28002929688
2065.35407322392	1115.53002929688
2067.68390443971	1121.94995117188
2070.01303595021	1122.46997070313
2072.3414680482	1122.25
2074.66920102633	1121.07995605469
2076.99623517706	1119.96997070313
2079.32257079271	1118.17004394531
2081.6482081654	1118.03002929688
2083.97314758713	1120.73999023438
2086.29738934971	1124.69995117188
2088.62093374481	1125.17004394531
2090.94378106391	1123.11999511719
2093.26593159835	1122.39001464844
2095.5873856393	1124.81005859375
2097.90814347777	1123.41003417969
2100.2282054046	1122.2099609375
2102.54757171048	1120.81005859375
2104.86624268594	1122.96997070313
2107.18421862133	1126.02001953125
2109.50149980686	1127.31994628906
2111.81808653257	1126.58996582031
2114.13397908834	1125.2099609375
2116.44917776388	1125.55004882813
2118.76368284875	1125.33996582031
2121.07749463235	1125.18005371094
2123.39061340391	1124.26000976563
2125.70303945252	1126.96997070313
2128.01477306707	1128.30004882813
2130.32581453634	1128.7099609375
2132.63616414891	1126.57995605469
2134.94582219322	1129.25
2137.25478895754	1129.64001464844
2139.56306472999	1130.21997070313
2141.87064979851	1128.58996582031
2144.17754445092	1125.88000488281
2146.48374897484	1129.7900390625
2148.78926365774	1129.25
2151.09408878695	1127.81994628906
2153.39822464963	1127.7099609375
2155.70167153277	1124.11999511719
2158.00442972321	1123.44995117188
2160.30649950763	1122.60998535156
2162.60788117256	1128.08996582031
2164.90857500436	1124.56994628906
2167.20858128923	1126.83996582031
2169.50790031323	1128.81005859375
2171.80653236223	1130.7900390625
2174.10447772198	1130.2099609375
2176.40173667804	1123.61999511719
2178.69830951582	1122.43005371094
2180.99419652058	1123.69995117188
2183.28939797743	1126.06994628906
2185.5839141713	1125.57995605469
2187.87774538698	1121.01000976563
2190.17089190908	1123.64001464844
2192.46335402209	1123.06994628906
2194.75513201032	1122.59997558594
2197.04622615791	1123.32995605469
2199.33663674886	1124.58996582031
2201.62636406702	1127.43005371094
2203.91540839606	1126.25
2206.20377001952	1125.08996582031
2208.49144922077	1122.2099609375
2210.77844628302	1125.06005859375
2213.06476148933	1123.80004882813
2215.3503951226	1120.88000488281
2217.63534746557	1121.69995117188
2219.91961880085	1121.21997070313
2222.20320941085	1121.13000488281
2224.48611957785	1120.0400390625
2226.76834958399	1121.21997070313
2229.04989971122	1120.92004394531
2231.33077024136	1123.5
2233.61096145607	1122.94995117188
2235.89047363683	1122.25
2238.169307065	1126.01000976563
2240.44746202178	1124.11999511719
2242.72493878819	1124.81994628906
2245.00173764511	1126.15002441406
2247.27785887327	1125.43005371094
2249.55330275324	1125.5400390625
2251.82806956545	1125.46997070313
2254.10215959014	1125.40002441406
2256.37557310744	1129.35998535156
2258.64831039729	1129.72998046875
2260.92037173949	1125.91003417969
2263.19175741368	1127.41003417969
2265.46246769938	1123.97998046875
2267.7325028759	1127.07995605469
2270.00186322243	1125.76000976563
2272.270549018	1125.80004882813
2274.5385605415	1127.36999511719
2276.80589807165	1127.48999023438
2279.07256188702	1126.63000488281
2281.33855226601	1122.25
2283.60386948691	1124.66003417969
2285.86851382782	1128.97998046875
2288.1324855667	1130.94995117188
2290.39578498136	1129.15002441406
2292.65841234945	1129.90002441406
2294.92036794847	1131.21997070313
2297.18165205578	1130.33996582031
2299.44226494856	1127.32995605469
2301.70220690387	1128.85998535156
2303.96147819859	1130.96997070313
2306.22007910947	1135.18005371094
2308.47800991309	1133.25
2310.73527088589	1135.01000976563
2312.99186230416	1130.96997070313
2315.24778444403	1129.5
2317.50303758149	1131.23999023438
2319.75762199235	1130.5
2322.01153795231	1131.56005859375
2324.26478573689	1127.92004394531
2326.51736562147	1130.93994140625
2328.76927788127	1133.01000976563
2331.02052279137	1133.93005371094
2333.2711006267	1132.98999023438
2335.52101166203	1135.88000488281
2337.77025617198	1133.05004882813
2340.01883443103	1130.64001464844
2342.2667467135	1130.31994628906
2344.51399329356	1128.02001953125
2346.76057444525	1128.25
2349.00649044241	1129.98999023438
2351.2517415588	1130.41003417969
2353.49632806796	1129.63000488281
2355.74025024334	1128.60998535156
2357.98350835819	1129.08996582031
2360.22610268566	1130.18005371094
2362.4680334987	1132.28002929688
2364.70930107016	1132.13000488281
2366.94990567269	1128.65002441406
2369.18984757884	1126.30004882813
2371.42912706098	1128.52001953125
2373.66774439134	1129.41003417969
2375.90569984199	1129.5400390625
2378.14299368488	1123.56994628906
2380.37962619179	1122.10998535156
2382.61559763435	1122.31994628906
2384.85090828405	1125.78002929688
2387.08555841222	1130.18994140625
2389.31954829006	1127.33996582031
2391.55287818861	1128.13000488281
2393.78554837877	1125.5400390625
2396.01755913128	1126.83996582031
2398.24891071673	1125.41003417969
2400.47960340558	1128.03002929688
2402.70963746814	1128.26000976563
2404.93901317456	1127.92504882813
2407.16773079485	1127.58996582031
2409.39579059887	1130.17004394531
2411.62319285633	1131.30004882813
2413.84993783681	1131.89001464844
2416.07602580971	1126.69995117188
2418.30145704432	1128.11999511719
2420.52623180977	1127.81494140625
2422.75035037503	1127.51000976563
2424.97381300893	1128.23999023438
2427.19661998017	1128.42004394531
2429.41877155729	1128.71997070313
2431.64026800867	1132.08996582031
2433.86110960257	1131.25
2436.08129660709	1133.60998535156
2438.30082929019	1137.89001464844
2440.51970791967	1135.2900390625
2442.73793276321	1135.91003417969
2444.95550408832	1134.18994140625
2447.17242216237	1131.32995605469
2449.38868725259	1126.14001464844
2451.60429962607	1122.55004882813
2453.81925954975	1127.10998535156
2456.03356729041	1128.93994140625
2458.2472231147	1131
2460.46022728913	1132.25
2462.67258008005	1132.90002441406
2464.88428175368	1127.55004882813
2467.09533257608	1127.60498046875
2469.30573281318	1127.66003417969
2471.51548273076	1128.17004394531
2473.72458259445	1134.30004882813
2475.93303266974	1133.28002929688
2478.14083322198	1134.80004882813
2480.34798451637	1133.27001953125
2482.55448681797	1127.83996582031
2484.76034039169	1130.72998046875
2486.96554550231	1129.77001953125
2489.17010241445	1130.93994140625
2491.37401139259	1133.38000488281
2493.57727270109	1134.51000976563
2495.77988660412	1134.2099609375
2497.98185336574	1132.01000976563
2500.18317324987	1129.89001464844
2502.38384652028	1133.2900390625
2504.58387344058	1135.5
2506.78325427425	1135.73999023438
2508.98198928465	1136.86999511719
2511.18007873495	1133.47998046875
2513.37752288821	1129.91003417969
2515.57432200735	1131.39001464844
2517.77047635514	1130.01000976563
2519.96598619419	1128.52001953125
2522.16085178699	1130.92004394531
2524.35507339589	1132.5
2526.54865128308	1136.23999023438
2528.74158571062	1133.14001464844
2530.93387694042	1134.33996582031
2533.12552523427	1134.55004882813
2535.31653085379	1132.96997070313
2537.50689406046	1132.39001464844
2539.69661511566	1134.39001464844
2541.88569428057	1131.85998535156
2544.07413181627	1130.18994140625
2546.26192798368	1129.56005859375
2548.44908304359	1129.81994628906
2550.63559725664	1136.98999023438
2552.82147088333	1135.30004882813
2555.00670418402	1133.93005371094
2557.19129741894	1131.9599609375
2559.37525084817	1128.64001464844
2561.55856473164	1128.30004882813
2563.74123932917	1131.28002929688
2565.92327490039	1137.48999023438
2568.10467170484	1136
2570.28543000189	1136.08996582031
2572.46555005079	1134.71997070313
2574.64503211063	1128.59997558594
2576.82387644036	1129.28002929688
2579.00208329882	1132.86999511719
2581.17965294468	1136.89001464844
2583.35658563648	1134.55004882813
2585.53288163263	1133.93994140625
2587.70854119137	1126.53002929688
2589.88356457084	1130.80004882813
2592.05795202902	1137.67004394531
2594.23170382376	1136.01000976563
2596.40482021275	1132.81994628906
2598.57730145356	1127.35998535156
2600.74914780363	1127.83996582031
2602.92035952023	1132.97998046875
2605.09093686053	1130.23999023438
2607.26088008153	1132.80004882813
2609.4301894401	1132.86999511719
2611.59886519299	1135.7099609375
2613.76690759678	1136.81994628906
2615.93431690793	1135.66003417969
2618.10109338277	1136.7099609375
2620.26723727748	1136.58996582031
2622.4327488481	1137.39501953125
2624.59762835054	1138.19995117188
2626.76187604057	1135.75
2628.92549217382	1141.19995117188
2631.08847700579	1144.94995117188
2633.25083079182	1144.11999511719
2635.41255378715	1140.60998535156
2637.57364624684	1141.80004882813
2639.73410842586	1141.36999511719
2641.893940579	1141.91003417969
2644.05314296094	1140.5400390625
2646.21171582621	1139.44995117188
2648.36965942921	1141.39001464844
2650.5269740242	1145.03002929688
2652.6836598653	1147.47998046875
2654.83971720651	1147.93005371094
2656.99514630167	1148.15002441406
2659.1499474045	1146.31005859375
2661.30412076857	1143.06005859375
2663.45766664734	1147.64001464844
2665.61058529411	1148.53002929688
2667.76287696204	1151.81005859375
2669.91454190418	1153.32995605469
2672.06558037342	1150.73999023438
2674.21599262253	1147.96997070313
2676.36577890413	1147.01000976563
2678.51493947072	1144.35998535156
2680.66347457466	1149.72998046875
2682.81138446816	1152.43994140625
2684.95866940332	1151.169921875
2687.10532963209	1149.90002441406
2689.25136540628	1148.86999511719
2691.39677697757	1150.56005859375
2693.54156459752	1149.39001464844
2695.68572851753	1150.16003417969
2697.82926898888	1146.41003417969
2699.97218626272	1146.38000488281
2702.11448059006	1155.19995117188
2704.25615222175	1155.97998046875
2706.39720140856	1154.68005371094
2708.53762840109	1153.7900390625
2710.67743344979	1157.7099609375
2712.81661680503	1155.67004394531
2714.95517871698	1155.16003417969
2717.09311943574	1155.40002441406
2719.23043921123	1161.0400390625
2721.36713829325	1166.56005859375
2723.50321693148	1167.83996582031
2725.63867537545	1163.2900390625
2727.77351387456	1163.33996582031
2729.90773267809	1164.19995117188
2732.04133203516	1166
2734.17431219478	1169.4599609375
2736.30667340581	1169.43994140625
2738.438415917	1169.14001464844
2740.56953997695	1169.55004882813
2742.70004583414	1166.61999511719
2744.82993373688	1164.31005859375
2746.9592039334	1162.75
2749.08785667177	1166.32995605469
2751.21589219993	1163.56005859375
2753.34331076568	1161.78002929688
2755.4701126167	1160.65002441406
2757.59629800054	1162.88000488281
2759.7218671646	1158.35998535156
2761.84682035617	1157.61999511719
2763.9711578224	1158.98999023438
2766.0948798103	1161.75
2768.21798656676	1162.28002929688
2770.34047833852	1159.31994628906
2772.46235537222	1156.96997070313
2774.58361791434	1156.52001953125
2776.70426621124	1158.7900390625
2778.82430050915	1162.18005371094
2780.94372105416	1159.06994628906
2783.06252809224	1156.13000488281
2785.18072186922	1156.53002929688
2787.29830263081	1158.5
2789.41527062257	1161.72998046875
2791.53162608996	1160.53002929688
2793.64736927828	1155.72998046875
2795.76250043271	1160.35998535156
2797.8770197983	1163.09997558594
2799.99092761997	1161.11999511719
2802.10422414252	1163.13000488281
2804.21690961059	1166.0400390625
2806.32898426873	1169.71997070313
2808.44044836132	1169.89001464844
2810.55130213264	1172.17004394531
2812.66154582682	1172.2099609375
2814.77117968788	1173.9599609375
2816.8802039597	1178.2900390625
2818.98861888601	1180.30004882813
2821.09642471046	1186.2900390625
2823.20362167653	1186.60998535156
2825.31021002756	1189.68994140625
2827.41619000682	1192.43994140625
2829.52156185738	1193.56994628906
2831.62632582224	1201.34997558594
2833.73048214422	1210.5
2835.83403106606	1220.21997070313
2837.93697283033	1230.43994140625
2840.03930767951	1239.56005859375
2842.1410358559	1246.09997558594
2844.24215760173	1251.84997558594
2846.34267315905	1266.39001464844
2848.44258276982	1284.97998046875
2850.54188667585	1306.18994140625
2852.64058511883	1326.06994628906
2854.73867834032	1343.43994140625
2856.83616658175	1358.43005371094
2858.93305008443	1381.5400390625
2861.02932908952	1401.75
2863.12500383809	1425.94995117188
2865.22007457104	1458.80004882813
2867.31454152918	1487.68005371094
2869.40840495316	1518.81994628906
2871.50166508353	1540.64001464844
2873.59432216069	1555.93994140625
2875.68637642493	1568.93005371094
2877.77782811641	1573.51000976563
2879.86867747515	1576.56005859375
2881.95892474105	1586.94995117188
2884.0485701539	1597.40002441406
2886.13761395333	1597.66003417969
2888.22605637886	1606.81994628906
2890.3138976699	1620.30004882813
2892.40113806571	1628.69995117188
2894.48777780544	1632.64001464844
2896.57381712808	1638.5400390625
2898.65925627254	1648.5
2900.74409547758	1659.83996582031
2902.82833498183	1682.58996582031
2904.9119750238	1700.08996582031
2906.99501584188	1711.16003417969
2909.07745767432	1733.46997070313
2911.15930075925	1760.93005371094
2913.24054533469	1782.22998046875
2915.3211916385	1816.43005371094
2917.40123990846	1854.40002441406
2919.48069038217	1869.05004882813
2921.55954329716	1878.88000488281
2923.63779889079	1890.22998046875
2925.71545740033	1915.59997558594
2927.79251906289	1940.46997070313
2929.86898411548	1960.11999511719
2931.94485279498	1966.5400390625
2934.02012533815	1968.09997558594
2936.0948019816	1956.48999023438
2938.16888296184	1947.16003417969
2940.24236851525	1944.08996582031
2942.31525887809	1917.98999023438
2944.38755428648	1889.42004394531
2946.45925497643	1857.21997070313
2948.53036118382	1816.93005371094
2950.6008731444	1793.82995605469
2952.67079109381	1778
2954.74011526755	1754.75
2956.80884590101	1729.5400390625
2958.87698322944	1716.59997558594
2960.94452748799	1705.13000488281
2963.01147891167	1683.18994140625
2965.07783773535	1662.46997070313
2967.14360419382	1649.11999511719
2969.2087785217	1636.5
2971.27336095352	1626.42004394531
2973.33735172366	1615.48999023438
2975.40075106641	1600.59997558594
2977.46355921591	1590.2900390625
2979.52577640618	1573.73999023438
2981.58740287112	1557.4599609375
2983.64843884452	1545.31005859375
2985.70888456003	1527.80004882813
2987.76874025117	1509.7900390625
2989.82800615137	1486.28002929688
2991.88668249391	1463.52001953125
2993.94476951194	1439.06994628906
2996.00226743852	1422.28002929688
2998.05917650657	1412.43994140625
3000.11549694887	1402.68994140625
3002.17122899812	1397.10998535156
3004.22637288685	1380.0400390625
3006.2809288475	1360.01000976563
3008.33489711238	1344.31994628906
3010.38827791368	1332.01000976563
3012.44107148345	1319.47998046875
3014.49327805366	1315.7900390625
3016.5448978561	1306.38000488281
3018.59593112249	1295.68994140625
3020.64637808441	1286.82995605469
3022.6962389733	1279.17004394531
3024.74551402051	1275.33996582031
3026.79420345725	1277.80004882813
3028.84230751461	1276.22998046875
3030.88982642357	1275.63000488281
3032.93676041497	1271.06005859375
3034.98310971955	1267.9599609375
3037.02887456791	1271.81994628906
3039.07405519054	1277.4599609375
3041.11865181781	1282.58996582031
3043.16266467996	1283.02001953125
3045.20609400713	1280.92004394531
3047.24894002932	1291.86999511719
3049.2912029764	1293.28002929688
3051.33288307815	1294.97998046875
3053.37398056421	1304.71997070313
3055.41449566411	1313.78002929688
3057.45442860725	1319.46997070313
3059.49377962291	1320.4599609375
3061.53254894026	1317.10998535156
3063.57073678834	1318.80004882813
3065.60834339607	1319.97998046875
3067.64536899227	1317.73999023438
3069.68181380561	1312.39001464844
3071.71767806467	1309.17004394531
3073.75296199788	1300.11999511719
3075.78766583357	1290.61999511719
3077.82178979997	1282.38000488281
3079.85533412513	1276.22998046875
3081.88829903705	1264.68005371094
3083.92068476356	1260.48999023438
3085.95249153241	1257.48999023438
3087.98371957119	1252.94995117188
3090.01436910741	1250.81005859375
3092.04444036844	1246.61999511719
3094.07393358152	1246.34997558594
3096.10284897381	1242.31994628906
3098.13118677232	1243.30004882813
3100.15894720395	1237.19995117188
3102.18613049548	1237.93005371094
3104.21273687357	1238.69995117188
3106.23876656477	1239.46997070313
3108.2642197955	1237.38000488281
3110.28909679208	1235.43994140625
3112.31339778069	1234.42004394531
3114.33712298741	1233.47998046875
3116.36027263819	1236.28002929688
3118.38284695887	1239.96997070313
3120.40484617516	1236.10998535156
3122.42627051268	1232.67004394531
3124.4471201969	1239.05004882813
3126.46739545319	1236.31005859375
3128.4870965068	1236.18994140625
3130.50622358287	1231.55004882813
3132.5247769064	1236.21997070313
3134.54275670229	1241.0400390625
3136.56016319534	1248.0400390625
3138.57699661019	1240.82995605469
3140.59325717139	1236.85998535156
3142.60894510338	1239.9599609375
3144.62406063047	1239.81994628906
3146.63860397686	1238.2099609375
3148.65257536662	1241.46997070313
3150.66597502371	1244.78002929688
3152.67880317199	1246.97998046875
3154.69106003518	1250.30004882813
3156.70274583691	1246.26000976563
3158.71386080065	1246.81994628906
3160.72440514981	1240.96997070313
3162.73437910763	1247.18994140625
3164.74378289728	1253.61999511719
3166.75261674179	1253.36999511719
3168.76088086407	1254.13000488281
3170.76857548692	1254.85498046875
3172.77570083303	1255.57995605469
3174.78225712498	1253.41003417969
3176.78824458521	1256.68994140625
3178.79366343607	1258.43994140625
3180.79851389977	1255.56994628906
3182.80279619844	1253.88000488281
3184.80651055405	1256.43994140625
3186.80965718849	1256.73999023438
3188.81223632353	1261.0400390625
3190.81424818081	1267.02001953125
3192.81569298186	1262.47998046875
3194.8165709481	1263.09997558594
3196.81688230084	1257.75
3198.81662726126	1261.41003417969
3200.81580605044	1267.76000976563
3202.81441888933	1267.56005859375
3204.81246599879	1269.34997558594
3206.80994759954	1270.60998535156
3208.80686391219	1275.90002441406
3210.80321515726	1277.19995117188
3212.79900155512	1281.93994140625
3214.79422332605	1280.31994628906
3216.78888069021	1273.06994628906
3218.78297386765	1272.92004394531
3220.77650307828	1275.7099609375
3222.76946854195	1283.43994140625
3224.76187047834	1282.5
3226.75370910705	1281.7099609375
3228.74498464755	1286.52001953125
3230.73569731921	1287.52001953125
3232.72584734127	1285.90002441406
3234.71543493287	1283.77001953125
3236.70446031304	1282.7099609375
3238.69292370068	1288.09997558594
3240.68082531459	1290.01000976563
3242.66816537345	1292.35998535156
3244.65494409583	1295.26000976563
3246.6411617002	1293.48999023438
3248.62681840488	1292.55004882813
3250.61191442812	1290.89001464844
3252.59644998804	1288.5400390625
3254.58042530263	1285.38000488281
3256.56384058979	1283.09997558594
3258.54669606731	1289.64001464844
3260.52899195285	1298.02001953125
3262.51072846396	1301.34997558594
3264.4919058181	1296.61999511719
3266.47252423259	1297.02001953125
3268.45258392464	1297.86999511719
3270.43208511138	1303.48999023438
3272.41102800978	1310.03002929688
3274.38941283675	1314.31005859375
3276.36723980904	1311.60998535156
3278.34450914332	1304.34997558594
3280.32122105613	1302.73999023438
3282.29737576392	1308.06994628906
3284.272973483	1312.18005371094
3286.24801442958	1318.89001464844
3288.22249881978	1316.06994628906
3290.19642686957	1315.15002441406
3292.16979879485	1318.02001953125
3294.14261481136	1319.96997070313
3296.11487513478	1323.19995117188
3298.08657998065	1316.71997070313
3300.0577295644	1314.23999023438
3302.02832410136	1311.75
3303.99836380673	1317.68994140625
3305.96784889563	1318.31994628906
3307.93677958303	1314.07995605469
3309.90515608383	1307.72998046875
3311.87297861278	1308.23999023438
3313.84024738456	1302.81005859375
3315.80696261371	1298.61999511719
3317.77312451466	1299.51000976563
3319.73873330175	1297.81994628906
3321.70378918919	1297.90002441406
3323.66829239109	1290.90002441406
3325.63224312145	1284.61999511719
3327.59564159416	1284.78002929688
3329.55848802299	1285.84997558594
3331.52078262162	1289.39001464844
3333.4825256036	1289.61999511719
3335.44371718237	1291.91003417969
3337.40435757128	1291.97998046875
3339.36444698356	1286.06005859375
3341.32398563232	1274.07995605469
3343.28297373058	1269.19995117188
3345.24141149124	1274.46997070313
3347.19929912709	1275.98999023438
3349.15663685081	1277.53002929688
3351.11342487497	1279.06994628906
3353.06966341204	1274.61999511719
3355.02535267437	1274.0400390625
3356.98049287421	1274.81994628906
3358.9350842237	1273.9599609375
3360.88912693486	1275.30004882813
3362.84262121962	1275.61999511719
3364.79556728978	1268.85998535156
3366.74796535705	1270.42004394531
3368.69981563302	1270.86999511719
3370.65111832917	1267.72998046875
3372.60187365689	1261.32995605469
3374.55208182744	1262.10998535156
3376.50174305198	1262.89501953125
3378.45085754157	1263.68005371094
3380.39942550714	1261.16003417969
3382.34744715954	1259.06994628906
3384.29492270949	1253.7900390625
3386.24185236761	1248.06005859375
3388.18823634442	1246.52001953125
3390.13407485031	1247.65002441406
3392.07936809559	1247.98999023438
3394.02411629045	1243.35998535156
3395.96831964496	1241.28002929688
3397.91197836911	1237.4599609375
3399.85509267275	1242.51000976563
3401.79766276564	1239.83996582031
3403.73968885745	1232.2099609375
3405.68117115771	1231.68994140625
3407.62210987586	1230.18994140625
3409.56250522123	1223.98999023438
3411.50235740305	1224
3413.44166663043	1225.31994628906
3415.38043311238	1220.5
3417.3186570578	1218.58996582031
3419.2563386755	1216.30004882813
3421.19347817415	1219.30004882813
3423.13007576235	1220.36999511719
3425.06613164857	1222.55004882813
3427.00164604118	1219.81994628906
3428.93661914844	1216.84997558594
3430.87105117852	1215.71997070313
3432.80494233945	1215.53002929688
3434.73829283919	1210.08996582031
3436.67110288558	1214.02001953125
3438.60337268634	1216.80004882813
3440.53510244911	1216.71997070313
3442.4662923814	1213.4599609375
3444.39694269064	1206.67004394531
3446.32705358412	1201.52001953125
3448.25662526905	1197.59997558594
3450.18565795254	1197.86999511719
3452.11415184156	1198.22998046875
3454.04210714302	1195.96997070313
3455.96952406369	1191.2099609375
3457.89640281024	1189.96997070313
3459.82274358924	1193.78002929688
3461.74854660717	1195.01000976563
3463.67381207038	1188.11999511719
3465.59854018513	1182.06994628906
3467.52273115756	1181.86999511719
3469.44638519373	1179.06005859375
3471.36950249956	1172.9599609375
3473.29208328091	1175.47998046875
3475.21412774349	1175.32995605469
3477.13563609293	1175.31994628906
3479.05660853476	1174.34997558594
3480.97704527438	1171.31994628906
3482.89694651712	1165.21997070313
3484.81631246818	1163.91003417969
3486.73514333266	1162.08996582031
3488.65343931557	1160.16003417969
3490.57120062179	1160
3492.48842745612	1157.92004394531
3494.40512002324	1152.15002441406
3496.32127852773	1148.01000976563
3498.23690317408	1147.71997070313
3500.15199416666	1147.38000488281
3502.06655170974	1143
3503.98057600749	1143.03002929688
3505.89406726396	1143.06005859375
3507.80702568312	1142.21997070313
3509.71945146883	1138.47998046875
3511.63134482483	1133.85998535156
3513.54270595478	1130.64001464844
3515.45353506222	1132.17004394531
3517.3638323506	1136.08996582031
3519.27359802324	1135.73999023438
3521.1828322834	1129.31994628906
3523.09153533419	1123.06005859375
3524.99970737866	1121.93994140625
3526.90734861972	1122.28002929688
3528.81445926021	1118.17004394531
3530.72103950283	1117.23999023438
3532.62708955022	1114.90002441406
3534.53260960488	1113.61999511719
3536.43759986923	1109.67004394531
3538.34206054558	1103.64001464844
3540.24599183613	1102.46997070313
3542.149393943	1104.23999023438
3544.05226706817	1102.13000488281
3545.95461141357	1098.17004394531
3547.85642718097	1096.61999511719
3549.75771457208	1097.90002441406
3551.6584737885	1094.91003417969
3553.55870503171	1093.06005859375
3555.4584085031	1092.43005371094
3557.35758440396	1091.2099609375
3559.25623293548	1085.44995117188
3561.15435429874	1083.77001953125
3563.05194869473	1082.96997070313
3564.94901632432	1081.31994628906
3566.84555738829	1077.82995605469
3568.74157208732	1077.77001953125
3570.63706062199	1077.68005371094
3572.53202319277	1082.92004394531
3574.42646000003	1084.73999023438
3576.32037124406	1081.43994140625
3578.213757125	1078.66003417969
3580.10661784295	1079.93994140625
3581.99895359786	1084.57995605469
3583.8907645896	1082.31994628906
3585.78205101794	1075.61999511719
3587.67281308254	1075.03002929688
3589.56305098297	1072.15002441406
3591.4527649187	1073.51000976563
3593.34195508907	1073.5
3595.23062169338	1074.64001464844
3597.11876493075	1067.61999511719
3599.00638500027	1063.35998535156
3600.89348210089	1065.59997558594
3602.78005643148	1064.85998535156
3604.66610819078	1066.38000488281
3606.55163757747	1066.13000488281
3608.4366447901	1064.18994140625
3610.32113002713	1063.06994628906
3612.20509348693	1062.2900390625
3614.08853536774	1057.96997070313
3615.97145586773	1057.30004882813
3617.85385518497	1055.55004882813
3619.7357335174	1057.52001953125
3621.61709106289	1053.71997070313
3623.4979280192	1049.32995605469
3625.37824458399	1047.90002441406
3627.25804095482	1045.2900390625
3629.13731732915	1044.16003417969
3631.01607390435	1045.16003417969
3632.89431087767	1043.03002929688
3634.77202844629	1043.03002929688
3636.64922680726	1044.5400390625
3638.52590615754	1042.96997070313
3640.40206669402	1037.46997070313
3642.27770861344	1038.15002441406
3644.15283211248	1038.97998046875
3646.02743738771	1043.55004882813
3647.90152463559	1046.21997070313
3649.77509405251	1048.22998046875
3651.64814583473	1054.93005371094
3653.52068017842	1040.13000488281
3655.39269727965	1034.26000976563
3657.26419733442	1031.30004882813
3659.13518053858	1031.98999023438
3661.00564708793	1028.97998046875
3662.87559717814	1029.17004394531
3664.7450310048	1028.23999023438
3666.61394876338	1027.56994628906
3668.48235064928	1030.09997558594
3670.35023685779	1027.81005859375
3672.21760758409	1025.28002929688
3674.08446302327	1024.93994140625
3675.95080337033	1022.73999023438
3677.81662882017	1025.7900390625
3679.68193956758	1025.90002441406
3681.54673580727	1026.66003417969
3683.41101773383	1020.97998046875
3685.27478554178	1021.91998291016
3687.13803942551	1022.19000244141
3689.00077957934	1014.71997070313
3690.86300619748	1012.54998779297
3692.72471947405	1012.28002929688
3694.58591960306	1013.22998046875
3696.44660677844	1015.28997802734
3698.306781194	1014.55999755859
3700.16644304348	1013.48999023438
3702.02559252049	1012.94000244141
3703.88422981859	1009.65002441406
3705.74235513119	1004.46997070313
3707.59996865164	1003.64001464844
3709.45707057318	1006.14001464844
3711.31366108895	1006.82000732422
3713.16974039199	1005.11999511719
3715.02530867527	1003.27001953125
3716.88036613164	1004.34997558594
3718.73491295385	1003.71997070313
3720.58894933456	1004.72998046875
3722.44247546634	998.130004882813
3724.29549154166	993.309997558594
3726.14799775289	993.599975585938
3727.9999942923	994.530029296875
3729.85148135209	995.460021972656
3731.70245912432	992.299987792969
3733.55292780098	992.27001953125
3735.40288757397	989.349975585938
3737.25233863509	987.940002441406
3739.10128117603	989.159973144531
3740.9497153884	989.700012207031
3742.7976414637	990.140014648438
3744.64505959335	991.5
3746.49196996866	991.5
3748.33837278086	988.440002441406
3750.18426822108	991.880004882813
3752.02965648033	991.97998046875
3753.87453774956	991.869995117188
3755.7189122196	991.760009765625
3757.5627800812	992.010009765625
3759.40614152501	993.150024414063
3761.24899674159	991.440002441406
3763.09134592138	990.739990234375
3764.93318925476	985.989990234375
3766.77452693199	984.739990234375
3768.61535914325	982.109985351563
3770.45568607861	981.289978027344
3772.29550792807	982.049987792969
3774.1348248815	983.830017089844
3775.9736371287	985.97998046875
3777.81194485938	988.02001953125
