32.6816976106991	714.244995117188
35.6535599501435	714.205017089844
38.6244374909659	714.14501953125
41.5943306947054	714.125
44.5632400226282	714.065002441406
47.5311659356917	714.075012207031
50.4981088945929	714.059997558594
53.4640693597127	713.984985351563
56.4290477911676	714.054992675781
59.3930446487746	714.205017089844
62.356060392067	713.994995117188
65.3180954802906	713.875
68.2791503724084	713.97998046875
71.2392255270922	714.075012207031
74.1983214027271	713.989990234375
77.1564384574159	714.200012207031
80.113577148983	713.965026855469
83.0697379349549	714.049987792969
86.0249212725722	713.880004882813
88.9791276188058	713.97998046875
91.9323574303255	714.094970703125
94.8846111635238	714.075012207031
97.8358892745121	714.085021972656
100.786192219114	714.085021972656
103.73552045287	714.08251953125
106.683874431037	714.080017089844
109.631254608583	714.244995117188
112.577661440203	714.344970703125
115.523095380307	714.22998046875
118.467556883015	714.184997558594
121.411046402175	714.625
124.353564391344	715.400024414063
127.295111303796	716.070007324219
130.235687592532	717.640014648438
133.175293710265	720.215026855469
136.113930109434	724.27001953125
139.051597242185	729.989990234375
141.98829556039	738.155029296875
144.92402551564	746.724975585938
147.858787559244	755.609985351563
150.792582142239	764.474975585938
153.725409715372	773.400024414063
156.65727072911	777.094970703125
159.588165633643	780
162.518094878884	783.825012207031
165.447058914469	785.265014648438
168.375058189747	784.659973144531
171.302093153792	784.424987792969
174.228164255401	783.780029296875
177.153271943091	783.835021972656
180.077416665101	784.465026855469
183.000598869394	784.825012207031
185.922819003656	785.315002441406
188.84407751529	786.525024414063
191.764374851424	788.190002441406
194.683711458919	788.5
197.60208778434	790.719970703125
200.519504273992	791.97998046875
203.435961373894	794.405029296875
206.351459529801	799.414978027344
209.265999187174	802.525024414063
212.179580791207	807.815002441406
215.092204786825	811.955017089844
218.003871618673	816.474975585938
220.914581731116	822.359985351563
223.824335568247	828.914978027344
226.733133573893	834.260009765625
229.640976191593	840.059997558594
232.547863864614	842.440002441406
235.453797035961	843.434997558594
238.358776148354	844.700012207031
241.26280164424	846.109985351563
244.1658739658	848.14501953125
247.067993554929	847.359985351563
249.969160853266	846.484985351563
252.869376302162	847.10498046875
255.768640342707	846.059997558594
258.666953415705	848.195007324219
261.564315961705	848.830017089844
264.46072842097	847.380004882813
267.356191233499	846.505004882813
270.25070483901	845.575012207031
273.144269676967	845.534973144531
276.036886186551	846.200012207031
278.928554806671	846.170043945313
281.819275975966	846.140014648438
284.709050132812	846.219970703125
287.597877715306	848.974975585938
290.485759161281	848.739990234375
293.372694908298	847.820007324219
296.258685393644	848.369995117188
299.143731054352	848.094970703125
302.027832327156	848.835021972656
304.910989648557	850.125
307.79320345476	851.434997558594
310.674474181717	852.065002441406
313.554802265101	851.284973144531
316.434188140326	851.510009765625
319.312632242533	850.684997558594
322.190135006593	851.159973144531
325.066696867117	850.924987792969
327.942318258443	850.905029296875
330.816999614641	850.885009765625
333.690741369517	850.630004882813
336.56354395661	851.070007324219
339.435407809193	851.794982910156
342.306333360273	850.5
345.176321042591	848.890014648438
348.045371288612	848.97998046875
350.913484530551	848.489990234375
353.78066120035	847.424987792969
356.64690172969	847.989990234375
359.512206549972	850.184997558594
362.376576092357	850.955017089844
365.240010787716	849.859985351563
368.102511066677	849.179992675781
370.964077359587	850.35498046875
373.82471009654	852.304992675781
376.684409707364	850.614990234375
379.543176621612	850.034973144531
382.401011268595	849.599975585938
385.257914077343	850.64501953125
388.113885476627	850.775024414063
390.968925894961	850.830017089844
393.823035760591	852.989990234375
396.676215501503	856.059997558594
399.528465545415	855.739990234375
402.379786319791	856.219970703125
405.230178251834	858.965026855469
408.079641768472	861.544982910156
410.928177296387	861.635009765625
413.775785261992	861.294982910156
416.622466091445	864.755004882813
419.468220210631	865.39501953125
422.313048045182	868.859985351563
425.156950020479	867.5
427.999926561623	866.140014648438
430.841978093471	865.885009765625
433.683105040613	864.835021972656
436.523307827384	863.659973144531
439.362586877851	863.585021972656
442.200942615829	861.775024414063
445.038375464876	861.690002441406
447.874885848283	861.690002441406
450.710474189089	860.900024414063
453.54514091007	861.070007324219
456.37888643375	861.664978027344
459.211711182386	861.200012207031
462.043615577986	858.135009765625
464.874600042297	855.614990234375
467.704664996804	854.065002441406
470.533810862741	852.309997558594
473.36203806108	851.984985351563
476.189347012547	850.940002441406
479.015738137594	851.465026855469
481.841211856432	853.090026855469
484.665768589008	855.85498046875
487.489408755009	856.159973144531
490.312132773878	856.465026855469
493.133941064796	855.859985351563
495.954834046683	854.875
498.77481213821	852.494995117188
501.593875757797	848.75
504.412025323601	843.765014648438
507.229261253524	837.025024414063
510.045583965226	833.015014648438
512.860993876093	829.340026855469
515.675491403271	825.849975585938
518.489076963649	821.530029296875
521.301750973863	818.515014648438
524.113513850293	815.130004882813
526.924366009065	813.184997558594
529.734307866052	809.89501953125
532.543339836881	808.059997558594
535.35146233692	806.650024414063
538.158675781281	805.025024414063
540.964980584833	803.10498046875
543.770377162182	802.659973144531
546.574865927692	801.309997558594
549.378447295465	798.945007324219
552.181121679365	796.97998046875
554.982889492993	797.049987792969
557.783751149701	794.914978027344
560.583707062591	794.114990234375
563.38275764452	793.539978027344
566.180903308083	792.859985351563
568.978144465633	792.005004882813
571.774481529266	792.205017089844
574.569914910839	792.25
577.364445021949	791.625
580.158072273946	791.164978027344
582.950797077926	790.02001953125
585.742619844752	788.755004882813
588.533540985018	788.945007324219
591.323560909078	790.510009765625
594.112680027034	790.820007324219
596.90089874875	789.690002441406
599.688217483828	789.039978027344
602.474636641629	788.914978027344
605.260156631263	789.190002441406
608.044777861596	789.195007324219
610.828500741241	788.844970703125
613.611325678567	788.025024414063
616.393253081697	788.390014648438
619.174283358506	788.585021972656
621.954416916616	787.940002441406
624.733654163414	787.275024414063
627.511995506029	787.044982910156
630.289441351351	785.400024414063
633.065992106022	782.340026855469
635.841648176434	782.294982910156
638.616409968744	782.695007324219
641.390277888847	784.909973144531
644.163252342408	785.239990234375
646.93533373484	785.77001953125
649.706522471307	786.299987792969
652.47681895674	785.130004882813
655.246223595811	783.924987792969
658.014736792957	782.919982910156
660.782358952371	782.945007324219
663.549090477999	783.419982910156
666.314931773542	784.150024414063
669.079883242452	783.455017089844
671.843945287955	783.650024414063
674.607118313019	782.460021972656
677.369402720366	782.025024414063
680.130798912488	782.275024414063
682.891307291627	782.760009765625
685.650928259784	782.205017089844
688.409662218708	782.755004882813
691.167509569927	783.255004882813
693.924470714705	783.635009765625
696.680546054078	782.914978027344
699.435735988832	784.200012207031
702.190040919516	784.515014648438
704.943461246442	785.025024414063
707.695997369667	784.299987792969
710.447649689022	783.065002441406
713.198418604088	784.090026855469
715.948304514206	784.594970703125
718.697307818481	784.369995117188
721.445428915779	785.575012207031
724.192668204716	786.799987792969
726.93902608368	785.594970703125
729.684502950805	785.299987792969
732.429099204005	785.719970703125
735.172815240936	786.140014648438
737.915651459026	787.200012207031
740.657608255463	786.940002441406
743.398686027186	787.700012207031
746.13888517091	789.64501953125
748.878206083102	791.630004882813
751.616649159998	792.724975585938
754.354214797584	794.080017089844
757.09090339162	796.830017089844
759.826715337622	798.059997558594
762.561651030868	798.034973144531
765.295710866406	795.905029296875
768.028895239041	795.89501953125
770.761204543336	793.330017089844
773.492639173626	792.190002441406
776.223199524006	791.700012207031
778.952885988334	791.804992675781
781.681698960235	792.210021972656
784.40963883309	792.474975585938
787.136706000052	792.400024414063
789.862900854037	792.320007324219
792.588223787721	793.859985351563
795.312675193549	794.419982910156
798.036255463728	794.210021972656
800.758964990228	793.224975585938
803.480804164792	794.364990234375
806.201773378919	796.434997558594
808.921873023884	796.015014648438
811.641103490712	796.635009765625
814.359465170214	799.205017089844
817.076958452946	800.150024414063
819.793583729246	800.255004882813
822.509341389214	804.375
825.224231822712	806.710021972656
827.938255419375	810.77001953125
830.651412568596	812.22998046875
833.363703659544	813.315002441406
836.075129081157	813.974975585938
838.785689222127	813.75
841.495384470928	814.150024414063
844.204215215788	813.909973144531
846.912181844721	814.190002441406
849.619284745491	814.445007324219
852.325524305638	816.994995117188
855.030900912475	818.010009765625
857.735414953079	818.015014648438
860.439066814289	816.849975585938
863.141856882725	813.219970703125
865.843785544769	810.809997558594
868.544853186571	809.109985351563
871.245060194063	808.059997558594
873.944406952925	808.655029296875
876.642893848625	808.969970703125
879.340521266398	810.065002441406
882.037289591241	811.034973144531
884.733199207927	809.705017089844
887.428250501001	808.429992675781
890.122443854778	808.450012207031
892.815779653335	808.510009765625
895.508258280534	809.22998046875
898.199880119997	809.599975585938
900.890645555129	810.669982910156
903.580554969094	810.094970703125
906.269608744832	810.340026855469
908.957807265056	809.489990234375
911.645150912257	807.830017089844
914.331640068689	807.340026855469
917.017275116375	807.659973144531
919.702056437128	809.284973144531
922.385984412518	809.984985351563
925.069059423886	810.739990234375
927.751281852366	813.565002441406
930.432652078842	814.184997558594
933.113170483983	814.5
935.79283744823	816.474975585938
938.471653351806	818.224975585938
941.149618574686	818.559997558594
943.826733496641	819.900024414063
946.502998497206	819.41748046875
949.178413955689	818.934997558594
951.85298025118	819.119995117188
954.526697762544	818.994995117188
957.199566868403	820.10498046875
959.87158794718	821.414978027344
962.542761377054	821.340026855469
965.213087535987	820.090026855469
967.882566801719	819.390014648438
970.551199551761	816.984985351563
973.218986163399	816.294982910156
975.885927013698	816.114990234375
978.552022479501	816.390014648438
981.217272937423	817.804992675781
983.88167876386	819.989990234375
986.545240334978	819.460021972656
989.207958026729	821.655029296875
991.869832214835	825.820007324219
994.530863274798	831.594970703125
997.191051581895	838.380004882813
999.850397511185	851.094970703125
1002.50890143751	864.684997558594
1005.16656373546	878.924987792969
1007.82338477944	885.25
1010.47936494363	884.724975585938
1013.13450460195	876.419982910156
1015.78880412815	860.960021972656
1018.44226389572	847.340026855469
1021.09488427794	838.659973144531
1023.74666564789	830.864990234375
1026.3976083784	827.179992675781
1029.04771284208	826.744995117188
1031.69697941135	828.960021972656
1034.34540845838	830.155029296875
1036.99300035512	831.414978027344
1039.63975547333	829.344970703125
1042.28567418452	827.780029296875
1044.93075685998	826.164978027344
1047.57500387081	826.260009765625
1050.21841558786	826.369995117188
1052.86099238177	825.375
1055.50273462297	827.599975585938
1058.14364268167	827.244995117188
1060.78371692784	827.544982910156
1063.42295773126	829.950012207031
1066.06136546148	832.424987792969
1068.69894048781	834.099975585938
1071.33568317939	834.825012207031
1073.9715939051	836.375
1076.60667303362	836.840026855469
1079.24092093341	835.965026855469
1081.87433797271	836.625
1084.50692451954	837.39501953125
1087.13868094172	836.434997558594
1089.76960760684	834.484985351563
1092.39970488226	832.030029296875
1095.02897313516	831.465026855469
1097.65741273246	829.065002441406
1100.28502404089	826.940002441406
1102.91180742697	825.580017089844
1105.53776325698	823.64501953125
1108.16289189701	822.434997558594
1110.78719371291	822
1113.41066907033	821.89501953125
1116.0333183347	820.789978027344
1118.65514187124	821.484985351563
1121.27614004495	822.25
1123.89631322061	823.409973144531
1126.51566176279	823.830017089844
1129.13418603585	822.744995117188
1131.75188640394	821.734985351563
1134.36876323098	819.344970703125
1136.98481688069	815.090026855469
1139.60004771655	811.164978027344
1142.21445610187	807.275024414063
1144.82804239972	803.965026855469
1147.44080697295	802.575012207031
1150.05275018421	803.340026855469
1152.66387239593	804.669982910156
1155.27417397034	805.119995117188
1157.88365526943	807.585021972656
1160.49231665502	809.679992675781
1163.10015848867	810.075012207031
1165.70718113176	809.734985351563
1168.31338494544	811.554992675781
1170.91877029067	811.455017089844
1173.52333752817	810.52001953125
1176.12708701847	812.125
1178.73001912187	812.335021972656
1181.33213419848	810.525024414063
1183.93343260819	808.809997558594
1186.53391471068	806.724975585938
1189.13358086539	806.64501953125
1191.73243143161	806.849975585938
1194.33046676836	807.349975585938
1196.92768723449	810.844970703125
1199.52409318861	814.150024414063
1202.11968498915	816.64501953125
1204.7144629943	819.505004882813
1207.30842756206	822.780029296875
1209.90157905021	826.465026855469
1212.49391781634	828.544982910156
1215.08544421779	828.619995117188
1217.67615861174	827.994995117188
1220.26606135512	827.64501953125
1222.85515280468	827.585021972656
1225.44343331694	830.224975585938
1228.03090324823	834.155029296875
1230.61756295466	836.77001953125
1233.20341279213	840.679992675781
1235.78845311634	846.174987792969
1238.37268428278	848.690002441406
1240.95610664673	850.715026855469
1243.53872056325	854.875
1246.12052638722	855.849975585938
1248.70152447329	856.130004882813
1251.28171517591	853.369995117188
1253.86109884934	852.015014648438
1256.43967584759	852.890014648438
1259.0174465245	852.460021972656
1261.5944112337	850.974975585938
1264.1705703286	851.234985351563
1266.74592416241	851.597534179688
1269.32047308814	851.960021972656
1271.89421745858	850.655029296875
1274.46715762633	850.344970703125
1277.03929394377	850.125
1279.61062676308	847.775024414063
1282.18115643624	847.575012207031
1284.75088331502	847.224975585938
1287.31980775098	844.700012207031
1289.88793009548	843.955017089844
1292.45525069969	842.484985351563
1295.02176991454	840.034973144531
1297.58748809078	838.054992675781
1300.15240557897	837.244995117188
1302.71652272942	837.784973144531
1305.27983989229	840.559997558594
1307.84235741749	842.140014648438
1310.40407565475	844.650024414063
1312.9649949536	847.099975585938
1315.52511566335	849.445007324219
1318.08443813311	849.275024414063
1320.64296271181	850.885009765625
1323.20068974815	851.090026855469
1325.75761959063	850.940002441406
1328.31375258756	851.664978027344
1330.86908908704	852.299987792969
1333.42362943696	852.015014648438
1335.97737398503	853.025024414063
1338.53032307874	854.22998046875
1341.08247706537	853.724975585938
1343.63383629202	853.655029296875
1346.18440110558	850.090026855469
1348.73417185274	848.109985351563
1351.28314887997	845.10498046875
1353.83133253357	841.364990234375
1356.37872315961	836.25
1358.92532110398	834.085021972656
1361.47112671237	830.429992675781
1364.01614033024	826.450012207031
1366.56036230288	824.280029296875
1369.10379297537	821.010009765625
1371.64643269258	817.130004882813
1374.18828179921	814.969970703125
1376.72934063972	814.275024414063
1379.2696095584	813.715026855469
1381.80908889932	812.554992675781
1384.34777900637	811.265014648438
1386.88568022323	811.875
1389.42279289337	811.864990234375
1391.95911736009	812.640014648438
1394.49465396645	814.664978027344
1397.02940305537	815.950012207031
1399.5633649695	816.885009765625
1402.09654005135	817.989990234375
1404.6289286432	819.525024414063
1407.16053108714	820.169982910156
1409.69134772507	819.739990234375
1412.22137889868	819.614990234375
1414.75062494947	820.164978027344
1417.27908621874	819.705017089844
1419.80676304759	818.89501953125
1422.33365577692	818.539978027344
1424.85976474744	819.864990234375
1427.38509029967	820.450012207031
1429.90963277392	822.780029296875
1432.4333925103	824.869995117188
1434.95636984873	829.244995117188
1437.47856512894	835.724975585938
1439.99997869045	843.505004882813
1442.5206108726	851.755004882813
1445.04046201452	860.289978027344
1447.55953245515	866.179992675781
1450.07782253323	868.840026855469
1452.59533258731	872.760009765625
1455.11206295574	871.192504882813
1457.62801397668	869.625
1460.14318598809	867.734985351563
1462.65757932774	862.929992675781
1465.1711943332	856.924987792969
1467.68403134184	849.265014648438
1470.19609069085	841.309997558594
1472.70737271721	833.530029296875
1475.21787775772	823.400024414063
1477.72760614897	813.349975585938
1480.23655822738	805.830017089844
1482.74473432914	797.02001953125
1485.25213479029	791.515014648438
1487.75875994664	787.030029296875
1490.26461013382	783.125
1492.76968568726	781.440002441406
1495.27398694222	779.094970703125
1497.77751423374	778.544982910156
1500.28026789667	777.75
1502.78224826569	777.400024414063
1505.28345567526	777.070007324219
1507.78389045967	776.890014648438
1510.28355295299	775.75
1512.78244348913	774.945007324219
1515.28056240178	773.705017089844
1517.77791002445	773.830017089844
1520.27448669047	773.630004882813
1522.77029273296	772.609985351563
1525.26532848486	773.489990234375
1527.75959427889	773.765014648438
1530.25309044764	773.135009765625
1532.74581732344	774.049987792969
1535.23777523847	774.505004882813
1537.72896452471	775.27001953125
1540.21938551394	776.72998046875
1542.70903853778	778.919982910156
1545.19792392761	781.835021972656
1547.68604201466	784.044982910156
1550.17339312997	787.715026855469
1552.65997760434	791.445007324219
1555.14579576845	793.260009765625
1557.63084795275	793.534973144531
1560.11513448749	792.155029296875
1562.59865570276	790.575012207031
1565.08141192845	789.719970703125
1567.56340349426	788.830017089844
1570.04463072969	786.195007324219
1572.52509396406	786.200012207031
1575.00479352652	785.650024414063
1577.48372974599	785.900024414063
1579.96190295124	787.219970703125
1582.43931347083	788.450012207031
1584.91596163314	789.900024414063
1587.39184776636	790.869995117188
1589.86697219849	792.869995117188
1592.34133525734	793.094970703125
1594.81493727054	793.474975585938
1597.28777856553	796.565002441406
1599.75985946955	799.739990234375
1602.23118030968	803.094970703125
1604.70174141278	806.549987792969
1607.17154310555	811.664978027344
1609.64058571449	815.275024414063
1612.10886956591	816.655029296875
1614.57639498595	814.919982910156
1617.04316230054	813.684997558594
1619.50917183543	812.919982910156
1621.97442391621	809.739990234375
1624.43891886825	808.635009765625
1626.90265701674	808.775024414063
1629.36563868671	806.630004882813
1631.82786420296	803.885009765625
1634.28933389016	804.60498046875
1636.75004807274	806.114990234375
1639.21000707498	808.700012207031
1641.66921122097	812.664978027344
1644.12766083459	817.559997558594
1646.58535623956	821.25
1649.04229775941	826.034973144531
1651.4984857175	831.244995117188
1653.95392043697	837.390014648438
1656.40860224079	842.094970703125
1658.86253145177	846.945007324219
1661.3157083925	851.054992675781
1663.76813338542	853.405029296875
1666.21980675275	856.72998046875
1668.67072881656	856.375
1671.1208998987	855.5
1673.57032032089	853.755004882813
1676.0189904046	850.294982910156
1678.46691047118	844.679992675781
1680.91408084174	839.575012207031
1683.36050183726	833.364990234375
1685.8061737785	826.265014648438
1688.25109698605	818.825012207031
1690.69527178032	811.830017089844
1693.13869848153	804.239990234375
1695.58137740972	796.984985351563
1698.02330888476	790.799987792969
1700.46449322631	784.965026855469
1702.90493075388	779.934997558594
1705.34462178678	774.844970703125
1707.78356664414	770.744995117188
1710.22176564492	767.489990234375
1712.65921910787	765.02001953125
1715.0959273516	763.044982910156
1717.53189069449	761.804992675781
1719.9671094548	760.75
1722.40158395054	759.085021972656
1724.8353144996	758.984985351563
1727.26830141965	758.349975585938
1729.70054502819	757.559997558594
1732.13204564255	757.184997558594
1734.56280357987	757.090026855469
1736.99281915711	757.505004882813
1739.42209269106	756.549987792969
1741.85062449831	755.989990234375
1744.27841489529	755.820007324219
1746.70546419823	755.140014648438
1749.13177272321	755.25
1751.5573407861	755.239990234375
1753.98216870262	755.255004882813
1756.40625678828	755.539978027344
1758.82960535844	755.015014648438
1761.25221472825	754.719970703125
1763.67408521271	754.864990234375
1766.09521712663	754.965026855469
1768.51561078464	754.424987792969
1770.93526650119	753.969970703125
1773.35418459056	754.414978027344
1775.77236536684	754.255004882813
1778.18980914396	754.10498046875
1780.60651623565	754.030029296875
1783.02248695548	753.859985351563
1785.43772161684	754.080017089844
1787.85222053292	753.719970703125
1790.26598401677	753.205017089844
1792.67901238123	753.640014648438
1795.09130593899	753.594970703125
1797.50286500254	752.969970703125
1799.9136898842	753.75
1802.32378089613	753.625
1804.73313835028	753.489990234375
1807.14176255846	753.375
1809.54965383228	752.60498046875
1811.95681248317	753
1814.36323882242	752.760009765625
1816.76893316109	752.674987792969
1819.17389581011	752.755004882813
1821.57812708021	752.755004882813
1823.98162728196	752.929992675781
1826.38439672573	753.125
1828.78643572174	752.849975585938
1831.18774458003	752.950012207031
1833.58832361045	753.054992675781
1835.98817312269	752.60498046875
1838.38729342625	752.549987792969
1840.78568483048	752.304992675781
1843.18334764454	751.905029296875
1845.58028217741	752.465026855469
1847.9764887379	752.205017089844
1850.37196763465	752.429992675781
1852.76671917613	752.510009765625
1855.16074367062	752.429992675781
1857.55404142624	752.335021972656
1859.94661275094	751.945007324219
1862.33845795247	751.909973144531
1864.72957733844	752.289978027344
1867.11997121627	752.349975585938
1869.5096398932	751.549987792969
1871.89858367631	751.85498046875
1874.28680287251	751.835021972656
1876.67429778851	752.599975585938
1879.06106873089	752.815002441406
1881.44711600601	752.549987792969
1883.8324399201	751.739990234375
1886.21704077919	751.820007324219
1888.60091888915	752.137512207031
1890.98407455567	752.455017089844
1893.36650808428	751.799987792969
1895.74821978033	752.159973144531
1898.12920994899	752.179992675781
1900.50947889527	752.210021972656
1902.88902692401	751.994995117188
1905.26785433986	751.505004882813
1907.64596144734	752.039978027344
1910.02334855075	752.429992675781
1912.40001595424	752.445007324219
1914.7759639618	751.85498046875
1917.15119287724	752.065002441406
1919.52570300419	751.450012207031
1921.89949464611	751.364990234375
1924.27256810632	751.635009765625
1926.64492368793	752.335021972656
1929.0165616939	752.125
1931.38748242701	752.215026855469
1933.75768618989	752.700012207031
1936.12717328497	752.349975585938
1938.49594401455	752.340026855469
1940.86399868071	752.094970703125
1943.23133758541	751.940002441406
1945.5979610304	751.922485351563
1947.96386931729	751.905029296875
1950.32906274751	751.880004882813
1952.69354162232	751.825012207031
1955.0573062428	751.885009765625
1957.42035690989	752.325012207031
1959.78269392434	752.289978027344
1962.14431758673	752.414978027344
1964.50522819748	752.330017089844
1966.86542605684	751.585021972656
1969.22491146488	751.349975585938
1971.58368472153	751.695007324219
1973.94174612654	751.609985351563
1976.29909597945	752.309997558594
1978.65573457971	752.820007324219
1981.01166222654	752.472534179688
1983.36687921902	752.125
1985.72138585606	752.10498046875
1988.07518243639	751.630004882813
1990.42826925859	751.940002441406
1992.78064662106	752.570007324219
1995.13231482205	752.219970703125
1997.48327415961	752.280029296875
1999.83352493167	751.784973144531
2002.18306743594	752.419982910156
2004.53190197002	752.385009765625
2006.8800288313	752.590026855469
2009.22744831703	751.89501953125
2011.57416072427	752.315002441406
2013.92016634993	752.219970703125
2016.26546549076	751.405029296875
2018.61005844332	752.10498046875
2020.95394550404	751.950012207031
2023.29712696915	751.859985351563
2025.63960313474	751.940002441406
2027.98137429672	752.219970703125
2030.32244075083	752.784973144531
2032.66280279266	752.505004882813
2035.00246071763	753.015014648438
2037.34141482099	752.890014648438
2039.67966539784	752.744995117188
2042.01721274309	752.940002441406
2044.35405715151	753.14501953125
2046.69019891769	752.440002441406
2049.02563833606	753.419982910156
2051.3603757009	753.710021972656
2053.6944113063	752.825012207031
2056.0277454462	754.025024414063
2058.36037841439	754.119995117188
2060.69231050446	754.030029296875
2063.02354200988	753.734985351563
2065.35407322392	753.780029296875
2067.68390443971	754.344970703125
2070.01303595021	754.344970703125
2072.3414680482	754.210021972656
2074.66920102633	754.52001953125
2076.99623517706	754.179992675781
2079.32257079271	753.289978027344
2081.6482081654	752.940002441406
2083.97314758713	753.195007324219
2086.29738934971	753.679992675781
2088.62093374481	754.059997558594
2090.94378106391	753.835021972656
2093.26593159835	753.5
2095.5873856393	753.650024414063
2097.90814347777	752.919982910156
2100.2282054046	753.364990234375
2102.54757171048	753.994995117188
2104.86624268594	753.570007324219
2107.18421862133	754.164978027344
2109.50149980686	754.075012207031
2111.81808653257	754.190002441406
2114.13397908834	753.815002441406
2116.44917776388	754.299987792969
2118.76368284875	754.280029296875
2121.07749463235	754.174987792969
2123.39061340391	753.549987792969
2125.70303945252	753.414978027344
2128.01477306707	754.39501953125
2130.32581453634	754.10498046875
2132.63616414891	754.400024414063
2134.94582219322	754
2137.25478895754	754.554992675781
2139.56306472999	754.164978027344
2141.87064979851	754.335021972656
2144.17754445092	754.744995117188
2146.48374897484	754.75
2148.78926365774	754.695007324219
2151.09408878695	754.739990234375
2153.39822464963	754.565002441406
2155.70167153277	754.739990234375
2158.00442972321	753.630004882813
2160.30649950763	754.135009765625
2162.60788117256	754.590026855469
2164.90857500436	754.909973144531
2167.20858128923	754.840026855469
2169.50790031323	754.260009765625
2171.80653236223	754.450012207031
2174.10447772198	754.320007324219
2176.40173667804	754.190002441406
2178.69830951582	754.275024414063
2180.99419652058	753.989990234375
2183.28939797743	754.525024414063
2185.5839141713	754.47998046875
2187.87774538698	754.640014648438
2190.17089190908	754.60498046875
2192.46335402209	754.369995117188
2194.75513201032	753.945007324219
2197.04622615791	753.919982910156
2199.33663674886	753.919982910156
2201.62636406702	753.890014648438
2203.91540839606	754.015014648438
2206.20377001952	754.255004882813
2208.49144922077	754.469970703125
2210.77844628302	754.434997558594
2213.06476148933	754.640014648438
2215.3503951226	754.609985351563
2217.63534746557	754.794982910156
2219.91961880085	754.275024414063
2222.20320941085	754.349975585938
2224.48611957785	754.429992675781
2226.76834958399	753.820007324219
2229.04989971122	753.570007324219
2231.33077024136	753.594970703125
2233.61096145607	753.659973144531
2235.89047363683	753.809997558594
2238.169307065	753.804992675781
2240.44746202178	754.190002441406
2242.72493878819	754.369995117188
2245.00173764511	753.960021972656
2247.27785887327	754.429992675781
2249.55330275324	754.094970703125
2251.82806956545	754.835021972656
2254.10215959014	754.900024414063
2256.37557310744	754.974975585938
2258.64831039729	754.864990234375
2260.92037173949	754.780029296875
2263.19175741368	754.284973144531
2265.46246769938	754.25
2267.7325028759	754.065002441406
2270.00186322243	754.169982910156
2272.270549018	754.0224609375
2274.5385605415	753.875
2276.80589807165	753.960021972656
2279.07256188702	754.234985351563
2281.33855226601	754.52001953125
2283.60386948691	754.559997558594
2285.86851382782	754.10498046875
2288.1324855667	754.695007324219
2290.39578498136	755.375
2292.65841234945	755.215026855469
2294.92036794847	755.232543945313
2297.18165205578	755.25
2299.44226494856	755.174987792969
2301.70220690387	754.984985351563
2303.96147819859	755.260009765625
2306.22007910947	755.030029296875
2308.47800991309	755.590026855469
2310.73527088589	755.275024414063
2312.99186230416	755.804992675781
2315.24778444403	756.255004882813
2317.50303758149	756.309997558594
2319.75762199235	756.1875
2322.01153795231	756.065002441406
2324.26478573689	756.630004882813
2326.51736562147	756.530029296875
2328.76927788127	757.690002441406
2331.02052279137	757.544982910156
2333.2711006267	757.614990234375
2335.52101166203	756.664978027344
2337.77025617198	757.02001953125
2340.01883443103	756.174987792969
2342.2667467135	756.525024414063
2344.51399329356	755.719970703125
2346.76057444525	755.655029296875
2349.00649044241	755.289978027344
2351.2517415588	755.385009765625
2353.49632806796	754.849975585938
2355.74025024334	755.164978027344
2357.98350835819	755.614990234375
2360.22610268566	755.755004882813
2362.4680334987	755.784973144531
2364.70930107016	755.859985351563
2366.94990567269	755.934997558594
2369.18984757884	755.349975585938
2371.42912706098	756.109985351563
2373.66774439134	755.924987792969
2375.90569984199	755.549987792969
2378.14299368488	755.64501953125
2380.37962619179	755.02001953125
2382.61559763435	755.905029296875
2384.85090828405	755.835021972656
2387.08555841222	755.765014648438
2389.31954829006	755.570007324219
2391.55287818861	755.340026855469
2393.78554837877	755.445007324219
2396.01755913128	755.820007324219
2398.24891071673	755.664978027344
2400.47960340558	755.919982910156
2402.70963746814	755.989990234375
2404.93901317456	755.265014648438
2407.16773079485	755.784973144531
2409.39579059887	756.309997558594
2411.62319285633	756.090026855469
2413.84993783681	756.679992675781
2416.07602580971	756.534973144531
2418.30145704432	756.434997558594
2420.52623180977	756.940002441406
2422.75035037503	756.919982910156
2424.97381300893	756.919982910156
2427.19661998017	756.575012207031
2429.41877155729	756.434997558594
2431.64026800867	756.609985351563
2433.86110960257	756.739990234375
2436.08129660709	756.77001953125
2438.30082929019	757.244995117188
2440.51970791967	757.719970703125
2442.73793276321	756.655029296875
2444.95550408832	757.344970703125
2447.17242216237	757.030029296875
2449.38868725259	757.179992675781
2451.60429962607	757.349975585938
2453.81925954975	756.719970703125
2456.03356729041	756.984985351563
2458.2472231147	756.804992675781
2460.46022728913	756.802490234375
2462.67258008005	756.799987792969
2464.88428175368	756.794982910156
2467.09533257608	756.806640625
2469.30573281318	756.818359375
2471.51548273076	756.830017089844
2473.72458259445	758.125
2475.93303266974	758
2478.14083322198	758.150024414063
2480.34798451637	757.684997558594
2482.55448681797	757.484985351563
2484.76034039169	757.940002441406
2486.96554550231	757.724975585938
2489.17010241445	757.195007324219
2491.37401139259	757.364990234375
2493.57727270109	757.309997558594
2495.77988660412	757.549987792969
2497.98185336574	757.535034179688
2500.18317324987	757.52001953125
2502.38384652028	758.335021972656
2504.58387344058	758.614990234375
2506.78325427425	758.659973144531
2508.98198928465	758.890014648438
2511.18007873495	758.780029296875
2513.37752288821	758.405029296875
2515.57432200735	758.400024414063
2517.77047635514	758.244995117188
2519.96598619419	758.284973144531
2522.16085178699	758.494995117188
2524.35507339589	758.614990234375
2526.54865128308	758.760009765625
2528.74158571062	758.679992675781
2530.93387694042	758.7099609375
2533.12552523427	758.739990234375
2535.31653085379	759.159973144531
2537.50689406046	758.349975585938
2539.69661511566	758.510009765625
2541.88569428057	759.299987792969
2544.07413181627	759.02001953125
2546.26192798368	760.075012207031
2548.44908304359	760.419982910156
2550.63559725664	760.244995117188
2552.82147088333	760.265014648438
2555.00670418402	760.25
2557.19129741894	761.275024414063
2559.37525084817	760.875
2561.55856473164	760.760009765625
2563.74123932917	760.544982910156
2565.92327490039	760.174987792969
2568.10467170484	760.724975585938
2570.28543000189	760.119995117188
2572.46555005079	760.544982910156
2574.64503211063	760.900024414063
2576.82387644036	761.094970703125
2579.00208329882	760.455017089844
2581.17965294468	761.174987792969
2583.35658563648	761.825012207031
2585.53288163263	761.02001953125
2587.70854119137	760.794982910156
2589.88356457084	760.950012207031
2592.05795202902	761.030029296875
2594.23170382376	762.265014648438
2596.40482021275	761.465026855469
2598.57730145356	761.510009765625
2600.74914780363	761.080017089844
2602.92035952023	761.85498046875
2605.09093686053	761.559997558594
2607.26088008153	762.450012207031
2609.4301894401	762.390014648438
2611.59886519299	763.065002441406
2613.76690759678	763.599975585938
2615.93431690793	764.10498046875
2618.10109338277	764.304992675781
2620.26723727748	764.900024414063
2622.4327488481	763.804992675781
2624.59762835054	764.22998046875
2626.76187604057	764.934997558594
2628.92549217382	765.025024414063
2631.08847700579	765.664978027344
2633.25083079182	765.840026855469
2635.41255378715	766.080017089844
2637.57364624684	765.429992675781
2639.73410842586	764.440002441406
2641.893940579	765.135009765625
2644.05314296094	765.60498046875
2646.21171582621	765.280029296875
2648.36965942921	766.575012207031
2650.5269740242	767.150024414063
2652.6836598653	766.75
2654.83971720651	767.099975585938
2656.99514630167	766.984985351563
2659.1499474045	766.909973144531
2661.30412076857	766.984985351563
2663.45766664734	766.835021972656
2665.61058529411	767.309997558594
2667.76287696204	767.109985351563
2669.91454190418	767.619995117188
2672.06558037342	768.765014648438
2674.21599262253	768.989990234375
2676.36577890413	768.825012207031
2678.51493947072	768.414978027344
2680.66347457466	769.614990234375
2682.81138446816	769.85498046875
2684.95866940332	770.25
2687.10532963209	770.64501953125
2689.25136540628	769.525024414063
2691.39677697757	769.284973144531
2693.54156459752	769.47998046875
2695.68572851753	769.674987792969
2697.82926898888	770.549987792969
2699.97218626272	770.734985351563
2702.11448059006	770.755004882813
2704.25615222175	772.325012207031
2706.39720140856	773.325012207031
2708.53762840109	773.059997558594
2710.67743344979	774.184997558594
2712.81661680503	774.289978027344
2714.95517871698	774.559997558594
2717.09311943574	776.445007324219
2719.23043921123	778.224975585938
2721.36713829325	779.619995117188
2723.50321693148	780.739990234375
2725.63867537545	780.630004882813
2727.77351387456	779.955017089844
2729.90773267809	781.570007324219
2732.04133203516	782.424987792969
2734.17431219478	782.969970703125
2736.30667340581	782.179992675781
2738.438415917	782.35498046875
2740.56953997695	782.065002441406
2742.70004583414	780.5
2744.82993373688	779.679992675781
2746.9592039334	779.215026855469
2749.08785667177	778.909973144531
2751.21589219993	778.809997558594
2753.34331076568	777.989990234375
2755.4701126167	777.35498046875
2757.59629800054	777.22998046875
2759.7218671646	777.114990234375
2761.84682035617	777.97998046875
2763.9711578224	778.47998046875
2766.0948798103	778.474975585938
2768.21798656676	778.789978027344
2770.34047833852	778.734985351563
2772.46235537222	777.700012207031
2774.58361791434	777.744995117188
2776.70426621124	776.659973144531
2778.82430050915	776.929992675781
2780.94372105416	777.640014648438
2783.06252809224	776.869995117188
2785.18072186922	776.39501953125
2787.29830263081	776.549987792969
2789.41527062257	776.114990234375
2791.53162608996	775.664978027344
2793.64736927828	774.950012207031
2795.76250043271	775.695007324219
2797.8770197983	776.205017089844
2799.99092761997	775.989990234375
2802.10422414252	775.969970703125
2804.21690961059	777.669982910156
2806.32898426873	778.984985351563
2808.44044836132	779.049987792969
2810.55130213264	779.424987792969
2812.66154582682	780.039978027344
2814.77117968788	781.244995117188
2816.8802039597	782.510009765625
2818.98861888601	784.005004882813
2821.09642471046	785.780029296875
2823.20362167653	787.150024414063
2825.31021002756	788.5
2827.41619000682	790.445007324219
2829.52156185738	792.155029296875
2831.62632582224	794.359985351563
2833.73048214422	796.114990234375
2835.83403106606	800.494995117188
2837.93697283033	803.994995117188
2840.03930767951	808.224975585938
2842.1410358559	812.22998046875
2844.24215760173	818.234985351563
2846.34267315905	826.010009765625
2848.44258276982	833.344970703125
2850.54188667585	842.445007324219
2852.64058511883	853.405029296875
2854.73867834032	864.869995117188
2856.83616658175	874.755004882813
2858.93305008443	885.684997558594
2861.02932908952	898.539978027344
2863.12500383809	914.965026855469
2865.22007457104	934.034973144531
2867.31454152918	954.989990234375
2869.40840495316	975.775024414063
2871.50166508353	992.575012207031
2873.59432216069	1008.35998535156
2875.68637642493	1019.30499267578
2877.77782811641	1024.0400390625
2879.86867747515	1029.25500488281
2881.95892474105	1035.86499023438
2884.0485701539	1040.21496582031
2886.13761395333	1038.42504882813
2888.22605637886	1040.23999023438
2890.3138976699	1047.02502441406
2892.40113806571	1053.31994628906
2894.48777780544	1058.43005371094
2896.57381712808	1061.28503417969
2898.65925627254	1067.86499023438
2900.74409547758	1075.68994140625
2902.82833498183	1083.06494140625
2904.9119750238	1090.6650390625
2906.99501584188	1103.63000488281
2909.07745767432	1121.23999023438
2911.15930075925	1140.51000976563
2913.24054533469	1159.85998535156
2915.3211916385	1166.64501953125
2917.40123990846	1189.09497070313
2919.48069038217	1214.82495117188
2921.55954329716	1230.46997070313
2923.63779889079	1244.93005371094
2925.71545740033	1257.64001464844
2927.79251906289	1268.21997070313
2929.86898411548	1279.66003417969
2931.94485279498	1288.75
2934.02012533815	1293.66003417969
2936.0948019816	1297.31005859375
2938.16888296184	1295.89001464844
2940.24236851525	1284.21997070313
2942.31525887809	1267.30004882813
2944.38755428648	1251.78503417969
2946.45925497643	1246.36499023438
2948.53036118382	1230.2900390625
2950.6008731444	1200.91003417969
2952.67079109381	1177.09997558594
2954.74011526755	1163.10498046875
2956.80884590101	1148.28503417969
2958.87698322944	1141.26000976563
2960.94452748799	1137.94995117188
2963.01147891167	1125.81494140625
2965.07783773535	1109.49499511719
2967.14360419382	1101.76501464844
2969.2087785217	1095.83996582031
2971.27336095352	1092.68994140625
2973.33735172366	1086.60498046875
2975.40075106641	1078.13500976563
2977.46355921591	1069.59497070313
2979.52577640618	1060.01000976563
2981.58740287112	1048.22497558594
2983.64843884452	1035.68505859375
2985.70888456003	1024.60998535156
2987.76874025117	1015.88500976563
2989.82800615137	1002.64501953125
2991.88668249391	987.330017089844
2993.94476951194	972.159973144531
2996.00226743852	954.799987792969
2998.05917650657	939.280029296875
3000.11549694887	930.179992675781
3002.17122899812	919.054992675781
3004.22637288685	907.034973144531
3006.2809288475	894.765014648438
3008.33489711238	885.335021972656
3010.38827791368	874.950012207031
3012.44107148345	867.635009765625
3014.49327805366	861.900024414063
3016.5448978561	853.125
3018.59593112249	845.10498046875
3020.64637808441	838.544982910156
3022.6962389733	836.825012207031
3024.74551402051	831.880004882813
3026.79420345725	828.64501953125
3028.84230751461	826.919982910156
3030.88982642357	824.89501953125
3032.93676041497	822.065002441406
3034.98310971955	821.039978027344
3037.02887456791	821.674987792969
3039.07405519054	825.534973144531
3041.11865181781	828.914978027344
3043.16266467996	830.929992675781
3045.20609400713	833.75
3047.24894002932	835.424987792969
3049.2912029764	836.635009765625
3051.33288307815	838.330017089844
3053.37398056421	841.784973144531
3055.41449566411	847.364990234375
3057.45442860725	852.77001953125
3059.49377962291	855.630004882813
3061.53254894026	860.414978027344
3063.57073678834	863.39501953125
3065.60834339607	861.820007324219
3067.64536899227	856.200012207031
3069.68181380561	852.864990234375
3071.71767806467	848.380004882813
3073.75296199788	842.859985351563
3075.78766583357	836.659973144531
3077.82178979997	828.599975585938
3079.85533412513	823.900024414063
3081.88829903705	819.080017089844
3083.92068476356	814.900024414063
3085.95249153241	810.030029296875
3087.98371957119	807.039978027344
3090.01436910741	802.590026855469
3092.04444036844	801.409973144531
3094.07393358152	800.945007324219
3096.10284897381	798.875
3098.13118677232	797.875
3100.15894720395	797.710021972656
3102.18613049548	796.815002441406
3104.21273687357	797.674987792969
3106.23876656477	798.210021972656
3108.2642197955	797.309997558594
3110.28909679208	796.364990234375
3112.31339778069	796.065002441406
3114.33712298741	796.375
3116.36027263819	796.424987792969
3118.38284695887	796.835021972656
3120.40484617516	797.400024414063
3122.42627051268	796.755004882813
3124.4471201969	796.575012207031
3126.46739545319	796.119995117188
3128.4870965068	796.849975585938
3130.50622358287	797.215026855469
3132.5247769064	796.695007324219
3134.54275670229	796.989990234375
3136.56016319534	796.802490234375
3138.57699661019	796.614990234375
3140.59325717139	796.539978027344
3142.60894510338	796.25
3144.62406063047	796.609985351563
3146.63860397686	796.505004882813
3148.65257536662	796.765014648438
3150.66597502371	798.140014648438
3152.67880317199	798.599975585938
3154.69106003518	798.630004882813
3156.70274583691	798.77001953125
3158.71386080065	798.224975585938
3160.72440514981	799.544982910156
3162.73437910763	800.484985351563
3164.74378289728	802.200012207031
3166.75261674179	803.164978027344
3168.76088086407	803.135009765625
3170.76857548692	804.494995117188
3172.77570083303	804.1875
3174.78225712498	803.880004882813
3176.78824458521	803.025024414063
3178.79366343607	804.994995117188
3180.79851389977	806.265014648438
3182.80279619844	809.525024414063
3184.80651055405	809.760009765625
3186.80965718849	810.224975585938
3188.81223632353	810.054992675781
3190.81424818081	811.284973144531
3192.81569298186	812.64501953125
3194.8165709481	813.859985351563
3196.81688230084	813.469970703125
3198.81662726126	814.075012207031
3200.81580605044	816.304992675781
3202.81441888933	816.835021972656
3204.81246599879	818.239990234375
3206.80994759954	818.880004882813
3208.80686391219	820.385009765625
3210.80321515726	822.539978027344
3212.79900155512	823.989990234375
3214.79422332605	825.320007324219
3216.78888069021	823.97998046875
3218.78297386765	824.315002441406
3220.77650307828	825.010009765625
3222.76946854195	825.869995117188
3224.76187047834	826.054992675781
3226.75370910705	826.510009765625
3228.74498464755	828.075012207031
3230.73569731921	829.22998046875
3232.72584734127	830.565002441406
3234.71543493287	831.875
3236.70446031304	832.830017089844
3238.69292370068	834.72998046875
3240.68082531459	835.35498046875
3242.66816537345	834.890014648438
3244.65494409583	837.179992675781
3246.6411617002	838.289978027344
3248.62681840488	838.340026855469
3250.61191442812	838.184997558594
3252.59644998804	840.655029296875
3254.58042530263	841.989990234375
3256.56384058979	840.609985351563
3258.54669606731	842.10498046875
3260.52899195285	844.47998046875
3262.51072846396	846.539978027344
3264.4919058181	846.780029296875
3266.47252423259	848.039978027344
3268.45258392464	851.155029296875
3270.43208511138	854.190002441406
3272.41102800978	855.539978027344
3274.38941283675	857.590026855469
3276.36723980904	858.684997558594
3278.34450914332	858.22998046875
3280.32122105613	857.775024414063
3282.29737576392	857.965026855469
3284.272973483	859.659973144531
3286.24801442958	860.775024414063
3288.22249881978	862
3290.19642686957	861.614990234375
3292.16979879485	861.119995117188
3294.14261481136	861.619995117188
3296.11487513478	863.02001953125
3298.08657998065	863.984985351563
3300.0577295644	862.155029296875
3302.02832410136	860.830017089844
3303.99836380673	862.364990234375
3305.96784889563	861.85498046875
3307.93677958303	860.474975585938
3309.90515608383	860.02001953125
3311.87297861278	858.635009765625
3313.84024738456	858.27001953125
3315.80696261371	858.664978027344
3317.77312451466	858.515014648438
3319.73873330175	854.650024414063
3321.70378918919	852.080017089844
3323.66829239109	850.905029296875
3325.63224312145	852.034973144531
3327.59564159416	851.265014648438
3329.55848802299	850.744995117188
3331.52078262162	851.044982910156
3333.4825256036	850.5
3335.44371718237	848.210021972656
3337.40435757128	849.130004882813
3339.36444698356	847.864990234375
3341.32398563232	847.580017089844
3343.28297373058	847.344970703125
3345.24141149124	846.140014648438
3347.19929912709	845.530029296875
3349.15663685081	846.924987792969
3351.11342487497	846.969970703125
3353.06966341204	845.684997558594
3355.02535267437	844.789978027344
3356.98049287421	844.890014648438
3358.9350842237	844.474975585938
3360.88912693486	844.799987792969
3362.84262121962	843.780029296875
3364.79556728978	843.280029296875
3366.74796535705	843.544982910156
3368.69981563302	844.885009765625
3370.65111832917	843.580017089844
3372.60187365689	841.724975585938
3374.55208182744	841.315002441406
3376.50174305198	840.109985351563
3378.45085754157	839.119995117188
3380.39942550714	839.077514648438
3382.34744715954	839.034973144531
3384.29492270949	838.974975585938
3386.24185236761	838.515014648438
3388.18823634442	837.724975585938
3390.13407485031	835.815002441406
3392.07936809559	834.950012207031
3394.02411629045	833.695007324219
3395.96831964496	835.715026855469
3397.91197836911	834.465026855469
3399.85509267275	835.135009765625
3401.79766276564	833.174987792969
3403.73968885745	831.580017089844
3405.68117115771	831.440002441406
3407.62210987586	831.409973144531
3409.56250522123	830.784973144531
3411.50235740305	829.440002441406
3413.44166663043	828.830017089844
3415.38043311238	828.22998046875
3417.3186570578	828.244995117188
3419.2563386755	828.400024414063
3421.19347817415	828.239990234375
3423.13007576235	827.215026855469
3425.06613164857	825.890014648438
3427.00164604118	828.255004882813
3428.93661914844	827.010009765625
3430.87105117852	826.565002441406
3432.80494233945	826.10498046875
3434.73829283919	825.14501953125
3436.67110288558	824.739990234375
3438.60337268634	823.775024414063
3440.53510244911	823.200012207031
3442.4662923814	821.659973144531
3444.39694269064	820.820007324219
3446.32705358412	820.784973144531
3448.25662526905	820.710021972656
3450.18565795254	819.52001953125
3452.11415184156	818.530029296875
3454.04210714302	817.575012207031
3455.96952406369	816.530029296875
3457.89640281024	815.054992675781
3459.82274358924	815.885009765625
3461.74854660717	816.450012207031
3463.67381207038	814.599975585938
3465.59854018513	812.614990234375
3467.52273115756	811.934997558594
3469.44638519373	810.580017089844
3471.36950249956	809.405029296875
3473.29208328091	809.765014648438
3475.21412774349	809.335021972656
3477.13563609293	808.340026855469
3479.05660853476	807.960021972656
3480.97704527438	807.465026855469
3482.89694651712	806.179992675781
3484.81631246818	803.630004882813
3486.73514333266	802.864990234375
3488.65343931557	802.880004882813
3490.57120062179	800.804992675781
3492.48842745612	799.25
3494.40512002324	798.179992675781
3496.32127852773	797.195007324219
3498.23690317408	797.434997558594
3500.15199416666	796.525024414063
3502.06655170974	795.635009765625
3503.98057600749	794.315002441406
3505.89406726396	794.140014648438
3507.80702568312	793.539978027344
3509.71945146883	792.840026855469
3511.63134482483	791.835021972656
3513.54270595478	790.909973144531
3515.45353506222	789.820007324219
3517.3638323506	788.219970703125
3519.27359802324	788.309997558594
3521.1828322834	788.130004882813
3523.09153533419	786.674987792969
3524.99970737866	785.320007324219
3526.90734861972	784.47998046875
3528.81445926021	783.169982910156
3530.72103950283	782.169982910156
3532.62708955022	781.494995117188
3534.53260960488	781.255004882813
3536.43759986923	781.494995117188
3538.34206054558	778.885009765625
3540.24599183613	777.534973144531
3542.149393943	777.210021972656
3544.05226706817	776.580017089844
3545.95461141357	776.405029296875
3547.85642718097	775.335021972656
3549.75771457208	775.559997558594
3551.6584737885	775.010009765625
3553.55870503171	773.909973144531
3555.4584085031	774.054992675781
3557.35758440396	772.385009765625
3559.25623293548	771.445007324219
3561.15435429874	770.375
3563.05194869473	770.219970703125
3564.94901632432	769.450012207031
3566.84555738829	768.455017089844
3568.74157208732	768.349975585938
3570.63706062199	767.989990234375
3572.53202319277	768.525024414063
3574.42646000003	767.469970703125
3576.32037124406	767.164978027344
3578.213757125	766.809997558594
3580.10661784295	767.039978027344
3581.99895359786	766.789978027344
3583.8907645896	766.429992675781
3585.78205101794	765.349975585938
3587.67281308254	764.219970703125
3589.56305098297	763.14501953125
3591.4527649187	762.289978027344
3593.34195508907	762.684997558594
3595.23062169338	763.039978027344
3597.11876493075	762.609985351563
3599.00638500027	762.174987792969
3600.89348210089	761.710021972656
3602.78005643148	761.070007324219
3604.66610819078	761.094970703125
3606.55163757747	760.609985351563
3608.4366447901	760.450012207031
3610.32113002713	759.429992675781
3612.20509348693	758.950012207031
3614.08853536774	758.844970703125
3615.97145586773	757.825012207031
3617.85385518497	757.215026855469
3619.7357335174	757.385009765625
3621.61709106289	756.684997558594
3623.4979280192	756.109985351563
3625.37824458399	755.409973144531
3627.25804095482	755.585021972656
3629.13731732915	755.385009765625
3631.01607390435	754.414978027344
3632.89431087767	755
3634.77202844629	754.200012207031
3636.64922680726	753.534973144531
3638.52590615754	753.39501953125
3640.40206669402	753.190002441406
3642.27770861344	753.109985351563
3644.15283211248	753.034973144531
3646.02743738771	752.52001953125
3647.90152463559	752.815002441406
3649.77509405251	752.109985351563
3651.64814583473	751.820007324219
3653.52068017842	751.890014648438
3655.39269727965	751.359985351563
3657.26419733442	751.025024414063
3659.13518053858	750.780029296875
3661.00564708793	750.195007324219
3662.87559717814	749.465026855469
3664.7450310048	749.530029296875
3666.61394876338	749.099975585938
3668.48235064928	749.059997558594
3670.35023685779	749.315002441406
3672.21760758409	748.625
3674.08446302327	748.085021972656
3675.95080337033	747.919982910156
3677.81662882017	748.27001953125
3679.68193956758	747.724975585938
3681.54673580727	747.690002441406
3683.41101773383	747.030029296875
3685.27478554178	746.75
3687.13803942551	746.825012207031
3689.00077957934	746.530029296875
3690.86300619748	746.190002441406
3692.72471947405	745.784973144531
3694.58591960306	745.679992675781
3696.44660677844	745.494995117188
3698.306781194	745.724975585938
3700.16644304348	745.955017089844
3702.02559252049	745.390014648438
3703.88422981859	744.474975585938
3705.74235513119	744.210021972656
3707.59996865164	743.940002441406
3709.45707057318	743.469970703125
3711.31366108895	743.440002441406
3713.16974039199	743.85498046875
3715.02530867527	743.234985351563
3716.88036613164	742.934997558594
3718.73491295385	743.349975585938
3720.58894933456	743.125
3722.44247546634	742.914978027344
3724.29549154166	742.465026855469
3726.14799775289	742.304992675781
3727.9999942923	742.25
3729.85148135209	742.034973144531
3731.70245912432	741.530029296875
3733.55292780098	741.664978027344
3735.40288757397	741.510009765625
3737.25233863509	740.825012207031
3739.10128117603	740.330017089844
3740.9497153884	740.130004882813
3742.7976414637	741.25
3744.64505959335	741.265014648438
3746.49196996866	741.344970703125
3748.33837278086	741.364990234375
3750.18426822108	741.460021972656
3752.02965648033	741.547485351563
3753.87453774956	741.635009765625
3755.7189122196	741.375
3757.5627800812	741.210021972656
3759.40614152501	741.039978027344
3761.24899674159	741.159973144531
3763.09134592138	741.015014648438
3764.93318925476	741.309997558594
3766.77452693199	740.960021972656
3768.61535914325	740.684997558594
3770.45568607861	740.299987792969
3772.29550792807	740.059997558594
3774.1348248815	740.705017089844
3775.9736371287	740.695007324219
3777.81194485938	741.114990234375
