32.6816976106991	714.380004882813
35.6535599501435	714.335021972656
38.6244374909659	714.265014648438
41.5943306947054	714.125
44.5632400226282	714.195007324219
47.5311659356917	713.994995117188
50.4981088945929	714.080017089844
53.4640693597127	714.119995117188
56.4290477911676	714.080017089844
59.3930446487746	714.049987792969
62.356060392067	714.065002441406
65.3180954802906	714.114990234375
68.2791503724084	714.169982910156
71.2392255270922	714.075012207031
74.1983214027271	713.929992675781
77.1564384574159	714.22998046875
80.113577148983	714.179992675781
83.0697379349549	714.155029296875
86.0249212725722	714.190002441406
88.9791276188058	714.070007324219
91.9323574303255	713.974975585938
94.8846111635238	714.195007324219
97.8358892745121	714.140014648438
100.786192219114	714.234985351563
103.73552045287	714.25
106.683874431037	714.22998046875
109.631254608583	714.460021972656
112.577661440203	714.390014648438
115.523095380307	714.429992675781
118.467556883015	714.585021972656
121.411046402175	714.820007324219
124.353564391344	715.469970703125
127.295111303796	716.265014648438
130.235687592532	717.989990234375
133.175293710265	721.234985351563
136.113930109434	725.664978027344
139.051597242185	732.275024414063
141.98829556039	741.065002441406
144.92402551564	750.39501953125
147.858787559244	760.349975585938
150.792582142239	769.825012207031
153.725409715372	779.359985351563
156.65727072911	784.330017089844
159.588165633643	788.030029296875
162.518094878884	791.614990234375
165.447058914469	793.309997558594
168.375058189747	793.150024414063
171.302093153792	792.340026855469
174.228164255401	791.905029296875
177.153271943091	791.27001953125
180.077416665101	791.950012207031
183.000598869394	792.679992675781
185.922819003656	792.784973144531
188.84407751529	793.744995117188
191.764374851424	795.994995117188
194.683711458919	796.554992675781
197.60208778434	798.320007324219
200.519504273992	799.880004882813
203.435961373894	802.909973144531
206.351459529801	807.169982910156
209.265999187174	811.159973144531
212.179580791207	817.080017089844
215.092204786825	821.775024414063
218.003871618673	826.445007324219
220.914581731116	832.460021972656
223.824335568247	838.39501953125
226.733133573893	845.369995117188
229.640976191593	850.224975585938
232.547863864614	852.830017089844
235.453797035961	854.210021972656
238.358776148354	856.275024414063
241.26280164424	856.940002441406
244.1658739658	859.030029296875
247.067993554929	858.340026855469
249.969160853266	858
252.869376302162	857.034973144531
255.768640342707	856.905029296875
258.666953415705	858.242553710938
261.564315961705	859.580017089844
264.46072842097	856.775024414063
267.356191233499	855.525024414063
270.25070483901	855.22998046875
273.144269676967	854.590026855469
276.036886186551	854.744995117188
278.928554806671	854.782470703125
281.819275975966	854.820007324219
284.709050132812	855.60498046875
287.597877715306	856.72998046875
290.485759161281	857.484985351563
293.372694908298	856.275024414063
296.258685393644	856.304992675781
299.143731054352	856.030029296875
302.027832327156	857.109985351563
304.910989648557	856.859985351563
307.79320345476	857.00830078125
310.674474181717	857.156677246094
313.554802265101	857.304992675781
316.434188140326	857.565002441406
319.312632242533	857.3349609375
322.190135006593	857.10498046875
325.066696867117	856.934997558594
327.942318258443	857.625
330.816999614641	857.835021972656
333.690741369517	858.065002441406
336.56354395661	858.505004882813
339.435407809193	858.5
342.306333360273	856.789978027344
345.176321042591	854.599975585938
348.045371288612	853.869995117188
350.913484530551	853.640014648438
353.78066120035	853.989990234375
356.64690172969	854.02001953125
359.512206549972	855.650024414063
362.376576092357	856.640014648438
365.240010787716	855.205017089844
368.102511066677	855.690002441406
370.964077359587	857.89501953125
373.82471009654	858.034973144531
376.684409707364	856.565002441406
379.543176621612	855.844970703125
382.401011268595	856.85498046875
385.257914077343	857.955017089844
388.113885476627	856.619995117188
390.968925894961	857.989990234375
393.823035760591	860.044982910156
396.676215501503	862.664978027344
399.528465545415	862.659973144531
402.379786319791	863.390014648438
405.230178251834	866.710021972656
408.079641768472	868.025024414063
410.928177296387	867.760009765625
413.775785261992	869.299987792969
416.622466091445	871.505004882813
419.468220210631	873.809997558594
422.313048045182	876.179992675781
425.156950020479	875.502502441406
427.999926561623	874.825012207031
430.841978093471	874.85498046875
433.683105040613	873.315002441406
436.523307827384	871.484985351563
439.362586877851	870.489990234375
442.200942615829	870.664978027344
445.038375464876	869.429992675781
447.874885848283	869.690002441406
450.710474189089	868.385009765625
453.54514091007	868.885009765625
456.37888643375	869.315002441406
459.211711182386	868.869995117188
462.043615577986	864.304992675781
464.874600042297	863.094970703125
467.704664996804	860.234985351563
470.533810862741	858.804992675781
473.36203806108	858.200012207031
476.189347012547	857.005004882813
479.015738137594	857.034973144531
481.841211856432	858.945007324219
484.665768589008	861.215026855469
487.489408755009	862.609985351563
490.312132773878	861.304992675781
493.133941064796	861.054992675781
495.954834046683	859.35498046875
498.77481213821	856.434997558594
501.593875757797	851.825012207031
504.412025323601	847.804992675781
507.229261253524	841.135009765625
510.045583965226	835.315002441406
512.860993876093	831.289978027344
515.675491403271	827.340026855469
518.489076963649	823.034973144531
521.301750973863	820.489990234375
524.113513850293	816.244995117188
526.924366009065	813.989990234375
529.734307866052	811.455017089844
532.543339836881	808.140014648438
535.35146233692	807.359985351563
538.158675781281	805.385009765625
540.964980584833	804.369995117188
543.770377162182	803.664978027344
546.574865927692	800.989990234375
549.378447295465	799.034973144531
552.181121679365	797.390014648438
554.982889492993	796.294982910156
557.783751149701	794.909973144531
560.583707062591	794.044982910156
563.38275764452	793.140014648438
566.180903308083	792.044982910156
568.978144465633	791.630004882813
571.774481529266	792.575012207031
574.569914910839	792.150024414063
577.364445021949	791.510009765625
580.158072273946	791.015014648438
582.950797077926	790.219970703125
585.742619844752	788.195007324219
588.533540985018	788.64501953125
591.323560909078	789.494995117188
594.112680027034	790.369995117188
596.90089874875	790.284973144531
599.688217483828	788.799987792969
602.474636641629	788.424987792969
605.260156631263	789.244995117188
608.044777861596	787.775024414063
610.828500741241	787.664978027344
613.611325678567	787.349975585938
616.393253081697	787.364990234375
619.174283358506	787.794982910156
621.954416916616	786.950012207031
624.733654163414	786.869995117188
627.511995506029	786.075012207031
630.289441351351	783.445007324219
633.065992106022	780.375
635.841648176434	779.510009765625
638.616409968744	781.664978027344
641.390277888847	782.789978027344
644.163252342408	783.450012207031
646.93533373484	784.275024414063
649.706522471307	784.140014648438
652.47681895674	782.315002441406
655.246223595811	781.885009765625
658.014736792957	780.684997558594
660.782358952371	779.965026855469
663.549090477999	780.549987792969
666.314931773542	781.784973144531
669.079883242452	781.135009765625
671.843945287955	781.215026855469
674.607118313019	780.205017089844
677.369402720366	779.984985351563
680.130798912488	779.635009765625
682.891307291627	779.534973144531
685.650928259784	779.97998046875
688.409662218708	780.284973144531
691.167509569927	780.97998046875
693.924470714705	780.950012207031
696.680546054078	780.909973144531
699.435735988832	781.25
702.190040919516	782.039978027344
704.943461246442	781.757446289063
707.695997369667	781.474975585938
710.447649689022	781.744995117188
713.198418604088	782.080017089844
715.948304514206	782.164978027344
718.697307818481	782.625
721.445428915779	783.200012207031
724.192668204716	783.885009765625
726.93902608368	783.390014648438
729.684502950805	782.89501953125
732.429099204005	783.085021972656
735.172815240936	783.289978027344
737.915651459026	784.169982910156
740.657608255463	785.14501953125
743.398686027186	785.775024414063
746.13888517091	787.630004882813
748.878206083102	788.984985351563
751.616649159998	789.344970703125
754.354214797584	791.234985351563
757.09090339162	793.585021972656
759.826715337622	794.934997558594
762.561651030868	794.382507324219
765.295710866406	793.830017089844
768.028895239041	793.434997558594
770.761204543336	792.114990234375
773.492639173626	789.719970703125
776.223199524006	789.349975585938
778.952885988334	789.474975585938
781.681698960235	790.885009765625
784.40963883309	790.924987792969
787.136706000052	790.35498046875
789.862900854037	790.325012207031
792.588223787721	791.405029296875
795.312675193549	792.440002441406
798.036255463728	792.405029296875
800.758964990228	791.515014648438
803.480804164792	792.534973144531
806.201773378919	794.640014648438
808.921873023884	794.825012207031
811.641103490712	794.755004882813
814.359465170214	796.869995117188
817.076958452946	798.974975585938
819.793583729246	800.465026855469
822.509341389214	803.109985351563
825.224231822712	805.739990234375
827.938255419375	809.130004882813
830.651412568596	811.275024414063
833.363703659544	812.765014648438
836.075129081157	813.39501953125
838.785689222127	812.539978027344
841.495384470928	813.700012207031
844.204215215788	813.830017089844
846.912181844721	814.275024414063
849.619284745491	814.494995117188
852.325524305638	816.97998046875
855.030900912475	816.85498046875
857.735414953079	818.210021972656
860.439066814289	816.299987792969
863.141856882725	813.085021972656
865.843785544769	810.775024414063
868.544853186571	808.89501953125
871.245060194063	806.765014648438
873.944406952925	806.840026855469
876.642893848625	808.190002441406
879.340521266398	808.755004882813
882.037289591241	809.755004882813
884.733199207927	810.195007324219
887.428250501001	808.390014648438
890.122443854778	807.809997558594
892.815779653335	808.005004882813
895.508258280534	808.359985351563
898.199880119997	809.869995117188
900.890645555129	810.190002441406
903.580554969094	809.684997558594
906.269608744832	809.950012207031
908.957807265056	809.155029296875
911.645150912257	808.940002441406
914.331640068689	807.150024414063
917.017275116375	807.585021972656
919.702056437128	808.400024414063
922.385984412518	808.909973144531
925.069059423886	811.080017089844
927.751281852366	814.25
930.432652078842	815.325012207031
933.113170483983	816.635009765625
935.79283744823	818.700012207031
938.471653351806	821.299987792969
941.149618574686	822.590026855469
943.826733496641	824.22998046875
946.502998497206	830.099975585938
949.178413955689	825.39501953125
951.85298025118	828.150024414063
954.526697762544	828.340026855469
957.199566868403	829.099975585938
959.87158794718	830.242492675781
962.542761377054	831.385009765625
965.213087535987	829.125
967.882566801719	827.64501953125
970.551199551761	826.414978027344
973.218986163399	824.369995117188
975.885927013698	822.60498046875
978.552022479501	821.905029296875
981.217272937423	823.414978027344
983.88167876386	823.890014648438
986.545240334978	823.945007324219
989.207958026729	825.119995117188
991.869832214835	829.010009765625
994.530863274798	833.549987792969
997.191051581895	842.955017089844
999.850397511185	855.049987792969
1002.50890143751	870.755004882813
1005.16656373546	885.755004882813
1007.82338477944	892.304992675781
1010.47936494363	892.344970703125
1013.13450460195	883.349975585938
1015.78880412815	866.369995117188
1018.44226389572	850.85498046875
1021.09488427794	840.494995117188
1023.74666564789	833.85498046875
1026.3976083784	829.585021972656
1029.04771284208	829.559997558594
1031.69697941135	831.344970703125
1034.34540845838	832.864990234375
1036.99300035512	832.127502441406
1039.63975547333	831.390014648438
1042.28567418452	830.530029296875
1044.93075685998	829.625
1047.57500387081	829.150024414063
1050.21841558786	828.77001953125
1052.86099238177	830.14501953125
1055.50273462297	832.97998046875
1058.14364268167	834.284973144531
1060.78371692784	835.460021972656
1063.42295773126	840.530029296875
1066.06136546148	844.820007324219
1068.69894048781	849.075012207031
1071.33568317939	852.164978027344
1073.9715939051	854.335021972656
1076.60667303362	856.299987792969
1079.24092093341	855.880004882813
1081.87433797271	856.864990234375
1084.50692451954	857.859985351563
1087.13868094172	854.909973144531
1089.76960760684	851.820007324219
1092.39970488226	847.934997558594
1095.02897313516	844.554992675781
1097.65741273246	841.330017089844
1100.28502404089	836.72998046875
1102.91180742697	833.52001953125
1105.53776325698	830.674987792969
1108.16289189701	828.875
1110.78719371291	826.244995117188
1113.41066907033	824.090026855469
1116.0333183347	823.815002441406
1118.65514187124	823.515014648438
1121.27614004495	823.945007324219
1123.89631322061	824.265014648438
1126.51566176279	824.205017089844
1129.13418603585	822.705017089844
1131.75188640394	822.030029296875
1134.36876323098	819.47998046875
1136.98481688069	815.440002441406
1139.60004771655	810.034973144531
1142.21445610187	806.075012207031
1144.82804239972	801.900024414063
1147.44080697295	801.065002441406
1150.05275018421	801.544982910156
1152.66387239593	802.75
1155.27417397034	804.554992675781
1157.88365526943	806.385009765625
1160.49231665502	807.890014648438
1163.10015848867	808.450012207031
1165.70718113176	808.52001953125
1168.31338494544	808.099975585938
1170.91877029067	809.419982910156
1173.52333752817	809.135009765625
1176.12708701847	810.780029296875
1178.73001912187	810.195007324219
1181.33213419848	808.530029296875
1183.93343260819	806.900024414063
1186.53391471068	805.489990234375
1189.13358086539	805.390014648438
1191.73243143161	805.52001953125
1194.33046676836	807.544982910156
1196.92768723449	810.219970703125
1199.52409318861	813.969970703125
1202.11968498915	816.989990234375
1204.7144629943	819.164978027344
1207.30842756206	823.164978027344
1209.90157905021	827.039978027344
1212.49391781634	829.510009765625
1215.08544421779	829.164978027344
1217.67615861174	829.244995117188
1220.26606135512	829.094970703125
1222.85515280468	829.929992675781
1225.44343331694	832.309997558594
1228.03090324823	836.534973144531
1230.61756295466	839.140014648438
1233.20341279213	843.765014648438
1235.78845311634	848.554992675781
1238.37268428278	851.809997558594
1240.95610664673	854.025024414063
1243.53872056325	858.174987792969
1246.12052638722	858.635009765625
1248.70152447329	859.094970703125
1251.28171517591	856.700012207031
1253.86109884934	855.299987792969
1256.43967584759	855.429992675781
1259.0174465245	855.565002441406
1261.5944112337	853.465026855469
1264.1705703286	853.549987792969
1266.74592416241	855.179992675781
1269.32047308814	853.864990234375
1271.89421745858	852.244995117188
1274.46715762633	852.039978027344
1277.03929394377	851.164978027344
1279.61062676308	849.130004882813
1282.18115643624	848.60498046875
1284.75088331502	846.705017089844
1287.31980775098	846.340026855469
1289.88793009548	845.414978027344
1292.45525069969	844.974975585938
1295.02176991454	841.320007324219
1297.58748809078	839.294982910156
1300.15240557897	839.809997558594
1302.71652272942	840.909973144531
1305.27983989229	842.820007324219
1307.84235741749	844.559997558594
1310.40407565475	847.625
1312.9649949536	850.789978027344
1315.52511566335	852.150024414063
1318.08443813311	852.340026855469
1320.64296271181	854.14501953125
1323.20068974815	854.460021972656
1325.75761959063	853.880004882813
1328.31375258756	854.912475585938
1330.86908908704	855.945007324219
1333.42362943696	854.489990234375
1335.97737398503	855.510009765625
1338.53032307874	857.22998046875
1341.08247706537	856.85498046875
1343.63383629202	856.169982910156
1346.18440110558	852.625
1348.73417185274	850.919982910156
1351.28314887997	847.609985351563
1353.83133253357	843.070007324219
1356.37872315961	838.474975585938
1358.92532110398	834.815002441406
1361.47112671237	830.705017089844
1364.01614033024	827.885009765625
1366.56036230288	825.614990234375
1369.10379297537	821.109985351563
1371.64643269258	817.97998046875
1374.18828179921	815.174987792969
1376.72934063972	814.27001953125
1379.2696095584	812.784973144531
1381.80908889932	813.039978027344
1384.34777900637	812.054992675781
1386.88568022323	812.405029296875
1389.42279289337	813.304992675781
1391.95911736009	813.265014648438
1394.49465396645	813.929992675781
1397.02940305537	816.565002441406
1399.5633649695	817.429992675781
1402.09654005135	817.960021972656
1404.6289286432	820.710021972656
1407.16053108714	821.775024414063
1409.69134772507	820.39501953125
1412.22137889868	820.164978027344
1414.75062494947	820.216674804688
1417.27908621874	820.268310546875
1419.80676304759	820.320007324219
1422.33365577692	820.320007324219
1424.85976474744	821.60498046875
1427.38509029967	822.775024414063
1429.90963277392	825.210021972656
1432.4333925103	827.195007324219
1434.95636984873	832.159973144531
1437.47856512894	839.219970703125
1439.99997869045	848.054992675781
1442.5206108726	857.414978027344
1445.04046201452	865.034973144531
1447.55953245515	871.034973144531
1450.07782253323	874.950012207031
1452.59533258731	879.489990234375
1455.11206295574	878.547485351563
1457.62801397668	877.60498046875
1460.14318598809	872.655029296875
1462.65757932774	867.284973144531
1465.1711943332	860.684997558594
1467.68403134184	852.635009765625
1470.19609069085	843.505004882813
1472.70737271721	835.140014648438
1475.21787775772	823.760009765625
1477.72760614897	813.349975585938
1480.23655822738	804.590026855469
1482.74473432914	797.77001953125
1485.25213479029	791.094970703125
1487.75875994664	785.10498046875
1490.26461013382	782.054992675781
1492.76968568726	778.599975585938
1495.27398694222	776.260009765625
1497.77751423374	775.044982910156
1500.28026789667	774.75
1502.78224826569	773.635009765625
1505.28345567526	772.280029296875
1507.78389045967	772.140014648438
1510.28355295299	771.169982910156
1512.78244348913	770.724975585938
1515.28056240178	769.784973144531
1517.77791002445	769.409973144531
1520.27448669047	770.400024414063
1522.77029273296	769.609985351563
1525.26532848486	770.635009765625
1527.75959427889	770.864990234375
1530.25309044764	770.77001953125
1532.74581732344	770.60498046875
1535.23777523847	771.559997558594
1537.72896452471	772.440002441406
1540.21938551394	773.664978027344
1542.70903853778	775.700012207031
1545.19792392761	778.934997558594
1547.68604201466	781.400024414063
1550.17339312997	785.150024414063
1552.65997760434	788.294982910156
1555.14579576845	790.809997558594
1557.63084795275	789.934997558594
1560.11513448749	789.47998046875
1562.59865570276	788.380004882813
1565.08141192845	788.054992675781
1567.56340349426	786.580017089844
1570.04463072969	784.659973144531
1572.52509396406	784.119995117188
1575.00479352652	784.164978027344
1577.48372974599	784.544982910156
1579.96190295124	785.070007324219
1582.43931347083	785.919982910156
1584.91596163314	787.690002441406
1587.39184776636	788.044982910156
1589.86697219849	790.489990234375
1592.34133525734	791.260009765625
1594.81493727054	791.820007324219
1597.28777856553	793.89501953125
1599.75985946955	797.585021972656
1602.23118030968	801.965026855469
1604.70174141278	805.809997558594
1607.17154310555	810.284973144531
1609.64058571449	813.330017089844
1612.10886956591	814.965026855469
1614.57639498595	814.210021972656
1617.04316230054	813.039978027344
1619.50917183543	811.114990234375
1621.97442391621	809.184997558594
1624.43891886825	808.039978027344
1626.90265701674	808.299987792969
1629.36563868671	806.705017089844
1631.82786420296	804
1634.28933389016	804.765014648438
1636.75004807274	807.830017089844
1639.21000707498	809.945007324219
1641.66921122097	814.724975585938
1644.12766083459	819.22998046875
1646.58535623956	824.864990234375
1649.04229775941	830.205017089844
1651.4984857175	836.219970703125
1653.95392043697	842.179992675781
1656.40860224079	847.315002441406
1658.86253145177	853.155029296875
1661.3157083925	856.594970703125
1663.76813338542	860.434997558594
1666.21980675275	862.969970703125
1668.67072881656	862.659973144531
1671.1208998987	862.155029296875
1673.57032032089	860.405029296875
1676.0189904046	855.864990234375
1678.46691047118	849.859985351563
1680.91408084174	844
1683.36050183726	837.515014648438
1685.8061737785	829.955017089844
1688.25109698605	820.905029296875
1690.69527178032	813.260009765625
1693.13869848153	805.049987792969
1695.58137740972	797.344970703125
1698.02330888476	789.655029296875
1700.46449322631	783.22998046875
1702.90493075388	778.114990234375
1705.34462178678	772.450012207031
1707.78356664414	767.429992675781
1710.22176564492	763.164978027344
1712.65921910787	759.900024414063
1715.0959273516	758.289978027344
1717.53189069449	757.075012207031
1719.9671094548	755.794982910156
1722.40158395054	754.174987792969
1724.8353144996	753.684997558594
1727.26830141965	753.125
1729.70054502819	752.510009765625
1732.13204564255	751.914978027344
1734.56280357987	750.580017089844
1736.99281915711	751.275024414063
1739.42209269106	750.969970703125
1741.85062449831	750.369995117188
1744.27841489529	749.914978027344
1746.70546419823	749.5
1749.13177272321	749.549987792969
1751.5573407861	749.10498046875
1753.98216870262	748.965026855469
1756.40625678828	749.405029296875
1758.82960535844	748.830017089844
1761.25221472825	748.474975585938
1763.67408521271	747.835021972656
1766.09521712663	747.780029296875
1768.51561078464	747.85498046875
1770.93526650119	747.5
1773.35418459056	747.690002441406
1775.77236536684	747.950012207031
1778.18980914396	747.734985351563
1780.60651623565	747.409973144531
1783.02248695548	746.695007324219
1785.43772161684	746.489990234375
1787.85222053292	746.775024414063
1790.26598401677	746.72998046875
1792.67901238123	745.765014648438
1795.09130593899	746.025024414063
1797.50286500254	746.414978027344
1799.9136898842	746.580017089844
1802.32378089613	746.059997558594
1804.73313835028	746.244995117188
1807.14176255846	745.875
1809.54965383228	745.625
1811.95681248317	745.784973144531
1814.36323882242	745.359985351563
1816.76893316109	745.27001953125
1819.17389581011	745.580017089844
1821.57812708021	745.515014648438
1823.98162728196	745.419982910156
1826.38439672573	744.85498046875
1828.78643572174	745.659973144531
1831.18774458003	745.570007324219
1833.58832361045	745.864990234375
1835.98817312269	745.785034179688
1838.38729342625	745.705017089844
1840.78568483048	744.614990234375
1843.18334764454	744.294982910156
1845.58028217741	744.380004882813
1847.9764887379	744.919982910156
1850.37196763465	745.075012207031
1852.76671917613	744.984985351563
1855.16074367062	744.989990234375
1857.55404142624	744.650024414063
1859.94661275094	744.359985351563
1862.33845795247	744.585021972656
1864.72957733844	744.712524414063
1867.11997121627	744.840026855469
1869.5096398932	744.599975585938
1871.89858367631	744.440002441406
1874.28680287251	744.825012207031
1876.67429778851	744.929992675781
1879.06106873089	744.380004882813
1881.44711600601	744.614990234375
1883.8324399201	744.89501953125
1886.21704077919	745.054992675781
1888.60091888915	744.625
1890.98407455567	745.054992675781
1893.36650808428	744.659973144531
1895.74821978033	744.065002441406
1898.12920994899	744.955017089844
1900.50947889527	744.989990234375
1902.88902692401	744.89501953125
1905.26785433986	744.474975585938
1907.64596144734	744.590026855469
1910.02334855075	744.460021972656
1912.40001595424	744.537475585938
1914.7759639618	744.614990234375
1917.15119287724	744.579956054688
1919.52570300419	744.544982910156
1921.89949464611	744.64501953125
1924.27256810632	744.544982910156
1926.64492368793	744.815002441406
1929.0165616939	744.695007324219
1931.38748242701	744.760009765625
1933.75768618989	745.25
1936.12717328497	745.135009765625
1938.49594401455	744.239990234375
1940.86399868071	745.039978027344
1943.23133758541	744.35498046875
1945.5979610304	744.929992675781
1947.96386931729	744.840026855469
1950.32906274751	744.940002441406
1952.69354162232	744.494995117188
1955.0573062428	745.039978027344
1957.42035690989	745.085021972656
1959.78269392434	744.679992675781
1962.14431758673	744.72998046875
1964.50522819748	744.35498046875
1966.86542605684	744.710021972656
1969.22491146488	744.567504882813
1971.58368472153	744.424987792969
1973.94174612654	744.440002441406
1976.29909597945	744.885009765625
1978.65573457971	745.549987792969
1981.01166222654	744.97998046875
1983.36687921902	744.390014648438
1985.72138585606	744.455017089844
1988.07518243639	744.440002441406
1990.42826925859	744.184997558594
1992.78064662106	745.135009765625
1995.13231482205	745.034973144531
1997.48327415961	744.965026855469
1999.83352493167	744.565002441406
2002.18306743594	744.765014648438
2004.53190197002	744.755004882813
2006.8800288313	745.14501953125
2009.22744831703	745.434997558594
2011.57416072427	745.455017089844
2013.92016634993	744.919982910156
2016.26546549076	744.525024414063
2018.61005844332	744.614990234375
2020.95394550404	744.864990234375
2023.29712696915	745.114990234375
2025.63960313474	745.265014648438
2027.98137429672	744.859985351563
2030.32244075083	745.484985351563
2032.66280279266	745.125
2035.00246071763	745.77001953125
2037.34141482099	745.39501953125
2039.67966539784	745.539978027344
2042.01721274309	745.815002441406
2044.35405715151	746.340026855469
2046.69019891769	745.804992675781
2049.02563833606	746.02001953125
2051.3603757009	746.114990234375
2053.6944113063	746.429992675781
2056.0277454462	746.554992675781
2058.36037841439	746.714965820313
2060.69231050446	746.875
2063.02354200988	746.590026855469
2065.35407322392	746.434997558594
2067.68390443971	747.119995117188
2070.01303595021	746.914978027344
2072.3414680482	746.825012207031
2074.66920102633	747.510009765625
2076.99623517706	746.450012207031
2079.32257079271	746.14501953125
2081.6482081654	746.260009765625
2083.97314758713	746.085021972656
2086.29738934971	746.695007324219
2088.62093374481	746.969970703125
2090.94378106391	746.885009765625
2093.26593159835	746.364990234375
2095.5873856393	746.794982910156
2097.90814347777	746.025024414063
2100.2282054046	746.5
2102.54757171048	746.734985351563
2104.86624268594	746.989990234375
2107.18421862133	746.862487792969
2109.50149980686	746.734985351563
2111.81808653257	746.835021972656
2114.13397908834	746.484985351563
2116.44917776388	747.25
2118.76368284875	747.044982910156
2121.07749463235	746.659973144531
2123.39061340391	746.405029296875
2125.70303945252	746.299987792969
2128.01477306707	746.969970703125
2130.32581453634	747.125
2132.63616414891	747.325012207031
2134.94582219322	747.294982910156
2137.25478895754	746.840026855469
2139.56306472999	746.75
2141.87064979851	747.065002441406
2144.17754445092	747.965026855469
2146.48374897484	747.599975585938
2148.78926365774	747.340026855469
2151.09408878695	747.275024414063
2153.39822464963	747.320007324219
2155.70167153277	747.210021972656
2158.00442972321	746.830017089844
2160.30649950763	747.034973144531
2162.60788117256	747.135009765625
2164.90857500436	747.755004882813
2167.20858128923	747.934997558594
2169.50790031323	747.565002441406
2171.80653236223	747.284973144531
2174.10447772198	746.97998046875
2176.40173667804	746.614990234375
2178.69830951582	747.25
2180.99419652058	747.005004882813
2183.28939797743	747.585021972656
2185.5839141713	748.315002441406
2187.87774538698	747.799987792969
2190.17089190908	746.974975585938
2192.46335402209	746.965026855469
2194.75513201032	746.549987792969
2197.04622615791	746.659973144531
2199.33663674886	746.849975585938
2201.62636406702	747.065002441406
2203.91540839606	746.869995117188
2206.20377001952	747.304992675781
2208.49144922077	747.659973144531
2210.77844628302	748.049987792969
2213.06476148933	747.864990234375
2215.3503951226	747.35498046875
2217.63534746557	747.674987792969
2219.91961880085	747.405029296875
2222.20320941085	747.880004882813
2224.48611957785	747.765014648438
2226.76834958399	747.650024414063
2229.04989971122	747.315002441406
2231.33077024136	747.039978027344
2233.61096145607	746.934997558594
2235.89047363683	747
2238.169307065	747.275024414063
2240.44746202178	747.275024414063
2242.72493878819	747.285034179688
2245.00173764511	747.294982910156
2247.27785887327	747.41748046875
2249.55330275324	747.539978027344
2251.82806956545	747.309997558594
2254.10215959014	747.580017089844
2256.37557310744	747.859985351563
2258.64831039729	748.159973144531
2260.92037173949	747.849975585938
2263.19175741368	747.809997558594
2265.46246769938	747.849975585938
2267.7325028759	747.184997558594
2270.00186322243	747.344970703125
2272.270549018	746.955017089844
2274.5385605415	747.27001953125
2276.80589807165	747.765014648438
2279.07256188702	747.820007324219
2281.33855226601	747.320007324219
2283.60386948691	747.539978027344
2285.86851382782	747.575012207031
2288.1324855667	747.35498046875
2290.39578498136	748.075012207031
2292.65841234945	747.924987792969
2294.92036794847	747.760009765625
2297.18165205578	747.775024414063
2299.44226494856	747.5
2301.70220690387	747.630004882813
2303.96147819859	747.674987792969
2306.22007910947	748.344970703125
2308.47800991309	748.114990234375
2310.73527088589	747.945007324219
2312.99186230416	748.325012207031
2315.24778444403	748.349975585938
2317.50303758149	749.275024414063
2319.75762199235	749.205017089844
2322.01153795231	749.215026855469
2324.26478573689	749.205017089844
2326.51736562147	749.534973144531
2328.76927788127	750.289978027344
2331.02052279137	750.409973144531
2333.2711006267	749.835021972656
2335.52101166203	749.450012207031
2337.77025617198	749.39501953125
2340.01883443103	748.619995117188
2342.2667467135	749.335021972656
2344.51399329356	749.002502441406
2346.76057444525	748.669982910156
2349.00649044241	748.440002441406
2351.2517415588	747.974975585938
2353.49632806796	748.195007324219
2355.74025024334	748.315002441406
2357.98350835819	748.575012207031
2360.22610268566	748.580017089844
2362.4680334987	749.034973144531
2364.70930107016	749.320007324219
2366.94990567269	749.065002441406
2369.18984757884	748.469970703125
2371.42912706098	749.049987792969
2373.66774439134	749.010009765625
2375.90569984199	748.864990234375
2378.14299368488	748.75
2380.37962619179	748.179992675781
2382.61559763435	748.159973144531
2384.85090828405	748.454956054688
2387.08555841222	748.75
2389.31954829006	748.164978027344
2391.55287818861	748.565002441406
2393.78554837877	748.599975585938
2396.01755913128	748.79248046875
2398.24891071673	748.984985351563
2400.47960340558	748.580017089844
2402.70963746814	748.909973144531
2404.93901317456	749.190002441406
2407.16773079485	749.065002441406
2409.39579059887	749.184997558594
2411.62319285633	749.070007324219
2413.84993783681	749.494995117188
2416.07602580971	749.734985351563
2418.30145704432	749.775024414063
2420.52623180977	749.164978027344
2422.75035037503	749.275024414063
2424.97381300893	749.305053710938
2427.19661998017	749.335021972656
2429.41877155729	749.224975585938
2431.64026800867	749.39501953125
2433.86110960257	749.559997558594
2436.08129660709	749.85498046875
2438.30082929019	749.825012207031
2440.51970791967	750.119995117188
2442.73793276321	749.929992675781
2444.95550408832	749.994995117188
2447.17242216237	749.679992675781
2449.38868725259	750.280029296875
2451.60429962607	750.22998046875
2453.81925954975	750.244995117188
2456.03356729041	749.664978027344
2458.2472231147	750.125
2460.46022728913	750.239990234375
2462.67258008005	750.075012207031
2464.88428175368	749.940002441406
2467.09533257608	750.179992675781
2469.30573281318	750.474975585938
2471.51548273076	750.594970703125
2473.72458259445	750.034973144531
2475.93303266974	751.219970703125
2478.14083322198	750.544982910156
2480.34798451637	750.760009765625
2482.55448681797	750.599975585938
2484.76034039169	751.015014648438
2486.96554550231	750.599975585938
2489.17010241445	751.039978027344
2491.37401139259	750.880004882813
2493.57727270109	750.684997558594
2495.77988660412	750.960021972656
2497.98185336574	751.239990234375
2500.18317324987	750.934997558594
2502.38384652028	751.375
2504.58387344058	751.64501953125
2506.78325427425	751.840026855469
2508.98198928465	751.590026855469
2511.18007873495	751.535034179688
2513.37752288821	751.47998046875
2515.57432200735	751.484985351563
2517.77047635514	751.489990234375
2519.96598619419	751.474975585938
2522.16085178699	751.890014648438
2524.35507339589	751.75
2526.54865128308	751.989990234375
2528.74158571062	752.474975585938
2530.93387694042	752.184997558594
2533.12552523427	752.554992675781
2535.31653085379	752.325012207031
2537.50689406046	751.52001953125
2539.69661511566	751.60498046875
2541.88569428057	752.575012207031
2544.07413181627	752.625
2546.26192798368	753.224975585938
2548.44908304359	753.219970703125
2550.63559725664	753.309997558594
2552.82147088333	753.515014648438
2555.00670418402	753.554992675781
2557.19129741894	754.109985351563
2559.37525084817	754.494995117188
2561.55856473164	754.125
2563.74123932917	754.015014648438
2565.92327490039	753.789978027344
2568.10467170484	753.945007324219
2570.28543000189	753.640014648438
2572.46555005079	753.869995117188
2574.64503211063	754.705017089844
2576.82387644036	754.390014648438
2579.00208329882	754.294982910156
2581.17965294468	754.614990234375
2583.35658563648	754.960021972656
2585.53288163263	754.599975585938
2587.70854119137	754.284973144531
2589.88356457084	753.945007324219
2592.05795202902	754.929992675781
2594.23170382376	754.909973144531
2596.40482021275	754.909973144531
2598.57730145356	755.224975585938
2600.74914780363	755.210021972656
2602.92035952023	756.070007324219
2605.09093686053	756.080017089844
2607.26088008153	756.030029296875
2609.4301894401	755.984985351563
2611.59886519299	756.224975585938
2613.76690759678	757.369995117188
2615.93431690793	757.909973144531
2618.10109338277	757.684997558594
2620.26723727748	758.494995117188
2622.4327488481	758.299987792969
2624.59762835054	758.635009765625
2626.76187604057	758.109985351563
2628.92549217382	758.405029296875
2631.08847700579	759.044982910156
2633.25083079182	759.460021972656
2635.41255378715	759.900024414063
2637.57364624684	759.515014648438
2639.73410842586	758.554992675781
2641.893940579	758.60498046875
2644.05314296094	758.919982910156
2646.21171582621	759.724975585938
2648.36965942921	760.02001953125
2650.5269740242	760.880004882813
2652.6836598653	760.905029296875
2654.83971720651	760.614990234375
2656.99514630167	760.335021972656
2659.1499474045	760.190002441406
2661.30412076857	760.260009765625
2663.45766664734	760.794982910156
2665.61058529411	761.335021972656
2667.76287696204	761.27001953125
2669.91454190418	761.815002441406
2672.06558037342	762.289978027344
2674.21599262253	763.565002441406
2676.36577890413	763.034973144531
2678.51493947072	762.914978027344
2680.66347457466	763.474975585938
2682.81138446816	763.789978027344
2684.95866940332	764.125
2687.10532963209	764.405029296875
2689.25136540628	764.174987792969
2691.39677697757	763.515014648438
2693.54156459752	763.705017089844
2695.68572851753	763.97998046875
2697.82926898888	765.159973144531
2699.97218626272	765.460021972656
2702.11448059006	765.789978027344
2704.25615222175	766.525024414063
2706.39720140856	767.210021972656
2708.53762840109	768.094970703125
2710.67743344979	768.804992675781
2712.81661680503	769.344970703125
2714.95517871698	769.375
2717.09311943574	770.909973144531
2719.23043921123	773.015014648438
2721.36713829325	774.570007324219
2723.50321693148	775.724975585938
2725.63867537545	775.844970703125
2727.77351387456	776.114990234375
2729.90773267809	777.25
2732.04133203516	777.830017089844
2734.17431219478	778.010009765625
2736.30667340581	777.724975585938
2738.438415917	777.109985351563
2740.56953997695	776.924987792969
2742.70004583414	775.474975585938
2744.82993373688	775.284973144531
2746.9592039334	774.960021972656
2749.08785667177	774.450012207031
2751.21589219993	774
2753.34331076568	773.140014648438
2755.4701126167	773.169982910156
2757.59629800054	772.494995117188
2759.7218671646	771.344970703125
2761.84682035617	772.565002441406
2763.9711578224	772.664978027344
2766.0948798103	773.450012207031
2768.21798656676	774.169982910156
2770.34047833852	774.489990234375
2772.46235537222	772.875
2774.58361791434	772.294982910156
2776.70426621124	771.794982910156
2778.82430050915	771.72998046875
2780.94372105416	772.349975585938
2783.06252809224	771.864990234375
2785.18072186922	771.200012207031
2787.29830263081	770.505004882813
2789.41527062257	770.27001953125
2791.53162608996	770
2793.64736927828	770.085021972656
2795.76250043271	770.515014648438
2797.8770197983	770.945007324219
2799.99092761997	770.455017089844
2802.10422414252	771.669982910156
2804.21690961059	772.315002441406
2806.32898426873	773.460021972656
2808.44044836132	774.445007324219
2810.55130213264	775.034973144531
2812.66154582682	775.994995117188
2814.77117968788	776.89501953125
2816.8802039597	778.075012207031
2818.98861888601	780.530029296875
2821.09642471046	782.085021972656
2823.20362167653	783.554992675781
2825.31021002756	784.5
2827.41619000682	786.724975585938
2829.52156185738	788.820007324219
2831.62632582224	791.280029296875
2833.73048214422	793.869995117188
2835.83403106606	797.549987792969
2837.93697283033	801.994995117188
2840.03930767951	805.955017089844
2842.1410358559	810.765014648438
2844.24215760173	816.715026855469
2846.34267315905	825.5
2848.44258276982	834.474975585938
2850.54188667585	844.215026855469
2852.64058511883	856.780029296875
2854.73867834032	867.72998046875
2856.83616658175	878.155029296875
2858.93305008443	890.929992675781
2861.02932908952	903.049987792969
2863.12500383809	922.474975585938
2865.22007457104	943.875
2867.31454152918	965.205017089844
2869.40840495316	987.460021972656
2871.50166508353	1006.69000244141
2873.59432216069	1021.55999755859
2875.68637642493	1034.06494140625
2877.77782811641	1039.0849609375
2879.86867747515	1044.84497070313
2881.95892474105	1052.70495605469
2884.0485701539	1057.38000488281
2886.13761395333	1057.19494628906
2888.22605637886	1056.98999023438
2890.3138976699	1065.11999511719
2892.40113806571	1072.89501953125
2894.48777780544	1077.72998046875
2896.57381712808	1081.42504882813
2898.65925627254	1087.84997558594
2900.74409547758	1097.5849609375
2902.82833498183	1105.9150390625
2904.9119750238	1115.13000488281
2906.99501584188	1127.64501953125
2909.07745767432	1147.4599609375
2911.15930075925	1168.93505859375
2913.24054533469	1185.75
2915.3211916385	1196.02502441406
2917.40123990846	1219.70495605469
2919.48069038217	1247.40002441406
2921.55954329716	1265.31994628906
2923.63779889079	1279.17004394531
2925.71545740033	1292.64501953125
2927.79251906289	1306.15002441406
2929.86898411548	1320.48498535156
2931.94485279498	1331.23498535156
2934.02012533815	1334.41003417969
2936.0948019816	1339.93994140625
2938.16888296184	1337.875
2940.24236851525	1325.90502929688
2942.31525887809	1307.78503417969
2944.38755428648	1291.18505859375
2946.45925497643	1285.43994140625
2948.53036118382	1265.92004394531
2950.6008731444	1236.03002929688
2952.67079109381	1210.26000976563
2954.74011526755	1195.31494140625
2956.80884590101	1177.40502929688
2958.87698322944	1169.91003417969
2960.94452748799	1165.73999023438
2963.01147891167	1152.17504882813
2965.07783773535	1138.89501953125
2967.14360419382	1128.32495117188
2969.2087785217	1120.17004394531
2971.27336095352	1115.63500976563
2973.33735172366	1109.39501953125
2975.40075106641	1102.30004882813
2977.46355921591	1091.94995117188
2979.52577640618	1081.44995117188
2981.58740287112	1067.6650390625
2983.64843884452	1053.16003417969
2985.70888456003	1043.25500488281
2987.76874025117	1034.05004882813
2989.82800615137	1020.58502197266
2991.88668249391	1003.09002685547
2993.94476951194	985.85498046875
2996.00226743852	968.484985351563
2998.05917650657	949.414978027344
3000.11549694887	936.849975585938
3002.17122899812	927.955017089844
3004.22637288685	915.179992675781
3006.2809288475	902.650024414063
3008.33489711238	890.695007324219
3010.38827791368	879.405029296875
3012.44107148345	871.715026855469
3014.49327805366	865.594970703125
3016.5448978561	856.580017089844
3018.59593112249	847.580017089844
3020.64637808441	840.789978027344
3022.6962389733	837.784973144531
3024.74551402051	834.085021972656
3026.79420345725	830.755004882813
3028.84230751461	828.515014648438
3030.88982642357	826.085021972656
3032.93676041497	823.77001953125
3034.98310971955	821.965026855469
3037.02887456791	822.549987792969
3039.07405519054	826.794982910156
3041.11865181781	829.034973144531
3043.16266467996	832.075012207031
3045.20609400713	833.909973144531
3047.24894002932	836.590026855469
3049.2912029764	838.744995117188
3051.33288307815	840.625
3053.37398056421	843.5
3055.41449566411	849.544982910156
3057.45442860725	854.530029296875
3059.49377962291	858.210021972656
3061.53254894026	863.369995117188
3063.57073678834	865.815002441406
3065.60834339607	863.200012207031
3067.64536899227	859.215026855469
3069.68181380561	855.010009765625
3071.71767806467	850.260009765625
3073.75296199788	844.390014648438
3075.78766583357	838.190002441406
3077.82178979997	830.390014648438
3079.85533412513	823.424987792969
3081.88829903705	820.025024414063
3083.92068476356	815.609985351563
3085.95249153241	810.184997558594
3087.98371957119	806.705017089844
3090.01436910741	803.650024414063
3092.04444036844	801.284973144531
3094.07393358152	798.934997558594
3096.10284897381	798.200012207031
3098.13118677232	796.349975585938
3100.15894720395	795.934997558594
3102.18613049548	795.570007324219
3104.21273687357	796.640014648438
3106.23876656477	797.075012207031
3108.2642197955	796.219970703125
3110.28909679208	795.284973144531
3112.31339778069	795.640014648438
3114.33712298741	795.809997558594
3116.36027263819	794.950012207031
3118.38284695887	795.674987792969
3120.40484617516	797.044982910156
3122.42627051268	796.205017089844
3124.4471201969	795.625
3126.46739545319	794.994995117188
3128.4870965068	796.309997558594
3130.50622358287	796.140014648438
3132.5247769064	795.244995117188
3134.54275670229	795.960021972656
3136.56016319534	796.005004882813
3138.57699661019	795.60498046875
3140.59325717139	795.869995117188
3142.60894510338	795.700012207031
3144.62406063047	796.349975585938
3146.63860397686	796.625
3148.65257536662	796.375
3150.66597502371	797.75
3152.67880317199	798.025024414063
3154.69106003518	798.405029296875
3156.70274583691	798.505004882813
3158.71386080065	798.900024414063
3160.72440514981	799.224975585938
3162.73437910763	800.195007324219
3164.74378289728	802.125
3166.75261674179	802.815002441406
3168.76088086407	804.424987792969
3170.76857548692	805.205017089844
3172.77570083303	805.864990234375
3174.78225712498	803.905029296875
3176.78824458521	803.164978027344
3178.79366343607	805.159973144531
3180.79851389977	807.710021972656
3182.80279619844	809.989990234375
3184.80651055405	810.054992675781
3186.80965718849	810.530029296875
3188.81223632353	812.010009765625
3190.81424818081	812.77001953125
3192.81569298186	814.64501953125
3194.8165709481	816.690002441406
3196.81688230084	815.119995117188
3198.81662726126	816.719970703125
3200.81580605044	817.315002441406
3202.81441888933	819.164978027344
3204.81246599879	819.914978027344
3206.80994759954	820.950012207031
3208.80686391219	822.494995117188
3210.80321515726	824.489990234375
3212.79900155512	826.424987792969
3214.79422332605	828.280029296875
3216.78888069021	826.924987792969
3218.78297386765	828.244995117188
3220.77650307828	828.484985351563
3222.76946854195	828.822509765625
3224.76187047834	829.159973144531
3226.75370910705	828.52001953125
3228.74498464755	830.215026855469
3230.73569731921	833.244995117188
3232.72584734127	833.679992675781
3234.71543493287	834.989990234375
3236.70446031304	837
3238.69292370068	837.705017089844
3240.68082531459	837.955017089844
3242.66816537345	839.315002441406
3244.65494409583	841.760009765625
3246.6411617002	842.72998046875
3248.62681840488	841.609985351563
3250.61191442812	842.125
3252.59644998804	845.864990234375
3254.58042530263	847.934997558594
3256.56384058979	846.22998046875
3258.54669606731	847.484985351563
3260.52899195285	849.049987792969
3262.51072846396	850.695007324219
3264.4919058181	852.289978027344
3266.47252423259	852.765014648438
3268.45258392464	856.255004882813
3270.43208511138	858.85498046875
3272.41102800978	860.880004882813
3274.38941283675	862.659973144531
3276.36723980904	865.52001953125
3278.34450914332	866.179992675781
3280.32122105613	864.159973144531
3282.29737576392	863.710021972656
3284.272973483	865.429992675781
3286.24801442958	867.455017089844
3288.22249881978	868.049987792969
3290.19642686957	868.265014648438
3292.16979879485	866.830017089844
3294.14261481136	868.815002441406
3296.11487513478	869.60498046875
3298.08657998065	870.25
3300.0577295644	868.465026855469
3302.02832410136	867.234985351563
3303.99836380673	868.239990234375
3305.96784889563	867.960021972656
3307.93677958303	866.549987792969
3309.90515608383	865.994995117188
3311.87297861278	866.244995117188
3313.84024738456	864.525024414063
3315.80696261371	864.534973144531
3317.77312451466	865.309997558594
3319.73873330175	861.299987792969
3321.70378918919	857.97998046875
3323.66829239109	858.119995117188
3325.63224312145	858.125
3327.59564159416	857.174987792969
3329.55848802299	856.025024414063
3331.52078262162	856.60498046875
3333.4825256036	856.659973144531
3335.44371718237	854.195007324219
3337.40435757128	854.940002441406
3339.36444698356	854.559997558594
3341.32398563232	852.650024414063
3343.28297373058	852.289978027344
3345.24141149124	850.909973144531
3347.19929912709	851.179992675781
3349.15663685081	852.327514648438
3351.11342487497	853.474975585938
3353.06966341204	851.650024414063
3355.02535267437	850.640014648438
3356.98049287421	849.369995117188
3358.9350842237	849.760009765625
3360.88912693486	850.715026855469
3362.84262121962	850.484985351563
3364.79556728978	848.409973144531
3366.74796535705	849.059997558594
3368.69981563302	850.135009765625
3370.65111832917	848.614990234375
3372.60187365689	847.234985351563
3374.55208182744	846.75
3376.50174305198	845.549987792969
3378.45085754157	845.109985351563
3380.39942550714	845.695007324219
3382.34744715954	843.609985351563
3384.29492270949	843.169982910156
3386.24185236761	842.525024414063
3388.18823634442	841.929992675781
3390.13407485031	840.72998046875
3392.07936809559	840.460021972656
3394.02411629045	839.275024414063
3395.96831964496	839.554992675781
3397.91197836911	838.375
3399.85509267275	838.664978027344
3401.79766276564	838.5
3403.73968885745	835.744995117188
3405.68117115771	835.400024414063
3407.62210987586	835.695007324219
3409.56250522123	836.190002441406
3411.50235740305	833.780029296875
3413.44166663043	832.965026855469
3415.38043311238	831.914978027344
3417.3186570578	831.340026855469
3419.2563386755	830.909973144531
3421.19347817415	831.599975585938
3423.13007576235	829.965026855469
3425.06613164857	830.174987792969
3427.00164604118	831.630004882813
3428.93661914844	831.505004882813
3430.87105117852	830.585021972656
3432.80494233945	829.390014648438
3434.73829283919	829.280029296875
3436.67110288558	827.77001953125
3438.60337268634	827.775024414063
3440.53510244911	826.929992675781
3442.4662923814	825.599975585938
3444.39694269064	824.945007324219
3446.32705358412	824.070007324219
3448.25662526905	824.710021972656
3450.18565795254	823.650024414063
3452.11415184156	820.840026855469
3454.04210714302	820.125
3455.96952406369	819.330017089844
3457.89640281024	818.039978027344
3459.82274358924	817.489990234375
3461.74854660717	818.815002441406
3463.67381207038	817.64501953125
3465.59854018513	815.335021972656
3467.52273115756	813.450012207031
3469.44638519373	812.315002441406
3471.36950249956	810.905029296875
3473.29208328091	811.505004882813
3475.21412774349	810.344970703125
3477.13563609293	810.554992675781
3479.05660853476	809.840026855469
3480.97704527438	808.940002441406
3482.89694651712	808.320007324219
3484.81631246818	805.570007324219
3486.73514333266	804.445007324219
3488.65343931557	803.695007324219
3490.57120062179	801.760009765625
3492.48842745612	799.835021972656
3494.40512002324	798.505004882813
3496.32127852773	797.469970703125
3498.23690317408	797.5
3500.15199416666	796.27001953125
3502.06655170974	796.094970703125
3503.98057600749	795.275024414063
3505.89406726396	794.284973144531
3507.80702568312	793.974975585938
3509.71945146883	792.825012207031
3511.63134482483	792.135009765625
3513.54270595478	790.215026855469
3515.45353506222	788.900024414063
3517.3638323506	787.60498046875
3519.27359802324	787.734985351563
3521.1828322834	786.880004882813
3523.09153533419	785.940002441406
3524.99970737866	783.890014648438
3526.90734861972	782.804992675781
3528.81445926021	781.919982910156
3530.72103950283	780.900024414063
3532.62708955022	779.674987792969
3534.53260960488	780.359985351563
3536.43759986923	779.940002441406
3538.34206054558	777.710021972656
3540.24599183613	774.890014648438
3542.149393943	774.840026855469
3544.05226706817	774.580017089844
3545.95461141357	773.239990234375
3547.85642718097	773.700012207031
3549.75771457208	773.039978027344
3551.6584737885	772.549987792969
3553.55870503171	771.400024414063
3555.4584085031	770.539978027344
3557.35758440396	769.635009765625
3559.25623293548	768.590026855469
3561.15435429874	767.679992675781
3563.05194869473	767.200012207031
3564.94901632432	766.789978027344
3566.84555738829	765.409973144531
3568.74157208732	765.195007324219
3570.63706062199	764.710021972656
3572.53202319277	764.375
3574.42646000003	764.10498046875
3576.32037124406	763.575012207031
3578.213757125	762.849975585938
3580.10661784295	763.335021972656
3581.99895359786	763.265014648438
3583.8907645896	762.909973144531
3585.78205101794	761.47998046875
3587.67281308254	760.289978027344
3589.56305098297	759.005004882813
3591.4527649187	758.169982910156
3593.34195508907	757.965026855469
3595.23062169338	758.880004882813
3597.11876493075	758.184997558594
3599.00638500027	757.094970703125
3600.89348210089	756.869995117188
3602.78005643148	756.940002441406
3604.66610819078	756.375
3606.55163757747	756.400024414063
3608.4366447901	755.700012207031
3610.32113002713	755.650024414063
3612.20509348693	754.534973144531
3614.08853536774	753.715026855469
3615.97145586773	752.945007324219
3617.85385518497	752.679992675781
3619.7357335174	752.52001953125
3621.61709106289	751.715026855469
3623.4979280192	750.919982910156
3625.37824458399	750.234985351563
3627.25804095482	750.094970703125
3629.13731732915	750.140014648438
3631.01607390435	749.335021972656
3632.89431087767	748.614990234375
3634.77202844629	748.859985351563
3636.64922680726	748.280029296875
3638.52590615754	748.179992675781
3640.40206669402	747.544982910156
3642.27770861344	747.265014648438
3644.15283211248	747.539978027344
3646.02743738771	747.205017089844
3647.90152463559	746.614990234375
3649.77509405251	745.900024414063
3651.64814583473	745.679992675781
3653.52068017842	745.405029296875
3655.39269727965	745.534973144531
3657.26419733442	744.780029296875
3659.13518053858	744.280029296875
3661.00564708793	743.924987792969
3662.87559717814	743.284973144531
3664.7450310048	742.765014648438
3666.61394876338	742.70751953125
3668.48235064928	742.650024414063
3670.35023685779	742.755004882813
3672.21760758409	742.39501953125
3674.08446302327	742.005004882813
3675.95080337033	741.594970703125
3677.81662882017	741.054992675781
3679.68193956758	741.119995117188
3681.54673580727	740.869995117188
3683.41101773383	740.830017089844
3685.27478554178	740.159973144531
3687.13803942551	740.369995117188
3689.00077957934	739.825012207031
3690.86300619748	739.739990234375
3692.72471947405	739.195007324219
3694.58591960306	738.64501953125
3696.44660677844	738.719970703125
3698.306781194	738.880004882813
3700.16644304348	738.609985351563
3702.02559252049	738.864990234375
3703.88422981859	738.174987792969
3705.74235513119	737.364990234375
3707.59996865164	737.330017089844
3709.45707057318	737.030029296875
3711.31366108895	736.984985351563
3713.16974039199	736.775024414063
3715.02530867527	736.614990234375
3716.88036613164	736.539978027344
3718.73491295385	736.255004882813
3720.58894933456	736.200012207031
3722.44247546634	735.460021972656
3724.29549154166	735.455017089844
3726.14799775289	735.409973144531
3727.9999942923	735.390014648438
3729.85148135209	735.77001953125
3731.70245912432	735.099975585938
3733.55292780098	734.695007324219
3735.40288757397	734.679992675781
3737.25233863509	734.219970703125
3739.10128117603	733.875
3740.9497153884	733.784973144531
3742.7976414637	734.190002441406
3744.64505959335	734.669982910156
3746.49196996866	734.974975585938
3748.33837278086	734.599975585938
3750.18426822108	735.239990234375
3752.02965648033	734.989990234375
3753.87453774956	734.590026855469
3755.7189122196	734.734985351563
3757.5627800812	734.450012207031
3759.40614152501	734.294982910156
3761.24899674159	734.059997558594
3763.09134592138	734.400024414063
3764.93318925476	734.239990234375
3766.77452693199	734.320007324219
3768.61535914325	734.010009765625
3770.45568607861	733.75
3772.29550792807	733.474975585938
3774.1348248815	733.655029296875
3775.9736371287	733.679992675781
3777.81194485938	734.039978027344
