32.6816976106991	712.094970703125
35.6535599501435	712.054992675781
38.6244374909659	712.260009765625
41.5943306947054	711.994995117188
44.5632400226282	712.049987792969
47.5311659356917	712.059997558594
50.4981088945929	712.049987792969
53.4640693597127	711.989990234375
56.4290477911676	711.950012207031
59.3930446487746	712.155029296875
62.356060392067	711.97998046875
65.3180954802906	712.070007324219
68.2791503724084	712.044982910156
71.2392255270922	711.969970703125
74.1983214027271	711.965026855469
77.1564384574159	712.044982910156
80.113577148983	711.900024414063
83.0697379349549	712.179992675781
86.0249212725722	712.054992675781
88.9791276188058	712.030029296875
91.9323574303255	712.025024414063
94.8846111635238	712.094970703125
97.8358892745121	712.049987792969
100.786192219114	712.155029296875
103.73552045287	712.234985351563
106.683874431037	712.065002441406
109.631254608583	712.414978027344
112.577661440203	712.599975585938
115.523095380307	712.684997558594
118.467556883015	712.994995117188
121.411046402175	713.724975585938
124.353564391344	714.72998046875
127.295111303796	716.969970703125
130.235687592532	720.924987792969
133.175293710265	727.559997558594
136.113930109434	738.465026855469
139.051597242185	754.184997558594
141.98829556039	774.585021972656
144.92402551564	797.275024414063
147.858787559244	822.780029296875
150.792582142239	847.905029296875
153.725409715372	870.22998046875
156.65727072911	885.549987792969
159.588165633643	894.72998046875
162.518094878884	899.739990234375
165.447058914469	904.780029296875
168.375058189747	907.265014648438
171.302093153792	906.179992675781
174.228164255401	903.450012207031
177.153271943091	902.320007324219
180.077416665101	901.27001953125
183.000598869394	902.469970703125
185.922819003656	905.150024414063
188.84407751529	907.429992675781
191.764374851424	909.35498046875
194.683711458919	909.77001953125
197.60208778434	910.155029296875
200.519504273992	916.830017089844
203.435961373894	923.14501953125
206.351459529801	929.869995117188
209.265999187174	936.609985351563
212.179580791207	944.684997558594
215.092204786825	954.094970703125
218.003871618673	965.630004882813
220.914581731116	978.700012207031
223.824335568247	988.594970703125
226.733133573893	995.900024414063
229.640976191593	1001.52001953125
232.547863864614	1010.21002197266
235.453797035961	1014.89001464844
238.358776148354	1017.88500976563
241.26280164424	1014.09497070313
244.1658739658	1012.78997802734
247.067993554929	1010.59002685547
249.969160853266	1007.09997558594
252.869376302162	1008.14501953125
255.768640342707	1008.125
258.666953415705	1002.66998291016
261.564315961705	999.77001953125
264.46072842097	996.994995117188
267.356191233499	992.900024414063
270.25070483901	993.465026855469
273.144269676967	991.380004882813
276.036886186551	990.275024414063
278.928554806671	991.669982910156
281.819275975966	987.859985351563
284.709050132812	983.130004882813
287.597877715306	984.549987792969
290.485759161281	984.905029296875
293.372694908298	979.869995117188
296.258685393644	975.919982910156
299.143731054352	975.844970703125
302.027832327156	976.044982910156
304.910989648557	975.484985351563
307.79320345476	976.804992675781
310.674474181717	978.945007324219
313.554802265101	976.330017089844
316.434188140326	974.034973144531
319.312632242533	973.099975585938
322.190135006593	970.630004882813
325.066696867117	970.619995117188
327.942318258443	970.130004882813
330.816999614641	969.820007324219
333.690741369517	967.940002441406
336.56354395661	966.875
339.435407809193	961.015014648438
342.306333360273	959.505004882813
345.176321042591	956.690002441406
348.045371288612	956.630004882813
350.913484530551	955.539978027344
353.78066120035	954.02001953125
356.64690172969	952.515014648438
359.512206549972	951.340026855469
362.376576092357	949.594970703125
365.240010787716	949.784973144531
368.102511066677	948.765014648438
370.964077359587	949.39501953125
373.82471009654	949.719970703125
376.684409707364	949.14501953125
379.543176621612	948.859985351563
382.401011268595	948.869995117188
385.257914077343	947.969970703125
388.113885476627	947.929992675781
390.968925894961	947.89501953125
393.823035760591	950.344970703125
396.676215501503	955.275024414063
399.528465545415	958.655029296875
402.379786319791	956.359985351563
405.230178251834	958.724975585938
408.079641768472	963.25
410.928177296387	966.52001953125
413.775785261992	968.780029296875
416.622466091445	970.02001953125
419.468220210631	974.320007324219
422.313048045182	978.044982910156
425.156950020479	981.255004882813
427.999926561623	978.065002441406
430.841978093471	975.469970703125
433.683105040613	974.294982910156
436.523307827384	970.280029296875
439.362586877851	966.440002441406
442.200942615829	967.010009765625
445.038375464876	967.005004882813
447.874885848283	965.22998046875
450.710474189089	964.025024414063
453.54514091007	964.364990234375
456.37888643375	965.205017089844
459.211711182386	965.900024414063
462.043615577986	965.119995117188
464.874600042297	960.784973144531
467.704664996804	956.974975585938
470.533810862741	957.885009765625
473.36203806108	956.890014648438
476.189347012547	955.715026855469
479.015738137594	955.030029296875
481.841211856432	954.775024414063
484.665768589008	957.099975585938
487.489408755009	961.35498046875
490.312132773878	963.335021972656
493.133941064796	966.679992675781
495.954834046683	969.35498046875
498.77481213821	969.715026855469
501.593875757797	970.85498046875
504.412025323601	972.344970703125
507.229261253524	973.094970703125
510.045583965226	970.200012207031
512.860993876093	967.465026855469
515.675491403271	965.755004882813
518.489076963649	964.260009765625
521.301750973863	962.190002441406
524.113513850293	959.630004882813
526.924366009065	958.265014648438
529.734307866052	956.815002441406
532.543339836881	954.669982910156
535.35146233692	952.765014648438
538.158675781281	949.840026855469
540.964980584833	948.284973144531
543.770377162182	947.265014648438
546.574865927692	943.914978027344
549.378447295465	942.335021972656
552.181121679365	940.059997558594
554.982889492993	938.340026855469
557.783751149701	936.989990234375
560.583707062591	935.10498046875
563.38275764452	935.150024414063
566.180903308083	934.655029296875
568.978144465633	932.809997558594
571.774481529266	931.174987792969
574.569914910839	931.289978027344
577.364445021949	930.445007324219
580.158072273946	931.260009765625
582.950797077926	928.830017089844
585.742619844752	926.89501953125
588.533540985018	926.25
591.323560909078	927.320007324219
594.112680027034	928.419982910156
596.90089874875	925.320007324219
599.688217483828	922.830017089844
602.474636641629	923.359985351563
605.260156631263	924.5
608.044777861596	923.335021972656
610.828500741241	921.255004882813
613.611325678567	920.135009765625
616.393253081697	923.210021972656
619.174283358506	926.424987792969
621.954416916616	928.094970703125
624.733654163414	929.419982910156
627.511995506029	929.294982910156
630.289441351351	926.97998046875
633.065992106022	921.219970703125
635.841648176434	918.700012207031
638.616409968744	922.275024414063
641.390277888847	925.950012207031
644.163252342408	928.169982910156
646.93533373484	930.085021972656
649.706522471307	931.505004882813
652.47681895674	930.320007324219
655.246223595811	927.679992675781
658.014736792957	926.320007324219
660.782358952371	926.219970703125
663.549090477999	927.594970703125
666.314931773542	931.260009765625
669.079883242452	930.710021972656
671.843945287955	930.27001953125
674.607118313019	929.669982910156
677.369402720366	929.625
680.130798912488	927.744995117188
682.891307291627	927.474975585938
685.650928259784	928.494995117188
688.409662218708	928.39501953125
691.167509569927	928.815002441406
693.924470714705	930.059997558594
696.680546054078	932.085021972656
699.435735988832	932.039978027344
702.190040919516	932.765014648438
704.943461246442	934.494995117188
707.695997369667	935.679992675781
710.447649689022	934.315002441406
713.198418604088	933.775024414063
715.948304514206	933.815002441406
718.697307818481	934.455017089844
721.445428915779	936.090026855469
724.192668204716	940.405029296875
726.93902608368	938.575012207031
729.684502950805	936.364990234375
732.429099204005	937.909973144531
735.172815240936	936.695007324219
737.915651459026	937.369995117188
740.657608255463	939.119995117188
743.398686027186	940.330017089844
746.13888517091	944.184997558594
748.878206083102	949.390014648438
751.616649159998	951.64501953125
754.354214797584	951.869995117188
757.09090339162	954.224975585938
759.826715337622	955.890014648438
762.561651030868	955.109985351563
765.295710866406	951.765014648438
768.028895239041	944.875
770.761204543336	938.135009765625
773.492639173626	937.400024414063
776.223199524006	935.150024414063
778.952885988334	929.914978027344
781.681698960235	928.090026855469
784.40963883309	929.030029296875
787.136706000052	928.434997558594
789.862900854037	927.085021972656
792.588223787721	927.885009765625
795.312675193549	928.315002441406
798.036255463728	929.570007324219
800.758964990228	928.835021972656
803.480804164792	930.784973144531
806.201773378919	935.234985351563
808.921873023884	936.190002441406
811.641103490712	937.809997558594
814.359465170214	940.609985351563
817.076958452946	946.484985351563
819.793583729246	949.549987792969
822.509341389214	957.320007324219
825.224231822712	968.099975585938
827.938255419375	976.044982910156
830.651412568596	982.52001953125
833.363703659544	985.580017089844
836.075129081157	990.390014648438
838.785689222127	988.875
841.495384470928	988.700012207031
844.204215215788	990.684997558594
846.912181844721	993.869995117188
849.619284745491	995.809997558594
852.325524305638	1003.75
855.030900912475	1011.25
857.735414953079	1015.76501464844
860.439066814289	1016.03997802734
863.141856882725	1009.5
865.843785544769	998.284973144531
868.544853186571	992.559997558594
871.245060194063	991.570007324219
873.944406952925	993.380004882813
876.642893848625	995.825012207031
879.340521266398	999.77001953125
882.037289591241	1001.125
884.733199207927	1004.55499267578
887.428250501001	1001.57000732422
890.122443854778	1000.85498046875
892.815779653335	1000.26000976563
895.508258280534	1001.93499755859
898.199880119997	1005.47998046875
900.890645555129	1008.72998046875
903.580554969094	1009.08502197266
906.269608744832	1010.94000244141
908.957807265056	1010.26501464844
911.645150912257	1008.04498291016
914.331640068689	1002.38500976563
917.017275116375	1003.53997802734
919.702056437128	1004.77502441406
922.385984412518	1007.91998291016
925.069059423886	1013.75
927.751281852366	1021.03997802734
930.432652078842	1024.56994628906
933.113170483983	1026.18005371094
935.79283744823	1031.59497070313
938.471653351806	1037.65002441406
941.149618574686	1040.80505371094
943.826733496641	1048.88000488281
946.502998497206	1057.77502441406
949.178413955689	1052.18994140625
951.85298025118	1054.73498535156
954.526697762544	1052.56005859375
957.199566868403	1052.69995117188
959.87158794718	1057.22497558594
962.542761377054	1059.56494140625
965.213087535987	1060.125
967.882566801719	1053.60998535156
970.551199551761	1045.99499511719
973.218986163399	1041.41003417969
975.885927013698	1038.14501953125
978.552022479501	1036.68505859375
981.217272937423	1035.85998535156
983.88167876386	1041.85498046875
986.545240334978	1046.07995605469
989.207958026729	1052.72497558594
991.869832214835	1061.28503417969
994.530863274798	1076.24499511719
997.191051581895	1096.32495117188
999.850397511185	1125.52001953125
1002.50890143751	1158.65502929688
1005.16656373546	1185.73498535156
1007.82338477944	1201.97998046875
1010.47936494363	1191.60998535156
1013.13450460195	1163.3349609375
1015.78880412815	1119.4599609375
1018.44226389572	1082.9150390625
1021.09488427794	1062.52502441406
1023.74666564789	1050.26501464844
1026.3976083784	1042.43005371094
1029.04771284208	1042.92504882813
1031.69697941135	1047.10998535156
1034.34540845838	1050.22998046875
1036.99300035512	1053.86999511719
1039.63975547333	1050.5
1042.28567418452	1044
1044.93075685998	1038.56494140625
1047.57500387081	1036.79504394531
1050.21841558786	1036.18505859375
1052.86099238177	1037.68505859375
1055.50273462297	1042.75
1058.14364268167	1043.07495117188
1060.78371692784	1047.63000488281
1063.42295773126	1053.4599609375
1066.06136546148	1060.24499511719
1068.69894048781	1066.30505371094
1071.33568317939	1073.2900390625
1073.9715939051	1078.42504882813
1076.60667303362	1084.94494628906
1079.24092093341	1088.57995605469
1081.87433797271	1088.76501464844
1084.50692451954	1089.2099609375
1087.13868094172	1090
1089.76960760684	1083.9150390625
1092.39970488226	1077.47998046875
1095.02897313516	1071.14501953125
1097.65741273246	1068.84497070313
1100.28502404089	1065.17004394531
1102.91180742697	1056.38000488281
1105.53776325698	1051.17004394531
1108.16289189701	1048.43005371094
1110.78719371291	1045.15002441406
1113.41066907033	1041.64501953125
1116.0333183347	1040.65502929688
1118.65514187124	1037.7099609375
1121.27614004495	1040.68505859375
1123.89631322061	1043.49499511719
1126.51566176279	1044.96496582031
1129.13418603585	1043.6650390625
1131.75188640394	1042.93994140625
1134.36876323098	1037.86499023438
1136.98481688069	1026
1139.60004771655	1013.24499511719
1142.21445610187	1000.93499755859
1144.82804239972	993.025024414063
1147.44080697295	991.150024414063
1150.05275018421	994.239990234375
1152.66387239593	998.460021972656
1155.27417397034	1001.86999511719
1157.88365526943	1008.76501464844
1160.49231665502	1012.28997802734
1163.10015848867	1010.70001220703
1165.70718113176	1012.19000244141
1168.31338494544	1011.40502929688
1170.91877029067	1011.10998535156
1173.52333752817	1011.41497802734
1176.12708701847	1011.875
1178.73001912187	1011.46997070313
1181.33213419848	1008.48498535156
1183.93343260819	1004.21002197266
1186.53391471068	1001.30999755859
1189.13358086539	998.284973144531
1191.73243143161	998.135009765625
1194.33046676836	999.474975585938
1196.92768723449	1002.57000732422
1199.52409318861	1010.80499267578
1202.11968498915	1018.47497558594
1204.7144629943	1027.02502441406
1207.30842756206	1032.96496582031
1209.90157905021	1042.78503417969
1212.49391781634	1045.22998046875
1215.08544421779	1044.89501953125
1217.67615861174	1041.98498535156
1220.26606135512	1035.26000976563
1222.85515280468	1035.99499511719
1225.44343331694	1042.1650390625
1228.03090324823	1051.67004394531
1230.61756295466	1057.48498535156
1233.20341279213	1063.14001464844
1235.78845311634	1073.41003417969
1238.37268428278	1080.2099609375
1240.95610664673	1082.70495605469
1243.53872056325	1089.24499511719
1246.12052638722	1095.02502441406
1248.70152447329	1096.18994140625
1251.28171517591	1097.42004394531
1253.86109884934	1093.5
1256.43967584759	1094.81994628906
1259.0174465245	1095.56494140625
1261.5944112337	1095.20495605469
1264.1705703286	1094.11499023438
1266.74592416241	1096.22497558594
1269.32047308814	1093.64001464844
1271.89421745858	1091.25500488281
1274.46715762633	1091.69995117188
1277.03929394377	1091.88500976563
1279.61062676308	1092.40502929688
1282.18115643624	1092.25500488281
1284.75088331502	1088.65502929688
1287.31980775098	1085.09997558594
1289.88793009548	1080.89001464844
1292.45525069969	1079.81994628906
1295.02176991454	1078.23999023438
1297.58748809078	1078.05004882813
1300.15240557897	1078.69995117188
1302.71652272942	1083.80505371094
1305.27983989229	1086.76501464844
1307.84235741749	1091.81005859375
1310.40407565475	1098.75500488281
1312.9649949536	1105.49499511719
1315.52511566335	1116.77502441406
1318.08443813311	1118.24499511719
1320.64296271181	1118.76000976563
1323.20068974815	1120.00500488281
1325.75761959063	1122.39001464844
1328.31375258756	1117.54504394531
1330.86908908704	1117.48999023438
1333.42362943696	1119.86499023438
1335.97737398503	1120.625
1338.53032307874	1124.43005371094
1341.08247706537	1125.50500488281
1343.63383629202	1124.16003417969
1346.18440110558	1114.89001464844
1348.73417185274	1106.11999511719
1351.28314887997	1099.73999023438
1353.83133253357	1088.88000488281
1356.37872315961	1076.63000488281
1358.92532110398	1066.01501464844
1361.47112671237	1054.46496582031
1364.01614033024	1046.46496582031
1366.56036230288	1039.34497070313
1369.10379297537	1034.16003417969
1371.64643269258	1025.18505859375
1374.18828179921	1018.20001220703
1376.72934063972	1013.71997070313
1379.2696095584	1009.40997314453
1381.80908889932	1008.43499755859
1384.34777900637	1009.40502929688
1386.88568022323	1009.36499023438
1389.42279289337	1010.42999267578
1391.95911736009	1010.83001708984
1394.49465396645	1015.89001464844
1397.02940305537	1022.33502197266
1399.5633649695	1024.67004394531
1402.09654005135	1023.48999023438
1404.6289286432	1026.91003417969
1407.16053108714	1031.2099609375
1409.69134772507	1029.40502929688
1412.22137889868	1029.4150390625
1414.75062494947	1030.18505859375
1417.27908621874	1033.21997070313
1419.80676304759	1032.2099609375
1422.33365577692	1030.99499511719
1424.85976474744	1035.05505371094
1427.38509029967	1040.93505859375
1429.90963277392	1046.60998535156
1432.4333925103	1051.44494628906
1434.95636984873	1062.06494140625
1437.47856512894	1075.68994140625
1439.99997869045	1094.39501953125
1442.5206108726	1117.22998046875
1445.04046201452	1137.97497558594
1447.55953245515	1151.56994628906
1450.07782253323	1164.84997558594
1452.59533258731	1167.69494628906
1455.11206295574	1165.67004394531
1457.62801397668	1163.11499023438
1460.14318598809	1153.5849609375
1462.65757932774	1143.92004394531
1465.1711943332	1132.29504394531
1467.68403134184	1110.11999511719
1470.19609069085	1086.17004394531
1472.70737271721	1061.4150390625
1475.21787775772	1037.44995117188
1477.72760614897	1015.51000976563
1480.23655822738	992.859985351563
1482.74473432914	974.909973144531
1485.25213479029	960.179992675781
1487.75875994664	946.905029296875
1490.26461013382	939.549987792969
1492.76968568726	933.544982910156
1495.27398694222	928.534973144531
1497.77751423374	924.284973144531
1500.28026789667	923.280029296875
1502.78224826569	922.744995117188
1505.28345567526	919.859985351563
1507.78389045967	919.39501953125
1510.28355295299	918.119995117188
1512.78244348913	917.775024414063
1515.28056240178	918.094970703125
1517.77791002445	915.945007324219
1520.27448669047	917.429992675781
1522.77029273296	918.159973144531
1525.26532848486	917.755004882813
1527.75959427889	918.715026855469
1530.25309044764	921.335021972656
1532.74581732344	922.744995117188
1535.23777523847	924.075012207031
1537.72896452471	923.025024414063
1540.21938551394	922.469970703125
1542.70903853778	926.340026855469
1545.19792392761	931.659973144531
1547.68604201466	936.950012207031
1550.17339312997	944.039978027344
1552.65997760434	949.815002441406
1555.14579576845	954.905029296875
1557.63084795275	958.544982910156
1560.11513448749	956.804992675781
1562.59865570276	952.25
1565.08141192845	951.60498046875
1567.56340349426	948.530029296875
1570.04463072969	945.47998046875
1572.52509396406	943.960021972656
1575.00479352652	944.594970703125
1577.48372974599	947.335021972656
1579.96190295124	950.325012207031
1582.43931347083	954.369995117188
1584.91596163314	956.140014648438
1587.39184776636	960.445007324219
1589.86697219849	964.625
1592.34133525734	968.169982910156
1594.81493727054	969.994995117188
1597.28777856553	975.375
1599.75985946955	980.664978027344
1602.23118030968	989.945007324219
1604.70174141278	999.25
1607.17154310555	1009.34997558594
1609.64058571449	1016
1612.10886956591	1019.09497070313
1614.57639498595	1019.10498046875
1617.04316230054	1021.66497802734
1619.50917183543	1017.41497802734
1621.97442391621	1010.38000488281
1624.43891886825	1004.75500488281
1626.90265701674	1002.91998291016
1629.36563868671	999.784973144531
1631.82786420296	995.820007324219
1634.28933389016	997.565002441406
1636.75004807274	1003.70501708984
1639.21000707498	1007.64501953125
1641.66921122097	1017.41998291016
1644.12766083459	1032.24499511719
1646.58535623956	1047.06494140625
1649.04229775941	1059.43505859375
1651.4984857175	1076.3349609375
1653.95392043697	1090.77502441406
1656.40860224079	1105.65002441406
1658.86253145177	1114.61499023438
1661.3157083925	1118.52502441406
1663.76813338542	1122.1650390625
1666.21980675275	1122.64001464844
1668.67072881656	1117.43505859375
1671.1208998987	1111.43994140625
1673.57032032089	1100.58996582031
1676.0189904046	1092.57495117188
1678.46691047118	1077.7099609375
1680.91408084174	1065.61499023438
1683.36050183726	1046.93505859375
1685.8061737785	1031.5
1688.25109698605	1012.65997314453
1690.69527178032	995.275024414063
1693.13869848153	979.580017089844
1695.58137740972	963.650024414063
1698.02330888476	951.599975585938
1700.46449322631	937.22998046875
1702.90493075388	925.719970703125
1705.34462178678	913.820007324219
1707.78356664414	903.400024414063
1710.22176564492	894.844970703125
1712.65921910787	889.025024414063
1715.0959273516	883.955017089844
1717.53189069449	882.77001953125
1719.9671094548	879.369995117188
1722.40158395054	879.255004882813
1724.8353144996	875.650024414063
1727.26830141965	874.159973144531
1729.70054502819	873.609985351563
1732.13204564255	872.630004882813
1734.56280357987	871.39501953125
1736.99281915711	872.219970703125
1739.42209269106	870.945007324219
1741.85062449831	870.419982910156
1744.27841489529	870.35498046875
1746.70546419823	869.679992675781
1749.13177272321	869.234985351563
1751.5573407861	867.400024414063
1753.98216870262	867.965026855469
1756.40625678828	869.150024414063
1758.82960535844	869.734985351563
1761.25221472825	868.534973144531
1763.67408521271	867.005004882813
1766.09521712663	866.164978027344
1768.51561078464	865.875
1770.93526650119	865.52001953125
1773.35418459056	864.760009765625
1775.77236536684	864.905029296875
1778.18980914396	864.429992675781
1780.60651623565	864.575012207031
1783.02248695548	865.034973144531
1785.43772161684	864.119995117188
1787.85222053292	864.030029296875
1790.26598401677	863.390014648438
1792.67901238123	864.174987792969
1795.09130593899	862.994995117188
1797.50286500254	861.835021972656
1799.9136898842	860.684997558594
1802.32378089613	860.700012207031
1804.73313835028	861.724975585938
1807.14176255846	862.179992675781
1809.54965383228	860.844970703125
1811.95681248317	860.72998046875
1814.36323882242	861.075012207031
1816.76893316109	860.594970703125
1819.17389581011	859.239990234375
1821.57812708021	858.195007324219
1823.98162728196	859.580017089844
1826.38439672573	860.530029296875
1828.78643572174	861.10498046875
1831.18774458003	860.130004882813
1833.58832361045	859.859985351563
1835.98817312269	860.719970703125
1838.38729342625	862.260009765625
1840.78568483048	857.650024414063
1843.18334764454	856.375
1845.58028217741	856.364990234375
1847.9764887379	857.205017089844
1850.37196763465	857.585021972656
1852.76671917613	859.239990234375
1855.16074367062	858.005004882813
1857.55404142624	857.010009765625
1859.94661275094	855.775024414063
1862.33845795247	855.840026855469
1864.72957733844	856.190002441406
1867.11997121627	857
1869.5096398932	857.099975585938
1871.89858367631	856.39501953125
1874.28680287251	856.690002441406
1876.67429778851	857.869995117188
1879.06106873089	856.919982910156
1881.44711600601	856.125
1883.8324399201	856.474975585938
1886.21704077919	856.25
1888.60091888915	856.544982910156
1890.98407455567	857.39501953125
1893.36650808428	856.575012207031
1895.74821978033	855.830017089844
1898.12920994899	855.900024414063
1900.50947889527	856.390014648438
1902.88902692401	856.559997558594
1905.26785433986	856.065002441406
1907.64596144734	856.210021972656
1910.02334855075	856.700012207031
1912.40001595424	856.830017089844
1914.7759639618	856.059997558594
1917.15119287724	855.919982910156
1919.52570300419	854.825012207031
1921.89949464611	854.864990234375
1924.27256810632	855.900024414063
1926.64492368793	856.575012207031
1929.0165616939	856.150024414063
1931.38748242701	856.405029296875
1933.75768618989	855.945007324219
1936.12717328497	856.205017089844
1938.49594401455	856.224975585938
1940.86399868071	855.044982910156
1943.23133758541	854.880004882813
1945.5979610304	855.205017089844
1947.96386931729	856.130004882813
1950.32906274751	856.224975585938
1952.69354162232	856.109985351563
1955.0573062428	856.5
1957.42035690989	856.22998046875
1959.78269392434	856.984985351563
1962.14431758673	857.664978027344
1964.50522819748	856.015014648438
1966.86542605684	855.794982910156
1969.22491146488	856.034973144531
1971.58368472153	855.599975585938
1973.94174612654	854.484985351563
1976.29909597945	854.784973144531
1978.65573457971	854.965026855469
1981.01166222654	856.835021972656
1983.36687921902	856.705017089844
1985.72138585606	854.875
1988.07518243639	853.440002441406
1990.42826925859	853.219970703125
1992.78064662106	853.89501953125
1995.13231482205	855.179992675781
1997.48327415961	854.205017089844
1999.83352493167	854.260009765625
2002.18306743594	854.515014648438
2004.53190197002	855.984985351563
2006.8800288313	855.585021972656
2009.22744831703	854.929992675781
2011.57416072427	855.390014648438
2013.92016634993	854.280029296875
2016.26546549076	852.539978027344
2018.61005844332	852.469970703125
2020.95394550404	853.869995117188
2023.29712696915	853.655029296875
2025.63960313474	854.265014648438
2027.98137429672	854.909973144531
2030.32244075083	854.830017089844
2032.66280279266	854.429992675781
2035.00246071763	854.859985351563
2037.34141482099	853.059997558594
2039.67966539784	853.484985351563
2042.01721274309	855.409973144531
2044.35405715151	856.640014648438
2046.69019891769	855.789978027344
2049.02563833606	856.630004882813
2051.3603757009	856.049987792969
2053.6944113063	854.164978027344
2056.0277454462	855.424987792969
2058.36037841439	855.390014648438
2060.69231050446	855.830017089844
2063.02354200988	855.85498046875
2065.35407322392	854.710021972656
2067.68390443971	854.864990234375
2070.01303595021	855.77001953125
2072.3414680482	856.530029296875
2074.66920102633	856.674987792969
2076.99623517706	854.85498046875
2079.32257079271	854.900024414063
2081.6482081654	853.559997558594
2083.97314758713	853.994995117188
2086.29738934971	855.900024414063
2088.62093374481	857.900024414063
2090.94378106391	857.409973144531
2093.26593159835	856.525024414063
2095.5873856393	856.359985351563
2097.90814347777	855.739990234375
2100.2282054046	856.760009765625
2102.54757171048	858.289978027344
2104.86624268594	859.590026855469
2107.18421862133	859.205017089844
2109.50149980686	857.914978027344
2111.81808653257	858.164978027344
2114.13397908834	857.440002441406
2116.44917776388	857.719970703125
2118.76368284875	858.799987792969
2121.07749463235	858.674987792969
2123.39061340391	858.085021972656
2125.70303945252	856.820007324219
2128.01477306707	857.375
2130.32581453634	858.090026855469
2132.63616414891	859.349975585938
2134.94582219322	859.190002441406
2137.25478895754	857.609985351563
2139.56306472999	855.640014648438
2141.87064979851	856.065002441406
2144.17754445092	858.590026855469
2146.48374897484	860.705017089844
2148.78926365774	859.994995117188
2151.09408878695	858.844970703125
2153.39822464963	860.255004882813
2155.70167153277	860.070007324219
2158.00442972321	858.700012207031
2160.30649950763	858.195007324219
2162.60788117256	858.505004882813
2164.90857500436	858.75
2167.20858128923	859.219970703125
2169.50790031323	860.919982910156
2171.80653236223	860.820007324219
2174.10447772198	859.674987792969
2176.40173667804	857.719970703125
2178.69830951582	857.210021972656
2180.99419652058	857.075012207031
2183.28939797743	857.650024414063
2185.5839141713	858.034973144531
2187.87774538698	858.840026855469
2190.17089190908	858.179992675781
2192.46335402209	858.655029296875
2194.75513201032	857.085021972656
2197.04622615791	857.549987792969
2199.33663674886	857.590026855469
2201.62636406702	856.369995117188
2203.91540839606	857.390014648438
2206.20377001952	857.330017089844
2208.49144922077	858.414978027344
2210.77844628302	858.364990234375
2213.06476148933	858.344970703125
2215.3503951226	858.424987792969
2217.63534746557	856.945007324219
2219.91961880085	856.684997558594
2222.20320941085	857.429992675781
2224.48611957785	857.674987792969
2226.76834958399	856.97998046875
2229.04989971122	857.02001953125
2231.33077024136	856.065002441406
2233.61096145607	856.025024414063
2235.89047363683	856.224975585938
2238.169307065	856.640014648438
2240.44746202178	856.205017089844
2242.72493878819	856.275024414063
2245.00173764511	856.215026855469
2247.27785887327	857.219970703125
2249.55330275324	856.880004882813
2251.82806956545	857.784973144531
2254.10215959014	858.005004882813
2256.37557310744	859.179992675781
2258.64831039729	858.705017089844
2260.92037173949	858.419982910156
2263.19175741368	858.320007324219
2265.46246769938	857.210021972656
2267.7325028759	858.135009765625
2270.00186322243	859.335021972656
2272.270549018	858.195007324219
2274.5385605415	856.77001953125
2276.80589807165	856.614990234375
2279.07256188702	857.159973144531
2281.33855226601	857.174987792969
2283.60386948691	857.034973144531
2285.86851382782	858.309997558594
2288.1324855667	857.609985351563
2290.39578498136	859.25
2292.65841234945	859.815002441406
2294.92036794847	861.010009765625
2297.18165205578	861.085021972656
2299.44226494856	859.434997558594
2301.70220690387	859.409973144531
2303.96147819859	858.554992675781
2306.22007910947	859.174987792969
2308.47800991309	860.344970703125
2310.73527088589	859.409973144531
2312.99186230416	858.570007324219
2315.24778444403	859.260009765625
2317.50303758149	861.330017089844
2319.75762199235	862.460021972656
2322.01153795231	862.255004882813
2324.26478573689	861.794982910156
2326.51736562147	860.934997558594
2328.76927788127	861.890014648438
2331.02052279137	862.570007324219
2333.2711006267	861.205017089844
2335.52101166203	859.885009765625
2337.77025617198	859.025024414063
2340.01883443103	858.289978027344
2342.2667467135	859.200012207031
2344.51399329356	860.789978027344
2346.76057444525	860.515014648438
2349.00649044241	859.190002441406
2351.2517415588	859.054992675781
2353.49632806796	857.700012207031
2355.74025024334	856.539978027344
2357.98350835819	855.619995117188
2360.22610268566	856.969970703125
2362.4680334987	857.039978027344
2364.70930107016	859.650024414063
2366.94990567269	859.059997558594
2369.18984757884	859.534973144531
2371.42912706098	860.659973144531
2373.66774439134	858.080017089844
2375.90569984199	858.614990234375
2378.14299368488	858.085021972656
2380.37962619179	856.455017089844
2382.61559763435	856.664978027344
2384.85090828405	857.335021972656
2387.08555841222	856.955017089844
2389.31954829006	857.049987792969
2391.55287818861	857.169982910156
2393.78554837877	857.724975585938
2396.01755913128	857.75
2398.24891071673	856.715026855469
2400.47960340558	857.325012207031
2402.70963746814	859.015014648438
2404.93901317456	857.969970703125
2407.16773079485	857.650024414063
2409.39579059887	858.924987792969
2411.62319285633	857.765014648438
2413.84993783681	857.575012207031
2416.07602580971	857.075012207031
2418.30145704432	857.294982910156
2420.52623180977	857.965026855469
2422.75035037503	857.669982910156
2424.97381300893	858.434997558594
2427.19661998017	858.200012207031
2429.41877155729	858.554992675781
2431.64026800867	857.969970703125
2433.86110960257	858.140014648438
2436.08129660709	857.909973144531
2438.30082929019	858.989990234375
2440.51970791967	860.065002441406
2442.73793276321	859.515014648438
2444.95550408832	859.640014648438
2447.17242216237	858.010009765625
2449.38868725259	858.875
2451.60429962607	858.934997558594
2453.81925954975	859.25
2456.03356729041	858.97998046875
2458.2472231147	858.169982910156
2460.46022728913	859.280029296875
2462.67258008005	858.60498046875
2464.88428175368	858.52001953125
2467.09533257608	857.924987792969
2469.30573281318	857.830017089844
2471.51548273076	857.965026855469
2473.72458259445	858.869995117188
2475.93303266974	860.859985351563
2478.14083322198	861.744995117188
2480.34798451637	860.974975585938
2482.55448681797	860.955017089844
2484.76034039169	862.070007324219
2486.96554550231	861.02001953125
2489.17010241445	859.784973144531
2491.37401139259	860.984985351563
2493.57727270109	860.390014648438
2495.77988660412	859.434997558594
2497.98185336574	860.340026855469
2500.18317324987	862.130004882813
2502.38384652028	861.614990234375
2504.58387344058	861.695007324219
2506.78325427425	861.869995117188
2508.98198928465	861.890014648438
2511.18007873495	862.234985351563
2513.37752288821	861.359985351563
2515.57432200735	861.315002441406
2517.77047635514	860.715026855469
2519.96598619419	861.260009765625
2522.16085178699	862.015014648438
2524.35507339589	862.955017089844
2526.54865128308	863.549987792969
2528.74158571062	863.390014648438
2530.93387694042	862.919982910156
2533.12552523427	862.919982910156
2535.31653085379	862.549987792969
2537.50689406046	861.830017089844
2539.69661511566	861.684997558594
2541.88569428057	863.075012207031
2544.07413181627	864.054992675781
2546.26192798368	864.974975585938
2548.44908304359	865.205017089844
2550.63559725664	865.460021972656
2552.82147088333	864.744995117188
2555.00670418402	865.080017089844
2557.19129741894	865.460021972656
2559.37525084817	867.510009765625
2561.55856473164	867.025024414063
2563.74123932917	865.52001953125
2565.92327490039	865.530029296875
2568.10467170484	864.260009765625
2570.28543000189	863.099975585938
2572.46555005079	865.340026855469
2574.64503211063	867.414978027344
2576.82387644036	867.549987792969
2579.00208329882	868.340026855469
2581.17965294468	866.840026855469
2583.35658563648	869.14501953125
2585.53288163263	867.989990234375
2587.70854119137	866.885009765625
2589.88356457084	866.559997558594
2592.05795202902	867.864990234375
2594.23170382376	868.510009765625
2596.40482021275	868.289978027344
2598.57730145356	867.880004882813
2600.74914780363	867.580017089844
2602.92035952023	868.169982910156
2605.09093686053	868.85498046875
2607.26088008153	870.864990234375
2609.4301894401	870.364990234375
2611.59886519299	869.705017089844
2613.76690759678	872.619995117188
2615.93431690793	874.424987792969
2618.10109338277	874.835021972656
2620.26723727748	873.799987792969
2622.4327488481	874.25
2624.59762835054	874.849975585938
2626.76187604057	875.919982910156
2628.92549217382	875.234985351563
2631.08847700579	877.039978027344
2633.25083079182	878.619995117188
2635.41255378715	879.27001953125
2637.57364624684	880.044982910156
2639.73410842586	878.900024414063
2641.893940579	877.669982910156
2644.05314296094	878.934997558594
2646.21171582621	877.380004882813
2648.36965942921	878.359985351563
2650.5269740242	879.965026855469
2652.6836598653	880.965026855469
2654.83971720651	882.400024414063
2656.99514630167	881.405029296875
2659.1499474045	881.869995117188
2661.30412076857	881.919982910156
2663.45766664734	882.585021972656
2665.61058529411	880.815002441406
2667.76287696204	881.505004882813
2669.91454190418	882.72998046875
2672.06558037342	885.299987792969
2674.21599262253	886.534973144531
2676.36577890413	886.684997558594
2678.51493947072	886.590026855469
2680.66347457466	886.625
2682.81138446816	887.739990234375
2684.95866940332	889.289978027344
2687.10532963209	890.299987792969
2689.25136540628	891.049987792969
2691.39677697757	887.880004882813
2693.54156459752	887.224975585938
2695.68572851753	887.234985351563
2697.82926898888	888.455017089844
2699.97218626272	889.5
2702.11448059006	890.184997558594
2704.25615222175	893.195007324219
2706.39720140856	895.635009765625
2708.53762840109	897.255004882813
2710.67743344979	898.494995117188
2712.81661680503	900.419982910156
2714.95517871698	902.489990234375
2717.09311943574	902.799987792969
2719.23043921123	907.539978027344
2721.36713829325	912.335021972656
2723.50321693148	915.804992675781
2725.63867537545	916.35498046875
2727.77351387456	917.794982910156
2729.90773267809	917.815002441406
2732.04133203516	919.489990234375
2734.17431219478	919.840026855469
2736.30667340581	917.034973144531
2738.438415917	919.119995117188
2740.56953997695	920.054992675781
2742.70004583414	916.424987792969
2744.82993373688	911.614990234375
2746.9592039334	910.179992675781
2749.08785667177	910.534973144531
2751.21589219993	910.409973144531
2753.34331076568	907.484985351563
2755.4701126167	906.784973144531
2757.59629800054	905.455017089844
2759.7218671646	903.119995117188
2761.84682035617	905.715026855469
2763.9711578224	907.114990234375
2766.0948798103	906.700012207031
2768.21798656676	908.469970703125
2770.34047833852	908.859985351563
2772.46235537222	908.565002441406
2774.58361791434	904.739990234375
2776.70426621124	902.299987792969
2778.82430050915	904.25
2780.94372105416	905.994995117188
2783.06252809224	905.080017089844
2785.18072186922	902.599975585938
2787.29830263081	900.955017089844
2789.41527062257	899.72998046875
2791.53162608996	899.705017089844
2793.64736927828	899.22998046875
2795.76250043271	898.674987792969
2797.8770197983	899.565002441406
2799.99092761997	900.619995117188
2802.10422414252	901.070007324219
2804.21690961059	904.219970703125
2806.32898426873	907.460021972656
2808.44044836132	907.989990234375
2810.55130213264	910.580017089844
2812.66154582682	911.114990234375
2814.77117968788	914.700012207031
2816.8802039597	918.85498046875
2818.98861888601	921.239990234375
2821.09642471046	925.640014648438
2823.20362167653	930.059997558594
2825.31021002756	935.625
2827.41619000682	940.234985351563
2829.52156185738	943.52001953125
2831.62632582224	949.85498046875
2833.73048214422	954.97998046875
2835.83403106606	965.554992675781
2837.93697283033	978.909973144531
2840.03930767951	990.299987792969
2842.1410358559	1003.82501220703
2844.24215760173	1016.71502685547
2846.34267315905	1039.20495605469
2848.44258276982	1064.44995117188
2850.54188667585	1092.52502441406
2852.64058511883	1122.38000488281
2854.73867834032	1150.26000976563
2856.83616658175	1178.05004882813
2858.93305008443	1207.28503417969
2861.02932908952	1235.88500976563
2863.12500383809	1275.76000976563
2865.22007457104	1330.74499511719
2867.31454152918	1385.6650390625
2869.40840495316	1440.17504882813
2871.50166508353	1486.65502929688
2873.59432216069	1522.43005371094
2875.68637642493	1554.94995117188
2877.77782811641	1572.09997558594
2879.86867747515	1573.73498535156
2881.95892474105	1584.47998046875
2884.0485701539	1597.78002929688
2886.13761395333	1599.56494140625
2888.22605637886	1602.59997558594
2890.3138976699	1611.17004394531
2892.40113806571	1627.26000976563
2894.48777780544	1650.7900390625
2896.57381712808	1670.32995605469
2898.65925627254	1687.96997070313
2900.74409547758	1702.20495605469
2902.82833498183	1722.06005859375
2904.9119750238	1753.48999023438
2906.99501584188	1786.56494140625
2909.07745767432	1825.24499511719
2911.15930075925	1875.89001464844
2913.24054533469	1935.78503417969
2915.3211916385	1975.17504882813
2917.40123990846	2020.25
2919.48069038217	2080.42504882813
2921.55954329716	2132.125
2923.63779889079	2177.02001953125
2925.71545740033	2212.9599609375
2927.79251906289	2234.03002929688
2929.86898411548	2259.5400390625
2931.94485279498	2287.96508789063
2934.02012533815	2298.53491210938
2936.0948019816	2302.88989257813
2938.16888296184	2288.57495117188
2940.24236851525	2250.09497070313
2942.31525887809	2198.52490234375
2944.38755428648	2153.72998046875
2946.45925497643	2133.35009765625
2948.53036118382	2100.61010742188
2950.6008731444	2040.78002929688
2952.67079109381	1971.93005371094
2954.74011526755	1918.17004394531
2956.80884590101	1868.03503417969
2958.87698322944	1837.08996582031
2960.94452748799	1827.73999023438
2963.01147891167	1811.98999023438
2965.07783773535	1783.0400390625
2967.14360419382	1752.88500976563
2969.2087785217	1726.93505859375
2971.27336095352	1713.19494628906
2973.33735172366	1702.14501953125
2975.40075106641	1687.31994628906
2977.46355921591	1661.40002441406
2979.52577640618	1635.51501464844
2981.58740287112	1599.44494628906
2983.64843884452	1562.55505371094
2985.70888456003	1528.16003417969
2987.76874025117	1507.99499511719
2989.82800615137	1483.09497070313
2991.88668249391	1450.76000976563
2993.94476951194	1410.61999511719
2996.00226743852	1367.58996582031
2998.05917650657	1328.18994140625
3000.11549694887	1297.20495605469
3002.17122899812	1275.08996582031
3004.22637288685	1244.11499023438
3006.2809288475	1215.20495605469
3008.33489711238	1185.27502441406
3010.38827791368	1157.41003417969
3012.44107148345	1139
3014.49327805366	1122.13000488281
3016.5448978561	1105.94995117188
3018.59593112249	1087.04504394531
3020.64637808441	1072.55505371094
3022.6962389733	1061.09497070313
3024.74551402051	1050.35998535156
3026.79420345725	1041.54504394531
3028.84230751461	1034.76501464844
3030.88982642357	1030.9599609375
3032.93676041497	1030.81494140625
3034.98310971955	1030.14501953125
3037.02887456791	1033.18005371094
3039.07405519054	1039.70495605469
3041.11865181781	1046.08996582031
3043.16266467996	1049.60998535156
3045.20609400713	1051.41003417969
3047.24894002932	1058.14001464844
3049.2912029764	1065.3349609375
3051.33288307815	1070.31994628906
3053.37398056421	1078.35998535156
3055.41449566411	1089.70495605469
3057.45442860725	1103.7900390625
3059.49377962291	1117.4150390625
3061.53254894026	1126.88000488281
3063.57073678834	1135.14501953125
3065.60834339607	1133.29504394531
3067.64536899227	1122.09997558594
3069.68181380561	1109.92504882813
3071.71767806467	1097.44494628906
3073.75296199788	1080.89501953125
3075.78766583357	1065.43505859375
3077.82178979997	1043.4150390625
3079.85533412513	1027.05505371094
3081.88829903705	1015.21502685547
3083.92068476356	1004.95501708984
3085.95249153241	993.445007324219
3087.98371957119	983.47998046875
3090.01436910741	975.840026855469
3092.04444036844	969.924987792969
3094.07393358152	965.559997558594
3096.10284897381	963.159973144531
3098.13118677232	959.715026855469
3100.15894720395	958.559997558594
3102.18613049548	955.840026855469
3104.21273687357	957.330017089844
3106.23876656477	957.869995117188
3108.2642197955	956.255004882813
3110.28909679208	955.140014648438
3112.31339778069	955.275024414063
3114.33712298741	956.02001953125
3116.36027263819	956.825012207031
3118.38284695887	958.799987792969
3120.40484617516	957.924987792969
3122.42627051268	959.414978027344
3124.4471201969	959.299987792969
3126.46739545319	955.244995117188
3128.4870965068	954.75
3130.50622358287	958.330017089844
3132.5247769064	958.02001953125
3134.54275670229	957.929992675781
3136.56016319534	958.265014648438
3138.57699661019	956.609985351563
3140.59325717139	955.140014648438
3142.60894510338	955.409973144531
3144.62406063047	959.565002441406
3146.63860397686	957.72998046875
3148.65257536662	957.734985351563
3150.66597502371	959.474975585938
3152.67880317199	960.919982910156
3154.69106003518	962.919982910156
3156.70274583691	965.059997558594
3158.71386080065	966.085021972656
3160.72440514981	967.234985351563
3162.73437910763	966.934997558594
3164.74378289728	968.35498046875
3166.75261674179	971.780029296875
3168.76088086407	974.989990234375
3170.76857548692	978.570007324219
3172.77570083303	979.705017089844
3174.78225712498	979.719970703125
3176.78824458521	977.72998046875
3178.79366343607	979.590026855469
3180.79851389977	981.130004882813
3182.80279619844	986.515014648438
3184.80651055405	992.054992675781
3186.80965718849	993.655029296875
3188.81223632353	995.659973144531
3190.81424818081	994.924987792969
3192.81569298186	998.869995117188
3194.8165709481	1004.18499755859
3196.81688230084	1006.40002441406
3198.81662726126	1006.66497802734
3200.81580605044	1007.65002441406
3202.81441888933	1010.43499755859
3204.81246599879	1013.98498535156
3206.80994759954	1014.25
3208.80686391219	1015.22497558594
3210.80321515726	1020.34497070313
3212.79900155512	1024.79504394531
3214.79422332605	1027.46496582031
3216.78888069021	1027.79504394531
3218.78297386765	1032.35998535156
3220.77650307828	1036.10998535156
3222.76946854195	1039.65502929688
3224.76187047834	1040.93505859375
3226.75370910705	1039.35998535156
3228.74498464755	1041.26000976563
3230.73569731921	1042.10498046875
3232.72584734127	1041.85998535156
3234.71543493287	1044.90502929688
3236.70446031304	1048.09497070313
3238.69292370068	1056.51501464844
3240.68082531459	1057.72497558594
3242.66816537345	1059.00500488281
3244.65494409583	1064.26000976563
3246.6411617002	1066.7900390625
3248.62681840488	1066.7900390625
3250.61191442812	1063.56005859375
3252.59644998804	1065.24499511719
3254.58042530263	1071.08996582031
3256.56384058979	1072.58996582031
3258.54669606731	1077.69494628906
3260.52899195285	1082.71997070313
3262.51072846396	1088.59497070313
3264.4919058181	1090.96997070313
3266.47252423259	1091.06994628906
3268.45258392464	1094.70495605469
3270.43208511138	1104.59997558594
3272.41102800978	1111.06005859375
3274.38941283675	1118.42004394531
3276.36723980904	1119.23498535156
3278.34450914332	1118.59997558594
3280.32122105613	1121.13000488281
3282.29737576392	1125.94995117188
3284.272973483	1129.64001464844
3286.24801442958	1129.76501464844
3288.22249881978	1132.01000976563
3290.19642686957	1134.86499023438
3292.16979879485	1133.81994628906
3294.14261481136	1132.60498046875
3296.11487513478	1138.50500488281
3298.08657998065	1143.63000488281
3300.0577295644	1140.2900390625
3302.02832410136	1133.70495605469
3303.99836380673	1135.26501464844
3305.96784889563	1138.27502441406
3307.93677958303	1134.47998046875
3309.90515608383	1132.13500976563
3311.87297861278	1130.9599609375
3313.84024738456	1134.53002929688
3315.80696261371	1134.52001953125
3317.77312451466	1131.14001464844
3319.73873330175	1126.14001464844
3321.70378918919	1119.10998535156
3323.66829239109	1114.23498535156
3325.63224312145	1115.20495605469
3327.59564159416	1111.53002929688
3329.55848802299	1109.9150390625
3331.52078262162	1109.20495605469
3333.4825256036	1111.0400390625
3335.44371718237	1107.35998535156
3337.40435757128	1104.63500976563
3339.36444698356	1104.4150390625
3341.32398563232	1100.39501953125
3343.28297373058	1101.27001953125
3345.24141149124	1104.22998046875
3347.19929912709	1101.38500976563
3349.15663685081	1103.6650390625
3351.11342487497	1105.61999511719
3353.06966341204	1101.49499511719
3355.02535267437	1100.43505859375
3356.98049287421	1094.55505371094
3358.9350842237	1093.01000976563
3360.88912693486	1096.13500976563
3362.84262121962	1097.48498535156
3364.79556728978	1092.75500488281
3366.74796535705	1092.15502929688
3368.69981563302	1096.03503417969
3370.65111832917	1097.48999023438
3372.60187365689	1088.9599609375
3374.55208182744	1083.5
3376.50174305198	1084.6650390625
3378.45085754157	1084.2900390625
3380.39942550714	1085.22497558594
3382.34744715954	1082.76501464844
3384.29492270949	1078.35498046875
3386.24185236761	1074.25500488281
3388.18823634442	1070.68005371094
3390.13407485031	1067.34497070313
3392.07936809559	1068.51501464844
3394.02411629045	1067.49499511719
3395.96831964496	1063.21997070313
3397.91197836911	1063.23498535156
3399.85509267275	1065.85998535156
3401.79766276564	1063.69494628906
3403.73968885745	1057.40002441406
3405.68117115771	1053.57495117188
3407.62210987586	1052.02502441406
3409.56250522123	1052.73999023438
3411.50235740305	1050.67504882813
3413.44166663043	1050.20495605469
3415.38043311238	1047.7900390625
3417.3186570578	1043.11999511719
3419.2563386755	1040.67004394531
3421.19347817415	1040.77502441406
3423.13007576235	1040.48999023438
3425.06613164857	1039.22497558594
3427.00164604118	1040.90002441406
3428.93661914844	1040.13500976563
3430.87105117852	1037.92004394531
3432.80494233945	1033.80505371094
3434.73829283919	1033.57495117188
3436.67110288558	1036.28002929688
3438.60337268634	1037.26501464844
3440.53510244911	1031.72497558594
3442.4662923814	1031
3444.39694269064	1027.68005371094
3446.32705358412	1025.21496582031
3448.25662526905	1021.78002929688
3450.18565795254	1021.66497802734
3452.11415184156	1019.13000488281
3454.04210714302	1017.35498046875
3455.96952406369	1014.65502929688
3457.89640281024	1011.09497070313
3459.82274358924	1008.55999755859
3461.74854660717	1006.98498535156
3463.67381207038	1010.00500488281
3465.59854018513	1008.54998779297
3467.52273115756	1003.51000976563
3469.44638519373	1000.85998535156
3471.36950249956	996.125
3473.29208328091	994.929992675781
3475.21412774349	993.260009765625
3477.13563609293	989.890014648438
3479.05660853476	989.849975585938
3480.97704527438	987.22998046875
3482.89694651712	983.885009765625
3484.81631246818	982.400024414063
3486.73514333266	978.044982910156
3488.65343931557	975.445007324219
3490.57120062179	970.765014648438
3492.48842745612	968.114990234375
3494.40512002324	964.25
3496.32127852773	959.5
3498.23690317408	957.965026855469
3500.15199416666	956.609985351563
3502.06655170974	953.989990234375
3503.98057600749	950.554992675781
3505.89406726396	946.859985351563
3507.80702568312	944.554992675781
3509.71945146883	943.780029296875
3511.63134482483	941.155029296875
3513.54270595478	939.965026855469
3515.45353506222	938.85498046875
3517.3638323506	935.809997558594
3519.27359802324	931.765014648438
3521.1828322834	930.219970703125
3523.09153533419	926.914978027344
3524.99970737866	922.280029296875
3526.90734861972	917.385009765625
3528.81445926021	915.299987792969
3530.72103950283	912.890014648438
3532.62708955022	910.385009765625
3534.53260960488	911.140014648438
3536.43759986923	909.119995117188
3538.34206054558	904.510009765625
3540.24599183613	899.35498046875
3542.149393943	897.840026855469
3544.05226706817	895.945007324219
3545.95461141357	892.775024414063
3547.85642718097	890.789978027344
3549.75771457208	890.734985351563
3551.6584737885	890.580017089844
3553.55870503171	888.22998046875
3555.4584085031	884.52001953125
3557.35758440396	881.780029296875
3559.25623293548	879.27001953125
3561.15435429874	876.184997558594
3563.05194869473	874.39501953125
3564.94901632432	872.070007324219
3566.84555738829	871.525024414063
3568.74157208732	871.159973144531
3570.63706062199	871
3572.53202319277	868.494995117188
3574.42646000003	867.344970703125
3576.32037124406	867.205017089844
3578.213757125	865.640014648438
3580.10661784295	864.549987792969
3581.99895359786	864.849975585938
3583.8907645896	863.375
3585.78205101794	861.530029296875
3587.67281308254	858.474975585938
3589.56305098297	856.679992675781
3591.4527649187	853.705017089844
3593.34195508907	853.109985351563
3595.23062169338	853.375
3597.11876493075	851.715026855469
3599.00638500027	849.635009765625
3600.89348210089	848.114990234375
3602.78005643148	848.299987792969
3604.66610819078	847.97998046875
3606.55163757747	846.544982910156
3608.4366447901	845.989990234375
3610.32113002713	844.515014648438
3612.20509348693	841.875
3614.08853536774	839.890014648438
3615.97145586773	838.849975585938
3617.85385518497	836.835021972656
3619.7357335174	835.75
3621.61709106289	833.515014648438
3623.4979280192	831.75
3625.37824458399	830.599975585938
3627.25804095482	830.599975585938
3629.13731732915	829.630004882813
3631.01607390435	827.969970703125
3632.89431087767	825.85498046875
3634.77202844629	825.825012207031
3636.64922680726	824.799987792969
3638.52590615754	824.210021972656
3640.40206669402	823.570007324219
3642.27770861344	822.349975585938
3644.15283211248	821.39501953125
3646.02743738771	820.859985351563
3647.90152463559	820.570007324219
3649.77509405251	819.984985351563
3651.64814583473	818.794982910156
3653.52068017842	817.255004882813
3655.39269727965	817.200012207031
3657.26419733442	815.974975585938
3659.13518053858	815.60498046875
3661.00564708793	813.434997558594
3662.87559717814	810.950012207031
3664.7450310048	809.614990234375
3666.61394876338	809.739990234375
3668.48235064928	809.64501953125
3670.35023685779	808.664978027344
3672.21760758409	807.75
3674.08446302327	806.159973144531
3675.95080337033	805.450012207031
3677.81662882017	805.789978027344
3679.68193956758	804.515014648438
3681.54673580727	802.909973144531
3683.41101773383	802.234985351563
3685.27478554178	801.474975585938
3687.13803942551	800.775024414063
3689.00077957934	800.940002441406
3690.86300619748	799.155029296875
3692.72471947405	797.799987792969
3694.58591960306	797.304992675781
3696.44660677844	797.614990234375
3698.306781194	797
3700.16644304348	797.375
3702.02559252049	796.945007324219
3703.88422981859	795.099975585938
3705.74235513119	793.690002441406
3707.59996865164	793.775024414063
3709.45707057318	793.700012207031
3711.31366108895	793.47998046875
3713.16974039199	792.775024414063
3715.02530867527	793.080017089844
3716.88036613164	791.914978027344
3718.73491295385	791.640014648438
3720.58894933456	791.559997558594
3722.44247546634	790.440002441406
3724.29549154166	789.364990234375
3726.14799775289	788.385009765625
3727.9999942923	788.22998046875
3729.85148135209	788.434997558594
3731.70245912432	788.010009765625
3733.55292780098	787.599975585938
3735.40288757397	787.739990234375
3737.25233863509	786.775024414063
3739.10128117603	785.099975585938
3740.9497153884	785.325012207031
3742.7976414637	785.35498046875
3744.64505959335	786.385009765625
3746.49196996866	787.239990234375
3748.33837278086	787.724975585938
3750.18426822108	787.929992675781
3752.02965648033	788.219970703125
3753.87453774956	788.429992675781
3755.7189122196	788.070007324219
3757.5627800812	787.544982910156
3759.40614152501	786.955017089844
3761.24899674159	786.299987792969
3763.09134592138	786.669982910156
3764.93318925476	785.97998046875
3766.77452693199	785.72998046875
3768.61535914325	785.580017089844
3770.45568607861	784.02001953125
3772.29550792807	783.784973144531
3774.1348248815	784.450012207031
3775.9736371287	785.530029296875
3777.81194485938	785.575012207031
