32.6816976106991	713.044982910156
35.6535599501435	712.950012207031
38.6244374909659	713.049987792969
41.5943306947054	712.780029296875
44.5632400226282	712.775024414063
47.5311659356917	712.815002441406
50.4981088945929	712.72998046875
53.4640693597127	712.934997558594
56.4290477911676	712.830017089844
59.3930446487746	712.780029296875
62.356060392067	712.989990234375
65.3180954802906	712.625
68.2791503724084	712.780029296875
71.2392255270922	712.890014648438
74.1983214027271	712.809997558594
77.1564384574159	712.984985351563
80.113577148983	712.650024414063
83.0697379349549	712.609985351563
86.0249212725722	712.945007324219
88.9791276188058	712.825012207031
91.9323574303255	713.039978027344
94.8846111635238	713.030029296875
97.8358892745121	713.179992675781
100.786192219114	713.215026855469
103.73552045287	713.200012207031
106.683874431037	713.265014648438
109.631254608583	713.609985351563
112.577661440203	713.804992675781
115.523095380307	714.179992675781
118.467556883015	714.880004882813
121.411046402175	716.210021972656
124.353564391344	718.47998046875
127.295111303796	722.099975585938
130.235687592532	729.484985351563
133.175293710265	742.164978027344
136.113930109434	763.304992675781
139.051597242185	792.700012207031
141.98829556039	830.625
144.92402551564	873.539978027344
147.858787559244	918.474975585938
150.792582142239	966.664978027344
153.725409715372	1009.40502929688
156.65727072911	1031.15002441406
159.588165633643	1047.23498535156
162.518094878884	1061.53503417969
165.447058914469	1071.52502441406
168.375058189747	1069.25
171.302093153792	1064.65502929688
174.228164255401	1057.06994628906
177.153271943091	1056.38000488281
180.077416665101	1055.90502929688
183.000598869394	1056.84997558594
185.922819003656	1054.07495117188
188.84407751529	1057
191.764374851424	1059.20495605469
194.683711458919	1057.31005859375
197.60208778434	1057.74499511719
200.519504273992	1066.98999023438
203.435961373894	1076.69995117188
206.351459529801	1088.19494628906
209.265999187174	1098.35498046875
212.179580791207	1113.0849609375
215.092204786825	1127.58996582031
218.003871618673	1149.91003417969
220.914581731116	1171.89001464844
223.824335568247	1186.79504394531
226.733133573893	1194.90002441406
229.640976191593	1206.22998046875
232.547863864614	1215.50500488281
235.453797035961	1222.375
238.358776148354	1226.83996582031
241.26280164424	1217.28503417969
244.1658739658	1212.93005371094
247.067993554929	1211.18505859375
249.969160853266	1208.7099609375
252.869376302162	1200.97998046875
255.768640342707	1192.47497558594
258.666953415705	1185.4599609375
261.564315961705	1179.90002441406
264.46072842097	1172.55004882813
267.356191233499	1168.21997070313
270.25070483901	1167.46997070313
273.144269676967	1161.80004882813
276.036886186551	1158.27502441406
278.928554806671	1156.91003417969
281.819275975966	1152.01000976563
284.709050132812	1146.93505859375
287.597877715306	1148.64001464844
290.485759161281	1146.65502929688
293.372694908298	1137.04504394531
296.258685393644	1129.50500488281
299.143731054352	1128.25
302.027832327156	1128.56494140625
304.910989648557	1126.90502929688
307.79320345476	1128.02001953125
310.674474181717	1127.40502929688
313.554802265101	1122.32995605469
316.434188140326	1118.27001953125
319.312632242533	1115.47497558594
322.190135006593	1116.06994628906
325.066696867117	1112.29504394531
327.942318258443	1111.68994140625
330.816999614641	1111.86499023438
333.690741369517	1109.55505371094
336.56354395661	1105.22497558594
339.435407809193	1099.53503417969
342.306333360273	1094.81005859375
345.176321042591	1087.80004882813
348.045371288612	1085.26000976563
350.913484530551	1082.96997070313
353.78066120035	1078.72497558594
356.64690172969	1076.92004394531
359.512206549972	1072.75500488281
362.376576092357	1072.67504882813
365.240010787716	1069.7099609375
368.102511066677	1068.48498535156
370.964077359587	1070.23999023438
373.82471009654	1069.84997558594
376.684409707364	1071.86999511719
379.543176621612	1070.90002441406
382.401011268595	1070.125
385.257914077343	1068.53002929688
388.113885476627	1064.85498046875
390.968925894961	1066.00500488281
393.823035760591	1070.25
396.676215501503	1078.78503417969
399.528465545415	1082.67504882813
402.379786319791	1084.26000976563
405.230178251834	1087.86499023438
408.079641768472	1093.35998535156
410.928177296387	1096.7900390625
413.775785261992	1100.39501953125
416.622466091445	1103.69494628906
419.468220210631	1109.25500488281
422.313048045182	1115.375
425.156950020479	1119.42504882813
427.999926561623	1114.94494628906
430.841978093471	1112.43505859375
433.683105040613	1107.92504882813
436.523307827384	1101.86999511719
439.362586877851	1094.5849609375
442.200942615829	1096.1650390625
445.038375464876	1094.21496582031
447.874885848283	1091.05004882813
450.710474189089	1089.14001464844
453.54514091007	1088.9599609375
456.37888643375	1092.22998046875
459.211711182386	1091.35998535156
462.043615577986	1086.18005371094
464.874600042297	1081.07495117188
467.704664996804	1078.86499023438
470.533810862741	1077.35998535156
473.36203806108	1076
476.189347012547	1073.63500976563
479.015738137594	1071.90002441406
481.841211856432	1071.875
484.665768589008	1076.86999511719
487.489408755009	1084.65502929688
490.312132773878	1090.63000488281
493.133941064796	1091.38500976563
495.954834046683	1095.94494628906
498.77481213821	1098.2900390625
501.593875757797	1100.65502929688
504.412025323601	1101.40502929688
507.229261253524	1100.72998046875
510.045583965226	1098.125
512.860993876093	1098.0400390625
515.675491403271	1095.7099609375
518.489076963649	1089.40002441406
521.301750973863	1083.27502441406
524.113513850293	1076.26501464844
526.924366009065	1074.26501464844
529.734307866052	1072.61499023438
532.543339836881	1071.44995117188
535.35146233692	1064.10498046875
538.158675781281	1057.65502929688
540.964980584833	1057.19995117188
543.770377162182	1055.3349609375
546.574865927692	1049.32995605469
549.378447295465	1047.79504394531
552.181121679365	1042.19995117188
554.982889492993	1038.35998535156
557.783751149701	1036.59997558594
560.583707062591	1035.46496582031
563.38275764452	1031.31994628906
566.180903308083	1028.60998535156
568.978144465633	1025.67004394531
571.774481529266	1024.65502929688
574.569914910839	1024.4599609375
577.364445021949	1022.25
580.158072273946	1020.86499023438
582.950797077926	1016.80499267578
585.742619844752	1014.01000976563
588.533540985018	1010.03997802734
591.323560909078	1011.16497802734
594.112680027034	1012.52001953125
596.90089874875	1008.78997802734
599.688217483828	1005.78997802734
602.474636641629	1004.53497314453
605.260156631263	1004.65502929688
608.044777861596	1001.77001953125
610.828500741241	1001.07501220703
613.611325678567	999.724975585938
616.393253081697	1005.01501464844
619.174283358506	1011.98498535156
621.954416916616	1016.41998291016
624.733654163414	1017.20001220703
627.511995506029	1017.05999755859
630.289441351351	1011.48999023438
633.065992106022	1001.74499511719
635.841648176434	999.054992675781
638.616409968744	1003.30999755859
641.390277888847	1009.66497802734
644.163252342408	1013.77502441406
646.93533373484	1017.36999511719
649.706522471307	1019.45501708984
652.47681895674	1016.47998046875
655.246223595811	1010.22497558594
658.014736792957	1008.23999023438
660.782358952371	1008.94500732422
663.549090477999	1011.02001953125
666.314931773542	1013.64501953125
669.079883242452	1014.00500488281
671.843945287955	1014.93499755859
674.607118313019	1013.34002685547
677.369402720366	1011.56500244141
680.130798912488	1009.50500488281
682.891307291627	1008.57000732422
685.650928259784	1006.36499023438
688.409662218708	1006.06500244141
691.167509569927	1006.98999023438
693.924470714705	1008.96502685547
696.680546054078	1010.74499511719
699.435735988832	1012.52001953125
702.190040919516	1016.23498535156
704.943461246442	1018.73498535156
707.695997369667	1015.58502197266
710.447649689022	1013.36499023438
713.198418604088	1015.15997314453
715.948304514206	1016.23999023438
718.697307818481	1018.19500732422
721.445428915779	1020.65002441406
724.192668204716	1023.36499023438
726.93902608368	1023.10498046875
729.684502950805	1020.33502197266
732.429099204005	1020.65502929688
735.172815240936	1021.31500244141
737.915651459026	1022.09002685547
740.657608255463	1025.51000976563
743.398686027186	1029.91003417969
746.13888517091	1033.22497558594
748.878206083102	1040.30004882813
751.616649159998	1041.96997070313
754.354214797584	1046.89501953125
757.09090339162	1050.46997070313
759.826715337622	1052.42504882813
762.561651030868	1049.09997558594
765.295710866406	1042.11499023438
768.028895239041	1032.68505859375
770.761204543336	1023.98498535156
773.492639173626	1020.73498535156
776.223199524006	1014.96997070313
778.952885988334	1009.20001220703
781.681698960235	1006.35498046875
784.40963883309	1002.75
787.136706000052	999.434997558594
789.862900854037	998.294982910156
792.588223787721	1001.14501953125
795.312675193549	1004.91497802734
798.036255463728	1006.21502685547
800.758964990228	1007.03497314453
803.480804164792	1009.71502685547
806.201773378919	1017.42498779297
808.921873023884	1019.08001708984
811.641103490712	1019.53497314453
814.359465170214	1028.14501953125
817.076958452946	1037.31994628906
819.793583729246	1044.03002929688
822.509341389214	1057.94995117188
825.224231822712	1074.21496582031
827.938255419375	1089.4599609375
830.651412568596	1102.50500488281
833.363703659544	1109.97998046875
836.075129081157	1113.84997558594
838.785689222127	1112.4150390625
841.495384470928	1110.26501464844
844.204215215788	1112.71997070313
846.912181844721	1120.42504882813
849.619284745491	1128.38500976563
852.325524305638	1138.97497558594
855.030900912475	1149.17004394531
857.735414953079	1157.09997558594
860.439066814289	1153.88500976563
863.141856882725	1139.94995117188
865.843785544769	1126.23498535156
868.544853186571	1119.98498535156
871.245060194063	1113.7099609375
873.944406952925	1114.69995117188
876.642893848625	1119.46997070313
879.340521266398	1120.81994628906
882.037289591241	1126.14001464844
884.733199207927	1132.43505859375
887.428250501001	1132.78503417969
890.122443854778	1131.49499511719
892.815779653335	1130.91003417969
895.508258280534	1134.8349609375
898.199880119997	1143.07495117188
900.890645555129	1150.39501953125
903.580554969094	1152.63000488281
906.269608744832	1151.5
908.957807265056	1150.44995117188
911.645150912257	1143.93994140625
914.331640068689	1134.46496582031
917.017275116375	1137.39001464844
919.702056437128	1138.19995117188
922.385984412518	1144.00500488281
925.069059423886	1153.05004882813
927.751281852366	1165.71997070313
930.432652078842	1172.57995605469
933.113170483983	1172.625
935.79283744823	1182.07495117188
938.471653351806	1194.05505371094
941.149618574686	1200.11499023438
943.826733496641	1212.64501953125
946.502998497206	1220.01000976563
949.178413955689	1213.40502929688
951.85298025118	1212.52502441406
954.526697762544	1209.31994628906
957.199566868403	1205.46997070313
959.87158794718	1212.15502929688
962.542761377054	1216.58996582031
965.213087535987	1215.95495605469
967.882566801719	1205.18505859375
970.551199551761	1193.57995605469
973.218986163399	1184.67504882813
975.885927013698	1178.44995117188
978.552022479501	1175.34997558594
981.217272937423	1176.27001953125
983.88167876386	1180.77001953125
986.545240334978	1189.71496582031
989.207958026729	1200.07495117188
991.869832214835	1217.10498046875
994.530863274798	1236.98999023438
997.191051581895	1272.97998046875
999.850397511185	1324.53503417969
1002.50890143751	1378.19995117188
1005.16656373546	1426.01501464844
1007.82338477944	1448.36999511719
1010.47936494363	1429.76000976563
1013.13450460195	1382.88000488281
1015.78880412815	1310.94995117188
1018.44226389572	1251.875
1021.09488427794	1216.26501464844
1023.74666564789	1196.28503417969
1026.3976083784	1180.18994140625
1029.04771284208	1181.02502441406
1031.69697941135	1194.9599609375
1034.34540845838	1203.4150390625
1036.99300035512	1204.86499023438
1039.63975547333	1202.73999023438
1042.28567418452	1192.0400390625
1044.93075685998	1181.63000488281
1047.57500387081	1178.59997558594
1050.21841558786	1175.72497558594
1052.86099238177	1175.13500976563
1055.50273462297	1182.22998046875
1058.14364268167	1183.22998046875
1060.78371692784	1186.7900390625
1063.42295773126	1193.23999023438
1066.06136546148	1202.18505859375
1068.69894048781	1210.375
1071.33568317939	1220.88000488281
1073.9715939051	1223
1076.60667303362	1228.07995605469
1079.24092093341	1233.99499511719
1081.87433797271	1234.04504394531
1084.50692451954	1238.17504882813
1087.13868094172	1234.91003417969
1089.76960760684	1229.91003417969
1092.39970488226	1226.03503417969
1095.02897313516	1221.52001953125
1097.65741273246	1214.28503417969
1100.28502404089	1211.92004394531
1102.91180742697	1201.86999511719
1105.53776325698	1197.06994628906
1108.16289189701	1195.32495117188
1110.78719371291	1189.76501464844
1113.41066907033	1187.34497070313
1116.0333183347	1183.33996582031
1118.65514187124	1182.18994140625
1121.27614004495	1181.29504394531
1123.89631322061	1189.73999023438
1126.51566176279	1197.82495117188
1129.13418603585	1195.71496582031
1131.75188640394	1192.06494140625
1134.36876323098	1181.89001464844
1136.98481688069	1157.85998535156
1139.60004771655	1135.15002441406
1142.21445610187	1116.52502441406
1144.82804239972	1101.02001953125
1147.44080697295	1097.47497558594
1150.05275018421	1099.71997070313
1152.66387239593	1106.42504882813
1155.27417397034	1115.05505371094
1157.88365526943	1126.69995117188
1160.49231665502	1131.81494140625
1163.10015848867	1130.70495605469
1165.70718113176	1134.07495117188
1168.31338494544	1132.53503417969
1170.91877029067	1126.67504882813
1173.52333752817	1126.49499511719
1176.12708701847	1131.47998046875
1178.73001912187	1130.66003417969
1181.33213419848	1124.03503417969
1183.93343260819	1119.99499511719
1186.53391471068	1114.97497558594
1189.13358086539	1107.54504394531
1191.73243143161	1109.47497558594
1194.33046676836	1112.51501464844
1196.92768723449	1117.25500488281
1199.52409318861	1128.88000488281
1202.11968498915	1143.57995605469
1204.7144629943	1160.02001953125
1207.30842756206	1172.43505859375
1209.90157905021	1182.61999511719
1212.49391781634	1183.06005859375
1215.08544421779	1180.31994628906
1217.67615861174	1178.94494628906
1220.26606135512	1173.52001953125
1222.85515280468	1169.34997558594
1225.44343331694	1175.57995605469
1228.03090324823	1190.48498535156
1230.61756295466	1202.24499511719
1233.20341279213	1211.39501953125
1235.78845311634	1228.35998535156
1238.37268428278	1239.47998046875
1240.95610664673	1244.30004882813
1243.53872056325	1252.23999023438
1246.12052638722	1258.56005859375
1248.70152447329	1260.63000488281
1251.28171517591	1261.92504882813
1253.86109884934	1262.54504394531
1256.43967584759	1262.7099609375
1259.0174465245	1263.40502929688
1261.5944112337	1261.26000976563
1264.1705703286	1265.55505371094
1266.74592416241	1273.75500488281
1269.32047308814	1269.375
1271.89421745858	1263.92504882813
1274.46715762633	1260.625
1277.03929394377	1262.17004394531
1279.61062676308	1258.25500488281
1282.18115643624	1256.8349609375
1284.75088331502	1259.45495605469
1287.31980775098	1254.10998535156
1289.88793009548	1251.11999511719
1292.45525069969	1246.03002929688
1295.02176991454	1240.53503417969
1297.58748809078	1243.88000488281
1300.15240557897	1250.76000976563
1302.71652272942	1252.92504882813
1305.27983989229	1259.33996582031
1307.84235741749	1268.05505371094
1310.40407565475	1278.18505859375
1312.9649949536	1294.49499511719
1315.52511566335	1311.30505371094
1318.08443813311	1315.42504882813
1320.64296271181	1314.56494140625
1323.20068974815	1321.33996582031
1325.75761959063	1321.32495117188
1328.31375258756	1315.77502441406
1330.86908908704	1313.60998535156
1333.42362943696	1311.08996582031
1335.97737398503	1311.43994140625
1338.53032307874	1317.48999023438
1341.08247706537	1321.9150390625
1343.63383629202	1322.38000488281
1346.18440110558	1312.86499023438
1348.73417185274	1298.02502441406
1351.28314887997	1282.31494140625
1353.83133253357	1259.74499511719
1356.37872315961	1235.84497070313
1358.92532110398	1215.69494628906
1361.47112671237	1193.4599609375
1364.01614033024	1181.23999023438
1366.56036230288	1170.28002929688
1369.10379297537	1159.93005371094
1371.64643269258	1145.91003417969
1374.18828179921	1134.57495117188
1376.72934063972	1127.26000976563
1379.2696095584	1121.59997558594
1381.80908889932	1118.04504394531
1384.34777900637	1119.0849609375
1386.88568022323	1116.73999023438
1389.42279289337	1117.04504394531
1391.95911736009	1120.82995605469
1394.49465396645	1123.54504394531
1397.02940305537	1132.59997558594
1399.5633649695	1137.88500976563
1402.09654005135	1138.31994628906
1404.6289286432	1144.65002441406
1407.16053108714	1151.06994628906
1409.69134772507	1147.85998535156
1412.22137889868	1147.06994628906
1414.75062494947	1148.40502929688
1417.27908621874	1151.51000976563
1419.80676304759	1151.47497558594
1422.33365577692	1153.27502441406
1424.85976474744	1161.89001464844
1427.38509029967	1166.00500488281
1429.90963277392	1175.7099609375
1432.4333925103	1186.23498535156
1434.95636984873	1207.47998046875
1437.47856512894	1234.0849609375
1439.99997869045	1268.33996582031
1442.5206108726	1306.97998046875
1445.04046201452	1335.42004394531
1447.55953245515	1359.03503417969
1450.07782253323	1378.51501464844
1452.59533258731	1387.82495117188
1455.11206295574	1404.72497558594
1457.62801397668	1379.88500976563
1460.14318598809	1360.85998535156
1462.65757932774	1345.04504394531
1465.1711943332	1321.66003417969
1467.68403134184	1281.60498046875
1470.19609069085	1242.7099609375
1472.70737271721	1203.59997558594
1475.21787775772	1165.01501464844
1477.72760614897	1124.33996582031
1480.23655822738	1089.01000976563
1482.74473432914	1055.55004882813
1485.25213479029	1030.89001464844
1487.75875994664	1010.53002929688
1490.26461013382	995.97998046875
1492.76968568726	985.455017089844
1495.27398694222	975.960021972656
1497.77751423374	970.02001953125
1500.28026789667	967.989990234375
1502.78224826569	967.52001953125
1505.28345567526	965.494995117188
1507.78389045967	963.344970703125
1510.28355295299	962.025024414063
1512.78244348913	958.64501953125
1515.28056240178	958.130004882813
1517.77791002445	957.505004882813
1520.27448669047	958.580017089844
1522.77029273296	957.734985351563
1525.26532848486	958.445007324219
1527.75959427889	959.344970703125
1530.25309044764	961.140014648438
1532.74581732344	963.594970703125
1535.23777523847	965.284973144531
1537.72896452471	968.440002441406
1540.21938551394	968.39501953125
1542.70903853778	973.260009765625
1545.19792392761	980.044982910156
1547.68604201466	988.539978027344
1550.17339312997	998.869995117188
1552.65997760434	1008.23498535156
1555.14579576845	1015.97998046875
1557.63084795275	1021.98498535156
1560.11513448749	1018.92498779297
1562.59865570276	1012.90502929688
1565.08141192845	1009.91497802734
1567.56340349426	1005.19000244141
1570.04463072969	1000.51000976563
1572.52509396406	999.405029296875
1575.00479352652	1000.72998046875
1577.48372974599	1003.88000488281
1579.96190295124	1009.31500244141
1582.43931347083	1016.60498046875
1584.91596163314	1019.59002685547
1587.39184776636	1022.73999023438
1589.86697219849	1031.39001464844
1592.34133525734	1036.22497558594
1594.81493727054	1039.02502441406
1597.28777856553	1045.78503417969
1599.75985946955	1054.8349609375
1602.23118030968	1068.94494628906
1604.70174141278	1085.99499511719
1607.17154310555	1103.30505371094
1609.64058571449	1110.53503417969
1612.10886956591	1116.39501953125
1614.57639498595	1120.43994140625
1617.04316230054	1119.32995605469
1619.50917183543	1111.85498046875
1621.97442391621	1103.53002929688
1624.43891886825	1093.56494140625
1626.90265701674	1091.3349609375
1629.36563868671	1088.79504394531
1631.82786420296	1084.40502929688
1634.28933389016	1088.23498535156
1636.75004807274	1096.19995117188
1639.21000707498	1106.18505859375
1641.66921122097	1121.80004882813
1644.12766083459	1145.54504394531
1646.58535623956	1170.42004394531
1649.04229775941	1197.21496582031
1651.4984857175	1223.57495117188
1653.95392043697	1244.55505371094
1656.40860224079	1261.30004882813
1658.86253145177	1274.375
1661.3157083925	1281.78002929688
1663.76813338542	1283.98498535156
1666.21980675275	1281.94494628906
1668.67072881656	1272.75
1671.1208998987	1259.07495117188
1673.57032032089	1241.09497070313
1676.0189904046	1225.375
1678.46691047118	1206.35998535156
1680.91408084174	1186.03002929688
1683.36050183726	1157.02001953125
1685.8061737785	1131.44494628906
1688.25109698605	1102.18505859375
1690.69527178032	1074.69494628906
1693.13869848153	1048.34497070313
1695.58137740972	1026.44995117188
1698.02330888476	1008.00500488281
1700.46449322631	986.679992675781
1702.90493075388	967.804992675781
1705.34462178678	948.969970703125
1707.78356664414	934.515014648438
1710.22176564492	924.429992675781
1712.65921910787	915.799987792969
1715.0959273516	908.255004882813
1717.53189069449	902.530029296875
1719.9671094548	897.659973144531
1722.40158395054	896.299987792969
1724.8353144996	895.284973144531
1727.26830141965	893.72998046875
1729.70054502819	889.809997558594
1732.13204564255	887.440002441406
1734.56280357987	886.909973144531
1736.99281915711	887.97998046875
1739.42209269106	886.015014648438
1741.85062449831	884.765014648438
1744.27841489529	884.719970703125
1746.70546419823	883.200012207031
1749.13177272321	881.880004882813
1751.5573407861	880.765014648438
1753.98216870262	880.75
1756.40625678828	881.530029296875
1758.82960535844	881.494995117188
1761.25221472825	880.224975585938
1763.67408521271	878.534973144531
1766.09521712663	877.085021972656
1768.51561078464	876.974975585938
1770.93526650119	876.200012207031
1773.35418459056	875.315002441406
1775.77236536684	875.830017089844
1778.18980914396	875.565002441406
1780.60651623565	875.919982910156
1783.02248695548	875.825012207031
1785.43772161684	874.510009765625
1787.85222053292	873.294982910156
1790.26598401677	872.690002441406
1792.67901238123	873.255004882813
1795.09130593899	872.659973144531
1797.50286500254	872.869995117188
1799.9136898842	870.534973144531
1802.32378089613	871.85498046875
1804.73313835028	872.659973144531
1807.14176255846	872.164978027344
1809.54965383228	870.294982910156
1811.95681248317	870.544982910156
1814.36323882242	870.695007324219
1816.76893316109	869.510009765625
1819.17389581011	868.525024414063
1821.57812708021	868.710021972656
1823.98162728196	868.659973144531
1826.38439672573	869.059997558594
1828.78643572174	870.440002441406
1831.18774458003	869.75
1833.58832361045	869.719970703125
1835.98817312269	868.945007324219
1838.38729342625	867.669982910156
1840.78568483048	867.315002441406
1843.18334764454	865.859985351563
1845.58028217741	866.799987792969
1847.9764887379	866.544982910156
1850.37196763465	867.080017089844
1852.76671917613	868.570007324219
1855.16074367062	867.224975585938
1857.55404142624	866.280029296875
1859.94661275094	866.575012207031
1862.33845795247	864.734985351563
1864.72957733844	866.155029296875
1867.11997121627	866.739990234375
1869.5096398932	865.950012207031
1871.89858367631	865.809997558594
1874.28680287251	866.619995117188
1876.67429778851	867.039978027344
1879.06106873089	866.065002441406
1881.44711600601	865.715026855469
1883.8324399201	864.674987792969
1886.21704077919	864.755004882813
1888.60091888915	865.679992675781
1890.98407455567	866.864990234375
1893.36650808428	867.210021972656
1895.74821978033	866.679992675781
1898.12920994899	865.89501953125
1900.50947889527	866.02001953125
1902.88902692401	866.085021972656
1905.26785433986	865.674987792969
1907.64596144734	865.465026855469
1910.02334855075	865.255004882813
1912.40001595424	865.955017089844
1914.7759639618	865.974975585938
1917.15119287724	866.565002441406
1919.52570300419	864.155029296875
1921.89949464611	864.085021972656
1924.27256810632	865.505004882813
1926.64492368793	866.224975585938
1929.0165616939	867.434997558594
1931.38748242701	867.25
1933.75768618989	866.140014648438
1936.12717328497	865.580017089844
1938.49594401455	865.5
1940.86399868071	865.914978027344
1943.23133758541	866.075012207031
1945.5979610304	866.364990234375
1947.96386931729	866.090026855469
1950.32906274751	866.25
1952.69354162232	865.349975585938
1955.0573062428	866.945007324219
1957.42035690989	867.880004882813
1959.78269392434	867.799987792969
1962.14431758673	867.340026855469
1964.50522819748	867.22998046875
1966.86542605684	867.135009765625
1969.22491146488	865.929992675781
1971.58368472153	865.859985351563
1973.94174612654	864.804992675781
1976.29909597945	864.840026855469
1978.65573457971	866.544982910156
1981.01166222654	867.289978027344
1983.36687921902	866.155029296875
1985.72138585606	865.190002441406
1988.07518243639	864.940002441406
1990.42826925859	864.294982910156
1992.78064662106	864.424987792969
1995.13231482205	865.789978027344
1997.48327415961	865.784973144531
1999.83352493167	865.075012207031
2002.18306743594	866.684997558594
2004.53190197002	868.119995117188
2006.8800288313	866.630004882813
2009.22744831703	867.164978027344
2011.57416072427	865.090026855469
2013.92016634993	864.390014648438
2016.26546549076	863.255004882813
2018.61005844332	864.070007324219
2020.95394550404	864.320007324219
2023.29712696915	864.299987792969
2025.63960313474	865.294982910156
2027.98137429672	865
2030.32244075083	866.075012207031
2032.66280279266	865.809997558594
2035.00246071763	866.164978027344
2037.34141482099	866.330017089844
2039.67966539784	865.880004882813
2042.01721274309	867.554992675781
2044.35405715151	868.349975585938
2046.69019891769	867.695007324219
2049.02563833606	867.125
2051.3603757009	867.679992675781
2053.6944113063	866.695007324219
2056.0277454462	867.210021972656
2058.36037841439	868.114990234375
2060.69231050446	868.284973144531
2063.02354200988	867.309997558594
2065.35407322392	866.169982910156
2067.68390443971	866.849975585938
2070.01303595021	868
2072.3414680482	868.505004882813
2074.66920102633	868.450012207031
2076.99623517706	867.744995117188
2079.32257079271	867.674987792969
2081.6482081654	866.684997558594
2083.97314758713	865.880004882813
2086.29738934971	869.059997558594
2088.62093374481	871.219970703125
2090.94378106391	871.625
2093.26593159835	870.210021972656
2095.5873856393	869.304992675781
2097.90814347777	869.369995117188
2100.2282054046	869.364990234375
2102.54757171048	871.619995117188
2104.86624268594	872.039978027344
2107.18421862133	872.994995117188
2109.50149980686	871.409973144531
2111.81808653257	870.590026855469
2114.13397908834	871.414978027344
2116.44917776388	870.525024414063
2118.76368284875	872.424987792969
2121.07749463235	871.655029296875
2123.39061340391	871.419982910156
2125.70303945252	869.679992675781
2128.01477306707	870.89501953125
2130.32581453634	873.309997558594
2132.63616414891	873.155029296875
2134.94582219322	872.650024414063
2137.25478895754	871.234985351563
2139.56306472999	870.960021972656
2141.87064979851	871.309997558594
2144.17754445092	872.815002441406
2146.48374897484	874.010009765625
2148.78926365774	874.775024414063
2151.09408878695	873.934997558594
2153.39822464963	874.030029296875
2155.70167153277	872.27001953125
2158.00442972321	872.150024414063
2160.30649950763	872.294982910156
2162.60788117256	872.75
2164.90857500436	873.525024414063
2167.20858128923	875.085021972656
2169.50790031323	874.14501953125
2171.80653236223	874.304992675781
2174.10447772198	874.580017089844
2176.40173667804	872.659973144531
2178.69830951582	872.030029296875
2180.99419652058	872.85498046875
2183.28939797743	873.434997558594
2185.5839141713	874.460021972656
2187.87774538698	874.075012207031
2190.17089190908	873.234985351563
2192.46335402209	874.614990234375
2194.75513201032	872.179992675781
2197.04622615791	871.330017089844
2199.33663674886	872.739990234375
2201.62636406702	871.554992675781
2203.91540839606	870.390014648438
2206.20377001952	871.700012207031
2208.49144922077	873.289978027344
2210.77844628302	874.85498046875
2213.06476148933	874.380004882813
2215.3503951226	873.445007324219
2217.63534746557	872.695007324219
2219.91961880085	872.210021972656
2222.20320941085	872.294982910156
2224.48611957785	874.010009765625
2226.76834958399	873.125
2229.04989971122	871.640014648438
2231.33077024136	871.525024414063
2233.61096145607	870.924987792969
2235.89047363683	871.914978027344
2238.169307065	872.950012207031
2240.44746202178	872.130004882813
2242.72493878819	871.924987792969
2245.00173764511	871.614990234375
2247.27785887327	873.385009765625
2249.55330275324	873.244995117188
2251.82806956545	874.195007324219
2254.10215959014	874.424987792969
2256.37557310744	874.400024414063
2258.64831039729	874.734985351563
2260.92037173949	874.820007324219
2263.19175741368	873.344970703125
2265.46246769938	874.510009765625
2267.7325028759	874.765014648438
2270.00186322243	874.875
2272.270549018	874.619995117188
2274.5385605415	872.164978027344
2276.80589807165	872.664978027344
2279.07256188702	873.760009765625
2281.33855226601	873.825012207031
2283.60386948691	873.799987792969
2285.86851382782	874.210021972656
2288.1324855667	875.450012207031
2290.39578498136	875.655029296875
2292.65841234945	875.809997558594
2294.92036794847	875.965026855469
2297.18165205578	876.585021972656
2299.44226494856	875.530029296875
2301.70220690387	875.380004882813
2303.96147819859	875.674987792969
2306.22007910947	875.75
2308.47800991309	877.940002441406
2310.73527088589	876.684997558594
2312.99186230416	875.465026855469
2315.24778444403	876.775024414063
2317.50303758149	880.224975585938
2319.75762199235	880.840026855469
2322.01153795231	879.190002441406
2324.26478573689	879.455017089844
2326.51736562147	879.239990234375
2328.76927788127	879.02001953125
2331.02052279137	879.025024414063
2333.2711006267	878.179992675781
2335.52101166203	875.974975585938
2337.77025617198	875.664978027344
2340.01883443103	874.909973144531
2342.2667467135	876.669982910156
2344.51399329356	878.260009765625
2346.76057444525	877.590026855469
2349.00649044241	877.320007324219
2351.2517415588	875.840026855469
2353.49632806796	873.869995117188
2355.74025024334	873.830017089844
2357.98350835819	873.469970703125
2360.22610268566	873.684997558594
2362.4680334987	876.219970703125
2364.70930107016	876.804992675781
2366.94990567269	876.794982910156
2369.18984757884	876.544982910156
2371.42912706098	877.47998046875
2373.66774439134	877
2375.90569984199	876.950012207031
2378.14299368488	875.494995117188
2380.37962619179	874.405029296875
2382.61559763435	876.284973144531
2384.85090828405	875.784973144531
2387.08555841222	876.525024414063
2389.31954829006	874.919982910156
2391.55287818861	874.859985351563
2393.78554837877	874.989990234375
2396.01755913128	875.174987792969
2398.24891071673	875.744995117188
2400.47960340558	876.664978027344
2402.70963746814	877.309997558594
2404.93901317456	877.005004882813
2407.16773079485	876.880004882813
2409.39579059887	877.025024414063
2411.62319285633	876.869995117188
2413.84993783681	876.809997558594
2416.07602580971	876.309997558594
2418.30145704432	876.215026855469
2420.52623180977	877.474975585938
2422.75035037503	877.010009765625
2424.97381300893	876.739990234375
2427.19661998017	877.325012207031
2429.41877155729	876.330017089844
2431.64026800867	876.445007324219
2433.86110960257	877.335021972656
2436.08129660709	877.280029296875
2438.30082929019	879.200012207031
2440.51970791967	880.114990234375
2442.73793276321	878.469970703125
2444.95550408832	877.765014648438
2447.17242216237	876.85498046875
2449.38868725259	877.405029296875
2451.60429962607	878.174987792969
2453.81925954975	878.434997558594
2456.03356729041	879.224975585938
2458.2472231147	876.934997558594
2460.46022728913	879.525024414063
2462.67258008005	879.224975585938
2464.88428175368	877.414978027344
2467.09533257608	876.900024414063
2469.30573281318	878.210021972656
2471.51548273076	878.625
2473.72458259445	879.044982910156
2475.93303266974	881.844970703125
2478.14083322198	882.414978027344
2480.34798451637	881.109985351563
2482.55448681797	881.400024414063
2484.76034039169	881.724975585938
2486.96554550231	881.955017089844
2489.17010241445	881.539978027344
2491.37401139259	880.705017089844
2493.57727270109	880.744995117188
2495.77988660412	880.474975585938
2497.98185336574	882.385009765625
2500.18317324987	882.640014648438
2502.38384652028	882.549987792969
2504.58387344058	882.575012207031
2506.78325427425	883.210021972656
2508.98198928465	882.440002441406
2511.18007873495	884.005004882813
2513.37752288821	882.580017089844
2515.57432200735	881.580017089844
2517.77047635514	883.094970703125
2519.96598619419	882.905029296875
2522.16085178699	883.414978027344
2524.35507339589	884.590026855469
2526.54865128308	884.864990234375
2528.74158571062	885.650024414063
2530.93387694042	885.919982910156
2533.12552523427	886.174987792969
2535.31653085379	886.010009765625
2537.50689406046	884.10498046875
2539.69661511566	883.359985351563
2541.88569428057	883.64501953125
2544.07413181627	886.669982910156
2546.26192798368	888.309997558594
2548.44908304359	888.114990234375
2550.63559725664	888.599975585938
2552.82147088333	887.005004882813
2555.00670418402	887.914978027344
2557.19129741894	890.609985351563
2559.37525084817	893.164978027344
2561.55856473164	892.52001953125
2563.74123932917	891.059997558594
2565.92327490039	889.570007324219
2568.10467170484	889.815002441406
2570.28543000189	889.789978027344
2572.46555005079	890.820007324219
2574.64503211063	893.049987792969
2576.82387644036	893.085021972656
2579.00208329882	892.984985351563
2581.17965294468	893.52001953125
2583.35658563648	893.015014648438
2585.53288163263	892.289978027344
2587.70854119137	891.539978027344
2589.88356457084	892.219970703125
2592.05795202902	892.330017089844
2594.23170382376	893.325012207031
2596.40482021275	893.130004882813
2598.57730145356	893.765014648438
2600.74914780363	893.679992675781
2602.92035952023	893.585021972656
2605.09093686053	894.375
2607.26088008153	895.344970703125
2609.4301894401	894.340026855469
2611.59886519299	896.22998046875
2613.76690759678	898.434997558594
2615.93431690793	899.650024414063
2618.10109338277	901.234985351563
2620.26723727748	900.60498046875
2622.4327488481	900.969970703125
2624.59762835054	901.130004882813
2626.76187604057	900.825012207031
2628.92549217382	902.10498046875
2631.08847700579	904.210021972656
2633.25083079182	904.825012207031
2635.41255378715	906.280029296875
2637.57364624684	908.599975585938
2639.73410842586	905.159973144531
2641.893940579	904.919982910156
2644.05314296094	906.695007324219
2646.21171582621	906.565002441406
2648.36965942921	907.195007324219
2650.5269740242	909.474975585938
2652.6836598653	907.554992675781
2654.83971720651	909.39501953125
2656.99514630167	909.849975585938
2659.1499474045	910.544982910156
2661.30412076857	908.97998046875
2663.45766664734	910.890014648438
2665.61058529411	909.724975585938
2667.76287696204	909.114990234375
2669.91454190418	910.830017089844
2672.06558037342	913.534973144531
2674.21599262253	914.64501953125
2676.36577890413	915.155029296875
2678.51493947072	915.590026855469
2680.66347457466	916.419982910156
2682.81138446816	916.635009765625
2684.95866940332	917.844970703125
2687.10532963209	918.955017089844
2689.25136540628	919.869995117188
2691.39677697757	918.570007324219
2693.54156459752	917.885009765625
2695.68572851753	917.409973144531
2697.82926898888	917.664978027344
2699.97218626272	919.585021972656
2702.11448059006	920.27001953125
2704.25615222175	922.590026855469
2706.39720140856	925.955017089844
2708.53762840109	928.030029296875
2710.67743344979	928.97998046875
2712.81661680503	931.465026855469
2714.95517871698	935.190002441406
2717.09311943574	937.215026855469
2719.23043921123	941.594970703125
2721.36713829325	947.094970703125
2723.50321693148	950.830017089844
2725.63867537545	950.85498046875
2727.77351387456	951.364990234375
2729.90773267809	954.575012207031
2732.04133203516	956.549987792969
2734.17431219478	954.75
2736.30667340581	951.159973144531
2738.438415917	953.200012207031
2740.56953997695	954.705017089844
2742.70004583414	948.984985351563
2744.82993373688	944.5
2746.9592039334	940.775024414063
2749.08785667177	940.299987792969
2751.21589219993	942.474975585938
2753.34331076568	941.25
2755.4701126167	939.10498046875
2757.59629800054	938.315002441406
2759.7218671646	938.135009765625
2761.84682035617	938.429992675781
2763.9711578224	938.385009765625
2766.0948798103	937.905029296875
2768.21798656676	939.849975585938
2770.34047833852	942.465026855469
2772.46235537222	940.065002441406
2774.58361791434	936.515014648438
2776.70426621124	934.52001953125
2778.82430050915	936.765014648438
2780.94372105416	936.205017089844
2783.06252809224	935.02001953125
2785.18072186922	932.830017089844
2787.29830263081	930.64501953125
2789.41527062257	929.594970703125
2791.53162608996	929.890014648438
2793.64736927828	929.700012207031
2795.76250043271	929.224975585938
2797.8770197983	930.830017089844
2799.99092761997	931.025024414063
2802.10422414252	932.320007324219
2804.21690961059	936.575012207031
2806.32898426873	939.994995117188
2808.44044836132	942.294982910156
2810.55130213264	943.155029296875
2812.66154582682	943.140014648438
2814.77117968788	949.030029296875
2816.8802039597	951.695007324219
2818.98861888601	957
2821.09642471046	963.625
2823.20362167653	970.390014648438
2825.31021002756	972.219970703125
2827.41619000682	975.830017089844
2829.52156185738	981.919982910156
2831.62632582224	990.364990234375
2833.73048214422	997.200012207031
2835.83403106606	1009.26000976563
2837.93697283033	1023.19500732422
2840.03930767951	1037.56494140625
2842.1410358559	1053.75
2844.24215760173	1072.35998535156
2846.34267315905	1097.82495117188
2848.44258276982	1127.41003417969
2850.54188667585	1157.92504882813
2852.64058511883	1192.875
2854.73867834032	1226.53002929688
2856.83616658175	1252.05505371094
2858.93305008443	1285.80505371094
2861.02932908952	1315.7900390625
2863.12500383809	1362.29504394531
2865.22007457104	1425.81494140625
2867.31454152918	1489.11999511719
2869.40840495316	1545.77502441406
2871.50166508353	1593.43994140625
2873.59432216069	1634.31005859375
2875.68637642493	1665.78002929688
2877.77782811641	1679.82495117188
2879.86867747515	1675.08996582031
2881.95892474105	1679.70495605469
2884.0485701539	1698.64501953125
2886.13761395333	1709.63000488281
2888.22605637886	1717.02001953125
2890.3138976699	1727.3349609375
2892.40113806571	1745.19494628906
2894.48777780544	1771.9150390625
2896.57381712808	1798.44995117188
2898.65925627254	1806.05505371094
2900.74409547758	1812.19494628906
2902.82833498183	1843.27001953125
2904.9119750238	1875.53503417969
2906.99501584188	1906.98999023438
2909.07745767432	1950.68994140625
2911.15930075925	2010.81994628906
2913.24054533469	2075.919921875
2915.3211916385	2107.94506835938
2917.40123990846	2155.8701171875
2919.48069038217	2213.42504882813
2921.55954329716	2271.28491210938
2923.63779889079	2324.580078125
2925.71545740033	2357.52001953125
2927.79251906289	2387.89990234375
2929.86898411548	2418.14501953125
2931.94485279498	2437.7099609375
2934.02012533815	2437.6650390625
2936.0948019816	2442.4951171875
2938.16888296184	2431.94506835938
2940.24236851525	2389.25
2942.31525887809	2319.84008789063
2944.38755428648	2271.65991210938
2946.45925497643	2258.2548828125
2948.53036118382	2227.68994140625
2950.6008731444	2160.1298828125
2952.67079109381	2072.28491210938
2954.74011526755	2011.58996582031
2956.80884590101	1961.9599609375
2958.87698322944	1923.47998046875
2960.94452748799	1922
2963.01147891167	1907.43505859375
2965.07783773535	1862.97998046875
2967.14360419382	1822.78503417969
2969.2087785217	1800.52001953125
2971.27336095352	1800.15002441406
2973.33735172366	1791.31994628906
2975.40075106641	1760.68994140625
2977.46355921591	1725.15002441406
2979.52577640618	1694.18994140625
2981.58740287112	1660.27502441406
2983.64843884452	1620.61499023438
2985.70888456003	1580.91003417969
2987.76874025117	1557.77001953125
2989.82800615137	1536.42004394531
2991.88668249391	1502.6650390625
2993.94476951194	1457.27001953125
2996.00226743852	1412.98498535156
2998.05917650657	1367.26501464844
3000.11549694887	1333.95495605469
3002.17122899812	1316.85998535156
3004.22637288685	1295.5849609375
3006.2809288475	1267.10498046875
3008.33489711238	1231.46496582031
3010.38827791368	1197.20495605469
3012.44107148345	1177.75500488281
3014.49327805366	1160.33996582031
3016.5448978561	1143.60998535156
3018.59593112249	1126.35998535156
3020.64637808441	1109.22497558594
3022.6962389733	1095.7900390625
3024.74551402051	1087.73498535156
3026.79420345725	1080
3028.84230751461	1073.625
3030.88982642357	1069.96496582031
3032.93676041497	1068.18994140625
3034.98310971955	1065.45495605469
3037.02887456791	1067.25500488281
3039.07405519054	1077.10498046875
3041.11865181781	1080.88000488281
3043.16266467996	1082.9599609375
3045.20609400713	1085.14501953125
3047.24894002932	1090.2900390625
3049.2912029764	1098.5849609375
3051.33288307815	1103.65002441406
3053.37398056421	1112.13500976563
3055.41449566411	1125.5400390625
3057.45442860725	1138.71997070313
3059.49377962291	1149.30004882813
3061.53254894026	1158.71496582031
3063.57073678834	1169.05004882813
3065.60834339607	1166.43994140625
3067.64536899227	1155.28503417969
3069.68181380561	1143.45495605469
3071.71767806467	1131.27502441406
3073.75296199788	1114.5849609375
3075.78766583357	1099.4150390625
3077.82178979997	1075.625
3079.85533412513	1057.96997070313
3081.88829903705	1046.03002929688
3083.92068476356	1034.67504882813
3085.95249153241	1022.63000488281
3087.98371957119	1014.59002685547
3090.01436910741	1005.72497558594
3092.04444036844	1000.00500488281
3094.07393358152	993.965026855469
3096.10284897381	989.515014648438
3098.13118677232	987.375
3100.15894720395	986.465026855469
3102.18613049548	985.625
3104.21273687357	987.539978027344
3106.23876656477	988.265014648438
3108.2642197955	983.640014648438
3110.28909679208	979.784973144531
3112.31339778069	981.844970703125
3114.33712298741	982.594970703125
3116.36027263819	983.135009765625
3118.38284695887	987.804992675781
3120.40484617516	986.955017089844
3122.42627051268	985.580017089844
3124.4471201969	983
3126.46739545319	981.294982910156
3128.4870965068	982.599975585938
3130.50622358287	984.994995117188
3132.5247769064	984.594970703125
3134.54275670229	983.804992675781
3136.56016319534	985.114990234375
3138.57699661019	981.815002441406
3140.59325717139	981.294982910156
3142.60894510338	980.294982910156
3144.62406063047	982.150024414063
3146.63860397686	982.674987792969
3148.65257536662	984.905029296875
3150.66597502371	985.010009765625
3152.67880317199	987.315002441406
3154.69106003518	990.340026855469
3156.70274583691	990.630004882813
3158.71386080065	987.72998046875
3160.72440514981	989.030029296875
3162.73437910763	990.669982910156
3164.74378289728	993.210021972656
3166.75261674179	997.640014648438
3168.76088086407	998.780029296875
3170.76857548692	1003.125
3172.77570083303	1004.27001953125
3174.78225712498	1002.375
3176.78824458521	1003.70001220703
3178.79366343607	1004.27502441406
3180.79851389977	1003.79998779297
3182.80279619844	1006.19000244141
3184.80651055405	1012.875
3186.80965718849	1015.89001464844
3188.81223632353	1017.29998779297
3190.81424818081	1018.31500244141
3192.81569298186	1022.32000732422
3194.8165709481	1029.08996582031
3196.81688230084	1026.34497070313
3198.81662726126	1023.40997314453
3200.81580605044	1025.42504882813
3202.81441888933	1026.53503417969
3204.81246599879	1030.5
3206.80994759954	1033.09997558594
3208.80686391219	1037.48498535156
3210.80321515726	1042.14501953125
3212.79900155512	1045.92004394531
3214.79422332605	1044.06994628906
3216.78888069021	1041.58996582031
3218.78297386765	1045.86999511719
3220.77650307828	1052.05004882813
3222.76946854195	1056.89001464844
3224.76187047834	1057.04504394531
3226.75370910705	1054.51501464844
3228.74498464755	1054.53503417969
3230.73569731921	1055.06005859375
3232.72584734127	1055.82995605469
3234.71543493287	1056.71496582031
3236.70446031304	1061.23498535156
3238.69292370068	1071.24499511719
3240.68082531459	1071.40002441406
3242.66816537345	1070.29504394531
3244.65494409583	1076.02502441406
3246.6411617002	1077.79504394531
3248.62681840488	1077.64501953125
3250.61191442812	1075.77001953125
3252.59644998804	1076.67004394531
3254.58042530263	1081.7900390625
3256.56384058979	1085.05004882813
3258.54669606731	1086.40002441406
3260.52899195285	1093.97998046875
3262.51072846396	1099.20495605469
3264.4919058181	1100.5
3266.47252423259	1099.6650390625
3268.45258392464	1103.88000488281
3270.43208511138	1110.54504394531
3272.41102800978	1116.22497558594
3274.38941283675	1124.7900390625
3276.36723980904	1126.41003417969
3278.34450914332	1125.03503417969
3280.32122105613	1128.43505859375
3282.29737576392	1133.55004882813
3284.272973483	1133.35998535156
3286.24801442958	1132.80004882813
3288.22249881978	1133.63500976563
3290.19642686957	1134.39501953125
3292.16979879485	1133.71997070313
3294.14261481136	1140.59497070313
3296.11487513478	1150.66003417969
3298.08657998065	1151.98999023438
3300.0577295644	1143.9599609375
3302.02832410136	1137.43994140625
3303.99836380673	1140.19494628906
3305.96784889563	1140.13500976563
3307.93677958303	1135.375
3309.90515608383	1135.83996582031
3311.87297861278	1137.39001464844
3313.84024738456	1135.81494140625
3315.80696261371	1133.57995605469
3317.77312451466	1128.42004394531
3319.73873330175	1126.375
3321.70378918919	1118.63500976563
3323.66829239109	1118.01501464844
3325.63224312145	1118.52001953125
3327.59564159416	1119.27502441406
3329.55848802299	1115.30505371094
3331.52078262162	1112.2900390625
3333.4825256036	1110.25
3335.44371718237	1107.15002441406
3337.40435757128	1106.31005859375
3339.36444698356	1107.65002441406
3341.32398563232	1103.77502441406
3343.28297373058	1100.7099609375
3345.24141149124	1098.25500488281
3347.19929912709	1095.98498535156
3349.15663685081	1100.99499511719
3351.11342487497	1103.92004394531
3353.06966341204	1101.72497558594
3355.02535267437	1098.55004882813
3356.98049287421	1092.56494140625
3358.9350842237	1095.76000976563
3360.88912693486	1098.4150390625
3362.84262121962	1096.26501464844
3364.79556728978	1092.01000976563
3366.74796535705	1092.10498046875
3368.69981563302	1094.07495117188
3370.65111832917	1095.24499511719
3372.60187365689	1087.17504882813
3374.55208182744	1085.36499023438
3376.50174305198	1083.20495605469
3378.45085754157	1083.54504394531
3380.39942550714	1082.24499511719
3382.34744715954	1076.42504882813
3384.29492270949	1074.36499023438
3386.24185236761	1070.71997070313
3388.18823634442	1067.57495117188
3390.13407485031	1065
3392.07936809559	1065.43994140625
3394.02411629045	1065.34997558594
3395.96831964496	1065.53002929688
3397.91197836911	1062.26000976563
3399.85509267275	1063.57495117188
3401.79766276564	1059.70495605469
3403.73968885745	1053.88500976563
3405.68117115771	1049.90002441406
3407.62210987586	1050.4150390625
3409.56250522123	1050.18005371094
3411.50235740305	1050.67004394531
3413.44166663043	1047.56994628906
3415.38043311238	1043.75
3417.3186570578	1042.39001464844
3419.2563386755	1041.30004882813
3421.19347817415	1045.42004394531
3423.13007576235	1043.33996582031
3425.06613164857	1038.9599609375
3427.00164604118	1039.56994628906
3428.93661914844	1041.68505859375
3430.87105117852	1037.35498046875
3432.80494233945	1035.70495605469
3434.73829283919	1033.10998535156
3436.67110288558	1036.01000976563
3438.60337268634	1037.31494140625
3440.53510244911	1032.02001953125
3442.4662923814	1029.19494628906
3444.39694269064	1028.40002441406
3446.32705358412	1027.3349609375
3448.25662526905	1024.39501953125
3450.18565795254	1024.49499511719
3452.11415184156	1021.28997802734
3454.04210714302	1019.01501464844
3455.96952406369	1017.64001464844
3457.89640281024	1009.29998779297
3459.82274358924	1006.08502197266
3461.74854660717	1009.13000488281
3463.67381207038	1011.90997314453
3465.59854018513	1011.25
3467.52273115756	1006.22497558594
3469.44638519373	1001.72497558594
3471.36950249956	999.005004882813
3473.29208328091	995.659973144531
3475.21412774349	996.385009765625
3477.13563609293	992.815002441406
3479.05660853476	992.585021972656
3480.97704527438	989.27001953125
3482.89694651712	987.309997558594
3484.81631246818	987.974975585938
3486.73514333266	985.940002441406
3488.65343931557	982
3490.57120062179	978.344970703125
3492.48842745612	974.840026855469
3494.40512002324	969.849975585938
3496.32127852773	966.349975585938
3498.23690317408	964.664978027344
3500.15199416666	960.434997558594
3502.06655170974	956.804992675781
3503.98057600749	956.239990234375
3505.89406726396	954.739990234375
3507.80702568312	955.044982910156
3509.71945146883	953.900024414063
3511.63134482483	952.900024414063
3513.54270595478	952.950012207031
3515.45353506222	950.515014648438
3517.3638323506	945.715026855469
3519.27359802324	942.375
3521.1828322834	942.585021972656
3523.09153533419	939.984985351563
3524.99970737866	933.60498046875
3526.90734861972	929.14501953125
3528.81445926021	927.455017089844
3530.72103950283	925.400024414063
3532.62708955022	924.965026855469
3534.53260960488	926.179992675781
3536.43759986923	924.320007324219
3538.34206054558	919.505004882813
3540.24599183613	913.744995117188
3542.149393943	911.950012207031
3544.05226706817	911.565002441406
3545.95461141357	908.77001953125
3547.85642718097	906.994995117188
3549.75771457208	907.794982910156
3551.6584737885	907.070007324219
3553.55870503171	904.984985351563
3555.4584085031	903.960021972656
3557.35758440396	900.809997558594
3559.25623293548	897.489990234375
3561.15435429874	895.700012207031
3563.05194869473	893.630004882813
3564.94901632432	892.119995117188
3566.84555738829	891.64501953125
3568.74157208732	890.320007324219
3570.63706062199	889.455017089844
3572.53202319277	889.159973144531
3574.42646000003	888.794982910156
3576.32037124406	887.14501953125
3578.213757125	886.659973144531
3580.10661784295	885.094970703125
3581.99895359786	886.200012207031
3583.8907645896	885.655029296875
3585.78205101794	884.315002441406
3587.67281308254	881.25
3589.56305098297	877.724975585938
3591.4527649187	875.719970703125
3593.34195508907	875.700012207031
3595.23062169338	875.945007324219
3597.11876493075	874.885009765625
3599.00638500027	873.429992675781
3600.89348210089	872.315002441406
3602.78005643148	872.419982910156
3604.66610819078	872.054992675781
3606.55163757747	871.299987792969
3608.4366447901	870.484985351563
3610.32113002713	868.684997558594
3612.20509348693	866.054992675781
3614.08853536774	865.335021972656
3615.97145586773	862.784973144531
3617.85385518497	862
3619.7357335174	861.585021972656
3621.61709106289	859.215026855469
3623.4979280192	857.190002441406
3625.37824458399	855.789978027344
3627.25804095482	855.294982910156
3629.13731732915	855.400024414063
3631.01607390435	854.85498046875
3632.89431087767	853.72998046875
3634.77202844629	852.469970703125
3636.64922680726	850.950012207031
3638.52590615754	850.335021972656
3640.40206669402	850.054992675781
3642.27770861344	849.744995117188
3644.15283211248	849.039978027344
3646.02743738771	848.97998046875
3647.90152463559	848.825012207031
3649.77509405251	847.880004882813
3651.64814583473	847.005004882813
3653.52068017842	846.239990234375
3655.39269727965	846.044982910156
3657.26419733442	845.299987792969
3659.13518053858	844.039978027344
3661.00564708793	842.179992675781
3662.87559717814	840.35498046875
3664.7450310048	838.085021972656
3666.61394876338	838.114990234375
3668.48235064928	838.880004882813
3670.35023685779	838.455017089844
3672.21760758409	838.455017089844
3674.08446302327	837.510009765625
3675.95080337033	836.830017089844
3677.81662882017	836.940002441406
3679.68193956758	835.794982910156
3681.54673580727	832.869995117188
3683.41101773383	833.135009765625
3685.27478554178	832.380004882813
3687.13803942551	832.525024414063
3689.00077957934	830.619995117188
3690.86300619748	829.575012207031
3692.72471947405	828.804992675781
3694.58591960306	829.039978027344
3696.44660677844	828.10498046875
3698.306781194	828.275024414063
3700.16644304348	830.044982910156
3702.02559252049	829.515014648438
3703.88422981859	827.494995117188
3705.74235513119	824.409973144531
3707.59996865164	824.380004882813
3709.45707057318	824.47998046875
3711.31366108895	824.159973144531
3713.16974039199	823.974975585938
3715.02530867527	823.849975585938
3716.88036613164	823.065002441406
3718.73491295385	821.489990234375
3720.58894933456	822.619995117188
3722.44247546634	821.294982910156
3724.29549154166	819.940002441406
3726.14799775289	819.22998046875
3727.9999942923	818.534973144531
3729.85148135209	818.590026855469
3731.70245912432	818.875
3733.55292780098	819.190002441406
3735.40288757397	818.580017089844
3737.25233863509	816.969970703125
3739.10128117603	815.869995117188
3740.9497153884	814.385009765625
3742.7976414637	815.940002441406
3744.64505959335	818.030029296875
3746.49196996866	818.47998046875
3748.33837278086	819.875
3750.18426822108	819.219970703125
3752.02965648033	819.434997558594
3753.87453774956	819.085021972656
3755.7189122196	818.489990234375
3757.5627800812	818.664978027344
3759.40614152501	818.799987792969
3761.24899674159	817.690002441406
3763.09134592138	818.070007324219
3764.93318925476	817.530029296875
3766.77452693199	817.635009765625
3768.61535914325	816.200012207031
3770.45568607861	814.799987792969
3772.29550792807	814.380004882813
3774.1348248815	814.684997558594
3775.9736371287	815.710021972656
3777.81194485938	817.27001953125
