32.6816976106991	711.780029296875
35.6535599501435	711.630004882813
38.6244374909659	711.664978027344
41.5943306947054	711.760009765625
44.5632400226282	711.739990234375
47.5311659356917	711.684997558594
50.4981088945929	711.619995117188
53.4640693597127	711.72998046875
56.4290477911676	711.640014648438
59.3930446487746	711.760009765625
62.356060392067	711.840026855469
65.3180954802906	711.484985351563
68.2791503724084	711.734985351563
71.2392255270922	711.789978027344
74.1983214027271	711.585021972656
77.1564384574159	711.784973144531
80.113577148983	711.809997558594
83.0697379349549	711.989990234375
86.0249212725722	711.719970703125
88.9791276188058	711.724975585938
91.9323574303255	711.919982910156
94.8846111635238	711.97998046875
97.8358892745121	712.025024414063
100.786192219114	711.994995117188
103.73552045287	712.10498046875
106.683874431037	712.179992675781
109.631254608583	712.450012207031
112.577661440203	712.655029296875
115.523095380307	712.950012207031
118.467556883015	713.559997558594
121.411046402175	714.924987792969
124.353564391344	717.015014648438
127.295111303796	720.690002441406
130.235687592532	727.065002441406
133.175293710265	739.025024414063
136.113930109434	758.125
139.051597242185	785.280029296875
141.98829556039	821.534973144531
144.92402551564	861.5
147.858787559244	903.099975585938
150.792582142239	944.989990234375
153.725409715372	981.789978027344
156.65727072911	1006.30499267578
159.588165633643	1023.96002197266
162.518094878884	1035.38000488281
165.447058914469	1044.59997558594
168.375058189747	1044.31494140625
171.302093153792	1041.21997070313
174.228164255401	1036.47497558594
177.153271943091	1036.81494140625
180.077416665101	1035.4599609375
183.000598869394	1033.57495117188
185.922819003656	1033.23498535156
188.84407751529	1035.83996582031
191.764374851424	1036.34497070313
194.683711458919	1032.39001464844
197.60208778434	1034.63500976563
200.519504273992	1045.28503417969
203.435961373894	1057.28503417969
206.351459529801	1068.375
209.265999187174	1078.59497070313
212.179580791207	1090.08996582031
215.092204786825	1104.18505859375
218.003871618673	1123.61999511719
220.914581731116	1144.14001464844
223.824335568247	1160.67504882813
226.733133573893	1167.35498046875
229.640976191593	1177.67004394531
232.547863864614	1189.75500488281
235.453797035961	1193.03002929688
238.358776148354	1195.25500488281
241.26280164424	1188
244.1658739658	1182.96997070313
247.067993554929	1180.25
249.969160853266	1176.58996582031
252.869376302162	1172.27001953125
255.768640342707	1170.14001464844
258.666953415705	1165.25
261.564315961705	1156.09497070313
264.46072842097	1150.16003417969
267.356191233499	1143.72998046875
270.25070483901	1142.39501953125
273.144269676967	1141.125
276.036886186551	1140.30505371094
278.928554806671	1136.40502929688
281.819275975966	1131.81994628906
284.709050132812	1127.68505859375
287.597877715306	1128.7900390625
290.485759161281	1124.72998046875
293.372694908298	1117.14501953125
296.258685393644	1110.71496582031
299.143731054352	1107.81494140625
302.027832327156	1112.43005371094
304.910989648557	1114.18505859375
307.79320345476	1111.31994628906
310.674474181717	1107.99499511719
313.554802265101	1105.54504394531
316.434188140326	1103.44494628906
319.312632242533	1103.00500488281
322.190135006593	1104.53503417969
325.066696867117	1100.24499511719
327.942318258443	1095.15002441406
330.816999614641	1095.35498046875
333.690741369517	1095.39001464844
336.56354395661	1092.29504394531
339.435407809193	1085.18994140625
342.306333360273	1080.43505859375
345.176321042591	1075.93505859375
348.045371288612	1073.64501953125
350.913484530551	1073.43005371094
353.78066120035	1070.06994628906
356.64690172969	1067.29504394531
359.512206549972	1062.18994140625
362.376576092357	1062.09997558594
365.240010787716	1058.56494140625
368.102511066677	1058.65502929688
370.964077359587	1057.77502441406
373.82471009654	1057.125
376.684409707364	1055.02001953125
379.543176621612	1056.97497558594
382.401011268595	1055.98498535156
385.257914077343	1054.96496582031
388.113885476627	1052.375
390.968925894961	1053.47998046875
393.823035760591	1054.13500976563
396.676215501503	1061.61999511719
399.528465545415	1065.5
402.379786319791	1068.02502441406
405.230178251834	1068.48498535156
408.079641768472	1073.64501953125
410.928177296387	1079.08996582031
413.775785261992	1083.41003417969
416.622466091445	1086.0400390625
419.468220210631	1088.67504882813
422.313048045182	1092.81005859375
425.156950020479	1094.83996582031
427.999926561623	1091.22497558594
430.841978093471	1090.46997070313
433.683105040613	1085.97998046875
436.523307827384	1081.30004882813
439.362586877851	1073.91003417969
442.200942615829	1072.61499023438
445.038375464876	1073.60498046875
447.874885848283	1070.69494628906
450.710474189089	1071.59497070313
453.54514091007	1070.125
456.37888643375	1073.13000488281
459.211711182386	1072.13000488281
462.043615577986	1069.16003417969
464.874600042297	1065.23498535156
467.704664996804	1060.68994140625
470.533810862741	1061.4599609375
473.36203806108	1059.06494140625
476.189347012547	1056.9150390625
479.015738137594	1058.68005371094
481.841211856432	1058.26000976563
484.665768589008	1061.68994140625
487.489408755009	1066.32995605469
490.312132773878	1070.51501464844
493.133941064796	1075.38000488281
495.954834046683	1081.80505371094
498.77481213821	1084.19995117188
501.593875757797	1087.32995605469
504.412025323601	1090.5400390625
507.229261253524	1090.06005859375
510.045583965226	1088.03503417969
512.860993876093	1087.17004394531
515.675491403271	1087.86999511719
518.489076963649	1084.94995117188
521.301750973863	1079.71496582031
524.113513850293	1073.00500488281
526.924366009065	1070.28503417969
529.734307866052	1069.5400390625
532.543339836881	1065.77001953125
535.35146233692	1059.98999023438
538.158675781281	1054.43505859375
540.964980584833	1054.31494140625
543.770377162182	1051.43505859375
546.574865927692	1046.35998535156
549.378447295465	1044.19494628906
552.181121679365	1041.74499511719
554.982889492993	1036.81494140625
557.783751149701	1034.81994628906
560.583707062591	1032.07995605469
563.38275764452	1031.5
566.180903308083	1028.89001464844
568.978144465633	1026.2900390625
571.774481529266	1023.34497070313
574.569914910839	1022.65502929688
577.364445021949	1021.19500732422
580.158072273946	1021.29498291016
582.950797077926	1017.27502441406
585.742619844752	1013.54998779297
588.533540985018	1010.59497070313
591.323560909078	1010.40002441406
594.112680027034	1009.44500732422
596.90089874875	1010.125
599.688217483828	1007.33001708984
602.474636641629	1005.65502929688
605.260156631263	1004.40502929688
608.044777861596	1003.10498046875
610.828500741241	1000.96502685547
613.611325678567	1000.31500244141
616.393253081697	1006.91497802734
619.174283358506	1011.71997070313
621.954416916616	1015.86499023438
624.733654163414	1017.76000976563
627.511995506029	1017.71002197266
630.289441351351	1010.83502197266
633.065992106022	1003.60998535156
635.841648176434	1000.92498779297
638.616409968744	1003.25
641.390277888847	1008.63000488281
644.163252342408	1012.40997314453
646.93533373484	1017.48498535156
649.706522471307	1019.02001953125
652.47681895674	1015.28497314453
655.246223595811	1009.08502197266
658.014736792957	1009.45001220703
660.782358952371	1011.88000488281
663.549090477999	1013.17498779297
666.314931773542	1016.77502441406
669.079883242452	1016.47497558594
671.843945287955	1017.24499511719
674.607118313019	1014.42498779297
677.369402720366	1012.84002685547
680.130798912488	1012.16998291016
682.891307291627	1010.74499511719
685.650928259784	1008.55999755859
688.409662218708	1009.10498046875
691.167509569927	1009.88500976563
693.924470714705	1010.54498291016
696.680546054078	1011.35498046875
699.435735988832	1011.91497802734
702.190040919516	1014.66497802734
704.943461246442	1017.5
707.695997369667	1016.84002685547
710.447649689022	1016.07501220703
713.198418604088	1015.10998535156
715.948304514206	1016.47998046875
718.697307818481	1018.44000244141
721.445428915779	1018.55999755859
724.192668204716	1022.99499511719
726.93902608368	1022.21502685547
729.684502950805	1018.53997802734
732.429099204005	1020.81500244141
735.172815240936	1019.86499023438
737.915651459026	1023.40002441406
740.657608255463	1026.53503417969
743.398686027186	1028.93505859375
746.13888517091	1032.76501464844
748.878206083102	1038.09997558594
751.616649159998	1042.11499023438
754.354214797584	1042.48999023438
757.09090339162	1045.89001464844
759.826715337622	1044.2099609375
762.561651030868	1041.43005371094
765.295710866406	1036.86999511719
768.028895239041	1028.0400390625
770.761204543336	1018.97998046875
773.492639173626	1014.75
776.223199524006	1013.13000488281
778.952885988334	1006.39001464844
781.681698960235	1003.09002685547
784.40963883309	1001.82501220703
787.136706000052	1000.36499023438
789.862900854037	1000.16998291016
792.588223787721	1002.57000732422
795.312675193549	1003.08502197266
798.036255463728	1005.03002929688
800.758964990228	1004.75
803.480804164792	1007.07501220703
806.201773378919	1013.125
808.921873023884	1017.20001220703
811.641103490712	1017.70501708984
814.359465170214	1022.94500732422
817.076958452946	1032.00500488281
819.793583729246	1038.68994140625
822.509341389214	1050.30505371094
825.224231822712	1066.5400390625
827.938255419375	1081.71496582031
830.651412568596	1092.43994140625
833.363703659544	1093.64501953125
836.075129081157	1096.02502441406
838.785689222127	1097.71997070313
841.495384470928	1098.31494140625
844.204215215788	1099.69995117188
846.912181844721	1105.8349609375
849.619284745491	1114.53002929688
852.325524305638	1124.375
855.030900912475	1132.00500488281
857.735414953079	1137.03002929688
860.439066814289	1137.86999511719
863.141856882725	1128.95495605469
865.843785544769	1113.2099609375
868.544853186571	1103.18994140625
871.245060194063	1100.69494628906
873.944406952925	1099.75
876.642893848625	1105.94494628906
879.340521266398	1107.44494628906
882.037289591241	1109.41003417969
884.733199207927	1116.16003417969
887.428250501001	1117.56005859375
890.122443854778	1116.22998046875
892.815779653335	1117.32495117188
895.508258280534	1120.28002929688
898.199880119997	1124.45495605469
900.890645555129	1130.82995605469
903.580554969094	1132.65002441406
906.269608744832	1134.67004394531
908.957807265056	1134.05004882813
911.645150912257	1128.57995605469
914.331640068689	1123.40502929688
917.017275116375	1120.98498535156
919.702056437128	1124.28503417969
922.385984412518	1128.85998535156
925.069059423886	1135.60498046875
927.751281852366	1147.5849609375
930.432652078842	1151.92504882813
933.113170483983	1155.72497558594
935.79283744823	1161.2099609375
938.471653351806	1172.09497070313
941.149618574686	1176.56005859375
943.826733496641	1183.38500976563
946.502998497206	1191.19494628906
949.178413955689	1186.53002929688
951.85298025118	1184.79504394531
954.526697762544	1182.49499511719
957.199566868403	1175.99499511719
959.87158794718	1182.44494628906
962.542761377054	1186.78503417969
965.213087535987	1179.4599609375
967.882566801719	1173.43994140625
970.551199551761	1165.00500488281
973.218986163399	1157.82995605469
975.885927013698	1155.09997558594
978.552022479501	1154.97497558594
981.217272937423	1154.56994628906
983.88167876386	1160.13500976563
986.545240334978	1169.89001464844
989.207958026729	1181.78002929688
991.869832214835	1198.21997070313
994.530863274798	1216.75500488281
997.191051581895	1253.19494628906
999.850397511185	1302.36499023438
1002.50890143751	1351.4599609375
1005.16656373546	1391.01000976563
1007.82338477944	1407.875
1010.47936494363	1392.14001464844
1013.13450460195	1350.125
1015.78880412815	1283.63500976563
1018.44226389572	1225.53503417969
1021.09488427794	1189.33996582031
1023.74666564789	1171.68005371094
1026.3976083784	1158.15502929688
1029.04771284208	1160.65002441406
1031.69697941135	1173.96997070313
1034.34540845838	1178.06005859375
1036.99300035512	1179.74499511719
1039.63975547333	1174.66003417969
1042.28567418452	1164.42004394531
1044.93075685998	1156.17004394531
1047.57500387081	1152.7900390625
1050.21841558786	1148.5849609375
1052.86099238177	1153.64001464844
1055.50273462297	1157.59497070313
1058.14364268167	1157.47998046875
1060.78371692784	1162.04504394531
1063.42295773126	1163.83996582031
1066.06136546148	1169.28503417969
1068.69894048781	1170.56994628906
1071.33568317939	1174.23999023438
1073.9715939051	1177.18994140625
1076.60667303362	1182.52502441406
1079.24092093341	1185.88500976563
1081.87433797271	1184.26000976563
1084.50692451954	1186.24499511719
1087.13868094172	1184.76000976563
1089.76960760684	1181.81005859375
1092.39970488226	1177.00500488281
1095.02897313516	1174.39501953125
1097.65741273246	1171.09497070313
1100.28502404089	1170.96496582031
1102.91180742697	1165.43505859375
1105.53776325698	1163.07995605469
1108.16289189701	1162.86999511719
1110.78719371291	1161.71997070313
1113.41066907033	1160.38000488281
1116.0333183347	1159.80004882813
1118.65514187124	1155.73498535156
1121.27614004495	1155.98498535156
1123.89631322061	1166.23498535156
1126.51566176279	1171.2900390625
1129.13418603585	1173.59497070313
1131.75188640394	1168.55505371094
1134.36876323098	1161.85498046875
1136.98481688069	1140.88500976563
1139.60004771655	1119.76000976563
1142.21445610187	1100.44995117188
1144.82804239972	1087.63000488281
1147.44080697295	1084.61499023438
1150.05275018421	1089.38000488281
1152.66387239593	1095.68005371094
1155.27417397034	1101.85498046875
1157.88365526943	1113.45495605469
1160.49231665502	1121.88500976563
1163.10015848867	1117.875
1165.70718113176	1119.64501953125
1168.31338494544	1119.09997558594
1170.91877029067	1114.8349609375
1173.52333752817	1113.875
1176.12708701847	1115.48498535156
1178.73001912187	1115.22497558594
1181.33213419848	1109.7099609375
1183.93343260819	1103.97998046875
1186.53391471068	1098.1650390625
1189.13358086539	1094.68005371094
1191.73243143161	1093.8349609375
1194.33046676836	1096.64501953125
1196.92768723449	1100.1650390625
1199.52409318861	1110.75
1202.11968498915	1121.55004882813
1204.7144629943	1135.03503417969
1207.30842756206	1146.39001464844
1209.90157905021	1152.86499023438
1212.49391781634	1156.38500976563
1215.08544421779	1153.77001953125
1217.67615861174	1147.47497558594
1220.26606135512	1141.32495117188
1222.85515280468	1138.60998535156
1225.44343331694	1146.375
1228.03090324823	1158.58996582031
1230.61756295466	1165.52502441406
1233.20341279213	1175.75500488281
1235.78845311634	1187.25
1238.37268428278	1193.54504394531
1240.95610664673	1199.93994140625
1243.53872056325	1208.86999511719
1246.12052638722	1213.93005371094
1248.70152447329	1215.9599609375
1251.28171517591	1218.52001953125
1253.86109884934	1218.11499023438
1256.43967584759	1219.6650390625
1259.0174465245	1220.10498046875
1261.5944112337	1221.89001464844
1264.1705703286	1223.18994140625
1266.74592416241	1227.67504882813
1269.32047308814	1225.01000976563
1271.89421745858	1221.83996582031
1274.46715762633	1220.96496582031
1277.03929394377	1220.41003417969
1279.61062676308	1220.51000976563
1282.18115643624	1224.01000976563
1284.75088331502	1220.32995605469
1287.31980775098	1215.03503417969
1289.88793009548	1210.32995605469
1292.45525069969	1207.38000488281
1295.02176991454	1206.88000488281
1297.58748809078	1211.74499511719
1300.15240557897	1216.02502441406
1302.71652272942	1218.51501464844
1305.27983989229	1225.89001464844
1307.84235741749	1232.85998535156
1310.40407565475	1241.4150390625
1312.9649949536	1254.4150390625
1315.52511566335	1266.86999511719
1318.08443813311	1270.18994140625
1320.64296271181	1273.56005859375
1323.20068974815	1275.54504394531
1325.75761959063	1277.35498046875
1328.31375258756	1271.53002929688
1330.86908908704	1269.00500488281
1333.42362943696	1267.43005371094
1335.97737398503	1267.33996582031
1338.53032307874	1270.60498046875
1341.08247706537	1277.38500976563
1343.63383629202	1279.55505371094
1346.18440110558	1271.51000976563
1348.73417185274	1253.38000488281
1351.28314887997	1239.4599609375
1353.83133253357	1219.63000488281
1356.37872315961	1199.11499023438
1358.92532110398	1182.18994140625
1361.47112671237	1164.61999511719
1364.01614033024	1151.33996582031
1366.56036230288	1143.97998046875
1369.10379297537	1132.11999511719
1371.64643269258	1119.36999511719
1374.18828179921	1110.07495117188
1376.72934063972	1104.09997558594
1379.2696095584	1097.19494628906
1381.80908889932	1096.23999023438
1384.34777900637	1094.05505371094
1386.88568022323	1093.57495117188
1389.42279289337	1093.48999023438
1391.95911736009	1098.75500488281
1394.49465396645	1102.95495605469
1397.02940305537	1110.35998535156
1399.5633649695	1117.18005371094
1402.09654005135	1116.14501953125
1404.6289286432	1117.29504394531
1407.16053108714	1123.67004394531
1409.69134772507	1122.21997070313
1412.22137889868	1122.375
1414.75062494947	1124.63500976563
1417.27908621874	1128.5400390625
1419.80676304759	1129.24499511719
1422.33365577692	1128.35998535156
1424.85976474744	1132.67504882813
1427.38509029967	1138.92004394531
1429.90963277392	1146.64501953125
1432.4333925103	1157.69995117188
1434.95636984873	1175.20495605469
1437.47856512894	1198.92004394531
1439.99997869045	1226.14001464844
1442.5206108726	1257.56494140625
1445.04046201452	1281.51501464844
1447.55953245515	1302.82495117188
1450.07782253323	1320.40502929688
1452.59533258731	1329.26000976563
1455.11206295574	1329.14501953125
1457.62801397668	1319.71496582031
1460.14318598809	1301.76501464844
1462.65757932774	1289.81005859375
1465.1711943332	1271.09497070313
1467.68403134184	1239.23498535156
1470.19609069085	1204.71997070313
1472.70737271721	1170.92504882813
1475.21787775772	1134.52001953125
1477.72760614897	1101.81005859375
1480.23655822738	1070.56994628906
1482.74473432914	1042.9150390625
1485.25213479029	1019.40997314453
1487.75875994664	1003.86999511719
1490.26461013382	991.5
1492.76968568726	982.664978027344
1495.27398694222	974.005004882813
1497.77751423374	969.390014648438
1500.28026789667	968.135009765625
1502.78224826569	967.455017089844
1505.28345567526	966.125
1507.78389045967	965.664978027344
1510.28355295299	961.945007324219
1512.78244348913	962.070007324219
1515.28056240178	961.734985351563
1517.77791002445	961.849975585938
1520.27448669047	960.799987792969
1522.77029273296	961.815002441406
1525.26532848486	960.099975585938
1527.75959427889	962.840026855469
1530.25309044764	964.119995117188
1532.74581732344	966.02001953125
1535.23777523847	968.184997558594
1537.72896452471	969.330017089844
1540.21938551394	970.224975585938
1542.70903853778	972.570007324219
1545.19792392761	979.340026855469
1547.68604201466	985.340026855469
1550.17339312997	993.614990234375
1552.65997760434	1002.30499267578
1555.14579576845	1008.59997558594
1557.63084795275	1012.53002929688
1560.11513448749	1012.23999023438
1562.59865570276	1006.71502685547
1565.08141192845	1003.64501953125
1567.56340349426	999.169982910156
1570.04463072969	995.359985351563
1572.52509396406	994.114990234375
1575.00479352652	995.39501953125
1577.48372974599	998.330017089844
1579.96190295124	1002.97998046875
1582.43931347083	1009.375
1584.91596163314	1013.20001220703
1587.39184776636	1017.15997314453
1589.86697219849	1022.86999511719
1592.34133525734	1028.08996582031
1594.81493727054	1031.14501953125
1597.28777856553	1035.94995117188
1599.75985946955	1042.20495605469
1602.23118030968	1055.52001953125
1604.70174141278	1071.09997558594
1607.17154310555	1084.21496582031
1609.64058571449	1092.46997070313
1612.10886956591	1098.48498535156
1614.57639498595	1095.77001953125
1617.04316230054	1095.72998046875
1619.50917183543	1090.14001464844
1621.97442391621	1084.23999023438
1624.43891886825	1075.69995117188
1626.90265701674	1070.35498046875
1629.36563868671	1069.56005859375
1631.82786420296	1066.875
1634.28933389016	1069.0400390625
1636.75004807274	1076.65002441406
1639.21000707498	1086.67504882813
1641.66921122097	1098.96997070313
1644.12766083459	1119.10998535156
1646.58535623956	1140.85998535156
1649.04229775941	1161.47998046875
1651.4984857175	1184.51501464844
1653.95392043697	1204.54504394531
1656.40860224079	1221.48498535156
1658.86253145177	1229.92004394531
1661.3157083925	1231.41003417969
1663.76813338542	1231.21997070313
1666.21980675275	1228.625
1668.67072881656	1223.20495605469
1671.1208998987	1209.78503417969
1673.57032032089	1190.14501953125
1676.0189904046	1174.19494628906
1678.46691047118	1161.02001953125
1680.91408084174	1141.25500488281
1683.36050183726	1119.81494140625
1685.8061737785	1097.89001464844
1688.25109698605	1073.14001464844
1690.69527178032	1049.77502441406
1693.13869848153	1028.36499023438
1695.58137740972	1010.77001953125
1698.02330888476	996.835021972656
1700.46449322631	976.400024414063
1702.90493075388	961.284973144531
1705.34462178678	947.719970703125
1707.78356664414	935.299987792969
1710.22176564492	926.380004882813
1712.65921910787	917.554992675781
1715.0959273516	912.309997558594
1717.53189069449	908.010009765625
1719.9671094548	904.369995117188
1722.40158395054	902.059997558594
1724.8353144996	901.330017089844
1727.26830141965	899.97998046875
1729.70054502819	898.169982910156
1732.13204564255	895.919982910156
1734.56280357987	895.419982910156
1736.99281915711	895.919982910156
1739.42209269106	894.299987792969
1741.85062449831	893.090026855469
1744.27841489529	893.260009765625
1746.70546419823	893.010009765625
1749.13177272321	891.835021972656
1751.5573407861	890.554992675781
1753.98216870262	890.025024414063
1756.40625678828	889.945007324219
1758.82960535844	891.184997558594
1761.25221472825	891.030029296875
1763.67408521271	886.905029296875
1766.09521712663	887.405029296875
1768.51561078464	887.359985351563
1770.93526650119	885.030029296875
1773.35418459056	884.440002441406
1775.77236536684	885.835021972656
1778.18980914396	885.304992675781
1780.60651623565	885.724975585938
1783.02248695548	885.994995117188
1785.43772161684	885.905029296875
1787.85222053292	884.965026855469
1790.26598401677	883.960021972656
1792.67901238123	884.075012207031
1795.09130593899	883.590026855469
1797.50286500254	883.650024414063
1799.9136898842	882.010009765625
1802.32378089613	883.164978027344
1804.73313835028	883.724975585938
1807.14176255846	883.325012207031
1809.54965383228	881.030029296875
1811.95681248317	881.919982910156
1814.36323882242	880.794982910156
1816.76893316109	880.340026855469
1819.17389581011	879.869995117188
1821.57812708021	877.679992675781
1823.98162728196	878.679992675781
1826.38439672573	880.630004882813
1828.78643572174	881.419982910156
1831.18774458003	881.484985351563
1833.58832361045	880.940002441406
1835.98817312269	879.830017089844
1838.38729342625	878.664978027344
1840.78568483048	877.27001953125
1843.18334764454	877.414978027344
1845.58028217741	877.135009765625
1847.9764887379	876.909973144531
1850.37196763465	877.174987792969
1852.76671917613	878.989990234375
1855.16074367062	877.804992675781
1857.55404142624	876.52001953125
1859.94661275094	876.094970703125
1862.33845795247	876.530029296875
1864.72957733844	876.455017089844
1867.11997121627	876.580017089844
1869.5096398932	876.705017089844
1871.89858367631	875.844970703125
1874.28680287251	877.364990234375
1876.67429778851	878.255004882813
1879.06106873089	877.460021972656
1881.44711600601	876.090026855469
1883.8324399201	875.335021972656
1886.21704077919	874.679992675781
1888.60091888915	876.674987792969
1890.98407455567	877.72998046875
1893.36650808428	876.77001953125
1895.74821978033	876.739990234375
1898.12920994899	876.164978027344
1900.50947889527	876.590026855469
1902.88902692401	876.815002441406
1905.26785433986	876.5
1907.64596144734	876.960021972656
1910.02334855075	875.434997558594
1912.40001595424	876.140014648438
1914.7759639618	877.289978027344
1917.15119287724	876.684997558594
1919.52570300419	875.265014648438
1921.89949464611	875.695007324219
1924.27256810632	875.215026855469
1926.64492368793	876.715026855469
1929.0165616939	876.885009765625
1931.38748242701	877.755004882813
1933.75768618989	877.5
1936.12717328497	875.674987792969
1938.49594401455	874.815002441406
1940.86399868071	874.609985351563
1943.23133758541	875.25
1945.5979610304	875.299987792969
1947.96386931729	876.034973144531
1950.32906274751	875.22998046875
1952.69354162232	875.989990234375
1955.0573062428	878.340026855469
1957.42035690989	878.434997558594
1959.78269392434	878.924987792969
1962.14431758673	878.35498046875
1964.50522819748	876.945007324219
1966.86542605684	875.625
1969.22491146488	875.840026855469
1971.58368472153	875.594970703125
1973.94174612654	876.335021972656
1976.29909597945	875.309997558594
1978.65573457971	875.179992675781
1981.01166222654	876.369995117188
1983.36687921902	876.755004882813
1985.72138585606	875.169982910156
1988.07518243639	873.22998046875
1990.42826925859	873.164978027344
1992.78064662106	874.974975585938
1995.13231482205	876.159973144531
1997.48327415961	874.724975585938
1999.83352493167	875.299987792969
2002.18306743594	875.924987792969
2004.53190197002	876.929992675781
2006.8800288313	876.594970703125
2009.22744831703	875.385009765625
2011.57416072427	873.960021972656
2013.92016634993	874.659973144531
2016.26546549076	872.934997558594
2018.61005844332	872.905029296875
2020.95394550404	873.325012207031
2023.29712696915	873.489990234375
2025.63960313474	874.510009765625
2027.98137429672	874.455017089844
2030.32244075083	876.075012207031
2032.66280279266	876.02001953125
2035.00246071763	876.280029296875
2037.34141482099	875.335021972656
2039.67966539784	874.89501953125
2042.01721274309	876.525024414063
2044.35405715151	878.465026855469
2046.69019891769	878.320007324219
2049.02563833606	877.169982910156
2051.3603757009	876.385009765625
2053.6944113063	876.35498046875
2056.0277454462	875.755004882813
2058.36037841439	875.789978027344
2060.69231050446	878.674987792969
2063.02354200988	876.835021972656
2065.35407322392	875.64501953125
2067.68390443971	876.304992675781
2070.01303595021	877.775024414063
2072.3414680482	877.914978027344
2074.66920102633	877.280029296875
2076.99623517706	876.244995117188
2079.32257079271	875.864990234375
2081.6482081654	875.739990234375
2083.97314758713	874.934997558594
2086.29738934971	877.664978027344
2088.62093374481	880.820007324219
2090.94378106391	879.070007324219
2093.26593159835	878.380004882813
2095.5873856393	878.364990234375
2097.90814347777	877.755004882813
2100.2282054046	877.984985351563
2102.54757171048	880.200012207031
2104.86624268594	880.775024414063
2107.18421862133	881.455017089844
2109.50149980686	880.929992675781
2111.81808653257	879.64501953125
2114.13397908834	880.784973144531
2116.44917776388	879.97998046875
2118.76368284875	882.650024414063
2121.07749463235	880.945007324219
2123.39061340391	880.429992675781
2125.70303945252	879.489990234375
2128.01477306707	881.460021972656
2130.32581453634	880.950012207031
2132.63616414891	881.890014648438
2134.94582219322	880.594970703125
2137.25478895754	879.539978027344
2139.56306472999	879.655029296875
2141.87064979851	879.200012207031
2144.17754445092	880.669982910156
2146.48374897484	882.905029296875
2148.78926365774	882.950012207031
2151.09408878695	882.609985351563
2153.39822464963	881.224975585938
2155.70167153277	881.429992675781
2158.00442972321	881.070007324219
2160.30649950763	880.090026855469
2162.60788117256	881.179992675781
2164.90857500436	881.625
2167.20858128923	883.434997558594
2169.50790031323	882.465026855469
2171.80653236223	882.414978027344
2174.10447772198	882.210021972656
2176.40173667804	880.700012207031
2178.69830951582	879.505004882813
2180.99419652058	880.364990234375
2183.28939797743	881.039978027344
2185.5839141713	881.505004882813
2187.87774538698	883.64501953125
2190.17089190908	883.400024414063
2192.46335402209	883.424987792969
2194.75513201032	880.539978027344
2197.04622615791	880.27001953125
2199.33663674886	879.724975585938
2201.62636406702	879.125
2203.91540839606	878.659973144531
2206.20377001952	880.304992675781
2208.49144922077	881
2210.77844628302	880.85498046875
2213.06476148933	881.684997558594
2215.3503951226	880.784973144531
2217.63534746557	879.52001953125
2219.91961880085	878.465026855469
2222.20320941085	879.375
2224.48611957785	881.205017089844
2226.76834958399	880.965026855469
2229.04989971122	879.784973144531
2231.33077024136	880.424987792969
2233.61096145607	880.234985351563
2235.89047363683	879.085021972656
2238.169307065	880.690002441406
2240.44746202178	879.575012207031
2242.72493878819	880.244995117188
2245.00173764511	880.244995117188
2247.27785887327	880.700012207031
2249.55330275324	879.47998046875
2251.82806956545	880.265014648438
2254.10215959014	881.940002441406
2256.37557310744	882.340026855469
2258.64831039729	881.695007324219
2260.92037173949	880.835021972656
2263.19175741368	881.099975585938
2265.46246769938	882.460021972656
2267.7325028759	882.585021972656
2270.00186322243	883.489990234375
2272.270549018	882.35498046875
2274.5385605415	880.440002441406
2276.80589807165	880.210021972656
2279.07256188702	881.640014648438
2281.33855226601	882.239990234375
2283.60386948691	881.474975585938
2285.86851382782	882.585021972656
2288.1324855667	882.679992675781
2290.39578498136	883.114990234375
2292.65841234945	883.974975585938
2294.92036794847	885.679992675781
2297.18165205578	885.094970703125
2299.44226494856	884.294982910156
2301.70220690387	884.255004882813
2303.96147819859	884.114990234375
2306.22007910947	884.830017089844
2308.47800991309	885.575012207031
2310.73527088589	884.575012207031
2312.99186230416	882.940002441406
2315.24778444403	884.219970703125
2317.50303758149	885.924987792969
2319.75762199235	888.630004882813
2322.01153795231	887.934997558594
2324.26478573689	887.534973144531
2326.51736562147	883.885009765625
2328.76927788127	886.304992675781
2331.02052279137	887.494995117188
2333.2711006267	885.724975585938
2335.52101166203	884.205017089844
2337.77025617198	883.565002441406
2340.01883443103	883.039978027344
2342.2667467135	885.219970703125
2344.51399329356	884.840026855469
2346.76057444525	884.830017089844
2349.00649044241	884.695007324219
2351.2517415588	883.340026855469
2353.49632806796	882.075012207031
2355.74025024334	881.565002441406
2357.98350835819	880.515014648438
2360.22610268566	881.005004882813
2362.4680334987	883.10498046875
2364.70930107016	883.715026855469
2366.94990567269	883.150024414063
2369.18984757884	883.655029296875
2371.42912706098	885.60498046875
2373.66774439134	885.150024414063
2375.90569984199	884.5
2378.14299368488	883.909973144531
2380.37962619179	881.505004882813
2382.61559763435	881.330017089844
2384.85090828405	882.530029296875
2387.08555841222	882.869995117188
2389.31954829006	883.719970703125
2391.55287818861	882.309997558594
2393.78554837877	881.945007324219
2396.01755913128	882.330017089844
2398.24891071673	882.219970703125
2400.47960340558	883.085021972656
2402.70963746814	884.419982910156
2404.93901317456	884.034973144531
2407.16773079485	883.469970703125
2409.39579059887	884.109985351563
2411.62319285633	883.044982910156
2413.84993783681	883.135009765625
2416.07602580971	881.715026855469
2418.30145704432	882.385009765625
2420.52623180977	883.690002441406
2422.75035037503	884.994995117188
2424.97381300893	884.340026855469
2427.19661998017	884.780029296875
2429.41877155729	884.369995117188
2431.64026800867	884.125
2433.86110960257	884.155029296875
2436.08129660709	885.525024414063
2438.30082929019	886.609985351563
2440.51970791967	886.385009765625
2442.73793276321	885.114990234375
2444.95550408832	885.455017089844
2447.17242216237	884.794982910156
2449.38868725259	885.575012207031
2451.60429962607	885.155029296875
2453.81925954975	885.890014648438
2456.03356729041	885.340026855469
2458.2472231147	883.609985351563
2460.46022728913	884.955017089844
2462.67258008005	885.710021972656
2464.88428175368	884.940002441406
2467.09533257608	883.780029296875
2469.30573281318	883.159973144531
2471.51548273076	884.179992675781
2473.72458259445	885.215026855469
2475.93303266974	889.135009765625
2478.14083322198	889.010009765625
2480.34798451637	887.434997558594
2482.55448681797	887.10498046875
2484.76034039169	887.544982910156
2486.96554550231	887.010009765625
2489.17010241445	886.390014648438
2491.37401139259	887.815002441406
2493.57727270109	887.809997558594
2495.77988660412	887.210021972656
2497.98185336574	888.929992675781
2500.18317324987	889.364990234375
2502.38384652028	889.585021972656
2504.58387344058	889.094970703125
2506.78325427425	889.200012207031
2508.98198928465	889.005004882813
2511.18007873495	889.309997558594
2513.37752288821	887.599975585938
2515.57432200735	888.119995117188
2517.77047635514	888.955017089844
2519.96598619419	889.85498046875
2522.16085178699	889.205017089844
2524.35507339589	888.989990234375
2526.54865128308	891.739990234375
2528.74158571062	890.239990234375
2530.93387694042	890.544982910156
2533.12552523427	890.914978027344
2535.31653085379	889.505004882813
2537.50689406046	889.10498046875
2539.69661511566	889.309997558594
2541.88569428057	890.289978027344
2544.07413181627	891.989990234375
2546.26192798368	893.630004882813
2548.44908304359	894.659973144531
2550.63559725664	894.594970703125
2552.82147088333	892.10498046875
2555.00670418402	891.799987792969
2557.19129741894	893.484985351563
2559.37525084817	895.674987792969
2561.55856473164	897.239990234375
2563.74123932917	896.039978027344
2565.92327490039	894.340026855469
2568.10467170484	892.489990234375
2570.28543000189	892.369995117188
2572.46555005079	893.590026855469
2574.64503211063	896.119995117188
2576.82387644036	897.840026855469
2579.00208329882	895.315002441406
2581.17965294468	895.505004882813
2583.35658563648	896.125
2585.53288163263	897.150024414063
2587.70854119137	896.409973144531
2589.88356457084	895.525024414063
2592.05795202902	896.844970703125
2594.23170382376	897.195007324219
2596.40482021275	895.885009765625
2598.57730145356	895.705017089844
2600.74914780363	897.965026855469
2602.92035952023	896.200012207031
2605.09093686053	898.085021972656
2607.26088008153	898.484985351563
2609.4301894401	898.885009765625
2611.59886519299	899.02001953125
2613.76690759678	901.125
2615.93431690793	902.72998046875
2618.10109338277	904.210021972656
2620.26723727748	903.239990234375
2622.4327488481	903.469970703125
2624.59762835054	904.075012207031
2626.76187604057	904.609985351563
2628.92549217382	905.015014648438
2631.08847700579	906.335021972656
2633.25083079182	907.030029296875
2635.41255378715	909.080017089844
2637.57364624684	910.590026855469
2639.73410842586	908.77001953125
2641.893940579	907.469970703125
2644.05314296094	909.065002441406
2646.21171582621	908.835021972656
2648.36965942921	909.465026855469
2650.5269740242	910.809997558594
2652.6836598653	911.630004882813
2654.83971720651	912.10498046875
2656.99514630167	913.090026855469
2659.1499474045	911.380004882813
2661.30412076857	912.010009765625
2663.45766664734	912.890014648438
2665.61058529411	910.950012207031
2667.76287696204	910.945007324219
2669.91454190418	913.414978027344
2672.06558037342	915.099975585938
2674.21599262253	917.539978027344
2676.36577890413	918.739990234375
2678.51493947072	916.525024414063
2680.66347457466	916.559997558594
2682.81138446816	916.89501953125
2684.95866940332	919.034973144531
2687.10532963209	919.799987792969
2689.25136540628	920.419982910156
2691.39677697757	919.875
2693.54156459752	918.320007324219
2695.68572851753	919.075012207031
2697.82926898888	919.369995117188
2699.97218626272	920.179992675781
2702.11448059006	920.775024414063
2704.25615222175	922.469970703125
2706.39720140856	924.989990234375
2708.53762840109	927.755004882813
2710.67743344979	928.325012207031
2712.81661680503	932.02001953125
2714.95517871698	933.924987792969
2717.09311943574	934.525024414063
2719.23043921123	939.14501953125
2721.36713829325	942.72998046875
2723.50321693148	945.280029296875
2725.63867537545	946.015014648438
2727.77351387456	945.724975585938
2729.90773267809	947.065002441406
2732.04133203516	949.809997558594
2734.17431219478	947.900024414063
2736.30667340581	945.760009765625
2738.438415917	948.094970703125
2740.56953997695	949.630004882813
2742.70004583414	948.094970703125
2744.82993373688	941.304992675781
2746.9592039334	937.429992675781
2749.08785667177	937.929992675781
2751.21589219993	939.619995117188
2753.34331076568	938.164978027344
2755.4701126167	937.114990234375
2757.59629800054	936.14501953125
2759.7218671646	934.174987792969
2761.84682035617	936.39501953125
2763.9711578224	934.940002441406
2766.0948798103	935.414978027344
2768.21798656676	937.659973144531
2770.34047833852	938.914978027344
2772.46235537222	937.77001953125
2774.58361791434	934.974975585938
2776.70426621124	931.094970703125
2778.82430050915	933.989990234375
2780.94372105416	934.135009765625
2783.06252809224	933.599975585938
2785.18072186922	931.52001953125
2787.29830263081	928.349975585938
2789.41527062257	929.359985351563
2791.53162608996	929.059997558594
2793.64736927828	929.380004882813
2795.76250043271	929.469970703125
2797.8770197983	930.184997558594
2799.99092761997	930.239990234375
2802.10422414252	930.950012207031
2804.21690961059	933.409973144531
2806.32898426873	937.419982910156
2808.44044836132	939.294982910156
2810.55130213264	941.325012207031
2812.66154582682	942.075012207031
2814.77117968788	945.820007324219
2816.8802039597	949.835021972656
2818.98861888601	952.734985351563
2821.09642471046	957.760009765625
2823.20362167653	961.565002441406
2825.31021002756	964.570007324219
2827.41619000682	969.205017089844
2829.52156185738	972.375
2831.62632582224	978.705017089844
2833.73048214422	985.715026855469
2835.83403106606	997.065002441406
2837.93697283033	1009.23498535156
2840.03930767951	1022.52001953125
2842.1410358559	1039.16003417969
2844.24215760173	1054.59497070313
2846.34267315905	1075.47497558594
2848.44258276982	1099.59997558594
2850.54188667585	1126.77502441406
2852.64058511883	1156.63500976563
2854.73867834032	1186.43505859375
2856.83616658175	1212.18505859375
2858.93305008443	1239.53002929688
2861.02932908952	1262.67504882813
2863.12500383809	1300.1650390625
2865.22007457104	1348.52502441406
2867.31454152918	1400.63000488281
2869.40840495316	1449.125
2871.50166508353	1494.36999511719
2873.59432216069	1531.90002441406
2875.68637642493	1556.54504394531
2877.77782811641	1571.20495605469
2879.86867747515	1563.72497558594
2881.95892474105	1566.22497558594
2884.0485701539	1577.76501464844
2886.13761395333	1591.29504394531
2888.22605637886	1601.78503417969
2890.3138976699	1609.73999023438
2892.40113806571	1623.18005371094
2894.48777780544	1646.52001953125
2896.57381712808	1666.76501464844
2898.65925627254	1676.99499511719
2900.74409547758	1685.30505371094
2902.82833498183	1708.84497070313
2904.9119750238	1740.32995605469
2906.99501584188	1763.31994628906
2909.07745767432	1798.81994628906
2911.15930075925	1845.38500976563
2913.24054533469	1901.01000976563
2915.3211916385	1936.3349609375
2917.40123990846	1979.75
2919.48069038217	2018.84997558594
2921.55954329716	2063.0849609375
2923.63779889079	2107.63989257813
2925.71545740033	2140.32495117188
2927.79251906289	2172.2099609375
2929.86898411548	2196.419921875
2931.94485279498	2203.72998046875
2934.02012533815	2203.96508789063
2936.0948019816	2201.6201171875
2938.16888296184	2195.625
2940.24236851525	2161.7451171875
2942.31525887809	2113.93994140625
2944.38755428648	2069.3349609375
2946.45925497643	2043.40002441406
2948.53036118382	2014.02001953125
2950.6008731444	1962.51501464844
2952.67079109381	1902.56005859375
2954.74011526755	1850.63500976563
2956.80884590101	1807.35498046875
2958.87698322944	1772.11499023438
2960.94452748799	1761.18505859375
2963.01147891167	1748.17504882813
2965.07783773535	1717.71496582031
2967.14360419382	1683.78002929688
2969.2087785217	1664.61999511719
2971.27336095352	1657.49499511719
2973.33735172366	1650.26501464844
2975.40075106641	1629.31494140625
2977.46355921591	1602.39501953125
2979.52577640618	1581.72998046875
2981.58740287112	1549.97998046875
2983.64843884452	1512.5400390625
2985.70888456003	1475.77502441406
2987.76874025117	1456.35498046875
2989.82800615137	1435.71997070313
2991.88668249391	1415.18005371094
2993.94476951194	1378.72497558594
2996.00226743852	1340.80004882813
2998.05917650657	1304.82995605469
3000.11549694887	1280.2900390625
3002.17122899812	1260.67504882813
3004.22637288685	1237.93994140625
3006.2809288475	1214.40002441406
3008.33489711238	1185.6650390625
3010.38827791368	1161.21997070313
3012.44107148345	1141.4599609375
3014.49327805366	1126.54504394531
3016.5448978561	1114.9599609375
3018.59593112249	1103.85498046875
3020.64637808441	1090.64001464844
3022.6962389733	1077.11999511719
3024.74551402051	1066.53002929688
3026.79420345725	1060.31994628906
3028.84230751461	1054.44995117188
3030.88982642357	1051.61499023438
3032.93676041497	1050.81494140625
3034.98310971955	1049.53503417969
3037.02887456791	1052.86999511719
3039.07405519054	1060.84497070313
3041.11865181781	1067.90002441406
3043.16266467996	1067.5
3045.20609400713	1069.00500488281
3047.24894002932	1072.35998535156
3049.2912029764	1077.25
3051.33288307815	1083.69494628906
3053.37398056421	1091.67504882813
3055.41449566411	1104.84497070313
3057.45442860725	1113.99499511719
3059.49377962291	1121.85998535156
3061.53254894026	1131.71997070313
3063.57073678834	1138.13500976563
3065.60834339607	1136.92504882813
3067.64536899227	1126.78002929688
3069.68181380561	1117.30505371094
3071.71767806467	1105.85498046875
3073.75296199788	1091.93505859375
3075.78766583357	1077.4599609375
3077.82178979997	1057.33996582031
3079.85533412513	1043.71496582031
3081.88829903705	1035.90502929688
3083.92068476356	1025.06494140625
3085.95249153241	1014.65002441406
3087.98371957119	1007.50500488281
3090.01436910741	1001.02502441406
3092.04444036844	996.150024414063
3094.07393358152	992.840026855469
3096.10284897381	988.840026855469
3098.13118677232	985.505004882813
3100.15894720395	985.390014648438
3102.18613049548	985.284973144531
3104.21273687357	987.140014648438
3106.23876656477	985.815002441406
3108.2642197955	982.664978027344
3110.28909679208	981.239990234375
3112.31339778069	982.474975585938
3114.33712298741	981.765014648438
3116.36027263819	982.5
3118.38284695887	983.429992675781
3120.40484617516	984.659973144531
3122.42627051268	985.10498046875
3124.4471201969	983.950012207031
3126.46739545319	982.099975585938
3128.4870965068	982.35498046875
3130.50622358287	983.700012207031
3132.5247769064	983.989990234375
3134.54275670229	984.260009765625
3136.56016319534	985.344970703125
3138.57699661019	983.284973144531
3140.59325717139	981.344970703125
3142.60894510338	981.215026855469
3144.62406063047	982.075012207031
3146.63860397686	981.969970703125
3148.65257536662	984.945007324219
3150.66597502371	987.835021972656
3152.67880317199	988.674987792969
3154.69106003518	990.184997558594
3156.70274583691	989.135009765625
3158.71386080065	989.534973144531
3160.72440514981	990.719970703125
3162.73437910763	989.700012207031
3164.74378289728	993.349975585938
3166.75261674179	996.869995117188
3168.76088086407	997.505004882813
3170.76857548692	999.885009765625
3172.77570083303	1000.88500976563
3174.78225712498	1001.03997802734
3176.78824458521	1000.05999755859
3178.79366343607	1001.84002685547
3180.79851389977	1002.51501464844
3182.80279619844	1004.23999023438
3184.80651055405	1010.42999267578
3186.80965718849	1014.42999267578
3188.81223632353	1014.15002441406
3190.81424818081	1011.96002197266
3192.81569298186	1014.89001464844
3194.8165709481	1020.30999755859
3196.81688230084	1021.73999023438
3198.81662726126	1020.88500976563
3200.81580605044	1023.59997558594
3202.81441888933	1023.21002197266
3204.81246599879	1024.85998535156
3206.80994759954	1028.18005371094
3208.80686391219	1030.0849609375
3210.80321515726	1033.19995117188
3212.79900155512	1036.5400390625
3214.79422332605	1034.64501953125
3216.78888069021	1034.125
3218.78297386765	1038.69494628906
3220.77650307828	1044.09997558594
3222.76946854195	1048.84997558594
3224.76187047834	1052.77502441406
3226.75370910705	1051.93005371094
3228.74498464755	1049.50500488281
3230.73569731921	1049.00500488281
3232.72584734127	1048.1650390625
3234.71543493287	1048.4599609375
3236.70446031304	1052.91003417969
3238.69292370068	1059.70495605469
3240.68082531459	1062.74499511719
3242.66816537345	1060.10998535156
3244.65494409583	1063.44494628906
3246.6411617002	1065.61499023438
3248.62681840488	1065.90002441406
3250.61191442812	1066.88000488281
3252.59644998804	1064.0400390625
3254.58042530263	1066.69995117188
3256.56384058979	1073.51501464844
3258.54669606731	1075.19995117188
3260.52899195285	1082.07995605469
3262.51072846396	1085.32995605469
3264.4919058181	1086.34497070313
3266.47252423259	1085.93005371094
3268.45258392464	1089.23999023438
3270.43208511138	1095.67004394531
3272.41102800978	1101.4599609375
3274.38941283675	1106.375
3276.36723980904	1107.48999023438
3278.34450914332	1106.10498046875
3280.32122105613	1108.30004882813
3282.29737576392	1115.64001464844
3284.272973483	1114.84497070313
3286.24801442958	1114.88000488281
3288.22249881978	1116.1650390625
3290.19642686957	1118.17504882813
3292.16979879485	1119.13500976563
3294.14261481136	1120.51000976563
3296.11487513478	1128.65002441406
3298.08657998065	1131.40002441406
3300.0577295644	1125.39001464844
3302.02832410136	1120.13000488281
3303.99836380673	1120.64501953125
3305.96784889563	1119.42504882813
3307.93677958303	1116.25
3309.90515608383	1114.375
3311.87297861278	1119.07495117188
3313.84024738456	1122.3349609375
3315.80696261371	1120.33996582031
3317.77312451466	1112.43505859375
3319.73873330175	1108.88000488281
3321.70378918919	1102.14501953125
3323.66829239109	1100.11499023438
3325.63224312145	1102.93994140625
3327.59564159416	1103.92504882813
3329.55848802299	1099.73498535156
3331.52078262162	1096.73498535156
3333.4825256036	1095.86499023438
3335.44371718237	1093.36999511719
3337.40435757128	1091.97497558594
3339.36444698356	1094.23498535156
3341.32398563232	1091.01501464844
3343.28297373058	1086.45495605469
3345.24141149124	1087.95495605469
3347.19929912709	1087.93994140625
3349.15663685081	1089.71997070313
3351.11342487497	1090.83996582031
3353.06966341204	1089.38000488281
3355.02535267437	1087.98498535156
3356.98049287421	1084.36499023438
3358.9350842237	1082.9150390625
3360.88912693486	1085.84997558594
3362.84262121962	1086.01000976563
3364.79556728978	1082.35998535156
3366.74796535705	1081.71997070313
3368.69981563302	1084.11999511719
3370.65111832917	1084.58996582031
3372.60187365689	1078.5849609375
3374.55208182744	1073.44494628906
3376.50174305198	1072.81994628906
3378.45085754157	1074.63500976563
3380.39942550714	1073.64501953125
3382.34744715954	1067.21496582031
3384.29492270949	1066.3349609375
3386.24185236761	1063.29504394531
3388.18823634442	1060.47497558594
3390.13407485031	1057.67504882813
3392.07936809559	1057.46496582031
3394.02411629045	1058.02502441406
3395.96831964496	1058.34497070313
3397.91197836911	1057.42504882813
3399.85509267275	1056.30004882813
3401.79766276564	1052.7900390625
3403.73968885745	1047.85998535156
3405.68117115771	1044.08996582031
3407.62210987586	1043.14001464844
3409.56250522123	1045.34997558594
3411.50235740305	1043.76501464844
3413.44166663043	1041.06005859375
3415.38043311238	1038.76000976563
3417.3186570578	1038.22998046875
3419.2563386755	1036.22998046875
3421.19347817415	1040.95495605469
3423.13007576235	1039.66003417969
3425.06613164857	1034.07995605469
3427.00164604118	1033.6650390625
3428.93661914844	1034.73999023438
3430.87105117852	1035.125
3432.80494233945	1032.0400390625
3434.73829283919	1029.92504882813
3436.67110288558	1031.64501953125
3438.60337268634	1032.77001953125
3440.53510244911	1029.19494628906
3442.4662923814	1027.77502441406
3444.39694269064	1024.58996582031
3446.32705358412	1023.78997802734
3448.25662526905	1020.70501708984
3450.18565795254	1022.66998291016
3452.11415184156	1021.19500732422
3454.04210714302	1018.25500488281
3455.96952406369	1015.09002685547
3457.89640281024	1010.96997070313
3459.82274358924	1007.25500488281
3461.74854660717	1006.59497070313
3463.67381207038	1009.28497314453
3465.59854018513	1010.52001953125
3467.52273115756	1009.75500488281
3469.44638519373	1004.57000732422
3471.36950249956	1000.30499267578
3473.29208328091	997.739990234375
3475.21412774349	996.609985351563
3477.13563609293	993.640014648438
3479.05660853476	992.97998046875
3480.97704527438	990.364990234375
3482.89694651712	988.434997558594
3484.81631246818	989.179992675781
3486.73514333266	987.429992675781
3488.65343931557	983.14501953125
3490.57120062179	979.775024414063
3492.48842745612	978.744995117188
3494.40512002324	974.325012207031
3496.32127852773	972.054992675781
3498.23690317408	968.804992675781
3500.15199416666	965.440002441406
3502.06655170974	964.054992675781
3503.98057600749	960.664978027344
3505.89406726396	958.114990234375
3507.80702568312	957.565002441406
3509.71945146883	959.234985351563
3511.63134482483	957.674987792969
3513.54270595478	955.97998046875
3515.45353506222	955.739990234375
3517.3638323506	953.460021972656
3519.27359802324	948.52001953125
3521.1828322834	947.744995117188
3523.09153533419	945.349975585938
3524.99970737866	942.130004882813
3526.90734861972	936.994995117188
3528.81445926021	934.945007324219
3530.72103950283	931.885009765625
3532.62708955022	931.5
3534.53260960488	931.039978027344
3536.43759986923	929.474975585938
3538.34206054558	925.299987792969
3540.24599183613	921.859985351563
3542.149393943	922.450012207031
3544.05226706817	922.119995117188
3545.95461141357	917.239990234375
3547.85642718097	913.984985351563
3549.75771457208	913.869995117188
3551.6584737885	913.880004882813
3553.55870503171	912.789978027344
3555.4584085031	911.994995117188
3557.35758440396	909.640014648438
3559.25623293548	907.469970703125
3561.15435429874	904.715026855469
3563.05194869473	901.369995117188
3564.94901632432	900.890014648438
3566.84555738829	901.72998046875
3568.74157208732	900.325012207031
3570.63706062199	900.14501953125
3572.53202319277	899.159973144531
3574.42646000003	899.914978027344
3576.32037124406	898.155029296875
3578.213757125	897.275024414063
3580.10661784295	895.75
3581.99895359786	895.330017089844
3583.8907645896	896.169982910156
3585.78205101794	893.614990234375
3587.67281308254	891.280029296875
3589.56305098297	889.460021972656
3591.4527649187	887.809997558594
3593.34195508907	887.77001953125
3595.23062169338	888.875
3597.11876493075	887.52001953125
3599.00638500027	884.784973144531
3600.89348210089	882.844970703125
3602.78005643148	883.72998046875
3604.66610819078	884.299987792969
3606.55163757747	882.22998046875
3608.4366447901	882.765014648438
3610.32113002713	881.419982910156
3612.20509348693	878.465026855469
3614.08853536774	877.494995117188
3615.97145586773	876.840026855469
3617.85385518497	874.489990234375
3619.7357335174	874.174987792969
3621.61709106289	871.640014648438
3623.4979280192	868.85498046875
3625.37824458399	867.820007324219
3627.25804095482	868.349975585938
3629.13731732915	868.715026855469
3631.01607390435	867.530029296875
3632.89431087767	865.844970703125
3634.77202844629	865.409973144531
3636.64922680726	864.599975585938
3638.52590615754	863.275024414063
3640.40206669402	863.005004882813
3642.27770861344	863.065002441406
3644.15283211248	861.525024414063
3646.02743738771	861.830017089844
3647.90152463559	862.219970703125
3649.77509405251	862.494995117188
3651.64814583473	859.950012207031
3653.52068017842	859.465026855469
3655.39269727965	859.77001953125
3657.26419733442	860.219970703125
3659.13518053858	858.010009765625
3661.00564708793	857.715026855469
3662.87559717814	854.89501953125
3664.7450310048	853.929992675781
3666.61394876338	853.400024414063
3668.48235064928	853.294982910156
3670.35023685779	853.445007324219
3672.21760758409	851.784973144531
3674.08446302327	851.534973144531
3675.95080337033	850.25
3677.81662882017	851.409973144531
3679.68193956758	849.054992675781
3681.54673580727	847.340026855469
3683.41101773383	847.429992675781
3685.27478554178	847.969970703125
3687.13803942551	846.760009765625
3689.00077957934	846.049987792969
3690.86300619748	845.60498046875
3692.72471947405	843.344970703125
3694.58591960306	842.47998046875
3696.44660677844	843.179992675781
3698.306781194	842.984985351563
3700.16644304348	842.635009765625
3702.02559252049	842.445007324219
3703.88422981859	841.135009765625
3705.74235513119	838.330017089844
3707.59996865164	838.150024414063
3709.45707057318	838.534973144531
3711.31366108895	838.914978027344
3713.16974039199	838.14501953125
3715.02530867527	837.619995117188
3716.88036613164	836.544982910156
3718.73491295385	836.505004882813
3720.58894933456	837.155029296875
3722.44247546634	836.210021972656
3724.29549154166	835.10498046875
3726.14799775289	833.419982910156
3727.9999942923	832.989990234375
3729.85148135209	833.219970703125
3731.70245912432	832.039978027344
3733.55292780098	831.695007324219
3735.40288757397	832.960021972656
3737.25233863509	832.114990234375
3739.10128117603	830.195007324219
3740.9497153884	828.635009765625
3742.7976414637	830.599975585938
3744.64505959335	832.090026855469
3746.49196996866	834.155029296875
3748.33837278086	835.47998046875
3750.18426822108	835.070007324219
3752.02965648033	834.325012207031
3753.87453774956	834.640014648438
3755.7189122196	833.434997558594
3757.5627800812	832.744995117188
3759.40614152501	832.375
3761.24899674159	832.065002441406
3763.09134592138	832.255004882813
3764.93318925476	832.585021972656
3766.77452693199	831.875
3768.61535914325	831.179992675781
3770.45568607861	829.02001953125
3772.29550792807	829.880004882813
3774.1348248815	829.890014648438
3775.9736371287	831.075012207031
3777.81194485938	832.10498046875
