32.6816976106991	718
35.6535599501435	717.789978027344
38.6244374909659	717.849975585938
41.5943306947054	717.690002441406
44.5632400226282	717.594970703125
47.5311659356917	717.794982910156
50.4981088945929	717.655029296875
53.4640693597127	717.570007324219
56.4290477911676	717.705017089844
59.3930446487746	717.674987792969
62.356060392067	717.905029296875
65.3180954802906	717.719970703125
68.2791503724084	717.590026855469
71.2392255270922	717.575012207031
74.1983214027271	717.782470703125
77.1564384574159	717.989990234375
80.113577148983	717.619995117188
83.0697379349549	717.789978027344
86.0249212725722	717.809997558594
88.9791276188058	717.89501953125
91.9323574303255	717.914978027344
94.8846111635238	717.739990234375
97.8358892745121	718.195007324219
100.786192219114	718.135009765625
103.73552045287	718.02001953125
106.683874431037	718.244995117188
109.631254608583	718.47998046875
112.577661440203	718.580017089844
115.523095380307	718.89501953125
118.467556883015	719.655029296875
121.411046402175	720.804992675781
124.353564391344	722.825012207031
127.295111303796	726.27001953125
130.235687592532	732.794982910156
133.175293710265	743.820007324219
136.113930109434	759.619995117188
139.051597242185	782.945007324219
141.98829556039	812.400024414063
144.92402551564	846.744995117188
147.858787559244	880.744995117188
150.792582142239	910.950012207031
153.725409715372	938.505004882813
156.65727072911	953.575012207031
159.588165633643	964.039978027344
162.518094878884	973.614990234375
165.447058914469	976.755004882813
168.375058189747	976.489990234375
171.302093153792	974.059997558594
174.228164255401	972.450012207031
177.153271943091	975.155029296875
180.077416665101	974.950012207031
183.000598869394	972.049987792969
185.922819003656	969.844970703125
188.84407751529	974.434997558594
191.764374851424	979.734985351563
194.683711458919	981.200012207031
197.60208778434	983.534973144531
200.519504273992	989.655029296875
203.435961373894	1000.64501953125
206.351459529801	1008.44000244141
209.265999187174	1018.89501953125
212.179580791207	1031.59497070313
215.092204786825	1044.1650390625
218.003871618673	1057.21997070313
220.914581731116	1072.73498535156
223.824335568247	1086.02502441406
226.733133573893	1099.08996582031
229.640976191593	1103.19494628906
232.547863864614	1108.375
235.453797035961	1110.5849609375
238.358776148354	1110.15502929688
241.26280164424	1110.71496582031
244.1658739658	1108.42504882813
247.067993554929	1105.52001953125
249.969160853266	1105.36499023438
252.869376302162	1103.43005371094
255.768640342707	1102.93505859375
258.666953415705	1098.35998535156
261.564315961705	1095.94494628906
264.46072842097	1089.31005859375
267.356191233499	1083.39001464844
270.25070483901	1079.375
273.144269676967	1078.83996582031
276.036886186551	1081.08996582031
278.928554806671	1080.28002929688
281.819275975966	1075.3349609375
284.709050132812	1075.90502929688
287.597877715306	1072.4150390625
290.485759161281	1066.11499023438
293.372694908298	1064.79504394531
296.258685393644	1061.75500488281
299.143731054352	1059.17004394531
302.027832327156	1059.05004882813
304.910989648557	1060.63500976563
307.79320345476	1063.35998535156
310.674474181717	1062.69494628906
313.554802265101	1058.32495117188
316.434188140326	1058.17004394531
319.312632242533	1057.43994140625
322.190135006593	1055.625
325.066696867117	1049.71496582031
327.942318258443	1047.05004882813
330.816999614641	1048.19494628906
333.690741369517	1044.73498535156
336.56354395661	1041.88000488281
339.435407809193	1038.90002441406
342.306333360273	1037.90502929688
345.176321042591	1037.79504394531
348.045371288612	1040.2099609375
350.913484530551	1037.78503417969
353.78066120035	1031.68005371094
356.64690172969	1029.69995117188
359.512206549972	1028.93994140625
362.376576092357	1026.05004882813
365.240010787716	1022.19500732422
368.102511066677	1024.60498046875
370.964077359587	1025.66003417969
373.82471009654	1023.28497314453
376.684409707364	1020.52502441406
379.543176621612	1021.40502929688
382.401011268595	1021.71502685547
385.257914077343	1023.57501220703
388.113885476627	1023.46997070313
390.968925894961	1023.53997802734
393.823035760591	1027.9599609375
396.676215501503	1031.1650390625
399.528465545415	1032.60498046875
402.379786319791	1040.42004394531
405.230178251834	1047.43994140625
408.079641768472	1051.42504882813
410.928177296387	1053.625
413.775785261992	1058.14501953125
416.622466091445	1059.5849609375
419.468220210631	1058.31005859375
422.313048045182	1061.35498046875
425.156950020479	1059.57995605469
427.999926561623	1059.2900390625
430.841978093471	1060.86499023438
433.683105040613	1055.84997558594
436.523307827384	1050.26000976563
439.362586877851	1050.81494140625
442.200942615829	1048.71997070313
445.038375464876	1044.99499511719
447.874885848283	1046.60998535156
450.710474189089	1047.92004394531
453.54514091007	1046.4150390625
456.37888643375	1047.98999023438
459.211711182386	1047.09997558594
462.043615577986	1041.58996582031
464.874600042297	1036.34997558594
467.704664996804	1033.70495605469
470.533810862741	1032.7900390625
473.36203806108	1032.55004882813
476.189347012547	1030.32995605469
479.015738137594	1034.53002929688
481.841211856432	1040.01000976563
484.665768589008	1042.43005371094
487.489408755009	1043.36999511719
490.312132773878	1042.36499023438
493.133941064796	1046.63000488281
495.954834046683	1049.66003417969
498.77481213821	1047.7099609375
501.593875757797	1048.23999023438
504.412025323601	1047.13500976563
507.229261253524	1050.28002929688
510.045583965226	1051.86999511719
512.860993876093	1048.27001953125
515.675491403271	1045.32995605469
518.489076963649	1040.17004394531
521.301750973863	1040.48999023438
524.113513850293	1040.57995605469
526.924366009065	1037.25
529.734307866052	1032.99499511719
532.543339836881	1030.92004394531
535.35146233692	1028.29504394531
538.158675781281	1024.88000488281
540.964980584833	1022.54498291016
543.770377162182	1018.80499267578
546.574865927692	1014.45001220703
549.378447295465	1013.96502685547
552.181121679365	1010.47497558594
554.982889492993	1006.60998535156
557.783751149701	1003.875
560.583707062591	1003.57501220703
563.38275764452	1001.80499267578
566.180903308083	1001.02001953125
568.978144465633	998.219970703125
571.774481529266	995.844970703125
574.569914910839	995.755004882813
577.364445021949	995.744995117188
580.158072273946	993.719970703125
582.950797077926	989.969970703125
585.742619844752	990.460021972656
588.533540985018	992.135009765625
591.323560909078	990.369995117188
594.112680027034	989.184997558594
596.90089874875	988.77001953125
599.688217483828	987.044982910156
602.474636641629	983.784973144531
605.260156631263	981.75
608.044777861596	981.554992675781
610.828500741241	981.530029296875
613.611325678567	981.505004882813
616.393253081697	984.614990234375
619.174283358506	988.965026855469
621.954416916616	990.484985351563
624.733654163414	988.864990234375
627.511995506029	985.594970703125
630.289441351351	980.469970703125
633.065992106022	978.804992675781
635.841648176434	980.085021972656
638.616409968744	982.510009765625
641.390277888847	983.260009765625
644.163252342408	987.974975585938
646.93533373484	990.070007324219
649.706522471307	989.085021972656
652.47681895674	987.530029296875
655.246223595811	985.39501953125
658.014736792957	984.765014648438
660.782358952371	984.715026855469
663.549090477999	986.275024414063
666.314931773542	987.575012207031
669.079883242452	989.909973144531
671.843945287955	990.275024414063
674.607118313019	989.380004882813
677.369402720366	990.974975585938
680.130798912488	989.205017089844
682.891307291627	987.02001953125
685.650928259784	988.239990234375
688.409662218708	990.64501953125
691.167509569927	992.190002441406
693.924470714705	994.544982910156
696.680546054078	992.119995117188
699.435735988832	992.065002441406
702.190040919516	990.534973144531
704.943461246442	990.015014648438
707.695997369667	989.880004882813
710.447649689022	991.75
713.198418604088	992.450012207031
715.948304514206	991.390014648438
718.697307818481	995.330017089844
721.445428915779	999.299987792969
724.192668204716	999.924987792969
726.93902608368	997.215026855469
729.684502950805	997.700012207031
732.429099204005	998.539978027344
735.172815240936	996.900024414063
737.915651459026	998.864990234375
740.657608255463	1004.16998291016
743.398686027186	1006.03497314453
746.13888517091	1009.72497558594
748.878206083102	1011.32501220703
751.616649159998	1012.53002929688
754.354214797584	1016.34002685547
757.09090339162	1019.02001953125
759.826715337622	1017.2275390625
762.561651030868	1015.43499755859
765.295710866406	1015.74499511719
768.028895239041	1006.72497558594
770.761204543336	999.400024414063
773.492639173626	994.35498046875
776.223199524006	990.684997558594
778.952885988334	990.909973144531
781.681698960235	991.215026855469
784.40963883309	986.614990234375
787.136706000052	983.89501953125
789.862900854037	984.130004882813
792.588223787721	984.919982910156
795.312675193549	986.85498046875
798.036255463728	986.969970703125
800.758964990228	986.760009765625
803.480804164792	989.255004882813
806.201773378919	991.465026855469
808.921873023884	993.164978027344
811.641103490712	999.315002441406
814.359465170214	1005.86999511719
817.076958452946	1013.81500244141
819.793583729246	1020.40502929688
822.509341389214	1031.72497558594
825.224231822712	1040.72998046875
827.938255419375	1050.22998046875
830.651412568596	1058.19494628906
833.363703659544	1059.73999023438
836.075129081157	1060.44995117188
838.785689222127	1061.61499023438
841.495384470928	1063.18994140625
844.204215215788	1068.77001953125
846.912181844721	1074.69494628906
849.619284745491	1081.74499511719
852.325524305638	1089.17504882813
855.030900912475	1097.18994140625
857.735414953079	1096.61499023438
860.439066814289	1091.84997558594
863.141856882725	1082.99499511719
865.843785544769	1076.15002441406
868.544853186571	1069.02001953125
871.245060194063	1065.86999511719
873.944406952925	1071.22497558594
876.642893848625	1074.30004882813
879.340521266398	1076.07995605469
882.037289591241	1077.03002929688
884.733199207927	1077.97998046875
887.428250501001	1074.59997558594
890.122443854778	1072.89501953125
892.815779653335	1077.80505371094
895.508258280534	1084.44995117188
898.199880119997	1092.68994140625
900.890645555129	1094.15002441406
903.580554969094	1093.17004394531
906.269608744832	1091.36999511719
908.957807265056	1088.24499511719
911.645150912257	1085.58996582031
914.331640068689	1080.9599609375
917.017275116375	1082.21997070313
919.702056437128	1089.38500976563
922.385984412518	1095.74499511719
925.069059423886	1098.55004882813
927.751281852366	1102.02001953125
930.432652078842	1112.72998046875
933.113170483983	1121.27001953125
935.79283744823	1127.80505371094
938.471653351806	1132.31994628906
941.149618574686	1132.30004882813
943.826733496641	1135.85498046875
946.502998497206	1144.47998046875
949.178413955689	1142.25500488281
951.85298025118	1144.72497558594
954.526697762544	1143.39501953125
957.199566868403	1149.23498535156
959.87158794718	1150.4599609375
962.542761377054	1147.75
965.213087535987	1146.52502441406
967.882566801719	1146.31494140625
970.551199551761	1142.31994628906
973.218986163399	1139.03002929688
975.885927013698	1134.48498535156
978.552022479501	1135.90002441406
981.217272937423	1139.39001464844
983.88167876386	1144.36499023438
986.545240334978	1158.875
989.207958026729	1180.78503417969
991.869832214835	1200.22998046875
994.530863274798	1221.44494628906
997.191051581895	1261.73999023438
999.850397511185	1306.7099609375
1002.50890143751	1346.11999511719
1005.16656373546	1370.71997070313
1007.82338477944	1368.4150390625
1010.47936494363	1340.5
1013.13450460195	1292.53503417969
1015.78880412815	1239.125
1018.44226389572	1194.30004882813
1021.09488427794	1167.01501464844
1023.74666564789	1150.38000488281
1026.3976083784	1136.47998046875
1029.04771284208	1137.29504394531
1031.69697941135	1145.0400390625
1034.34540845838	1149.03002929688
1036.99300035512	1149.11499023438
1039.63975547333	1142.40502929688
1042.28567418452	1132.36999511719
1044.93075685998	1124.88000488281
1047.57500387081	1127.24499511719
1050.21841558786	1132.57495117188
1052.86099238177	1142.20495605469
1055.50273462297	1148.79504394531
1058.14364268167	1153.68505859375
1060.78371692784	1157.68994140625
1063.42295773126	1163.49499511719
1066.06136546148	1172.9150390625
1068.69894048781	1183.55505371094
1071.33568317939	1190.46496582031
1073.9715939051	1196.61499023438
1076.60667303362	1197.2900390625
1079.24092093341	1197.71496582031
1081.87433797271	1204.26000976563
1084.50692451954	1203.15502929688
1087.13868094172	1200.61999511719
1089.76960760684	1192.2900390625
1092.39970488226	1186.1650390625
1095.02897313516	1177.25
1097.65741273246	1167.14501953125
1100.28502404089	1158.34997558594
1102.91180742697	1155.95495605469
1105.53776325698	1154.28503417969
1108.16289189701	1154.10998535156
1110.78719371291	1147.13500976563
1113.41066907033	1140.5
1116.0333183347	1138.18994140625
1118.65514187124	1141.84497070313
1121.27614004495	1143.27001953125
1123.89631322061	1146.2900390625
1126.51566176279	1148.71997070313
1129.13418603585	1148.10998535156
1131.75188640394	1139.31005859375
1134.36876323098	1131.03002929688
1136.98481688069	1113.6650390625
1139.60004771655	1099.2900390625
1142.21445610187	1087.55505371094
1144.82804239972	1077.82995605469
1147.44080697295	1074.67504882813
1150.05275018421	1078.33996582031
1152.66387239593	1084.60998535156
1155.27417397034	1091.06994628906
1157.88365526943	1096.83996582031
1160.49231665502	1097.90502929688
1163.10015848867	1093.98999023438
1165.70718113176	1094.23999023438
1168.31338494544	1096.64501953125
1170.91877029067	1098.23498535156
1173.52333752817	1097.4150390625
1176.12708701847	1096.90002441406
1178.73001912187	1093.20495605469
1181.33213419848	1086.92504882813
1183.93343260819	1078.47998046875
1186.53391471068	1074.71496582031
1189.13358086539	1071.31005859375
1191.73243143161	1070.90502929688
1194.33046676836	1071.78503417969
1196.92768723449	1079.875
1199.52409318861	1092.68505859375
1202.11968498915	1101.84997558594
1204.7144629943	1109.47497558594
1207.30842756206	1121.2900390625
1209.90157905021	1126.90002441406
1212.49391781634	1124.66003417969
1215.08544421779	1126.24499511719
1217.67615861174	1123.82995605469
1220.26606135512	1118.85998535156
1222.85515280468	1120.13000488281
1225.44343331694	1126.60498046875
1228.03090324823	1135.75500488281
1230.61756295466	1146.76000976563
1233.20341279213	1158.43005371094
1235.78845311634	1167.77502441406
1238.37268428278	1174.51000976563
1240.95610664673	1181.99499511719
1243.53872056325	1190.07495117188
1246.12052638722	1189.64501953125
1248.70152447329	1188.86499023438
1251.28171517591	1190.46997070313
1253.86109884934	1193.69995117188
1256.43967584759	1198.32495117188
1259.0174465245	1194.00500488281
1261.5944112337	1193.66003417969
1264.1705703286	1198.7900390625
1266.74592416241	1199.06994628906
1269.32047308814	1196.56005859375
1271.89421745858	1194.43994140625
1274.46715762633	1196.39501953125
1277.03929394377	1193.125
1279.61062676308	1190.81994628906
1282.18115643624	1190.67504882813
1284.75088331502	1186.875
1287.31980775098	1181.88500976563
1289.88793009548	1180.05004882813
1292.45525069969	1178.77502441406
1295.02176991454	1179.42504882813
1297.58748809078	1179.61999511719
1300.15240557897	1181.01501464844
1302.71652272942	1184.69995117188
1305.27983989229	1189.68005371094
1307.84235741749	1198.8349609375
1310.40407565475	1205.13500976563
1312.9649949536	1206.00500488281
1315.52511566335	1210.64501953125
1318.08443813311	1218.45495605469
1320.64296271181	1220.31005859375
1323.20068974815	1219.875
1325.75761959063	1219.60998535156
1328.31375258756	1217.80505371094
1330.86908908704	1218.72998046875
1333.42362943696	1218.09997558594
1335.97737398503	1223.47998046875
1338.53032307874	1224.80505371094
1341.08247706537	1225.07495117188
1343.63383629202	1223.39501953125
1346.18440110558	1212
1348.73417185274	1203.5849609375
1351.28314887997	1200.11499023438
1353.83133253357	1184.96496582031
1356.37872315961	1167.84497070313
1358.92532110398	1154.69494628906
1361.47112671237	1145.02502441406
1364.01614033024	1134.77001953125
1366.56036230288	1127.65002441406
1369.10379297537	1115.68005371094
1371.64643269258	1106.36499023438
1374.18828179921	1103.43505859375
1376.72934063972	1101.90502929688
1379.2696095584	1096.29504394531
1381.80908889932	1097
1384.34777900637	1098.6650390625
1386.88568022323	1095.25
1389.42279289337	1089.56994628906
1391.95911736009	1092.31494140625
1394.49465396645	1093.26000976563
1397.02940305537	1101.41003417969
1399.5633649695	1108.27001953125
1402.09654005135	1111.92504882813
1404.6289286432	1111.93505859375
1407.16053108714	1112.95495605469
1409.69134772507	1113.53002929688
1412.22137889868	1118.73498535156
1414.75062494947	1117.17504882813
1417.27908621874	1115.68994140625
1419.80676304759	1116.36999511719
1422.33365577692	1117.10998535156
1424.85976474744	1119.5
1427.38509029967	1125.18505859375
1429.90963277392	1135.28002929688
1432.4333925103	1150.19494628906
1434.95636984873	1171.61999511719
1437.47856512894	1196.49499511719
1439.99997869045	1216.19995117188
1442.5206108726	1235.95495605469
1445.04046201452	1253.625
1447.55953245515	1269.46496582031
1450.07782253323	1279.49499511719
1452.59533258731	1277.15502929688
1455.11206295574	1274.81494140625
1457.62801397668	1272.47497558594
1460.14318598809	1260.33996582031
1462.65757932774	1245.31005859375
1465.1711943332	1227.84997558594
1467.68403134184	1209.5849609375
1470.19609069085	1183.74499511719
1472.70737271721	1150.10498046875
1475.21787775772	1119.42504882813
1477.72760614897	1087.67004394531
1480.23655822738	1058.5400390625
1482.74473432914	1036.53503417969
1485.25213479029	1018.10998535156
1487.75875994664	1003.875
1490.26461013382	997.169982910156
1492.76968568726	989.484985351563
1495.27398694222	981.840026855469
1497.77751423374	977.330017089844
1500.28026789667	976.47998046875
1502.78224826569	973.349975585938
1505.28345567526	970.010009765625
1507.78389045967	969.825012207031
1510.28355295299	967.424987792969
1512.78244348913	966.75
1515.28056240178	968.619995117188
1517.77791002445	969.455017089844
1520.27448669047	970.77001953125
1522.77029273296	970.215026855469
1525.26532848486	969.780029296875
1527.75959427889	967.905029296875
1530.25309044764	968.25
1532.74581732344	971.674987792969
1535.23777523847	973.914978027344
1537.72896452471	976.125
1540.21938551394	978.409973144531
1542.70903853778	984.695007324219
1545.19792392761	991.625
1547.68604201466	1000.94500732422
1550.17339312997	1009.41998291016
1552.65997760434	1013.03002929688
1555.14579576845	1015.21997070313
1557.63084795275	1015.89501953125
1560.11513448749	1016.09997558594
1562.59865570276	1011.81500244141
1565.08141192845	1009.14501953125
1567.56340349426	1004.59997558594
1570.04463072969	1004.27001953125
1572.52509396406	1005.05999755859
1575.00479352652	1006.99499511719
1577.48372974599	1012.08502197266
1579.96190295124	1015.90997314453
1582.43931347083	1018.80999755859
1584.91596163314	1023.78997802734
1587.39184776636	1029.89501953125
1589.86697219849	1030.10998535156
1592.34133525734	1030.56005859375
1594.81493727054	1033.69494628906
1597.28777856553	1043.55004882813
1599.75985946955	1054.77502441406
1602.23118030968	1067.71997070313
1604.70174141278	1082.71496582031
1607.17154310555	1097.16003417969
1609.64058571449	1101.59497070313
1612.10886956591	1100.81994628906
1614.57639498595	1090.69995117188
1617.04316230054	1084.31005859375
1619.50917183543	1078.54504394531
1621.97442391621	1072.94494628906
1624.43891886825	1068.07495117188
1626.90265701674	1062.59497070313
1629.36563868671	1061.48999023438
1631.82786420296	1068.18005371094
1634.28933389016	1073.58996582031
1636.75004807274	1075.40002441406
1639.21000707498	1079.90502929688
1641.66921122097	1092.89501953125
1644.12766083459	1110.26000976563
1646.58535623956	1130.05004882813
1649.04229775941	1147.10498046875
1651.4984857175	1166.75
1653.95392043697	1178.73999023438
1656.40860224079	1193.46496582031
1658.86253145177	1206.0849609375
1661.3157083925	1211.40502929688
1663.76813338542	1210.59997558594
1666.21980675275	1212.28002929688
1668.67072881656	1205.9599609375
1671.1208998987	1197.19494628906
1673.57032032089	1185.56494140625
1676.0189904046	1168.45495605469
1678.46691047118	1154.19995117188
1680.91408084174	1134.3349609375
1683.36050183726	1115.78503417969
1685.8061737785	1097
1688.25109698605	1076.52001953125
1690.69527178032	1054.9150390625
1693.13869848153	1032.47497558594
1695.58137740972	1014.76501464844
1698.02330888476	998.369995117188
1700.46449322631	983.760009765625
1702.90493075388	969.424987792969
1705.34462178678	956.789978027344
1707.78356664414	944.265014648438
1710.22176564492	937.275024414063
1712.65921910787	929.609985351563
1715.0959273516	923.650024414063
1717.53189069449	919.544982910156
1719.9671094548	916.359985351563
1722.40158395054	915.200012207031
1724.8353144996	913.715026855469
1727.26830141965	910.190002441406
1729.70054502819	908.830017089844
1732.13204564255	908.674987792969
1734.56280357987	907.5
1736.99281915711	907.284973144531
1739.42209269106	906.885009765625
1741.85062449831	906.815002441406
1744.27841489529	906.940002441406
1746.70546419823	906.140014648438
1749.13177272321	903.815002441406
1751.5573407861	902.669982910156
1753.98216870262	902.984985351563
1756.40625678828	900.914978027344
1758.82960535844	901.539978027344
1761.25221472825	902.565002441406
1763.67408521271	901.690002441406
1766.09521712663	899.989990234375
1768.51561078464	898.869995117188
1770.93526650119	898.125
1773.35418459056	898.260009765625
1775.77236536684	899.349975585938
1778.18980914396	900.135009765625
1780.60651623565	899.434997558594
1783.02248695548	899.799987792969
1785.43772161684	899.97998046875
1787.85222053292	896.190002441406
1790.26598401677	895.349975585938
1792.67901238123	895.335021972656
1795.09130593899	897.75
1797.50286500254	898.239990234375
1799.9136898842	896.25
1802.32378089613	895.179992675781
1804.73313835028	892.89501953125
1807.14176255846	892.994995117188
1809.54965383228	893.400024414063
1811.95681248317	894.835021972656
1814.36323882242	894.544982910156
1816.76893316109	894.710021972656
1819.17389581011	893.215026855469
1821.57812708021	893.575012207031
1823.98162728196	893.034973144531
1826.38439672573	892.614990234375
1828.78643572174	894.200012207031
1831.18774458003	892.659973144531
1833.58832361045	891.719970703125
1835.98817312269	891.52001953125
1838.38729342625	891.309997558594
1840.78568483048	890.599975585938
1843.18334764454	890.934997558594
1845.58028217741	890.825012207031
1847.9764887379	890.070007324219
1850.37196763465	891.140014648438
1852.76671917613	891.585021972656
1855.16074367062	891.554992675781
1857.55404142624	891.299987792969
1859.94661275094	890.184997558594
1862.33845795247	890.155029296875
1864.72957733844	889.294982910156
1867.11997121627	887.630004882813
1869.5096398932	887.440002441406
1871.89858367631	888.960021972656
1874.28680287251	890.10498046875
1876.67429778851	890.484985351563
1879.06106873089	890.72998046875
1881.44711600601	889.335021972656
1883.8324399201	888.89501953125
1886.21704077919	887.994995117188
1888.60091888915	889.89501953125
1890.98407455567	890.315002441406
1893.36650808428	888.89501953125
1895.74821978033	888.090026855469
1898.12920994899	886.47998046875
1900.50947889527	888.330017089844
1902.88902692401	888.419982910156
1905.26785433986	889.974975585938
1907.64596144734	890.215026855469
1910.02334855075	889.97998046875
1912.40001595424	888.155029296875
1914.7759639618	886.830017089844
1917.15119287724	888.039978027344
1919.52570300419	889.059997558594
1921.89949464611	889.849975585938
1924.27256810632	889.984985351563
1926.64492368793	890.025024414063
1929.0165616939	889.169982910156
1931.38748242701	890.289978027344
1933.75768618989	888.880004882813
1936.12717328497	888.505004882813
1938.49594401455	888.734985351563
1940.86399868071	889.255004882813
1943.23133758541	888.455017089844
1945.5979610304	888.789978027344
1947.96386931729	889.030029296875
1950.32906274751	887.614990234375
1952.69354162232	889.900024414063
1955.0573062428	889.669982910156
1957.42035690989	889.625
1959.78269392434	891.244995117188
1962.14431758673	888.594970703125
1964.50522819748	889.205017089844
1966.86542605684	889.169982910156
1969.22491146488	889.994995117188
1971.58368472153	888.484985351563
1973.94174612654	886.489990234375
1976.29909597945	888.169982910156
1978.65573457971	888.169982910156
1981.01166222654	889.005004882813
1983.36687921902	889.304992675781
1985.72138585606	886.284973144531
1988.07518243639	886.205017089844
1990.42826925859	887.125
1992.78064662106	887.35498046875
1995.13231482205	887.544982910156
1997.48327415961	885.940002441406
1999.83352493167	886.450012207031
2002.18306743594	887.734985351563
2004.53190197002	889.984985351563
2006.8800288313	890.525024414063
2009.22744831703	888.974975585938
2011.57416072427	886.914978027344
2013.92016634993	888.530029296875
2016.26546549076	888.669982910156
2018.61005844332	887.875
2020.95394550404	888.114990234375
2023.29712696915	887.989990234375
2025.63960313474	887.030029296875
2027.98137429672	886.515014648438
2030.32244075083	886.469970703125
2032.66280279266	888.35498046875
2035.00246071763	886.484985351563
2037.34141482099	885.469970703125
2039.67966539784	886.409973144531
2042.01721274309	888.219970703125
2044.35405715151	888.695007324219
2046.69019891769	888.760009765625
2049.02563833606	888.359985351563
2051.3603757009	889.340026855469
2053.6944113063	890.224975585938
2056.0277454462	891.119995117188
2058.36037841439	888.440002441406
2060.69231050446	886.89501953125
2063.02354200988	886.554992675781
2065.35407322392	888.755004882813
2067.68390443971	890.369995117188
2070.01303595021	890.169982910156
2072.3414680482	890.044982910156
2074.66920102633	890.674987792969
2076.99623517706	888.150024414063
2079.32257079271	888.119995117188
2081.6482081654	889.075012207031
2083.97314758713	889.205017089844
2086.29738934971	890.789978027344
2088.62093374481	891.094970703125
2090.94378106391	889.909973144531
2093.26593159835	889.580017089844
2095.5873856393	889.025024414063
2097.90814347777	890.440002441406
2100.2282054046	889.544982910156
2102.54757171048	890.135009765625
2104.86624268594	890.97998046875
2107.18421862133	892.369995117188
2109.50149980686	894
2111.81808653257	892.960021972656
2114.13397908834	892.780029296875
2116.44917776388	893.424987792969
2118.76368284875	891.14501953125
2121.07749463235	891.734985351563
2123.39061340391	890.635009765625
2125.70303945252	894.27001953125
2128.01477306707	894.650024414063
2130.32581453634	894.275024414063
2132.63616414891	893.909973144531
2134.94582219322	894.219970703125
2137.25478895754	894.85498046875
2139.56306472999	892.445007324219
2141.87064979851	892.005004882813
2144.17754445092	891.434997558594
2146.48374897484	892.127502441406
2148.78926365774	892.820007324219
2151.09408878695	891.635009765625
2153.39822464963	892.765014648438
2155.70167153277	893.215026855469
2158.00442972321	892.039978027344
2160.30649950763	892.72998046875
2162.60788117256	893.684997558594
2164.90857500436	893.130004882813
2167.20858128923	893.130004882813
2169.50790031323	892.099975585938
2171.80653236223	893.594970703125
2174.10447772198	892.382446289063
2176.40173667804	891.169982910156
2178.69830951582	891.275024414063
2180.99419652058	892.614990234375
2183.28939797743	893.905029296875
2185.5839141713	892.570007324219
2187.87774538698	892.52001953125
2190.17089190908	892.25
2192.46335402209	893.219970703125
2194.75513201032	892.85498046875
2197.04622615791	892.844970703125
2199.33663674886	892.900024414063
2201.62636406702	893.125
2203.91540839606	892.955017089844
2206.20377001952	892.559997558594
2208.49144922077	892
2210.77844628302	892.724975585938
2213.06476148933	892.515014648438
2215.3503951226	891.10498046875
2217.63534746557	890.205017089844
2219.91961880085	891.885009765625
2222.20320941085	891.659973144531
2224.48611957785	891.385009765625
2226.76834958399	890.215026855469
2229.04989971122	892.135009765625
2231.33077024136	892.280029296875
2233.61096145607	892.35498046875
2235.89047363683	892.380004882813
2238.169307065	891.690002441406
2240.44746202178	892.119995117188
2242.72493878819	892.765014648438
2245.00173764511	892.989990234375
2247.27785887327	892.640014648438
2249.55330275324	892.440002441406
2251.82806956545	893.195007324219
2254.10215959014	894.489990234375
2256.37557310744	893.739990234375
2258.64831039729	892.989990234375
2260.92037173949	892.39501953125
2263.19175741368	892.320007324219
2265.46246769938	891.455017089844
2267.7325028759	892.530029296875
2270.00186322243	894.190002441406
2272.270549018	893.690002441406
2274.5385605415	894.140014648438
2276.80589807165	895.429992675781
2279.07256188702	891.885009765625
2281.33855226601	891.265014648438
2283.60386948691	892.320007324219
2285.86851382782	894.864990234375
2288.1324855667	895.085021972656
2290.39578498136	894.655029296875
2292.65841234945	894.405029296875
2294.92036794847	895.109985351563
2297.18165205578	893.789978027344
2299.44226494856	893.630004882813
2301.70220690387	894.39501953125
2303.96147819859	896.344970703125
2306.22007910947	898.219970703125
2308.47800991309	897.530029296875
2310.73527088589	895.755004882813
2312.99186230416	895.080017089844
2315.24778444403	896.700012207031
2317.50303758149	896.119995117188
2319.75762199235	895.510009765625
2322.01153795231	895.585021972656
2324.26478573689	896.609985351563
2326.51736562147	899.35498046875
2328.76927788127	898.325012207031
2331.02052279137	898.239990234375
2333.2711006267	897.614990234375
2335.52101166203	897.960021972656
2337.77025617198	897.440002441406
2340.01883443103	897.255004882813
2342.2667467135	896.289978027344
2344.51399329356	895.039978027344
2346.76057444525	895.27001953125
2349.00649044241	895.150024414063
2351.2517415588	894.554992675781
2353.49632806796	894.325012207031
2355.74025024334	892.304992675781
2357.98350835819	891.85498046875
2360.22610268566	895.35498046875
2362.4680334987	896.664978027344
2364.70930107016	894.885009765625
2366.94990567269	894.119995117188
2369.18984757884	894.255004882813
2371.42912706098	894.085021972656
2373.66774439134	893.10498046875
2375.90569984199	894.585021972656
2378.14299368488	891.835021972656
2380.37962619179	890.849975585938
2382.61559763435	891.809997558594
2384.85090828405	893.335021972656
2387.08555841222	894.35498046875
2389.31954829006	892.914978027344
2391.55287818861	892.799987792969
2393.78554837877	892.844970703125
2396.01755913128	892.070007324219
2398.24891071673	891.385009765625
2400.47960340558	892.974975585938
2402.70963746814	893.650024414063
2404.93901317456	895.215026855469
2407.16773079485	894.619995117188
2409.39579059887	894.309997558594
2411.62319285633	895.174987792969
2413.84993783681	895.02001953125
2416.07602580971	894.815002441406
2418.30145704432	895.390014648438
2420.52623180977	896.950012207031
2422.75035037503	895.405029296875
2424.97381300893	893.890014648438
2427.19661998017	894.39501953125
2429.41877155729	895.739990234375
2431.64026800867	895.445007324219
2433.86110960257	893.534973144531
2436.08129660709	894.255004882813
2438.30082929019	894.739990234375
2440.51970791967	896.724975585938
2442.73793276321	896.77001953125
2444.95550408832	896.219970703125
2447.17242216237	894.059997558594
2449.38868725259	894.794982910156
2451.60429962607	894.179992675781
2453.81925954975	895.030029296875
2456.03356729041	896.215026855469
2458.2472231147	897.114990234375
2460.46022728913	896.965026855469
2462.67258008005	896.465026855469
2464.88428175368	896.424987792969
2467.09533257608	896.630004882813
2469.30573281318	895.309997558594
2471.51548273076	894.525024414063
2473.72458259445	896.994995117188
2475.93303266974	898.849975585938
2478.14083322198	896.825012207031
2480.34798451637	896.844970703125
2482.55448681797	895.950012207031
2484.76034039169	896.549987792969
2486.96554550231	898.114990234375
2489.17010241445	898.780029296875
2491.37401139259	898.969970703125
2493.57727270109	899.135009765625
2495.77988660412	899.075012207031
2497.98185336574	899.015014648438
2500.18317324987	898.794982910156
2502.38384652028	900.140014648438
2504.58387344058	899.909973144531
2506.78325427425	899.544982910156
2508.98198928465	900.282470703125
2511.18007873495	901.02001953125
2513.37752288821	899.364990234375
2515.57432200735	897.864990234375
2517.77047635514	898.869995117188
2519.96598619419	896.655029296875
2522.16085178699	898.775024414063
2524.35507339589	899.969970703125
2526.54865128308	900.390014648438
2528.74158571062	901.880004882813
2530.93387694042	904.195007324219
2533.12552523427	904.054992675781
2535.31653085379	902.044982910156
2537.50689406046	900.945007324219
2539.69661511566	900.64501953125
2541.88569428057	900.570007324219
2544.07413181627	900.640014648438
2546.26192798368	901.034973144531
2548.44908304359	904.994995117188
2550.63559725664	905.200012207031
2552.82147088333	904.875
2555.00670418402	904.309997558594
2557.19129741894	902.580017089844
2559.37525084817	902.924987792969
2561.55856473164	904.755004882813
2563.74123932917	905.60498046875
2565.92327490039	904.755004882813
2568.10467170484	906.255004882813
2570.28543000189	905.530029296875
2572.46555005079	905.684997558594
2574.64503211063	905.049987792969
2576.82387644036	905.505004882813
2579.00208329882	907.52001953125
2581.17965294468	909.849975585938
2583.35658563648	908.005004882813
2585.53288163263	905.554992675781
2587.70854119137	904.544982910156
2589.88356457084	906.530029296875
2592.05795202902	910.010009765625
2594.23170382376	908.150024414063
2596.40482021275	906.289978027344
2598.57730145356	905.25
2600.74914780363	906.549987792969
2602.92035952023	909.359985351563
2605.09093686053	909.059997558594
2607.26088008153	909.380004882813
2609.4301894401	911.280029296875
2611.59886519299	911.700012207031
2613.76690759678	911.5
2615.93431690793	911.934997558594
2618.10109338277	913.794982910156
2620.26723727748	915.869995117188
2622.4327488481	917.5
2624.59762835054	918.130004882813
2626.76187604057	916.465026855469
2628.92549217382	919.474975585938
2631.08847700579	918.260009765625
2633.25083079182	918.994995117188
2635.41255378715	919.640014648438
2637.57364624684	920.60498046875
2639.73410842586	919.835021972656
2641.893940579	918.275024414063
2644.05314296094	917.344970703125
2646.21171582621	918.950012207031
2648.36965942921	921.125
2650.5269740242	921.859985351563
2652.6836598653	922.960021972656
2654.83971720651	924.974975585938
2656.99514630167	925.195007324219
2659.1499474045	924.919982910156
2661.30412076857	922.64501953125
2663.45766664734	925.025024414063
2665.61058529411	926.325012207031
2667.76287696204	928.570007324219
2669.91454190418	928.109985351563
2672.06558037342	929.025024414063
2674.21599262253	928.684997558594
2676.36577890413	928.554992675781
2678.51493947072	930.424987792969
2680.66347457466	932.200012207031
2682.81138446816	933.359985351563
2684.95866940332	931.840026855469
2687.10532963209	932.125
2689.25136540628	932.179992675781
2691.39677697757	934.539978027344
2693.54156459752	935.409973144531
2695.68572851753	934.77001953125
2697.82926898888	935.460021972656
2699.97218626272	936.340026855469
2702.11448059006	937.380004882813
2704.25615222175	940.525024414063
2706.39720140856	941.619995117188
2708.53762840109	944.455017089844
2710.67743344979	946.440002441406
2712.81661680503	948.789978027344
2714.95517871698	950.700012207031
2717.09311943574	952.494995117188
2719.23043921123	957.02001953125
2721.36713829325	962.340026855469
2723.50321693148	966.320007324219
2725.63867537545	965.625
2727.77351387456	966.419982910156
2729.90773267809	968.455017089844
2732.04133203516	970.864990234375
2734.17431219478	970.409973144531
2736.30667340581	967.299987792969
2738.438415917	968.335021972656
2740.56953997695	968.599975585938
2742.70004583414	965.450012207031
2744.82993373688	963.75
2746.9592039334	961.234985351563
2749.08785667177	961.494995117188
2751.21589219993	958.14501953125
2753.34331076568	955.085021972656
2755.4701126167	954.960021972656
2757.59629800054	953.190002441406
2759.7218671646	951.14501953125
2761.84682035617	952.890014648438
2763.9711578224	952.650024414063
2766.0948798103	956.784973144531
2768.21798656676	957.275024414063
2770.34047833852	957.719970703125
2772.46235537222	955.215026855469
2774.58361791434	952.02001953125
2776.70426621124	950.804992675781
2778.82430050915	952.864990234375
2780.94372105416	950.974975585938
2783.06252809224	949.440002441406
2785.18072186922	950.89501953125
2787.29830263081	948.984985351563
2789.41527062257	948.635009765625
2791.53162608996	945.929992675781
2793.64736927828	947.650024414063
2795.76250043271	950.724975585938
2797.8770197983	950.065002441406
2799.99092761997	950.094970703125
2802.10422414252	953.469970703125
2804.21690961059	957.705017089844
2806.32898426873	960.094970703125
2808.44044836132	962.109985351563
2810.55130213264	965.164978027344
2812.66154582682	965.969970703125
2814.77117968788	968.625
2816.8802039597	973.655029296875
2818.98861888601	978.150024414063
2821.09642471046	984.534973144531
2823.20362167653	992.080017089844
2825.31021002756	995.450012207031
2827.41619000682	1000.23999023438
2829.52156185738	1007.15502929688
2831.62632582224	1015.09002685547
2833.73048214422	1025.07995605469
2835.83403106606	1038.00500488281
2837.93697283033	1049.30004882813
2840.03930767951	1064.93005371094
2842.1410358559	1082.91003417969
2844.24215760173	1105.39001464844
2846.34267315905	1131.06494140625
2848.44258276982	1160.0849609375
2850.54188667585	1195.84497070313
2852.64058511883	1231.6650390625
2854.73867834032	1259.45495605469
2856.83616658175	1288.39501953125
2858.93305008443	1326.97998046875
2861.02932908952	1363.26000976563
2863.12500383809	1410.39001464844
2865.22007457104	1466.80505371094
2867.31454152918	1525.93994140625
2869.40840495316	1578.63000488281
2871.50166508353	1623.30004882813
2873.59432216069	1662.96496582031
2875.68637642493	1684.7900390625
2877.77782811641	1698.32495117188
2879.86867747515	1711.18505859375
2881.95892474105	1738.77502441406
2884.0485701539	1749.00500488281
2886.13761395333	1754.96496582031
2888.22605637886	1765.99499511719
2890.3138976699	1780.40002441406
2892.40113806571	1796.73498535156
2894.48777780544	1802.98498535156
2896.57381712808	1827.26000976563
2898.65925627254	1841.97998046875
2900.74409547758	1860.02502441406
2902.82833498183	1884.26000976563
2904.9119750238	1917.97497558594
2906.99501584188	1956.78503417969
2909.07745767432	1999.60998535156
2911.15930075925	2046.76000976563
2913.24054533469	2102.21508789063
2915.3211916385	2156.169921875
2917.40123990846	2205.71997070313
2919.48069038217	2245.42504882813
2921.55954329716	2283.94995117188
2923.63779889079	2333.205078125
2925.71545740033	2367.97509765625
2927.79251906289	2394.67504882813
2929.86898411548	2416.6650390625
2931.94485279498	2444.05004882813
2934.02012533815	2460.76489257813
2936.0948019816	2449.375
2938.16888296184	2423.53002929688
2940.24236851525	2391.59497070313
2942.31525887809	2341.51000976563
2944.38755428648	2292.44995117188
2946.45925497643	2249.75
2948.53036118382	2195.72509765625
2950.6008731444	2133.8798828125
2952.67079109381	2085.25
2954.74011526755	2041.56494140625
2956.80884590101	1995.44494628906
2958.87698322944	1970.60998535156
2960.94452748799	1942.39001464844
2963.01147891167	1908.9599609375
2965.07783773535	1878.65002441406
2967.14360419382	1855.27502441406
2969.2087785217	1820.375
2971.27336095352	1805.375
2973.33735172366	1789.26000976563
2975.40075106641	1771.38000488281
2977.46355921591	1746.3349609375
2979.52577640618	1711.94995117188
2981.58740287112	1680.61499023438
2983.64843884452	1656.94494628906
2985.70888456003	1621.71997070313
2987.76874025117	1575.17504882813
2989.82800615137	1526.28002929688
2991.88668249391	1488.81494140625
2993.94476951194	1450.93005371094
2996.00226743852	1414.79504394531
2998.05917650657	1383.02001953125
3000.11549694887	1357.81994628906
3002.17122899812	1332.4599609375
3004.22637288685	1295.76000976563
3006.2809288475	1260.17004394531
3008.33489711238	1233.08996582031
3010.38827791368	1210.46997070313
3012.44107148345	1186.93005371094
3014.49327805366	1168.57995605469
3016.5448978561	1149.15502929688
3018.59593112249	1131.93994140625
3020.64637808441	1117.78503417969
3022.6962389733	1108.01501464844
3024.74551402051	1099.63500976563
3026.79420345725	1091.39501953125
3028.84230751461	1087.03503417969
3030.88982642357	1079.9599609375
3032.93676041497	1080.33996582031
3034.98310971955	1081.06005859375
3037.02887456791	1086.14501953125
3039.07405519054	1092.65502929688
3041.11865181781	1099.27001953125
3043.16266467996	1098.60498046875
3045.20609400713	1103.10998535156
3047.24894002932	1112.67004394531
3049.2912029764	1119.875
3051.33288307815	1122.38000488281
3053.37398056421	1131.39001464844
3055.41449566411	1145.34997558594
3057.45442860725	1156.50500488281
3059.49377962291	1163.51000976563
3061.53254894026	1169.32495117188
3063.57073678834	1173.10498046875
3065.60834339607	1172.97998046875
3067.64536899227	1163.93505859375
3069.68181380561	1153.09997558594
3071.71767806467	1136.64001464844
3073.75296199788	1119.6650390625
3075.78766583357	1102.17504882813
3077.82178979997	1086.13000488281
3079.85533412513	1068.97998046875
3081.88829903705	1055.82495117188
3083.92068476356	1046.21997070313
3085.95249153241	1036.7900390625
3087.98371957119	1030.23498535156
3090.01436910741	1021.89001464844
3092.04444036844	1015.21502685547
3094.07393358152	1012.10998535156
3096.10284897381	1009.23498535156
3098.13118677232	1006.03497314453
3100.15894720395	1002.23999023438
3102.18613049548	1001.23999023438
3104.21273687357	1001.36999511719
3106.23876656477	1001.34002685547
3108.2642197955	997.97998046875
3110.28909679208	999.809997558594
3112.31339778069	1000.98498535156
3114.33712298741	1001.61999511719
3116.36027263819	1005.11999511719
3118.38284695887	1006.89001464844
3120.40484617516	1004.46997070313
3122.42627051268	1002.86499023438
3124.4471201969	1002.92999267578
3126.46739545319	1003.30499267578
3128.4870965068	1000.23999023438
3130.50622358287	998.909973144531
3132.5247769064	1000.84002685547
3134.54275670229	1005.20501708984
3136.56016319534	1006.39501953125
3138.57699661019	1001.34497070313
3140.59325717139	1003.09002685547
3142.60894510338	1004.45001220703
3144.62406063047	1002.27502441406
3146.63860397686	1003.86999511719
3148.65257536662	1007.48498535156
3150.66597502371	1011.47497558594
3152.67880317199	1010.50500488281
3154.69106003518	1011.74499511719
3156.70274583691	1010.51000976563
3158.71386080065	1011.47497558594
3160.72440514981	1011.86499023438
3162.73437910763	1014.49499511719
3164.74378289728	1017.78497314453
3166.75261674179	1019.05499267578
3168.76088086407	1023.53497314453
3170.76857548692	1027.18505859375
3172.77570083303	1026.5
3174.78225712498	1025.34497070313
3176.78824458521	1028.71997070313
3178.79366343607	1029.68505859375
3180.79851389977	1029.38500976563
3182.80279619844	1030.31005859375
3184.80651055405	1035.11499023438
3186.80965718849	1043.42004394531
3188.81223632353	1045.31005859375
3190.81424818081	1044.92504882813
3192.81569298186	1044.02502441406
3194.8165709481	1044.75
3196.81688230084	1045.96997070313
3198.81662726126	1054.31494140625
3200.81580605044	1057.46997070313
3202.81441888933	1060.34497070313
3204.81246599879	1063.35998535156
3206.80994759954	1066.89501953125
3208.80686391219	1068.01501464844
3210.80321515726	1070.53002929688
3212.79900155512	1074.51000976563
3214.79422332605	1074.73999023438
3216.78888069021	1075.26501464844
3218.78297386765	1076.32995605469
3220.77650307828	1078.32495117188
3222.76946854195	1086.09497070313
3224.76187047834	1082.77502441406
3226.75370910705	1082.98999023438
3228.74498464755	1086.68005371094
3230.73569731921	1089.42504882813
3232.72584734127	1093.03503417969
3234.71543493287	1095.96496582031
3236.70446031304	1097.81994628906
3238.69292370068	1101.51000976563
3240.68082531459	1099.97497558594
3242.66816537345	1102.34497070313
3244.65494409583	1107.99499511719
3246.6411617002	1109.93994140625
3248.62681840488	1111.11999511719
3250.61191442812	1112.56005859375
3252.59644998804	1113.84997558594
3254.58042530263	1112.18994140625
3256.56384058979	1114.26501464844
3258.54669606731	1122.625
3260.52899195285	1127.61999511719
3262.51072846396	1130.44494628906
3264.4919058181	1131.91003417969
3266.47252423259	1139.64501953125
3268.45258392464	1142.94995117188
3270.43208511138	1146.90502929688
3272.41102800978	1151.7099609375
3274.38941283675	1154.33996582031
3276.36723980904	1151.80004882813
3278.34450914332	1149.63500976563
3280.32122105613	1151.84497070313
3282.29737576392	1162.70495605469
3284.272973483	1172.13500976563
3286.24801442958	1174.81994628906
3288.22249881978	1170.54504394531
3290.19642686957	1174.32495117188
3292.16979879485	1179.60998535156
3294.14261481136	1185.07995605469
3296.11487513478	1184.51000976563
3298.08657998065	1176.81994628906
3300.0577295644	1175.48498535156
3302.02832410136	1174.79504394531
3303.99836380673	1180.93005371094
3305.96784889563	1183.59997558594
3307.93677958303	1179.80004882813
3309.90515608383	1179.76000976563
3311.87297861278	1170.09497070313
3313.84024738456	1163.65002441406
3315.80696261371	1163.18005371094
3317.77312451466	1164.75500488281
3319.73873330175	1161.76000976563
3321.70378918919	1157.65002441406
3323.66829239109	1155.16003417969
3325.63224312145	1152.84497070313
3327.59564159416	1151.61999511719
3329.55848802299	1151.17504882813
3331.52078262162	1150.47998046875
3333.4825256036	1150.10498046875
3335.44371718237	1151.67504882813
3337.40435757128	1151.92004394531
3339.36444698356	1146.40502929688
3341.32398563232	1142.92004394531
3343.28297373058	1141.18005371094
3345.24141149124	1140.09997558594
3347.19929912709	1142.32495117188
3349.15663685081	1146.3349609375
3351.11342487497	1143.94250488281
3353.06966341204	1141.55004882813
3355.02535267437	1140.99499511719
3356.98049287421	1136.32995605469
3358.9350842237	1135.0849609375
3360.88912693486	1133.66003417969
3362.84262121962	1132.26501464844
3364.79556728978	1131.49499511719
3366.74796535705	1131.18505859375
3368.69981563302	1130.88500976563
3370.65111832917	1132.7900390625
3372.60187365689	1130.59997558594
3374.55208182744	1126.95495605469
3376.50174305198	1126.10998535156
3378.45085754157	1124.47497558594
3380.39942550714	1120.57495117188
3382.34744715954	1113.94494628906
3384.29492270949	1114.13500976563
3386.24185236761	1109.70495605469
3388.18823634442	1105.68994140625
3390.13407485031	1104.24499511719
3392.07936809559	1099.10498046875
3394.02411629045	1093.26501464844
3395.96831964496	1091.86999511719
3397.91197836911	1093.01000976563
3399.85509267275	1095.51000976563
3401.79766276564	1092.09497070313
3403.73968885745	1084.67504882813
3405.68117115771	1081.91003417969
3407.62210987586	1077.81994628906
3409.56250522123	1074.21496582031
3411.50235740305	1076.42004394531
3413.44166663043	1074.35498046875
3415.38043311238	1069.85498046875
3417.3186570578	1068.01000976563
3419.2563386755	1064.81494140625
3421.19347817415	1065.21496582031
3423.13007576235	1064.81994628906
3425.06613164857	1063.78002929688
3427.00164604118	1061.66003417969
3428.93661914844	1058.08996582031
3430.87105117852	1058.7099609375
3432.80494233945	1059.71997070313
3434.73829283919	1059.18005371094
3436.67110288558	1058.27001953125
3438.60337268634	1052.06494140625
3440.53510244911	1051.60498046875
3442.4662923814	1053.38500976563
3444.39694269064	1051.15002441406
3446.32705358412	1047.2099609375
3448.25662526905	1044.84997558594
3450.18565795254	1042.15002441406
3452.11415184156	1038.08996582031
3454.04210714302	1035.36499023438
3455.96952406369	1034.0400390625
3457.89640281024	1033.95495605469
3459.82274358924	1035.15502929688
3461.74854660717	1028.15502929688
3463.67381207038	1022.23498535156
3465.59854018513	1020.71002197266
3467.52273115756	1018.34997558594
3469.44638519373	1015.72497558594
3471.36950249956	1017.13500976563
3473.29208328091	1018.03002929688
3475.21412774349	1014.57000732422
3477.13563609293	1011.96002197266
3479.05660853476	1010.38500976563
3480.97704527438	1004.14501953125
3482.89694651712	1000.27001953125
3484.81631246818	997.719970703125
3486.73514333266	996.034973144531
3488.65343931557	991.835021972656
3490.57120062179	986.47998046875
3492.48842745612	984.765014648438
3494.40512002324	981.344970703125
3496.32127852773	978.830017089844
3498.23690317408	975.609985351563
3500.15199416666	974.440002441406
3502.06655170974	970.455017089844
3503.98057600749	969.034973144531
3505.89406726396	967.315002441406
3507.80702568312	967.590026855469
3509.71945146883	962.830017089844
3511.63134482483	958.635009765625
3513.54270595478	955.97998046875
3515.45353506222	956.265014648438
3517.3638323506	955.679992675781
3519.27359802324	953.585021972656
3521.1828322834	948.739990234375
3523.09153533419	944.625
3524.99970737866	941.809997558594
3526.90734861972	938.494995117188
3528.81445926021	934.289978027344
3530.72103950283	932.39501953125
3532.62708955022	931.10498046875
3534.53260960488	929.390014648438
3536.43759986923	926.445007324219
3538.34206054558	921.184997558594
3540.24599183613	918.859985351563
3542.149393943	919.630004882813
3544.05226706817	918.075012207031
3545.95461141357	915.559997558594
3547.85642718097	913.434997558594
3549.75771457208	911.599975585938
3551.6584737885	910.765014648438
3553.55870503171	908.515014648438
3555.4584085031	907.390014648438
3557.35758440396	905.669982910156
3559.25623293548	902.094970703125
3561.15435429874	899.849975585938
3563.05194869473	898.359985351563
3564.94901632432	897.715026855469
3566.84555738829	894.640014648438
3568.74157208732	892.655029296875
3570.63706062199	894.119995117188
3572.53202319277	893.715026855469
3574.42646000003	892.434997558594
3576.32037124406	890.200012207031
3578.213757125	890.669982910156
3580.10661784295	889.880004882813
3581.99895359786	889.169982910156
3583.8907645896	886.469970703125
3585.78205101794	883.965026855469
3587.67281308254	882
3589.56305098297	880.234985351563
3591.4527649187	879.390014648438
3593.34195508907	879.364990234375
3595.23062169338	878.840026855469
3597.11876493075	876.315002441406
3599.00638500027	874.960021972656
3600.89348210089	875.065002441406
3602.78005643148	876.349975585938
3604.66610819078	876.289978027344
3606.55163757747	873.260009765625
3608.4366447901	871.424987792969
3610.32113002713	869.465026855469
3612.20509348693	867.835021972656
3614.08853536774	867.315002441406
3615.97145586773	866.219970703125
3617.85385518497	865.190002441406
3619.7357335174	864.47998046875
3621.61709106289	863.255004882813
3623.4979280192	860.059997558594
3625.37824458399	858.900024414063
3627.25804095482	856.409973144531
3629.13731732915	854.89501953125
3631.01607390435	855.184997558594
3632.89431087767	855.575012207031
3634.77202844629	854.690002441406
3636.64922680726	853.200012207031
3638.52590615754	851.534973144531
3640.40206669402	851.284973144531
3642.27770861344	851.765014648438
3644.15283211248	851.900024414063
3646.02743738771	851.765014648438
3647.90152463559	851.619995117188
3649.77509405251	850.820007324219
3651.64814583473	847.909973144531
3653.52068017842	846.169982910156
3655.39269727965	844.994995117188
3657.26419733442	845.659973144531
3659.13518053858	844.539978027344
3661.00564708793	843.890014648438
3662.87559717814	842.799987792969
3664.7450310048	839.97998046875
3666.61394876338	840.065002441406
3668.48235064928	840.614990234375
3670.35023685779	840.325012207031
3672.21760758409	838.200012207031
3674.08446302327	838.005004882813
3675.95080337033	837.72998046875
3677.81662882017	838.25
3679.68193956758	836.75
3681.54673580727	835.385009765625
3683.41101773383	833.590026855469
3685.27478554178	832.724975585938
3687.13803942551	832.950012207031
3689.00077957934	831.075012207031
3690.86300619748	830.234985351563
3692.72471947405	829.715026855469
3694.58591960306	829.690002441406
3696.44660677844	829.400024414063
3698.306781194	829.880004882813
3700.16644304348	828.239990234375
3702.02559252049	827.984985351563
3703.88422981859	827.10498046875
3705.74235513119	827.169982910156
3707.59996865164	824.719970703125
3709.45707057318	825.065002441406
3711.31366108895	825.390014648438
3713.16974039199	824.159973144531
3715.02530867527	823.5
3716.88036613164	823.849975585938
3718.73491295385	824.510009765625
3720.58894933456	824.215026855469
3722.44247546634	822.015014648438
3724.29549154166	820.715026855469
3726.14799775289	820.77001953125
3727.9999942923	821.325012207031
3729.85148135209	821.880004882813
3731.70245912432	820.465026855469
3733.55292780098	819.35498046875
3735.40288757397	818.080017089844
3737.25233863509	817.744995117188
3739.10128117603	817.844970703125
3740.9497153884	817.880004882813
3742.7976414637	818.244995117188
3744.64505959335	817.679992675781
3746.49196996866	817.880004882813
3748.33837278086	817.989990234375
3750.18426822108	817.924987792969
3752.02965648033	819.284973144531
3753.87453774956	819.234985351563
3755.7189122196	818.835021972656
3757.5627800812	819.224975585938
3759.40614152501	819.099975585938
3761.24899674159	819.070007324219
3763.09134592138	817.405029296875
3764.93318925476	816.244995117188
3766.77452693199	815.155029296875
3768.61535914325	815.830017089844
3770.45568607861	815.280029296875
3772.29550792807	814.799987792969
3774.1348248815	815.679992675781
3775.9736371287	817.27001953125
3777.81194485938	817.099975585938
