32.6816976106991	717.025024414063
35.6535599501435	716.924987792969
38.6244374909659	717.054992675781
41.5943306947054	716.780029296875
44.5632400226282	716.724975585938
47.5311659356917	716.684997558594
50.4981088945929	716.684997558594
53.4640693597127	716.705017089844
56.4290477911676	716.72998046875
59.3930446487746	716.794982910156
62.356060392067	716.75
65.3180954802906	716.840026855469
68.2791503724084	716.580017089844
71.2392255270922	716.794982910156
74.1983214027271	716.60498046875
77.1564384574159	716.784973144531
80.113577148983	716.890014648438
83.0697379349549	716.655029296875
86.0249212725722	716.815002441406
88.9791276188058	716.719970703125
91.9323574303255	716.864990234375
94.8846111635238	716.914978027344
97.8358892745121	716.919982910156
100.786192219114	716.885009765625
103.73552045287	716.934997558594
106.683874431037	717.010009765625
109.631254608583	717.190002441406
112.577661440203	717.405029296875
115.523095380307	717.784973144531
118.467556883015	718.080017089844
121.411046402175	718.825012207031
124.353564391344	720.065002441406
127.295111303796	722.405029296875
130.235687592532	726.760009765625
133.175293710265	734.515014648438
136.113930109434	746.784973144531
139.051597242185	764.125
141.98829556039	788.590026855469
144.92402551564	817.900024414063
147.858787559244	849.715026855469
150.792582142239	880.724975585938
153.725409715372	910.570007324219
156.65727072911	929.940002441406
159.588165633643	942.659973144531
162.518094878884	952.890014648438
165.447058914469	960.940002441406
168.375058189747	962.22998046875
171.302093153792	960.299987792969
174.228164255401	956.275024414063
177.153271943091	957.190002441406
180.077416665101	959.965026855469
183.000598869394	959.075012207031
185.922819003656	958.655029296875
188.84407751529	960.309997558594
191.764374851424	962.174987792969
194.683711458919	961.85498046875
197.60208778434	967.044982910156
200.519504273992	974.705017089844
203.435961373894	980.340026855469
206.351459529801	989.85498046875
209.265999187174	1001.36999511719
212.179580791207	1012.61999511719
215.092204786825	1023.41497802734
218.003871618673	1035.88500976563
220.914581731116	1050.25
223.824335568247	1066.84997558594
226.733133573893	1078.6650390625
229.640976191593	1087.21496582031
232.547863864614	1089.52001953125
235.453797035961	1093.82995605469
238.358776148354	1092.88000488281
241.26280164424	1089.85998535156
244.1658739658	1088.89501953125
247.067993554929	1087.81494140625
249.969160853266	1086.73498535156
252.869376302162	1083.81005859375
255.768640342707	1080.60998535156
258.666953415705	1078.71997070313
261.564315961705	1074.35498046875
264.46072842097	1069.47497558594
267.356191233499	1066.82495117188
270.25070483901	1064.48999023438
273.144269676967	1060.56494140625
276.036886186551	1060.30505371094
278.928554806671	1059.84497070313
281.819275975966	1056.02001953125
284.709050132812	1055.82995605469
287.597877715306	1061.21997070313
290.485759161281	1056.08996582031
293.372694908298	1054.55505371094
296.258685393644	1053.39001464844
299.143731054352	1049.90002441406
302.027832327156	1047.93005371094
304.910989648557	1047.59997558594
307.79320345476	1046.73498535156
310.674474181717	1047.23498535156
313.554802265101	1044.89001464844
316.434188140326	1044.48498535156
319.312632242533	1044
322.190135006593	1042.67504882813
325.066696867117	1040.53002929688
327.942318258443	1039.4599609375
330.816999614641	1041.06494140625
333.690741369517	1041.46997070313
336.56354395661	1040.27502441406
339.435407809193	1035.85998535156
342.306333360273	1033.97497558594
345.176321042591	1029.91003417969
348.045371288612	1029.7900390625
350.913484530551	1030.02001953125
353.78066120035	1028.27001953125
356.64690172969	1022.28497314453
359.512206549972	1021.41998291016
362.376576092357	1015.46997070313
365.240010787716	1014.41998291016
368.102511066677	1015.84002685547
370.964077359587	1019.78997802734
373.82471009654	1016.35498046875
376.684409707364	1009.71997070313
379.543176621612	1008.80499267578
382.401011268595	1011.82000732422
385.257914077343	1010.81500244141
388.113885476627	1006.83502197266
390.968925894961	1007.57501220703
393.823035760591	1010.44000244141
396.676215501503	1014.46502685547
399.528465545415	1015.25500488281
402.379786319791	1018.64501953125
405.230178251834	1023.27502441406
408.079641768472	1027.38500976563
410.928177296387	1028.97998046875
413.775785261992	1029.31994628906
416.622466091445	1032.4150390625
419.468220210631	1035.15502929688
422.313048045182	1040.47998046875
425.156950020479	1045.2900390625
427.999926561623	1039.59497070313
430.841978093471	1036.17504882813
433.683105040613	1030.83996582031
436.523307827384	1026.38500976563
439.362586877851	1024.83996582031
442.200942615829	1025.30505371094
445.038375464876	1023.28002929688
447.874885848283	1021.79998779297
450.710474189089	1021.39501953125
453.54514091007	1023.48498535156
456.37888643375	1023.99499511719
459.211711182386	1022.97497558594
462.043615577986	1018.59497070313
464.874600042297	1016.44500732422
467.704664996804	1016.20501708984
470.533810862741	1013.25500488281
473.36203806108	1010.85498046875
476.189347012547	1011.5
479.015738137594	1009.46002197266
481.841211856432	1013.47998046875
484.665768589008	1019.53997802734
487.489408755009	1024.47497558594
490.312132773878	1024.39501953125
493.133941064796	1024.99499511719
495.954834046683	1026.43505859375
498.77481213821	1028.99499511719
501.593875757797	1032.26501464844
504.412025323601	1035.35498046875
507.229261253524	1034.46997070313
510.045583965226	1033.54504394531
512.860993876093	1034.92504882813
515.675491403271	1033.48498535156
518.489076963649	1029.07995605469
521.301750973863	1028.71496582031
524.113513850293	1028.35498046875
526.924366009065	1021.75
529.734307866052	1016.30499267578
532.543339836881	1012.73498535156
535.35146233692	1009.59497070313
538.158675781281	1004.54998779297
540.964980584833	1003.13000488281
543.770377162182	1003.93499755859
546.574865927692	1004.47497558594
549.378447295465	999.755004882813
552.181121679365	995.494995117188
554.982889492993	997.059997558594
557.783751149701	993.619995117188
560.583707062591	990.650024414063
563.38275764452	988.650024414063
566.180903308083	988.570007324219
568.978144465633	987.679992675781
571.774481529266	988.190002441406
574.569914910839	982.940002441406
577.364445021949	984.554992675781
580.158072273946	981.390014648438
582.950797077926	978.880004882813
585.742619844752	975.450012207031
588.533540985018	976.315002441406
591.323560909078	977
594.112680027034	977.474975585938
596.90089874875	976.265014648438
599.688217483828	973.419982910156
602.474636641629	970.315002441406
605.260156631263	966.909973144531
608.044777861596	968.309997558594
610.828500741241	969.72998046875
613.611325678567	972.325012207031
616.393253081697	973.849975585938
619.174283358506	973.674987792969
621.954416916616	980.655029296875
624.733654163414	984.010009765625
627.511995506029	983.77001953125
630.289441351351	978.510009765625
633.065992106022	971.284973144531
635.841648176434	970.244995117188
638.616409968744	972.344970703125
641.390277888847	977.344970703125
644.163252342408	982.044982910156
646.93533373484	985.549987792969
649.706522471307	986.22998046875
652.47681895674	982.719970703125
655.246223595811	977.875
658.014736792957	980.034973144531
660.782358952371	982.679992675781
663.549090477999	983.474975585938
666.314931773542	984.60498046875
669.079883242452	988.375
671.843945287955	988.494995117188
674.607118313019	987
677.369402720366	988.200012207031
680.130798912488	988.344970703125
682.891307291627	992.135009765625
685.650928259784	993.385009765625
688.409662218708	995.265014648438
691.167509569927	996.119995117188
693.924470714705	996.85498046875
696.680546054078	995.669982910156
699.435735988832	990.909973144531
702.190040919516	988.734985351563
704.943461246442	989.14501953125
707.695997369667	986.35498046875
710.447649689022	982.239990234375
713.198418604088	981.090026855469
715.948304514206	981.184997558594
718.697307818481	982.025024414063
721.445428915779	988.47998046875
724.192668204716	988.215026855469
726.93902608368	988.35498046875
729.684502950805	986.700012207031
732.429099204005	986.940002441406
735.172815240936	988.125
737.915651459026	989.030029296875
740.657608255463	992.349975585938
743.398686027186	995.195007324219
746.13888517091	996.619995117188
748.878206083102	1000.26501464844
751.616649159998	1000.41998291016
754.354214797584	1002.47998046875
757.09090339162	1004.21002197266
759.826715337622	1001.86999511719
762.561651030868	999.580017089844
765.295710866406	997.054992675781
768.028895239041	993.875
770.761204543336	990.099975585938
773.492639173626	988.14501953125
776.223199524006	986.465026855469
778.952885988334	982.309997558594
781.681698960235	981.955017089844
784.40963883309	976.690002441406
787.136706000052	972.405029296875
789.862900854037	971.804992675781
792.588223787721	976.054992675781
795.312675193549	977.114990234375
798.036255463728	977.469970703125
800.758964990228	977.349975585938
803.480804164792	980.635009765625
806.201773378919	984.994995117188
808.921873023884	986.929992675781
811.641103490712	986.585021972656
814.359465170214	989.554992675781
817.076958452946	993.784973144531
819.793583729246	1001.53002929688
822.509341389214	1011.21502685547
825.224231822712	1019.88000488281
827.938255419375	1027.38000488281
830.651412568596	1037.84997558594
833.363703659544	1044.39501953125
836.075129081157	1043.43505859375
838.785689222127	1044.5849609375
841.495384470928	1044.3349609375
844.204215215788	1046.84497070313
846.912181844721	1049.31994628906
849.619284745491	1054.48999023438
852.325524305638	1063.5400390625
855.030900912475	1067.95495605469
857.735414953079	1070.06005859375
860.439066814289	1066.38000488281
863.141856882725	1061.41003417969
865.843785544769	1054.93994140625
868.544853186571	1051.23999023438
871.245060194063	1048.34997558594
873.944406952925	1047.22497558594
876.642893848625	1046.31494140625
879.340521266398	1046.96496582031
882.037289591241	1052.43994140625
884.733199207927	1058.61499023438
887.428250501001	1057.20495605469
890.122443854778	1055.59497070313
892.815779653335	1056.17004394531
895.508258280534	1064.375
898.199880119997	1069.63500976563
900.890645555129	1072.8349609375
903.580554969094	1071.35498046875
906.269608744832	1074.01000976563
908.957807265056	1071.65502929688
911.645150912257	1069.85998535156
914.331640068689	1064.40002441406
917.017275116375	1064.2900390625
919.702056437128	1065.22998046875
922.385984412518	1071.31994628906
925.069059423886	1077.375
927.751281852366	1081.17504882813
930.432652078842	1080.98999023438
933.113170483983	1084.60498046875
935.79283744823	1093.2099609375
938.471653351806	1096.86499023438
941.149618574686	1097.25500488281
943.826733496641	1101.13000488281
946.502998497206	1106.79504394531
949.178413955689	1100.97998046875
951.85298025118	1102.09497070313
954.526697762544	1101.85998535156
957.199566868403	1099.61999511719
959.87158794718	1099.875
962.542761377054	1095.31494140625
965.213087535987	1096.84997558594
967.882566801719	1096.75
970.551199551761	1093.98498535156
973.218986163399	1091.25
975.885927013698	1086.21997070313
978.552022479501	1084.11499023438
981.217272937423	1084.81005859375
983.88167876386	1087.79504394531
986.545240334978	1089.15002441406
989.207958026729	1098.125
991.869832214835	1107.35498046875
994.530863274798	1113.75
997.191051581895	1130.57495117188
999.850397511185	1160.81005859375
1002.50890143751	1200.68505859375
1005.16656373546	1234.34497070313
1007.82338477944	1248.18005371094
1010.47936494363	1234.60498046875
1013.13450460195	1210.96496582031
1015.78880412815	1174.92004394531
1018.44226389572	1143.56005859375
1021.09488427794	1122.125
1023.74666564789	1107.46997070313
1026.3976083784	1101.44995117188
1029.04771284208	1102.61499023438
1031.69697941135	1111.31005859375
1034.34540845838	1120
1036.99300035512	1126.78503417969
1039.63975547333	1131.49499511719
1042.28567418452	1136.66003417969
1044.93075685998	1144.46997070313
1047.57500387081	1147.14001464844
1050.21841558786	1146.21997070313
1052.86099238177	1142.46496582031
1055.50273462297	1141.53503417969
1058.14364268167	1134.85998535156
1060.78371692784	1125.5
1063.42295773126	1116.69995117188
1066.06136546148	1114.90002441406
1068.69894048781	1110.51501464844
1071.33568317939	1110.81994628906
1073.9715939051	1109.63500976563
1076.60667303362	1110.17504882813
1079.24092093341	1107.15502929688
1081.87433797271	1106.4150390625
1084.50692451954	1107.88000488281
1087.13868094172	1107.71496582031
1089.76960760684	1104.56005859375
1092.39970488226	1103.56994628906
1095.02897313516	1099.99499511719
1097.65741273246	1098.93005371094
1100.28502404089	1097.81994628906
1102.91180742697	1096.65002441406
1105.53776325698	1096.51000976563
1108.16289189701	1095.89501953125
1110.78719371291	1093.97998046875
1113.41066907033	1094.68005371094
1116.0333183347	1093.98999023438
1118.65514187124	1097.27502441406
1121.27614004495	1098.89501953125
1123.89631322061	1103.26000976563
1126.51566176279	1106.14001464844
1129.13418603585	1106.43994140625
1131.75188640394	1107.99499511719
1134.36876323098	1105.01000976563
1136.98481688069	1092.69995117188
1139.60004771655	1079.11999511719
1142.21445610187	1064.56005859375
1144.82804239972	1056.34997558594
1147.44080697295	1053.55505371094
1150.05275018421	1057.0400390625
1152.66387239593	1058.14001464844
1155.27417397034	1061.84497070313
1157.88365526943	1068.35998535156
1160.49231665502	1075.89001464844
1163.10015848867	1078.2099609375
1165.70718113176	1075.77502441406
1168.31338494544	1069.90502929688
1170.91877029067	1068.16003417969
1173.52333752817	1067.31994628906
1176.12708701847	1072.77502441406
1178.73001912187	1073.36499023438
1181.33213419848	1073.38500976563
1183.93343260819	1065.3349609375
1186.53391471068	1056.55505371094
1189.13358086539	1056.17504882813
1191.73243143161	1056.57995605469
1194.33046676836	1059.23999023438
1196.92768723449	1061.625
1199.52409318861	1069.44995117188
1202.11968498915	1076.17504882813
1204.7144629943	1085.49499511719
1207.30842756206	1095.07995605469
1209.90157905021	1104.41003417969
1212.49391781634	1101.65002441406
1215.08544421779	1102.01501464844
1217.67615861174	1101.85498046875
1220.26606135512	1099.38000488281
1222.85515280468	1095.20495605469
1225.44343331694	1098.81494140625
1228.03090324823	1099.59497070313
1230.61756295466	1106.32495117188
1233.20341279213	1117.59497070313
1235.78845311634	1128.50500488281
1238.37268428278	1131.58996582031
1240.95610664673	1140.26000976563
1243.53872056325	1147.20495605469
1246.12052638722	1150.42504882813
1248.70152447329	1149.82995605469
1251.28171517591	1146.28002929688
1253.86109884934	1149.73999023438
1256.43967584759	1157.06494140625
1259.0174465245	1160.26000976563
1261.5944112337	1163.73999023438
1264.1705703286	1168.4599609375
1266.74592416241	1173.84497070313
1269.32047308814	1170.67504882813
1271.89421745858	1168.5
1274.46715762633	1169.68505859375
1277.03929394377	1170.875
1279.61062676308	1170.07495117188
1282.18115643624	1168.55505371094
1284.75088331502	1172.45495605469
1287.31980775098	1162.97497558594
1289.88793009548	1154.31994628906
1292.45525069969	1150.60998535156
1295.02176991454	1152.19494628906
1297.58748809078	1153.61499023438
1300.15240557897	1155.26501464844
1302.71652272942	1158.80004882813
1305.27983989229	1163.72497558594
1307.84235741749	1167.875
1310.40407565475	1174.52502441406
1312.9649949536	1178.96997070313
1315.52511566335	1178.29504394531
1318.08443813311	1179.36499023438
1320.64296271181	1186.97998046875
1323.20068974815	1193.84997558594
1325.75761959063	1192.04504394531
1328.31375258756	1188.72497558594
1330.86908908704	1192.1650390625
1333.42362943696	1194.53002929688
1335.97737398503	1199.15002441406
1338.53032307874	1195.97998046875
1341.08247706537	1193.15502929688
1343.63383629202	1193.78503417969
1346.18440110558	1188.88500976563
1348.73417185274	1179.19494628906
1351.28314887997	1170.71997070313
1353.83133253357	1159.61499023438
1356.37872315961	1145.4599609375
1358.92532110398	1132.27001953125
1361.47112671237	1122.28503417969
1364.01614033024	1111.34497070313
1366.56036230288	1101.23999023438
1369.10379297537	1093.85498046875
1371.64643269258	1085.98498535156
1374.18828179921	1073.57995605469
1376.72934063972	1068.85498046875
1379.2696095584	1067.89501953125
1381.80908889932	1068.03503417969
1384.34777900637	1062.88500976563
1386.88568022323	1063.875
1389.42279289337	1060.24499511719
1391.95911736009	1062.47998046875
1394.49465396645	1065.82995605469
1397.02940305537	1071.1650390625
1399.5633649695	1073.42004394531
1402.09654005135	1074.45495605469
1404.6289286432	1076.75500488281
1407.16053108714	1080.55004882813
1409.69134772507	1081.61499023438
1412.22137889868	1081.01000976563
1414.75062494947	1085.96496582031
1417.27908621874	1086.92504882813
1419.80676304759	1082.32495117188
1422.33365577692	1080.79504394531
1424.85976474744	1087.51501464844
1427.38509029967	1092.52001953125
1429.90963277392	1097.28002929688
1432.4333925103	1103.77502441406
1434.95636984873	1117
1437.47856512894	1137.21997070313
1439.99997869045	1157.93994140625
1442.5206108726	1179.44995117188
1445.04046201452	1196.29504394531
1447.55953245515	1211.69494628906
1450.07782253323	1226.01501464844
1452.59533258731	1276.15002441406
1455.11206295574	1254.88000488281
1457.62801397668	1233.60998535156
1460.14318598809	1221.94494628906
1462.65757932774	1209.30505371094
1465.1711943332	1191.2900390625
1467.68403134184	1170.28503417969
1470.19609069085	1149.71496582031
1472.70737271721	1127.86499023438
1475.21787775772	1102.91003417969
1477.72760614897	1076.92004394531
1480.23655822738	1053.90002441406
1482.74473432914	1033.42504882813
1485.25213479029	1013.20501708984
1487.75875994664	996.900024414063
1490.26461013382	988.304992675781
1492.76968568726	981.099975585938
1495.27398694222	980.700012207031
1497.77751423374	976.809997558594
1500.28026789667	975.940002441406
1502.78224826569	973.85498046875
1505.28345567526	973.344970703125
1507.78389045967	971.719970703125
1510.28355295299	970.984985351563
1512.78244348913	971.585021972656
1515.28056240178	971.375
1517.77791002445	977.309997558594
1520.27448669047	977.924987792969
1522.77029273296	978.280029296875
1525.26532848486	975.625
1527.75959427889	974.52001953125
1530.25309044764	975.125
1532.74581732344	972.635009765625
1535.23777523847	971.89501953125
1537.72896452471	973.625
1540.21938551394	971.840026855469
1542.70903853778	973.375
1545.19792392761	975.650024414063
1547.68604201466	979.875
1550.17339312997	991.474975585938
1552.65997760434	995.119995117188
1555.14579576845	998.650024414063
1557.63084795275	1003.22998046875
1560.11513448749	1001.08502197266
1562.59865570276	998.119995117188
1565.08141192845	995.034973144531
1567.56340349426	992.275024414063
1570.04463072969	990.695007324219
1572.52509396406	993.97998046875
1575.00479352652	994.150024414063
1577.48372974599	994.724975585938
1579.96190295124	998.22998046875
1582.43931347083	1003.86499023438
1584.91596163314	1007.34997558594
1587.39184776636	1009.44500732422
1589.86697219849	1013.40997314453
1592.34133525734	1013.82000732422
1594.81493727054	1016.40502929688
1597.28777856553	1020.67498779297
1599.75985946955	1028.96997070313
1602.23118030968	1037.24499511719
1604.70174141278	1044.72497558594
1607.17154310555	1054.7900390625
1609.64058571449	1062.78503417969
1612.10886956591	1068.82495117188
1614.57639498595	1064.03002929688
1617.04316230054	1061.50500488281
1619.50917183543	1057.91003417969
1621.97442391621	1053.31005859375
1624.43891886825	1049.0849609375
1626.90265701674	1046.65502929688
1629.36563868671	1043.35998535156
1631.82786420296	1042.5849609375
1634.28933389016	1044.13500976563
1636.75004807274	1048.82995605469
1639.21000707498	1053.18994140625
1641.66921122097	1060.24499511719
1644.12766083459	1072.50500488281
1646.58535623956	1088.81994628906
1649.04229775941	1104.66003417969
1651.4984857175	1119.0849609375
1653.95392043697	1128.17504882813
1656.40860224079	1138.68505859375
1658.86253145177	1149.25500488281
1661.3157083925	1157.7099609375
1663.76813338542	1157.57995605469
1666.21980675275	1156.61499023438
1668.67072881656	1152.67004394531
1671.1208998987	1142.23498535156
1673.57032032089	1133.47497558594
1676.0189904046	1118.79504394531
1678.46691047118	1107.69995117188
1680.91408084174	1093.31994628906
1683.36050183726	1081.9150390625
1685.8061737785	1066.86999511719
1688.25109698605	1054.10498046875
1690.69527178032	1037.05004882813
1693.13869848153	1018.84002685547
1695.58137740972	1005.17999267578
1698.02330888476	989.289978027344
1700.46449322631	975.534973144531
1702.90493075388	962.695007324219
1705.34462178678	954.934997558594
1707.78356664414	946.869995117188
1710.22176564492	941.955017089844
1712.65921910787	936.244995117188
1715.0959273516	928.385009765625
1717.53189069449	923.344970703125
1719.9671094548	921.150024414063
1722.40158395054	918.405029296875
1724.8353144996	917.130004882813
1727.26830141965	916
1729.70054502819	914.304992675781
1732.13204564255	912.224975585938
1734.56280357987	913.445007324219
1736.99281915711	914.284973144531
1739.42209269106	913.080017089844
1741.85062449831	911.330017089844
1744.27841489529	911.109985351563
1746.70546419823	911.429992675781
1749.13177272321	911.539978027344
1751.5573407861	907.960021972656
1753.98216870262	909.390014648438
1756.40625678828	909.780029296875
1758.82960535844	907.775024414063
1761.25221472825	908.60498046875
1763.67408521271	908.934997558594
1766.09521712663	906.864990234375
1768.51561078464	905.255004882813
1770.93526650119	904.909973144531
1773.35418459056	909.059997558594
1775.77236536684	909.405029296875
1778.18980914396	906.200012207031
1780.60651623565	904.760009765625
1783.02248695548	903.280029296875
1785.43772161684	901.155029296875
1787.85222053292	904.135009765625
1790.26598401677	903.330017089844
1792.67901238123	904.344970703125
1795.09130593899	907.674987792969
1797.50286500254	905.739990234375
1799.9136898842	905.594970703125
1802.32378089613	902.875
1804.73313835028	901.27001953125
1807.14176255846	900.465026855469
1809.54965383228	900.85498046875
1811.95681248317	900.674987792969
1814.36323882242	902.174987792969
1816.76893316109	900.465026855469
1819.17389581011	901.52001953125
1821.57812708021	900.400024414063
1823.98162728196	899.539978027344
1826.38439672573	900.125
1828.78643572174	900.455017089844
1831.18774458003	900.044982910156
1833.58832361045	899.47998046875
1835.98817312269	901.849975585938
1838.38729342625	899.575012207031
1840.78568483048	901.125
1843.18334764454	899.969970703125
1845.58028217741	897.39501953125
1847.9764887379	896.5
1850.37196763465	897.375
1852.76671917613	897.119995117188
1855.16074367062	896.525024414063
1857.55404142624	897.744995117188
1859.94661275094	898.090026855469
1862.33845795247	898.094970703125
1864.72957733844	899.85498046875
1867.11997121627	898.414978027344
1869.5096398932	895.659973144531
1871.89858367631	895.140014648438
1874.28680287251	897.080017089844
1876.67429778851	897.315002441406
1879.06106873089	897.375
1881.44711600601	897.532470703125
1883.8324399201	897.690002441406
1886.21704077919	897.359985351563
1888.60091888915	899.219970703125
1890.98407455567	899.099975585938
1893.36650808428	898.880004882813
1895.74821978033	896.549987792969
1898.12920994899	894.065002441406
1900.50947889527	894.619995117188
1902.88902692401	894.934997558594
1905.26785433986	895.409973144531
1907.64596144734	896.794982910156
1910.02334855075	898.390014648438
1912.40001595424	897.340026855469
1914.7759639618	896.510009765625
1917.15119287724	896.549987792969
1919.52570300419	895.260009765625
1921.89949464611	895.934997558594
1924.27256810632	897.349975585938
1926.64492368793	898.025024414063
1929.0165616939	897.219970703125
1931.38748242701	897.575012207031
1933.75768618989	897.85498046875
1936.12717328497	898.684997558594
1938.49594401455	896.559997558594
1940.86399868071	895.224975585938
1943.23133758541	896.630004882813
1945.5979610304	898.765014648438
1947.96386931729	898.190002441406
1950.32906274751	897.919982910156
1952.69354162232	895.765014648438
1955.0573062428	895.590026855469
1957.42035690989	895.460021972656
1959.78269392434	894.815002441406
1962.14431758673	895.419982910156
1964.50522819748	894.640014648438
1966.86542605684	895.299987792969
1969.22491146488	894.650024414063
1971.58368472153	895.315002441406
1973.94174612654	895.924987792969
1976.29909597945	895.299987792969
1978.65573457971	896.025024414063
1981.01166222654	894.989990234375
1983.36687921902	893.190002441406
1985.72138585606	893.445007324219
1988.07518243639	893.905029296875
1990.42826925859	895.869995117188
1992.78064662106	897.64501953125
1995.13231482205	896.840026855469
1997.48327415961	892.690002441406
1999.83352493167	894.14501953125
2002.18306743594	896.150024414063
2004.53190197002	894.755004882813
2006.8800288313	893.515014648438
2009.22744831703	894.39501953125
2011.57416072427	894.775024414063
2013.92016634993	893.244995117188
2016.26546549076	893.205017089844
2018.61005844332	892.570007324219
2020.95394550404	894.195007324219
2023.29712696915	892.309997558594
2025.63960313474	890.065002441406
2027.98137429672	890.765014648438
2030.32244075083	892.525024414063
2032.66280279266	893.135009765625
2035.00246071763	894.880004882813
2037.34141482099	894.330017089844
2039.67966539784	895.075012207031
2042.01721274309	896.094970703125
2044.35405715151	895.525024414063
2046.69019891769	893.875
2049.02563833606	892.544982910156
2051.3603757009	894.880004882813
2053.6944113063	893.864990234375
2056.0277454462	893.330017089844
2058.36037841439	892.570007324219
2060.69231050446	894.10498046875
2063.02354200988	893.174987792969
2065.35407322392	894.309997558594
2067.68390443971	895.070007324219
2070.01303595021	894.265014648438
2072.3414680482	893.5
2074.66920102633	894.244995117188
2076.99623517706	893.255004882813
2079.32257079271	893.284973144531
2081.6482081654	892.544982910156
2083.97314758713	891.155029296875
2086.29738934971	892.85498046875
2088.62093374481	896.015014648438
2090.94378106391	897.609985351563
2093.26593159835	894.929992675781
2095.5873856393	896.10498046875
2097.90814347777	896.755004882813
2100.2282054046	895.369995117188
2102.54757171048	896.64501953125
2104.86624268594	895.914978027344
2107.18421862133	895.224975585938
2109.50149980686	895.094970703125
2111.81808653257	896.775024414063
2114.13397908834	897.575012207031
2116.44917776388	897.205017089844
2118.76368284875	896.835021972656
2121.07749463235	896.619995117188
2123.39061340391	895.929992675781
2125.70303945252	894.804992675781
2128.01477306707	897.135009765625
2130.32581453634	897.885009765625
2132.63616414891	897.705017089844
2134.94582219322	897.655029296875
2137.25478895754	897.875
2139.56306472999	897.359985351563
2141.87064979851	897.179992675781
2144.17754445092	896.914978027344
2146.48374897484	897.025024414063
2148.78926365774	898.155029296875
2151.09408878695	897.125
2153.39822464963	899.494995117188
2155.70167153277	899.344970703125
2158.00442972321	896.434997558594
2160.30649950763	894.099975585938
2162.60788117256	896.114990234375
2164.90857500436	896.380004882813
2167.20858128923	896.625
2169.50790031323	896.635009765625
2171.80653236223	897.640014648438
2174.10447772198	896.52001953125
2176.40173667804	896.215026855469
2178.69830951582	896.14501953125
2180.99419652058	894.065002441406
2183.28939797743	894.815002441406
2185.5839141713	897.494995117188
2187.87774538698	898.784973144531
2190.17089190908	895.424987792969
2192.46335402209	893.335021972656
2194.75513201032	891.950012207031
2197.04622615791	893.044982910156
2199.33663674886	892.960021972656
2201.62636406702	895.994995117188
2203.91540839606	897.155029296875
2206.20377001952	898.594970703125
2208.49144922077	897.85498046875
2210.77844628302	894.75
2213.06476148933	894.049987792969
2215.3503951226	893.575012207031
2217.63534746557	895.054992675781
2219.91961880085	895.554992675781
2222.20320941085	894.510009765625
2224.48611957785	894.210021972656
2226.76834958399	892.820007324219
2229.04989971122	894.085021972656
2231.33077024136	893.512512207031
2233.61096145607	892.940002441406
2235.89047363683	892.815002441406
2238.169307065	894.994995117188
2240.44746202178	895.815002441406
2242.72493878819	895.510009765625
2245.00173764511	895.965026855469
2247.27785887327	896.525024414063
2249.55330275324	894.25
2251.82806956545	894.039978027344
2254.10215959014	896.195007324219
2256.37557310744	897.489990234375
2258.64831039729	896.114990234375
2260.92037173949	895.239990234375
2263.19175741368	893.455017089844
2265.46246769938	894.844970703125
2267.7325028759	896.47998046875
2270.00186322243	898.940002441406
2272.270549018	899.539978027344
2274.5385605415	895.960021972656
2276.80589807165	895.734985351563
2279.07256188702	896.364990234375
2281.33855226601	896.780029296875
2283.60386948691	895.655029296875
2285.86851382782	894.544982910156
2288.1324855667	895.255004882813
2290.39578498136	897.705017089844
2292.65841234945	896.85498046875
2294.92036794847	898.640014648438
2297.18165205578	898.599975585938
2299.44226494856	897.984985351563
2301.70220690387	896.869995117188
2303.96147819859	896.950012207031
2306.22007910947	897.340026855469
2308.47800991309	901.215026855469
2310.73527088589	901.934997558594
2312.99186230416	903.085021972656
2315.24778444403	901.030029296875
2317.50303758149	900.765014648438
2319.75762199235	900.200012207031
2322.01153795231	898.140014648438
2324.26478573689	896.190002441406
2326.51736562147	897.734985351563
2328.76927788127	901.580017089844
2331.02052279137	900.359985351563
2333.2711006267	897.679992675781
2335.52101166203	899.294982910156
2337.77025617198	897.989990234375
2340.01883443103	898.460021972656
2342.2667467135	899.219970703125
2344.51399329356	898.674987792969
2346.76057444525	896.174987792969
2349.00649044241	894.440002441406
2351.2517415588	894.690002441406
2353.49632806796	895.080017089844
2355.74025024334	895.885009765625
2357.98350835819	896.47998046875
2360.22610268566	897.255004882813
2362.4680334987	899.380004882813
2364.70930107016	897.75
2366.94990567269	895.594970703125
2369.18984757884	895.640014648438
2371.42912706098	896.840026855469
2373.66774439134	898.780029296875
2375.90569984199	898.684997558594
2378.14299368488	896.544982910156
2380.37962619179	892.929992675781
2382.61559763435	894.809997558594
2384.85090828405	896.325012207031
2387.08555841222	895.809997558594
2389.31954829006	897.599975585938
2391.55287818861	895.309997558594
2393.78554837877	893.77001953125
2396.01755913128	894.880004882813
2398.24891071673	896.835021972656
2400.47960340558	899.375
2402.70963746814	899.065002441406
2404.93901317456	898.340026855469
2407.16773079485	898.900024414063
2409.39579059887	899.35498046875
2411.62319285633	899.27001953125
2413.84993783681	897.664978027344
2416.07602580971	898.140014648438
2418.30145704432	897.789978027344
2420.52623180977	898.005004882813
2422.75035037503	899.219970703125
2424.97381300893	898.825012207031
2427.19661998017	896.77001953125
2429.41877155729	896.989990234375
2431.64026800867	898.359985351563
2433.86110960257	897.280029296875
2436.08129660709	899.27001953125
2438.30082929019	901.77001953125
2440.51970791967	901.109985351563
2442.73793276321	898.195007324219
2444.95550408832	899.090026855469
2447.17242216237	899.335021972656
2449.38868725259	901.799987792969
2451.60429962607	896.994995117188
2453.81925954975	897.255004882813
2456.03356729041	898.429992675781
2458.2472231147	898.419982910156
2460.46022728913	900.679992675781
2462.67258008005	901.539978027344
2464.88428175368	899.859985351563
2467.09533257608	898.169982910156
2469.30573281318	896.965026855469
2471.51548273076	897.47998046875
2473.72458259445	899.309997558594
2475.93303266974	901.684997558594
2478.14083322198	900.265014648438
2480.34798451637	898
2482.55448681797	896.820007324219
2484.76034039169	899.969970703125
2486.96554550231	900.849975585938
2489.17010241445	900.515014648438
2491.37401139259	899.335021972656
2493.57727270109	900.369995117188
2495.77988660412	902.304992675781
2497.98185336574	902.549987792969
2500.18317324987	901.140014648438
2502.38384652028	899.400024414063
2504.58387344058	900.234985351563
2506.78325427425	902.710021972656
2508.98198928465	903.585021972656
2511.18007873495	903.789978027344
2513.37752288821	901.39501953125
2515.57432200735	900.210021972656
2517.77047635514	901.575012207031
2519.96598619419	899.864990234375
2522.16085178699	898.015014648438
2524.35507339589	898.210021972656
2526.54865128308	900.684997558594
2528.74158571062	902.784973144531
2530.93387694042	901.080017089844
2533.12552523427	900.60498046875
2535.31653085379	902.510009765625
2537.50689406046	901.994995117188
2539.69661511566	902.674987792969
2541.88569428057	903.614990234375
2544.07413181627	904.380004882813
2546.26192798368	905.690002441406
2548.44908304359	902.869995117188
2550.63559725664	903.224975585938
2552.82147088333	904.340026855469
2555.00670418402	904.090026855469
2557.19129741894	905.60498046875
2559.37525084817	902.35498046875
2561.55856473164	901.775024414063
2563.74123932917	902.815002441406
2565.92327490039	904.390014648438
2568.10467170484	904.039978027344
2570.28543000189	904.599975585938
2572.46555005079	904.5
2574.64503211063	904.109985351563
2576.82387644036	901.659973144531
2579.00208329882	902.030029296875
2581.17965294468	904.179992675781
2583.35658563648	905.200012207031
2585.53288163263	906.159973144531
2587.70854119137	905.565002441406
2589.88356457084	903.885009765625
2592.05795202902	907.804992675781
2594.23170382376	908.27001953125
2596.40482021275	903.809997558594
2598.57730145356	901.434997558594
2600.74914780363	903.655029296875
2602.92035952023	903.405029296875
2605.09093686053	903.325012207031
2607.26088008153	905.940002441406
2609.4301894401	907.205017089844
2611.59886519299	907.859985351563
2613.76690759678	909.700012207031
2615.93431690793	911.554992675781
2618.10109338277	909.835021972656
2620.26723727748	908.445007324219
2622.4327488481	907.849975585938
2624.59762835054	909.684997558594
2626.76187604057	910.465026855469
2628.92549217382	911.825012207031
2631.08847700579	915.244995117188
2633.25083079182	915.159973144531
2635.41255378715	913.419982910156
2637.57364624684	911.815002441406
2639.73410842586	912.825012207031
2641.893940579	912.994995117188
2644.05314296094	913.244995117188
2646.21171582621	913.25
2648.36965942921	914.284973144531
2650.5269740242	914.830017089844
2652.6836598653	914.900024414063
2654.83971720651	913.72998046875
2656.99514630167	914.155029296875
2659.1499474045	916.950012207031
2661.30412076857	917.580017089844
2663.45766664734	917.455017089844
2665.61058529411	918.054992675781
2667.76287696204	919.655029296875
2669.91454190418	920.280029296875
2672.06558037342	921.844970703125
2674.21599262253	922.065002441406
2676.36577890413	918.989990234375
2678.51493947072	916.60498046875
2680.66347457466	919.034973144531
2682.81138446816	920.494995117188
2684.95866940332	920.544982910156
2687.10532963209	923.080017089844
2689.25136540628	922.005004882813
2691.39677697757	920.135009765625
2693.54156459752	922.510009765625
2695.68572851753	924.010009765625
2697.82926898888	923.875
2699.97218626272	923.215026855469
2702.11448059006	921.39501953125
2704.25615222175	922.284973144531
2706.39720140856	925.239990234375
2708.53762840109	926.190002441406
2710.67743344979	929.804992675781
2712.81661680503	930.094970703125
2714.95517871698	932.099975585938
2717.09311943574	934.299987792969
2719.23043921123	936.505004882813
2721.36713829325	938.705017089844
2723.50321693148	940.815002441406
2725.63867537545	940.14501953125
2727.77351387456	940.049987792969
2729.90773267809	943.719970703125
2732.04133203516	943.72998046875
2734.17431219478	941.684997558594
2736.30667340581	942.659973144531
2738.438415917	944.830017089844
2740.56953997695	943.010009765625
2742.70004583414	940.52001953125
2744.82993373688	938.25
2746.9592039334	936.965026855469
2749.08785667177	936.210021972656
2751.21589219993	937.804992675781
2753.34331076568	935.994995117188
2755.4701126167	935.984985351563
2757.59629800054	936.059997558594
2759.7218671646	934.775024414063
2761.84682035617	933.739990234375
2763.9711578224	932.905029296875
2766.0948798103	934.424987792969
2768.21798656676	935.950012207031
2770.34047833852	935.724975585938
2772.46235537222	932.150024414063
2774.58361791434	928.125
2776.70426621124	928.494995117188
2778.82430050915	930.255004882813
2780.94372105416	932.830017089844
2783.06252809224	931.484985351563
2785.18072186922	928.549987792969
2787.29830263081	929.885009765625
2789.41527062257	929.744995117188
2791.53162608996	928.330017089844
2793.64736927828	927.650024414063
2795.76250043271	928.119995117188
2797.8770197983	928.840026855469
2799.99092761997	930.080017089844
2802.10422414252	930.330017089844
2804.21690961059	931.27001953125
2806.32898426873	935.955017089844
2808.44044836132	935.210021972656
2810.55130213264	935.719970703125
2812.66154582682	936.590026855469
2814.77117968788	938.429992675781
2816.8802039597	940.955017089844
2818.98861888601	946.460021972656
2821.09642471046	950.030029296875
2823.20362167653	953.849975585938
2825.31021002756	958.219970703125
2827.41619000682	960.85498046875
2829.52156185738	965.309997558594
2831.62632582224	969.169982910156
2833.73048214422	973.465026855469
2835.83403106606	978.234985351563
2837.93697283033	987.460021972656
2840.03930767951	1000.23498535156
2842.1410358559	1012.61499023438
2844.24215760173	1022.89001464844
2846.34267315905	1036.86499023438
2848.44258276982	1054.85998535156
2850.54188667585	1076.70495605469
2852.64058511883	1098.81994628906
2854.73867834032	1124.9150390625
2856.83616658175	1147.90502929688
2858.93305008443	1171.17004394531
2861.02932908952	1191.5849609375
2863.12500383809	1219.94995117188
2865.22007457104	1257.15002441406
2867.31454152918	1303.21496582031
2869.40840495316	1343.41003417969
2871.50166508353	1379.2099609375
2873.59432216069	1407.93505859375
2875.68637642493	1427.85998535156
2877.77782811641	1433.95495605469
2879.86867747515	1435.39501953125
2881.95892474105	1441.67504882813
2884.0485701539	1452.76501464844
2886.13761395333	1460.46496582031
2888.22605637886	1464.53002929688
2890.3138976699	1478.51000976563
2892.40113806571	1486.93505859375
2894.48777780544	1498.39001464844
2896.57381712808	1511.22497558594
2898.65925627254	1523.31494140625
2900.74409547758	1538.78503417969
2902.82833498183	1557.76501464844
2904.9119750238	1584.05004882813
2906.99501584188	1607.03002929688
2909.07745767432	1627.93994140625
2911.15930075925	1652.91003417969
2913.24054533469	1684.93005371094
2915.3211916385	1709.94995117188
2917.40123990846	1767.69995117188
2919.48069038217	1816.35498046875
2921.55954329716	1846.07495117188
2923.63779889079	1872.22998046875
2925.71545740033	1893.22998046875
2927.79251906289	1912.96997070313
2929.86898411548	1922.54504394531
2931.94485279498	1944.72998046875
2934.02012533815	1960.31994628906
2936.0948019816	1953.60498046875
2938.16888296184	1938.93505859375
2940.24236851525	1916.95495605469
2942.31525887809	1887.89001464844
2944.38755428648	1850.46496582031
2946.45925497643	1827.81005859375
2948.53036118382	1802.07995605469
2950.6008731444	1757.125
2952.67079109381	1718.42004394531
2954.74011526755	1691.7099609375
2956.80884590101	1663.2099609375
2958.87698322944	1637.16003417969
2960.94452748799	1617.22497558594
2963.01147891167	1597.1650390625
2965.07783773535	1573.31494140625
2967.14360419382	1550.25500488281
2969.2087785217	1534.31494140625
2971.27336095352	1519.94995117188
2973.33735172366	1504.02001953125
2975.40075106641	1486.93505859375
2977.46355921591	1468.4599609375
2979.52577640618	1449.84497070313
2981.58740287112	1431.77001953125
2983.64843884452	1414.48999023438
2985.70888456003	1392.31994628906
2987.76874025117	1372.15002441406
2989.82800615137	1351.64001464844
2991.88668249391	1321.9150390625
2993.94476951194	1285.00500488281
2996.00226743852	1247.00500488281
2998.05917650657	1219.79504394531
3000.11549694887	1207.54504394531
3002.17122899812	1202.33996582031
3004.22637288685	1184.9599609375
3006.2809288475	1161.19494628906
3008.33489711238	1137.47497558594
3010.38827791368	1117.61999511719
3012.44107148345	1099.1650390625
3014.49327805366	1085.09997558594
3016.5448978561	1075.83996582031
3018.59593112249	1062.86499023438
3020.64637808441	1050.68505859375
3022.6962389733	1042.11999511719
3024.74551402051	1037.53002929688
3026.79420345725	1032.4599609375
3028.84230751461	1026.60498046875
3030.88982642357	1021.42498779297
3032.93676041497	1017.58502197266
3034.98310971955	1017.92498779297
3037.02887456791	1022.16998291016
3039.07405519054	1026.48498535156
3041.11865181781	1031.17504882813
3043.16266467996	1033.75500488281
3045.20609400713	1035.07995605469
3047.24894002932	1036.4150390625
3049.2912029764	1043.01501464844
3051.33288307815	1046.54504394531
3053.37398056421	1052.72998046875
3055.41449566411	1060.93005371094
3057.45442860725	1069.69995117188
3059.49377962291	1077.98498535156
3061.53254894026	1084.92004394531
3063.57073678834	1086.6650390625
3065.60834339607	1082.72497558594
3067.64536899227	1080.48498535156
3069.68181380561	1074.81005859375
3071.71767806467	1065.19494628906
3073.75296199788	1055.32495117188
3075.78766583357	1043.05505371094
3077.82178979997	1031.19995117188
3079.85533412513	1019.15997314453
3081.88829903705	1010.05499267578
3083.92068476356	1001.94500732422
3085.95249153241	993.260009765625
3087.98371957119	984.914978027344
3090.01436910741	976.070007324219
3092.04444036844	971.984985351563
3094.07393358152	967.744995117188
3096.10284897381	966.840026855469
3098.13118677232	966.880004882813
3100.15894720395	967.575012207031
3102.18613049548	966.434997558594
3104.21273687357	965.219970703125
3106.23876656477	964.780029296875
3108.2642197955	960.905029296875
3110.28909679208	958.534973144531
3112.31339778069	959.934997558594
3114.33712298741	960.010009765625
3116.36027263819	957.434997558594
3118.38284695887	959.119995117188
3120.40484617516	960.299987792969
3122.42627051268	959.215026855469
3124.4471201969	957.590026855469
3126.46739545319	959.525024414063
3128.4870965068	962.590026855469
3130.50622358287	961.140014648438
3132.5247769064	959.075012207031
3134.54275670229	959.700012207031
3136.56016319534	963.280029296875
3138.57699661019	963.469970703125
3140.59325717139	961.114990234375
3142.60894510338	960.450012207031
3144.62406063047	960.335021972656
3146.63860397686	958.35498046875
3148.65257536662	960.025024414063
3150.66597502371	961.320007324219
3152.67880317199	962.710021972656
3154.69106003518	962.984985351563
3156.70274583691	963.85498046875
3158.71386080065	964.570007324219
3160.72440514981	964.625
3162.73437910763	964.710021972656
3164.74378289728	966.650024414063
3166.75261674179	968.385009765625
3168.76088086407	969.359985351563
3170.76857548692	972.244995117188
3172.77570083303	974.97998046875
3174.78225712498	973.914978027344
3176.78824458521	972.260009765625
3178.79366343607	973.525024414063
3180.79851389977	974.640014648438
3182.80279619844	973.320007324219
3184.80651055405	976.414978027344
3186.80965718849	976.234985351563
3188.81223632353	980.47998046875
3190.81424818081	983.280029296875
3192.81569298186	984.659973144531
3194.8165709481	983.330017089844
3196.81688230084	981.64501953125
3198.81662726126	981.840026855469
3200.81580605044	988.070007324219
3202.81441888933	990.125
3204.81246599879	990.400024414063
3206.80994759954	990.780029296875
3208.80686391219	992.39501953125
3210.80321515726	995.739990234375
3212.79900155512	996.125
3214.79422332605	998.034973144531
3216.78888069021	996.429992675781
3218.78297386765	997.924987792969
3220.77650307828	1000.13000488281
3222.76946854195	1002.21502685547
3224.76187047834	1004.32501220703
3226.75370910705	1003.40002441406
3228.74498464755	1004.95001220703
3230.73569731921	1008.49499511719
3232.72584734127	1009.28997802734
3234.71543493287	1008.27502441406
3236.70446031304	1007.47497558594
3238.69292370068	1011.73498535156
3240.68082531459	1011.79998779297
3242.66816537345	1013.61499023438
3244.65494409583	1016.47998046875
3246.6411617002	1020.64501953125
3248.62681840488	1021.72998046875
3250.61191442812	1018.88500976563
3252.59644998804	1019.36999511719
3254.58042530263	1017.60998535156
3256.56384058979	1016.20501708984
3258.54669606731	1022.78497314453
3260.52899195285	1028.67004394531
3262.51072846396	1033.55505371094
3264.4919058181	1034.64001464844
3266.47252423259	1036.84497070313
3268.45258392464	1036.38000488281
3270.43208511138	1040.98999023438
3272.41102800978	1044.63000488281
3274.38941283675	1050.69494628906
3276.36723980904	1050.98498535156
3278.34450914332	1050.3349609375
3280.32122105613	1045.51000976563
3282.29737576392	1048.76000976563
3284.272973483	1052.36999511719
3286.24801442958	1056.14001464844
3288.22249881978	1056.47497558594
3290.19642686957	1057.96997070313
3292.16979879485	1061.53503417969
3294.14261481136	1063.43005371094
3296.11487513478	1068.28002929688
3298.08657998065	1069.21997070313
3300.0577295644	1064.93994140625
3302.02832410136	1062.82495117188
3303.99836380673	1063.18505859375
3305.96784889563	1065.56494140625
3307.93677958303	1064.57495117188
3309.90515608383	1062.06994628906
3311.87297861278	1058.96496582031
3313.84024738456	1058.40502929688
3315.80696261371	1058.875
3317.77312451466	1056.1650390625
3319.73873330175	1049.89001464844
3321.70378918919	1047.24499511719
3323.66829239109	1049.59497070313
3325.63224312145	1047.32995605469
3327.59564159416	1041.25
3329.55848802299	1037.625
3331.52078262162	1038.74499511719
3333.4825256036	1041.46496582031
3335.44371718237	1043.07995605469
3337.40435757128	1043.7900390625
3339.36444698356	1043.78002929688
3341.32398563232	1038.51501464844
3343.28297373058	1033.68994140625
3345.24141149124	1030.73498535156
3347.19929912709	1029.79504394531
3349.15663685081	1033.08996582031
3351.11342487497	1034.38500976563
3353.06966341204	1033.84497070313
3355.02535267437	1032.26000976563
3356.98049287421	1031.07495117188
3358.9350842237	1027.6650390625
3360.88912693486	1028.01501464844
3362.84262121962	1030.17504882813
3364.79556728978	1027.93005371094
3366.74796535705	1027.77502441406
3368.69981563302	1028.47998046875
3370.65111832917	1025.28002929688
3372.60187365689	1019.75500488281
3374.55208182744	1016.70501708984
3376.50174305198	1017.14001464844
3378.45085754157	1018.54998779297
3380.39942550714	1018.19000244141
3382.34744715954	1014.32501220703
3384.29492270949	1012.07000732422
3386.24185236761	1010.14501953125
3388.18823634442	1010.19000244141
3390.13407485031	1007.36999511719
3392.07936809559	1006.89501953125
3394.02411629045	1006.52001953125
3395.96831964496	1005.02001953125
3397.91197836911	1003.88500976563
3399.85509267275	1004.10498046875
3401.79766276564	1002.00500488281
3403.73968885745	998.994995117188
3405.68117115771	996.239990234375
3407.62210987586	995.969970703125
3409.56250522123	994.664978027344
3411.50235740305	990.565002441406
3413.44166663043	989.47998046875
3415.38043311238	991.239990234375
3417.3186570578	990.030029296875
3419.2563386755	989.489990234375
3421.19347817415	987.835021972656
3423.13007576235	985.890014648438
3425.06613164857	987.294982910156
3427.00164604118	987.065002441406
3428.93661914844	988.364990234375
3430.87105117852	988.359985351563
3432.80494233945	986.515014648438
3434.73829283919	983.525024414063
3436.67110288558	981.724975585938
3438.60337268634	982.594970703125
3440.53510244911	982.705017089844
3442.4662923814	981.950012207031
3444.39694269064	979.484985351563
3446.32705358412	979.150024414063
3448.25662526905	976.965026855469
3450.18565795254	973.755004882813
3452.11415184156	974.539978027344
3454.04210714302	971.989990234375
3455.96952406369	970.809997558594
3457.89640281024	967.789978027344
3459.82274358924	967.184997558594
3461.74854660717	966.635009765625
3463.67381207038	963.705017089844
3465.59854018513	961.054992675781
3467.52273115756	959.005004882813
3469.44638519373	958.614990234375
3471.36950249956	957.429992675781
3473.29208328091	955.304992675781
3475.21412774349	954.794982910156
3477.13563609293	956.130004882813
3479.05660853476	955.284973144531
3480.97704527438	950.684997558594
3482.89694651712	949.135009765625
3484.81631246818	948.835021972656
3486.73514333266	946.340026855469
3488.65343931557	945.609985351563
3490.57120062179	944.505004882813
3492.48842745612	943.640014648438
3494.40512002324	939.109985351563
3496.32127852773	936.825012207031
3498.23690317408	934.294982910156
3500.15199416666	932.614990234375
3502.06655170974	930.119995117188
3503.98057600749	928.099975585938
3505.89406726396	927.534973144531
3507.80702568312	928.340026855469
3509.71945146883	928.859985351563
3511.63134482483	927.934997558594
3513.54270595478	923.914978027344
3515.45353506222	922.010009765625
3517.3638323506	922.599975585938
3519.27359802324	922.375
3521.1828322834	920.830017089844
3523.09153533419	915.094970703125
3524.99970737866	912.945007324219
3526.90734861972	913.375
3528.81445926021	911.859985351563
3530.72103950283	910.5
3532.62708955022	908.919982910156
3534.53260960488	909.330017089844
3536.43759986923	907.835021972656
3538.34206054558	903.965026855469
3540.24599183613	899.015014648438
3542.149393943	896.880004882813
3544.05226706817	899.380004882813
3545.95461141357	897.64501953125
3547.85642718097	893.864990234375
3549.75771457208	892.655029296875
3551.6584737885	895.284973144531
3553.55870503171	894.054992675781
3555.4584085031	893.200012207031
3557.35758440396	890.179992675781
3559.25623293548	889.140014648438
3561.15435429874	886.130004882813
3563.05194869473	885.364990234375
3564.94901632432	885.794982910156
3566.84555738829	883.724975585938
3568.74157208732	883.280029296875
3570.63706062199	881.155029296875
3572.53202319277	881.049987792969
3574.42646000003	881.739990234375
3576.32037124406	882.525024414063
3578.213757125	881.375
3580.10661784295	879.27001953125
3581.99895359786	880.265014648438
3583.8907645896	880.875
3585.78205101794	879.150024414063
3587.67281308254	876.22998046875
3589.56305098297	874.775024414063
3591.4527649187	874.135009765625
3593.34195508907	874.859985351563
3595.23062169338	875.474975585938
3597.11876493075	874.39501953125
3599.00638500027	872.330017089844
3600.89348210089	869.659973144531
3602.78005643148	868.599975585938
3604.66610819078	868.830017089844
3606.55163757747	870.25
3608.4366447901	869.705017089844
3610.32113002713	868.739990234375
3612.20509348693	866.724975585938
3614.08853536774	866.965026855469
3615.97145586773	864.419982910156
3617.85385518497	861.909973144531
3619.7357335174	862.010009765625
3621.61709106289	861.945007324219
3623.4979280192	860.440002441406
3625.37824458399	859.400024414063
3627.25804095482	858.35498046875
3629.13731732915	858.280029296875
3631.01607390435	857.890014648438
3632.89431087767	858.390014648438
3634.77202844629	856.940002441406
3636.64922680726	855.109985351563
3638.52590615754	854.455017089844
3640.40206669402	853.409973144531
3642.27770861344	854.364990234375
3644.15283211248	853.094970703125
3646.02743738771	853.900024414063
3647.90152463559	854.200012207031
3649.77509405251	854.140014648438
3651.64814583473	852.090026855469
3653.52068017842	851.765014648438
3655.39269727965	850.690002441406
3657.26419733442	850.554992675781
3659.13518053858	850.10498046875
3661.00564708793	848.885009765625
3662.87559717814	847.434997558594
3664.7450310048	846.044982910156
3666.61394876338	847.554992675781
3668.48235064928	847.044982910156
3670.35023685779	845.280029296875
3672.21760758409	844.14501953125
3674.08446302327	843.684997558594
3675.95080337033	843.505004882813
3677.81662882017	843.400024414063
3679.68193956758	843.215026855469
3681.54673580727	843.955017089844
3683.41101773383	842.955017089844
3685.27478554178	842.804992675781
3687.13803942551	842.89501953125
3689.00077957934	841.585021972656
3690.86300619748	839.684997558594
3692.72471947405	838.75
3694.58591960306	836.440002441406
3696.44660677844	838.075012207031
3698.306781194	839.75
3700.16644304348	839.400024414063
3702.02559252049	838.099975585938
3703.88422981859	836.669982910156
3705.74235513119	834.559997558594
3707.59996865164	834.159973144531
3709.45707057318	832.700012207031
3711.31366108895	834.059997558594
3713.16974039199	834.159973144531
3715.02530867527	834.159973144531
3716.88036613164	833.119995117188
3718.73491295385	834.400024414063
3720.58894933456	834.515014648438
3722.44247546634	833.780029296875
3724.29549154166	830.969970703125
3726.14799775289	828.294982910156
3727.9999942923	829.200012207031
3729.85148135209	830.344970703125
3731.70245912432	828.614990234375
3733.55292780098	828.190002441406
3735.40288757397	829.155029296875
3737.25233863509	827.090026855469
3739.10128117603	826.349975585938
3740.9497153884	826.994995117188
3742.7976414637	827.304992675781
3744.64505959335	829.205017089844
3746.49196996866	830.294982910156
3748.33837278086	829.775024414063
3750.18426822108	829.119995117188
3752.02965648033	829.549987792969
3753.87453774956	829.840026855469
3755.7189122196	829.864990234375
3757.5627800812	828.799987792969
3759.40614152501	827.755004882813
3761.24899674159	828.974975585938
3763.09134592138	828.432495117188
3764.93318925476	827.890014648438
3766.77452693199	827.809997558594
3768.61535914325	827.010009765625
3770.45568607861	825.150024414063
3772.29550792807	824.700012207031
3774.1348248815	825.375
3775.9736371287	826.010009765625
3777.81194485938	827.195007324219
