32.6816976106991	712.109985351563
35.6535599501435	712.119995117188
38.6244374909659	712.174987792969
41.5943306947054	712.015014648438
44.5632400226282	711.969970703125
47.5311659356917	711.869995117188
50.4981088945929	711.890014648438
53.4640693597127	711.864990234375
56.4290477911676	711.849975585938
59.3930446487746	712
62.356060392067	711.940002441406
65.3180954802906	711.890014648438
68.2791503724084	711.950012207031
71.2392255270922	711.880004882813
74.1983214027271	711.880004882813
77.1564384574159	712.049987792969
80.113577148983	711.984985351563
83.0697379349549	712.119995117188
86.0249212725722	712.195007324219
88.9791276188058	712.044982910156
91.9323574303255	712.140014648438
94.8846111635238	712.135009765625
97.8358892745121	712.190002441406
100.786192219114	712.030029296875
103.73552045287	712.14501953125
106.683874431037	712.380004882813
109.631254608583	712.460021972656
112.577661440203	712.695007324219
115.523095380307	712.924987792969
118.467556883015	713.25
121.411046402175	714.224975585938
124.353564391344	715.640014648438
127.295111303796	718.280029296875
130.235687592532	723.255004882813
133.175293710265	731.85498046875
136.113930109434	746.494995117188
139.051597242185	766.52001953125
141.98829556039	793.174987792969
144.92402551564	822.914978027344
147.858787559244	854.325012207031
150.792582142239	887.155029296875
153.725409715372	915.674987792969
156.65727072911	931.585021972656
159.588165633643	940.765014648438
162.518094878884	948.844970703125
165.447058914469	955.60498046875
168.375058189747	956.02001953125
171.302093153792	953.969970703125
174.228164255401	948.844970703125
177.153271943091	946.864990234375
180.077416665101	944.52001953125
183.000598869394	945.044982910156
185.922819003656	946.10498046875
188.84407751529	947.465026855469
191.764374851424	951.695007324219
194.683711458919	949.820007324219
197.60208778434	948.619995117188
200.519504273992	955.119995117188
203.435961373894	961.85498046875
206.351459529801	969.304992675781
209.265999187174	977.150024414063
212.179580791207	985.27001953125
215.092204786825	995.075012207031
218.003871618673	1008.32501220703
220.914581731116	1025.35498046875
223.824335568247	1037.19494628906
226.733133573893	1041.07495117188
229.640976191593	1047.90002441406
232.547863864614	1055.68005371094
235.453797035961	1060.34997558594
238.358776148354	1060.9599609375
241.26280164424	1058.46997070313
244.1658739658	1054.64501953125
247.067993554929	1052.46496582031
249.969160853266	1046.9599609375
252.869376302162	1045.19494628906
255.768640342707	1039.61999511719
258.666953415705	1033.90002441406
261.564315961705	1030.85498046875
264.46072842097	1026.17504882813
267.356191233499	1022.28497314453
270.25070483901	1020.23498535156
273.144269676967	1018.76000976563
276.036886186551	1015.02001953125
278.928554806671	1012.65997314453
281.819275975966	1009.22998046875
284.709050132812	1004.31500244141
287.597877715306	1007.72998046875
290.485759161281	1006.27502441406
293.372694908298	998.674987792969
296.258685393644	993.875
299.143731054352	991.02001953125
302.027832327156	989.525024414063
304.910989648557	990.705017089844
307.79320345476	991.440002441406
310.674474181717	991.60498046875
313.554802265101	987.575012207031
316.434188140326	986.539978027344
319.312632242533	986.015014648438
322.190135006593	983.549987792969
325.066696867117	981.60498046875
327.942318258443	981.414978027344
330.816999614641	980.830017089844
333.690741369517	979.195007324219
336.56354395661	974.905029296875
339.435407809193	969.294982910156
342.306333360273	966.090026855469
345.176321042591	962.539978027344
348.045371288612	961.400024414063
350.913484530551	960.27001953125
353.78066120035	957.684997558594
356.64690172969	954.909973144531
359.512206549972	952.609985351563
362.376576092357	950.044982910156
365.240010787716	950.065002441406
368.102511066677	948.369995117188
370.964077359587	949.059997558594
373.82471009654	949.760009765625
376.684409707364	948.219970703125
379.543176621612	950.47998046875
382.401011268595	948.585021972656
385.257914077343	947.349975585938
388.113885476627	945.635009765625
390.968925894961	944.775024414063
393.823035760591	948.195007324219
396.676215501503	956.505004882813
399.528465545415	958.429992675781
402.379786319791	959.755004882813
405.230178251834	960.934997558594
408.079641768472	966.47998046875
410.928177296387	969.059997558594
413.775785261992	971.190002441406
416.622466091445	973.940002441406
419.468220210631	977.75
422.313048045182	982.455017089844
425.156950020479	984.60498046875
427.999926561623	981.445007324219
430.841978093471	978.255004882813
433.683105040613	975.039978027344
436.523307827384	971.64501953125
439.362586877851	967.35498046875
442.200942615829	967.650024414063
445.038375464876	966.109985351563
447.874885848283	965.114990234375
450.710474189089	964.710021972656
453.54514091007	963.835021972656
456.37888643375	964.969970703125
459.211711182386	965.005004882813
462.043615577986	962.320007324219
464.874600042297	959.840026855469
467.704664996804	956.559997558594
470.533810862741	956.090026855469
473.36203806108	955.210021972656
476.189347012547	952.77001953125
479.015738137594	952.744995117188
481.841211856432	953.765014648438
484.665768589008	955.969970703125
487.489408755009	960.744995117188
490.312132773878	963.784973144531
493.133941064796	965.284973144531
495.954834046683	968.594970703125
498.77481213821	972.690002441406
501.593875757797	974.64501953125
504.412025323601	976.739990234375
507.229261253524	975.914978027344
510.045583965226	975.070007324219
512.860993876093	973.844970703125
515.675491403271	974.244995117188
518.489076963649	970.450012207031
521.301750973863	966.875
524.113513850293	962.429992675781
526.924366009065	962
529.734307866052	960.830017089844
532.543339836881	959.809997558594
535.35146233692	955.599975585938
538.158675781281	950.549987792969
540.964980584833	949.10498046875
543.770377162182	947.900024414063
546.574865927692	943.460021972656
549.378447295465	941.39501953125
552.181121679365	939.325012207031
554.982889492993	935.695007324219
557.783751149701	933.575012207031
560.583707062591	932.330017089844
563.38275764452	931.010009765625
566.180903308083	929.125
568.978144465633	927.695007324219
571.774481529266	928.35498046875
574.569914910839	927.659973144531
577.364445021949	926.739990234375
580.158072273946	924.325012207031
582.950797077926	922.690002441406
585.742619844752	920.130004882813
588.533540985018	918.02001953125
591.323560909078	918.864990234375
594.112680027034	918.010009765625
596.90089874875	916.664978027344
599.688217483828	914.844970703125
602.474636641629	913.309997558594
605.260156631263	912.799987792969
608.044777861596	912.969970703125
610.828500741241	910.414978027344
613.611325678567	909.369995117188
616.393253081697	913.304992675781
619.174283358506	919.414978027344
621.954416916616	920.434997558594
624.733654163414	921.869995117188
627.511995506029	922.35498046875
630.289441351351	919.065002441406
633.065992106022	912.205017089844
635.841648176434	909.159973144531
638.616409968744	910.789978027344
641.390277888847	916.494995117188
644.163252342408	920.515014648438
646.93533373484	924.070007324219
649.706522471307	925.044982910156
652.47681895674	922.575012207031
655.246223595811	918.664978027344
658.014736792957	916.890014648438
660.782358952371	918.239990234375
663.549090477999	918.195007324219
666.314931773542	922.010009765625
669.079883242452	922.609985351563
671.843945287955	921.429992675781
674.607118313019	920.190002441406
677.369402720366	918.280029296875
680.130798912488	917.205017089844
682.891307291627	917.52001953125
685.650928259784	918
688.409662218708	916.484985351563
691.167509569927	915.830017089844
693.924470714705	916.27001953125
696.680546054078	919.27001953125
699.435735988832	920.015014648438
702.190040919516	922.380004882813
704.943461246442	924.469970703125
707.695997369667	923.97998046875
710.447649689022	922.575012207031
713.198418604088	922.650024414063
715.948304514206	922.554992675781
718.697307818481	923.14501953125
721.445428915779	926.244995117188
724.192668204716	929.52001953125
726.93902608368	928.52001953125
729.684502950805	925.684997558594
732.429099204005	926.099975585938
735.172815240936	926.755004882813
737.915651459026	928.234985351563
740.657608255463	929.945007324219
743.398686027186	932.164978027344
746.13888517091	935.815002441406
748.878206083102	940.554992675781
751.616649159998	944.135009765625
754.354214797584	945.059997558594
757.09090339162	948.294982910156
759.826715337622	950.744995117188
762.561651030868	948.505004882813
765.295710866406	944.515014648438
768.028895239041	935.869995117188
770.761204543336	928.364990234375
773.492639173626	923.445007324219
776.223199524006	922.059997558594
778.952885988334	917.77001953125
781.681698960235	914.35498046875
784.40963883309	913.034973144531
787.136706000052	911.929992675781
789.862900854037	909.559997558594
792.588223787721	910.434997558594
795.312675193549	912.184997558594
798.036255463728	914.700012207031
800.758964990228	914.505004882813
803.480804164792	916.289978027344
806.201773378919	920.914978027344
808.921873023884	922.109985351563
811.641103490712	924.465026855469
814.359465170214	928.780029296875
817.076958452946	936.739990234375
819.793583729246	942.484985351563
822.509341389214	952.809997558594
825.224231822712	966.02001953125
827.938255419375	976.710021972656
830.651412568596	984.114990234375
833.363703659544	989.650024414063
836.075129081157	994.820007324219
838.785689222127	993.650024414063
841.495384470928	992.75
844.204215215788	994.919982910156
846.912181844721	999.755004882813
849.619284745491	1004.16497802734
852.325524305638	1014.72998046875
855.030900912475	1022.28002929688
857.735414953079	1027.54504394531
860.439066814289	1026.7900390625
863.141856882725	1018.56500244141
865.843785544769	1006.08001708984
868.544853186571	998.10498046875
871.245060194063	996.789978027344
873.944406952925	998.679992675781
876.642893848625	999.794982910156
879.340521266398	1002.41497802734
882.037289591241	1004.22497558594
884.733199207927	1009.05499267578
887.428250501001	1008.56500244141
890.122443854778	1010.72497558594
892.815779653335	1009.94000244141
895.508258280534	1012.51000976563
898.199880119997	1016.80999755859
900.890645555129	1022.48999023438
903.580554969094	1023
906.269608744832	1022.01501464844
908.957807265056	1022.85998535156
911.645150912257	1017.64001464844
914.331640068689	1012.00500488281
917.017275116375	1012.45001220703
919.702056437128	1015.23999023438
922.385984412518	1020.09497070313
925.069059423886	1025.09497070313
927.751281852366	1035.46496582031
930.432652078842	1040.64501953125
933.113170483983	1042.0849609375
935.79283744823	1047.18505859375
938.471653351806	1056.52001953125
941.149618574686	1062.06994628906
943.826733496641	1071.78002929688
946.502998497206	1079.30004882813
949.178413955689	1072.78002929688
951.85298025118	1074.17004394531
954.526697762544	1073.06494140625
957.199566868403	1069.98999023438
959.87158794718	1073.33996582031
962.542761377054	1078.5849609375
965.213087535987	1078.06994628906
967.882566801719	1070.69995117188
970.551199551761	1060.19494628906
973.218986163399	1054.49499511719
975.885927013698	1048.50500488281
978.552022479501	1048.28503417969
981.217272937423	1049.26501464844
983.88167876386	1058.06994628906
986.545240334978	1065.63000488281
989.207958026729	1070.63500976563
991.869832214835	1083.0849609375
994.530863274798	1101.61499023438
997.191051581895	1131.18005371094
999.850397511185	1172.46997070313
1002.50890143751	1212.65502929688
1005.16656373546	1250.71496582031
1007.82338477944	1268.92004394531
1010.47936494363	1255.65002441406
1013.13450460195	1217.375
1015.78880412815	1161.48999023438
1018.44226389572	1112.52001953125
1021.09488427794	1084.30505371094
1023.74666564789	1068.9150390625
1026.3976083784	1054.81005859375
1029.04771284208	1056.30004882813
1031.69697941135	1064.26501464844
1034.34540845838	1069.46496582031
1036.99300035512	1071.43005371094
1039.63975547333	1067.60498046875
1042.28567418452	1061.59497070313
1044.93075685998	1051.47497558594
1047.57500387081	1048.76000976563
1050.21841558786	1048.05004882813
1052.86099238177	1050.55505371094
1055.50273462297	1055.56994628906
1058.14364268167	1057.52502441406
1060.78371692784	1059.74499511719
1063.42295773126	1064.63500976563
1066.06136546148	1070.44995117188
1068.69894048781	1078.83996582031
1071.33568317939	1087.0400390625
1073.9715939051	1090.39501953125
1076.60667303362	1093.65502929688
1079.24092093341	1099.08996582031
1081.87433797271	1103.09997558594
1084.50692451954	1108.19995117188
1087.13868094172	1102.10998535156
1089.76960760684	1095.97497558594
1092.39970488226	1092.57995605469
1095.02897313516	1088.07495117188
1097.65741273246	1081.20495605469
1100.28502404089	1076.34497070313
1102.91180742697	1070.94995117188
1105.53776325698	1065.90502929688
1108.16289189701	1063.32495117188
1110.78719371291	1058.45495605469
1113.41066907033	1056.61999511719
1116.0333183347	1052.40002441406
1118.65514187124	1052.0400390625
1121.27614004495	1053.1650390625
1123.89631322061	1057.60498046875
1126.51566176279	1063.01000976563
1129.13418603585	1062.04504394531
1131.75188640394	1057.63500976563
1134.36876323098	1051.31494140625
1136.98481688069	1034.375
1139.60004771655	1016.84497070313
1142.21445610187	1002.03002929688
1144.82804239972	989.934997558594
1147.44080697295	986.739990234375
1150.05275018421	989.909973144531
1152.66387239593	995.885009765625
1155.27417397034	1002.07000732422
1157.88365526943	1009.45001220703
1160.49231665502	1014.13000488281
1163.10015848867	1011.94000244141
1165.70718113176	1014.22497558594
1168.31338494544	1014.09497070313
1170.91877029067	1012.48999023438
1173.52333752817	1012.64001464844
1176.12708701847	1014.08502197266
1178.73001912187	1016.77502441406
1181.33213419848	1011.32000732422
1183.93343260819	1007.71997070313
1186.53391471068	1001.64501953125
1189.13358086539	996.765014648438
1191.73243143161	996
1194.33046676836	997.39501953125
1196.92768723449	1003.94000244141
1199.52409318861	1012.92999267578
1202.11968498915	1025.19494628906
1204.7144629943	1035.3349609375
1207.30842756206	1045.30505371094
1209.90157905021	1053.60998535156
1212.49391781634	1056.80505371094
1215.08544421779	1056.8349609375
1217.67615861174	1052.92004394531
1220.26606135512	1047.07995605469
1222.85515280468	1046.42004394531
1225.44343331694	1051.5
1228.03090324823	1060.39501953125
1230.61756295466	1070.48498535156
1233.20341279213	1078.31494140625
1235.78845311634	1091.82495117188
1238.37268428278	1102.11499023438
1240.95610664673	1107.33996582031
1243.53872056325	1114.2099609375
1246.12052638722	1121.61999511719
1248.70152447329	1122.9599609375
1251.28171517591	1121.97497558594
1253.86109884934	1119.31494140625
1256.43967584759	1118.19494628906
1259.0174465245	1120.43505859375
1261.5944112337	1121.25
1264.1705703286	1120.93005371094
1266.74592416241	1126.15002441406
1269.32047308814	1121.69494628906
1271.89421745858	1120.51501464844
1274.46715762633	1118.94995117188
1277.03929394377	1119.45495605469
1279.61062676308	1118.46997070313
1282.18115643624	1115.14001464844
1284.75088331502	1115.10998535156
1287.31980775098	1110.35998535156
1289.88793009548	1108
1292.45525069969	1104.46496582031
1295.02176991454	1102.78503417969
1297.58748809078	1103.63500976563
1300.15240557897	1107.7099609375
1302.71652272942	1111.00500488281
1305.27983989229	1116.5400390625
1307.84235741749	1123.96496582031
1310.40407565475	1131.15502929688
1312.9649949536	1141.05505371094
1315.52511566335	1152.6650390625
1318.08443813311	1159.25500488281
1320.64296271181	1161.02001953125
1323.20068974815	1161.08996582031
1325.75761959063	1160.27001953125
1328.31375258756	1157.73498535156
1330.86908908704	1156.24499511719
1333.42362943696	1157.28503417969
1335.97737398503	1159.60498046875
1338.53032307874	1163.92004394531
1341.08247706537	1167.0849609375
1343.63383629202	1164.81005859375
1346.18440110558	1154.94995117188
1348.73417185274	1143.89001464844
1351.28314887997	1134.85998535156
1353.83133253357	1118.18005371094
1356.37872315961	1099.36999511719
1358.92532110398	1085.31005859375
1361.47112671237	1068.56994628906
1364.01614033024	1056.85498046875
1366.56036230288	1049.76501464844
1369.10379297537	1039.57995605469
1371.64643269258	1028.18005371094
1374.18828179921	1020.78002929688
1376.72934063972	1016.13500976563
1379.2696095584	1010.06500244141
1381.80908889932	1008.82000732422
1384.34777900637	1006.60998535156
1386.88568022323	1008.38000488281
1389.42279289337	1008.82501220703
1391.95911736009	1010.875
1394.49465396645	1014.13000488281
1397.02940305537	1023.28997802734
1399.5633649695	1028.17504882813
1402.09654005135	1026.69995117188
1404.6289286432	1032.47998046875
1407.16053108714	1037.53503417969
1409.69134772507	1033.39501953125
1412.22137889868	1034.57995605469
1414.75062494947	1034.92004394531
1417.27908621874	1036.22998046875
1419.80676304759	1035.53503417969
1422.33365577692	1037.69995117188
1424.85976474744	1043.72497558594
1427.38509029967	1049.68005371094
1429.90963277392	1056.77001953125
1432.4333925103	1064.56005859375
1434.95636984873	1079.36999511719
1437.47856512894	1099.2900390625
1439.99997869045	1126.14001464844
1442.5206108726	1157.76000976563
1445.04046201452	1182.43005371094
1447.55953245515	1200.93505859375
1450.07782253323	1215.93994140625
1452.59533258731	1219.05004882813
1455.11206295574	1219.57995605469
1457.62801397668	1215.97497558594
1460.14318598809	1199.81005859375
1462.65757932774	1186.83996582031
1465.1711943332	1171.47998046875
1467.68403134184	1142.38500976563
1470.19609069085	1112.0849609375
1472.70737271721	1079.6650390625
1475.21787775772	1047.0400390625
1477.72760614897	1017.01501464844
1480.23655822738	990.244995117188
1482.74473432914	964.969970703125
1485.25213479029	943.575012207031
1487.75875994664	927.794982910156
1490.26461013382	916.594970703125
1492.76968568726	908.695007324219
1495.27398694222	902.080017089844
1497.77751423374	896.205017089844
1500.28026789667	894.494995117188
1502.78224826569	892.664978027344
1505.28345567526	890.929992675781
1507.78389045967	888.005004882813
1510.28355295299	886.215026855469
1512.78244348913	885.830017089844
1515.28056240178	883.905029296875
1517.77791002445	883.359985351563
1520.27448669047	884.594970703125
1522.77029273296	884.280029296875
1525.26532848486	883.10498046875
1527.75959427889	884.60498046875
1530.25309044764	885.554992675781
1532.74581732344	888.450012207031
1535.23777523847	891.515014648438
1537.72896452471	891.364990234375
1540.21938551394	892.75
1542.70903853778	896.505004882813
1545.19792392761	903.815002441406
1547.68604201466	910.330017089844
1550.17339312997	917.590026855469
1552.65997760434	925.664978027344
1555.14579576845	931.825012207031
1557.63084795275	936.780029296875
1560.11513448749	934.710021972656
1562.59865570276	929.940002441406
1565.08141192845	927.909973144531
1567.56340349426	924.900024414063
1570.04463072969	921.125
1572.52509396406	918.700012207031
1575.00479352652	919.994995117188
1577.48372974599	923.094970703125
1579.96190295124	927.719970703125
1582.43931347083	933.260009765625
1584.91596163314	934.659973144531
1587.39184776636	939.794982910156
1589.86697219849	943.544982910156
1592.34133525734	948.919982910156
1594.81493727054	951.344970703125
1597.28777856553	957.039978027344
1599.75985946955	966.794982910156
1602.23118030968	976.200012207031
1604.70174141278	989.265014648438
1607.17154310555	1002.40502929688
1609.64058571449	1011.28497314453
1612.10886956591	1013.85998535156
1614.57639498595	1015.21997070313
1617.04316230054	1015.97998046875
1619.50917183543	1012.07501220703
1621.97442391621	1003.97497558594
1624.43891886825	997.190002441406
1626.90265701674	994.75
1629.36563868671	993.39501953125
1631.82786420296	989.625
1634.28933389016	991.575012207031
1636.75004807274	999.469970703125
1639.21000707498	1006.30499267578
1641.66921122097	1018.15502929688
1644.12766083459	1038.96997070313
1646.58535623956	1059.09497070313
1649.04229775941	1078.18994140625
1651.4984857175	1097.93994140625
1653.95392043697	1119.15502929688
1656.40860224079	1135.42504882813
1658.86253145177	1149.55505371094
1661.3157083925	1153.70495605469
1663.76813338542	1154.69995117188
1666.21980675275	1154.5849609375
1668.67072881656	1148.30505371094
1671.1208998987	1136.58996582031
1673.57032032089	1124.15502929688
1676.0189904046	1110.06994628906
1678.46691047118	1094.03503417969
1680.91408084174	1075.05505371094
1683.36050183726	1053.45495605469
1685.8061737785	1032.00500488281
1688.25109698605	1009.40997314453
1690.69527178032	986.619995117188
1693.13869848153	965.710021972656
1695.58137740972	946.565002441406
1698.02330888476	928.515014648438
1700.46449322631	911.369995117188
1702.90493075388	896.159973144531
1705.34462178678	882.190002441406
1707.78356664414	869.359985351563
1710.22176564492	860.265014648438
1712.65921910787	852.585021972656
1715.0959273516	847.530029296875
1717.53189069449	842.25
1719.9671094548	839.539978027344
1722.40158395054	837.015014648438
1724.8353144996	835.140014648438
1727.26830141965	834.195007324219
1729.70054502819	832.27001953125
1732.13204564255	829.905029296875
1734.56280357987	829.299987792969
1736.99281915711	829.684997558594
1739.42209269106	828.799987792969
1741.85062449831	827.27001953125
1744.27841489529	826.39501953125
1746.70546419823	825.934997558594
1749.13177272321	824.905029296875
1751.5573407861	823.914978027344
1753.98216870262	824.150024414063
1756.40625678828	823.294982910156
1758.82960535844	823.109985351563
1761.25221472825	823.875
1763.67408521271	822.409973144531
1766.09521712663	821.804992675781
1768.51561078464	821.275024414063
1770.93526650119	820.659973144531
1773.35418459056	819.585021972656
1775.77236536684	820.099975585938
1778.18980914396	819.10498046875
1780.60651623565	819.164978027344
1783.02248695548	819.315002441406
1785.43772161684	818.630004882813
1787.85222053292	818.234985351563
1790.26598401677	816.989990234375
1792.67901238123	817.27001953125
1795.09130593899	818.034973144531
1797.50286500254	817.380004882813
1799.9136898842	815.880004882813
1802.32378089613	815.734985351563
1804.73313835028	816.375
1807.14176255846	816.039978027344
1809.54965383228	815.169982910156
1811.95681248317	815.60498046875
1814.36323882242	815.125
1816.76893316109	814.530029296875
1819.17389581011	813.64501953125
1821.57812708021	812.940002441406
1823.98162728196	813.640014648438
1826.38439672573	815.380004882813
1828.78643572174	814.945007324219
1831.18774458003	814.025024414063
1833.58832361045	814.52001953125
1835.98817312269	814.570007324219
1838.38729342625	812.710021972656
1840.78568483048	811.684997558594
1843.18334764454	811.890014648438
1845.58028217741	811.575012207031
1847.9764887379	812.429992675781
1850.37196763465	813.030029296875
1852.76671917613	812.664978027344
1855.16074367062	812.049987792969
1857.55404142624	812.669982910156
1859.94661275094	811.75
1862.33845795247	811.094970703125
1864.72957733844	811.114990234375
1867.11997121627	811.580017089844
1869.5096398932	811.650024414063
1871.89858367631	810.75
1874.28680287251	812.025024414063
1876.67429778851	811.539978027344
1879.06106873089	812.385009765625
1881.44711600601	811.179992675781
1883.8324399201	811.070007324219
1886.21704077919	809.830017089844
1888.60091888915	811.219970703125
1890.98407455567	811.289978027344
1893.36650808428	811.260009765625
1895.74821978033	811.275024414063
1898.12920994899	811.135009765625
1900.50947889527	811.210021972656
1902.88902692401	810.755004882813
1905.26785433986	811.02001953125
1907.64596144734	811.159973144531
1910.02334855075	810.955017089844
1912.40001595424	811.590026855469
1914.7759639618	811.844970703125
1917.15119287724	810.75
1919.52570300419	809.909973144531
1921.89949464611	809.10498046875
1924.27256810632	810.875
1926.64492368793	812.075012207031
1929.0165616939	810.650024414063
1931.38748242701	812.049987792969
1933.75768618989	811.210021972656
1936.12717328497	810.89501953125
1938.49594401455	810.614990234375
1940.86399868071	810.344970703125
1943.23133758541	810.234985351563
1945.5979610304	810.284973144531
1947.96386931729	810.125
1950.32906274751	810.385009765625
1952.69354162232	809.809997558594
1955.0573062428	810.989990234375
1957.42035690989	810.914978027344
1959.78269392434	811.114990234375
1962.14431758673	811.325012207031
1964.50522819748	810.955017089844
1966.86542605684	810.164978027344
1969.22491146488	810.844970703125
1971.58368472153	809.929992675781
1973.94174612654	810.335021972656
1976.29909597945	810.190002441406
1978.65573457971	810.804992675781
1981.01166222654	811.330017089844
1983.36687921902	811.070007324219
1985.72138585606	810.195007324219
1988.07518243639	809.809997558594
1990.42826925859	809.64501953125
1992.78064662106	809.664978027344
1995.13231482205	810.070007324219
1997.48327415961	809.775024414063
1999.83352493167	809.734985351563
2002.18306743594	809.5
2004.53190197002	810.664978027344
2006.8800288313	810.765014648438
2009.22744831703	809.89501953125
2011.57416072427	810.130004882813
2013.92016634993	810.594970703125
2016.26546549076	808.669982910156
2018.61005844332	808.869995117188
2020.95394550404	808.385009765625
2023.29712696915	809.205017089844
2025.63960313474	809.840026855469
2027.98137429672	809.534973144531
2030.32244075083	810.77001953125
2032.66280279266	810.409973144531
2035.00246071763	810.309997558594
2037.34141482099	809.460021972656
2039.67966539784	809.715026855469
2042.01721274309	811.155029296875
2044.35405715151	811.830017089844
2046.69019891769	810.89501953125
2049.02563833606	811.690002441406
2051.3603757009	812.184997558594
2053.6944113063	811.190002441406
2056.0277454462	811.674987792969
2058.36037841439	811.140014648438
2060.69231050446	811.684997558594
2063.02354200988	811.075012207031
2065.35407322392	811.049987792969
2067.68390443971	810.724975585938
2070.01303595021	811.534973144531
2072.3414680482	812.200012207031
2074.66920102633	812.219970703125
2076.99623517706	811.47998046875
2079.32257079271	812.525024414063
2081.6482081654	810.195007324219
2083.97314758713	810.5
2086.29738934971	812.429992675781
2088.62093374481	812.315002441406
2090.94378106391	813.929992675781
2093.26593159835	812.89501953125
2095.5873856393	811.280029296875
2097.90814347777	811.325012207031
2100.2282054046	812.239990234375
2102.54757171048	813.650024414063
2104.86624268594	814.669982910156
2107.18421862133	814.580017089844
2109.50149980686	814.344970703125
2111.81808653257	813.575012207031
2114.13397908834	813.130004882813
2116.44917776388	813.789978027344
2118.76368284875	815.289978027344
2121.07749463235	814.765014648438
2123.39061340391	813.534973144531
2125.70303945252	812.885009765625
2128.01477306707	813.330017089844
2130.32581453634	814.77001953125
2132.63616414891	814.724975585938
2134.94582219322	814.775024414063
2137.25478895754	814.210021972656
2139.56306472999	813.174987792969
2141.87064979851	812.825012207031
2144.17754445092	814.155029296875
2146.48374897484	815.77001953125
2148.78926365774	815.799987792969
2151.09408878695	815.015014648438
2153.39822464963	815.664978027344
2155.70167153277	815.10498046875
2158.00442972321	814.265014648438
2160.30649950763	813.635009765625
2162.60788117256	814.390014648438
2164.90857500436	814.549987792969
2167.20858128923	816.10498046875
2169.50790031323	815.049987792969
2171.80653236223	814.869995117188
2174.10447772198	814.255004882813
2176.40173667804	814.419982910156
2178.69830951582	814.570007324219
2180.99419652058	814.320007324219
2183.28939797743	815.309997558594
2185.5839141713	815.130004882813
2187.87774538698	815.349975585938
2190.17089190908	815.900024414063
2192.46335402209	814.780029296875
2194.75513201032	814.664978027344
2197.04622615791	813.900024414063
2199.33663674886	814.525024414063
2201.62636406702	814.135009765625
2203.91540839606	812.875
2206.20377001952	813.640014648438
2208.49144922077	814.215026855469
2210.77844628302	815.320007324219
2213.06476148933	815.075012207031
2215.3503951226	814.755004882813
2217.63534746557	814.565002441406
2219.91961880085	814.244995117188
2222.20320941085	814.409973144531
2224.48611957785	814.375
2226.76834958399	814.195007324219
2229.04989971122	814.169982910156
2231.33077024136	813.340026855469
2233.61096145607	814.114990234375
2235.89047363683	814.330017089844
2238.169307065	813.849975585938
2240.44746202178	813.77001953125
2242.72493878819	813.434997558594
2245.00173764511	813.580017089844
2247.27785887327	813.815002441406
2249.55330275324	814.405029296875
2251.82806956545	814.130004882813
2254.10215959014	815.155029296875
2256.37557310744	815.455017089844
2258.64831039729	815.27001953125
2260.92037173949	815.085021972656
2263.19175741368	814.809997558594
2265.46246769938	815.085021972656
2267.7325028759	814.590026855469
2270.00186322243	815.419982910156
2272.270549018	814.919982910156
2274.5385605415	813.409973144531
2276.80589807165	813.294982910156
2279.07256188702	814.130004882813
2281.33855226601	813.940002441406
2283.60386948691	813.715026855469
2285.86851382782	815.294982910156
2288.1324855667	814.599975585938
2290.39578498136	815.184997558594
2292.65841234945	816.070007324219
2294.92036794847	816.169982910156
2297.18165205578	816.469970703125
2299.44226494856	814.994995117188
2301.70220690387	815.22998046875
2303.96147819859	816.205017089844
2306.22007910947	815.900024414063
2308.47800991309	816.429992675781
2310.73527088589	816.195007324219
2312.99186230416	816.974975585938
2315.24778444403	815.835021972656
2317.50303758149	817.950012207031
2319.75762199235	818.784973144531
2322.01153795231	819.125
2324.26478573689	818.530029296875
2326.51736562147	817.109985351563
2328.76927788127	818.859985351563
2331.02052279137	819.900024414063
2333.2711006267	818.364990234375
2335.52101166203	817.169982910156
2337.77025617198	816.02001953125
2340.01883443103	815.864990234375
2342.2667467135	816.97998046875
2344.51399329356	816.715026855469
2346.76057444525	817.255004882813
2349.00649044241	816.929992675781
2351.2517415588	815.885009765625
2353.49632806796	814.97998046875
2355.74025024334	814.085021972656
2357.98350835819	814.215026855469
2360.22610268566	814.659973144531
2362.4680334987	815.265014648438
2364.70930107016	815.809997558594
2366.94990567269	815.840026855469
2369.18984757884	816.025024414063
2371.42912706098	817.25
2373.66774439134	816.14501953125
2375.90569984199	815.580017089844
2378.14299368488	815.460021972656
2380.37962619179	813.005004882813
2382.61559763435	814.784973144531
2384.85090828405	816.070007324219
2387.08555841222	815.239990234375
2389.31954829006	815.174987792969
2391.55287818861	814.515014648438
2393.78554837877	815.150024414063
2396.01755913128	815.294982910156
2398.24891071673	815.409973144531
2400.47960340558	815.349975585938
2402.70963746814	815.85498046875
2404.93901317456	815.594970703125
2407.16773079485	814.89501953125
2409.39579059887	817.195007324219
2411.62319285633	816.049987792969
2413.84993783681	815.599975585938
2416.07602580971	815.234985351563
2418.30145704432	816.539978027344
2420.52623180977	817.515014648438
2422.75035037503	817.210021972656
2424.97381300893	817.10498046875
2427.19661998017	816.789978027344
2429.41877155729	816.169982910156
2431.64026800867	816.47998046875
2433.86110960257	816.215026855469
2436.08129660709	816.344970703125
2438.30082929019	817.190002441406
2440.51970791967	818.135009765625
2442.73793276321	817.169982910156
2444.95550408832	817.655029296875
2447.17242216237	816.489990234375
2449.38868725259	817.909973144531
2451.60429962607	817.75
2453.81925954975	817.809997558594
2456.03356729041	817.789978027344
2458.2472231147	817.239990234375
2460.46022728913	817.375
2462.67258008005	818.515014648438
2464.88428175368	817.89501953125
2467.09533257608	817.344970703125
2469.30573281318	817.799987792969
2471.51548273076	817.390014648438
2473.72458259445	818.825012207031
2475.93303266974	819.409973144531
2478.14083322198	820.044982910156
2480.34798451637	819.044982910156
2482.55448681797	819.869995117188
2484.76034039169	820.369995117188
2486.96554550231	820.760009765625
2489.17010241445	819.864990234375
2491.37401139259	819.929992675781
2493.57727270109	819.455017089844
2495.77988660412	819.109985351563
2497.98185336574	819.640014648438
2500.18317324987	820.590026855469
2502.38384652028	821.114990234375
2504.58387344058	821.530029296875
2506.78325427425	821.905029296875
2508.98198928465	821.974975585938
2511.18007873495	821.429992675781
2513.37752288821	820.994995117188
2515.57432200735	821
2517.77047635514	820.89501953125
2519.96598619419	821.575012207031
2522.16085178699	822.325012207031
2524.35507339589	822.89501953125
2526.54865128308	823.359985351563
2528.74158571062	823.994995117188
2530.93387694042	823.005004882813
2533.12552523427	823.890014648438
2535.31653085379	823.650024414063
2537.50689406046	822.765014648438
2539.69661511566	823.159973144531
2541.88569428057	823.320007324219
2544.07413181627	824.780029296875
2546.26192798368	826.849975585938
2548.44908304359	826.804992675781
2550.63559725664	826.275024414063
2552.82147088333	825.755004882813
2555.00670418402	826.570007324219
2557.19129741894	827.484985351563
2559.37525084817	829.200012207031
2561.55856473164	829.75
2563.74123932917	828.695007324219
2565.92327490039	827.864990234375
2568.10467170484	827.840026855469
2570.28543000189	827.655029296875
2572.46555005079	827.655029296875
2574.64503211063	829.755004882813
2576.82387644036	830.419982910156
2579.00208329882	831.205017089844
2581.17965294468	830.385009765625
2583.35658563648	831.27001953125
2585.53288163263	831.780029296875
2587.70854119137	830.594970703125
2589.88356457084	830.275024414063
2592.05795202902	831.724975585938
2594.23170382376	832.099975585938
2596.40482021275	831.989990234375
2598.57730145356	832.630004882813
2600.74914780363	833.349975585938
2602.92035952023	832.945007324219
2605.09093686053	834.140014648438
2607.26088008153	836.140014648438
2609.4301894401	835.099975585938
2611.59886519299	834.22998046875
2613.76690759678	836.905029296875
2615.93431690793	839.140014648438
2618.10109338277	839.705017089844
2620.26723727748	839.739990234375
2622.4327488481	840.030029296875
2624.59762835054	840.640014648438
2626.76187604057	840.005004882813
2628.92549217382	839.969970703125
2631.08847700579	842.299987792969
2633.25083079182	842.739990234375
2635.41255378715	843.75
2637.57364624684	844.984985351563
2639.73410842586	843.590026855469
2641.893940579	842.744995117188
2644.05314296094	843.075012207031
2646.21171582621	843.580017089844
2648.36965942921	844.474975585938
2650.5269740242	845.090026855469
2652.6836598653	846.260009765625
2654.83971720651	846.969970703125
2656.99514630167	848.075012207031
2659.1499474045	847.460021972656
2661.30412076857	847.539978027344
2663.45766664734	847.844970703125
2665.61058529411	847.655029296875
2667.76287696204	847.715026855469
2669.91454190418	848.525024414063
2672.06558037342	851.849975585938
2674.21599262253	852.409973144531
2676.36577890413	852.85498046875
2678.51493947072	853.64501953125
2680.66347457466	853.815002441406
2682.81138446816	855
2684.95866940332	855.695007324219
2687.10532963209	857.119995117188
2689.25136540628	858.429992675781
2691.39677697757	856.955017089844
2693.54156459752	856.070007324219
2695.68572851753	856.075012207031
2697.82926898888	856.950012207031
2699.97218626272	858.554992675781
2702.11448059006	859.159973144531
2704.25615222175	862.780029296875
2706.39720140856	864.150024414063
2708.53762840109	866.22998046875
2710.67743344979	867.775024414063
2712.81661680503	870.890014648438
2714.95517871698	873.789978027344
2717.09311943574	876.155029296875
2719.23043921123	880.25
2721.36713829325	885.690002441406
2723.50321693148	889.799987792969
2725.63867537545	890.369995117188
2727.77351387456	890.534973144531
2729.90773267809	892.565002441406
2732.04133203516	894.364990234375
2734.17431219478	895.559997558594
2736.30667340581	892.044982910156
2738.438415917	893.210021972656
2740.56953997695	893.559997558594
2742.70004583414	888.724975585938
2744.82993373688	884.5
2746.9592039334	882.049987792969
2749.08785667177	882.465026855469
2751.21589219993	881.909973144531
2753.34331076568	880.515014648438
2755.4701126167	878.469970703125
2757.59629800054	877.575012207031
2759.7218671646	876.219970703125
2761.84682035617	877.390014648438
2763.9711578224	879.630004882813
2766.0948798103	879.554992675781
2768.21798656676	880.575012207031
2770.34047833852	881.530029296875
2772.46235537222	879.85498046875
2774.58361791434	877.059997558594
2776.70426621124	875.914978027344
2778.82430050915	876.994995117188
2780.94372105416	876.984985351563
2783.06252809224	875.335021972656
2785.18072186922	874.059997558594
2787.29830263081	871.224975585938
2789.41527062257	870.565002441406
2791.53162608996	870.934997558594
2793.64736927828	869.065002441406
2795.76250043271	869.580017089844
2797.8770197983	870.35498046875
2799.99092761997	870.065002441406
2802.10422414252	871.164978027344
2804.21690961059	876.294982910156
2806.32898426873	879.619995117188
2808.44044836132	879.809997558594
2810.55130213264	882.085021972656
2812.66154582682	883.945007324219
2814.77117968788	888.294982910156
2816.8802039597	892.169982910156
2818.98861888601	895.724975585938
2821.09642471046	901.434997558594
2823.20362167653	907.489990234375
2825.31021002756	911.760009765625
2827.41619000682	916.109985351563
2829.52156185738	922.294982910156
2831.62632582224	931.015014648438
2833.73048214422	938.559997558594
2835.83403106606	949.039978027344
2837.93697283033	966.320007324219
2840.03930767951	984.625
2842.1410358559	996.765014648438
2844.24215760173	1012.56500244141
2846.34267315905	1039.8349609375
2848.44258276982	1072.42504882813
2850.54188667585	1104.76501464844
2852.64058511883	1141.10998535156
2854.73867834032	1176.15502929688
2856.83616658175	1208.01501464844
2858.93305008443	1241.7099609375
2861.02932908952	1274.52502441406
2863.12500383809	1321.53002929688
2865.22007457104	1388.32495117188
2867.31454152918	1458.0400390625
2869.40840495316	1517.56005859375
2871.50166508353	1572.57495117188
2873.59432216069	1613.67504882813
2875.68637642493	1648.46997070313
2877.77782811641	1670.82495117188
2879.86867747515	1667.48999023438
2881.95892474105	1677.89001464844
2884.0485701539	1693.43994140625
2886.13761395333	1699.42504882813
2888.22605637886	1699.77001953125
2890.3138976699	1712.33996582031
2892.40113806571	1735.81494140625
2894.48777780544	1760.75500488281
2896.57381712808	1786.98498535156
2898.65925627254	1806.18505859375
2900.74409547758	1820.5849609375
2902.82833498183	1846.90002441406
2904.9119750238	1884.64001464844
2906.99501584188	1920.55505371094
2909.07745767432	1964.03503417969
2911.15930075925	2024.3349609375
2913.24054533469	2095.080078125
2915.3211916385	2142.52001953125
2917.40123990846	2196.3349609375
2919.48069038217	2268.06494140625
2921.55954329716	2327.40502929688
2923.63779889079	2379.05493164063
2925.71545740033	2414.52001953125
2927.79251906289	2439.76489257813
2929.86898411548	2470.47509765625
2931.94485279498	2500.85009765625
2934.02012533815	2515.81494140625
2936.0948019816	2517.669921875
2938.16888296184	2500.205078125
2940.24236851525	2457.85498046875
2942.31525887809	2389.05004882813
2944.38755428648	2336.9599609375
2946.45925497643	2313.6201171875
2948.53036118382	2275.39501953125
2950.6008731444	2204.48999023438
2952.67079109381	2121.35498046875
2954.74011526755	2056.27001953125
2956.80884590101	1996.66003417969
2958.87698322944	1961.72497558594
2960.94452748799	1952.25
2963.01147891167	1933.875
2965.07783773535	1893.25500488281
2967.14360419382	1860.73999023438
2969.2087785217	1829.39001464844
2971.27336095352	1814.65502929688
2973.33735172366	1801.68505859375
2975.40075106641	1783.51501464844
2977.46355921591	1749.50500488281
2979.52577640618	1720.55505371094
2981.58740287112	1682.39501953125
2983.64843884452	1636.73999023438
2985.70888456003	1591.73999023438
2987.76874025117	1565.71496582031
2989.82800615137	1538.00500488281
2991.88668249391	1500.10998535156
2993.94476951194	1452.55505371094
2996.00226743852	1408.77001953125
2998.05917650657	1363.7099609375
3000.11549694887	1327.43005371094
3002.17122899812	1300.64501953125
3004.22637288685	1268.68005371094
3006.2809288475	1234.46496582031
3008.33489711238	1198.14001464844
3010.38827791368	1164.22998046875
3012.44107148345	1141.51000976563
3014.49327805366	1124.46496582031
3016.5448978561	1104.19494628906
3018.59593112249	1083.85498046875
3020.64637808441	1065.18005371094
3022.6962389733	1051.77001953125
3024.74551402051	1041.42504882813
3026.79420345725	1031.21496582031
3028.84230751461	1024.03503417969
3030.88982642357	1019.5
3032.93676041497	1021.27001953125
3034.98310971955	1021.16497802734
3037.02887456791	1021.36499023438
3039.07405519054	1028.26000976563
3041.11865181781	1035.15002441406
3043.16266467996	1038.90502929688
3045.20609400713	1040.56005859375
3047.24894002932	1048.32495117188
3049.2912029764	1057.18005371094
3051.33288307815	1062.08996582031
3053.37398056421	1072.05004882813
3055.41449566411	1086.84497070313
3057.45442860725	1102.58996582031
3059.49377962291	1116.32495117188
3061.53254894026	1125.72998046875
3063.57073678834	1133.45495605469
3065.60834339607	1133.45495605469
3067.64536899227	1120.31494140625
3069.68181380561	1107.43505859375
3071.71767806467	1093.64001464844
3073.75296199788	1075.17004394531
3075.78766583357	1056.10498046875
3077.82178979997	1031.27001953125
3079.85533412513	1010.91998291016
3081.88829903705	997.034973144531
3083.92068476356	984.02001953125
3085.95249153241	970.155029296875
3087.98371957119	961.799987792969
3090.01436910741	951.565002441406
3092.04444036844	944.719970703125
3094.07393358152	938.844970703125
3096.10284897381	935.005004882813
3098.13118677232	933.530029296875
3100.15894720395	932.094970703125
3102.18613049548	928.390014648438
3104.21273687357	928.994995117188
3106.23876656477	930.804992675781
3108.2642197955	928.330017089844
3110.28909679208	925.710021972656
3112.31339778069	927.179992675781
3114.33712298741	927.275024414063
3116.36027263819	928.434997558594
3118.38284695887	931.445007324219
3120.40484617516	934.330017089844
3122.42627051268	933.47998046875
3124.4471201969	930.465026855469
3126.46739545319	928.294982910156
3128.4870965068	928.530029296875
3130.50622358287	930.885009765625
3132.5247769064	931.664978027344
3134.54275670229	932.130004882813
3136.56016319534	931.445007324219
3138.57699661019	929.765014648438
3140.59325717139	927.150024414063
3142.60894510338	927.619995117188
3144.62406063047	930.244995117188
3146.63860397686	930.799987792969
3148.65257536662	931.489990234375
3150.66597502371	931.934997558594
3152.67880317199	933.099975585938
3154.69106003518	936.039978027344
3156.70274583691	937.010009765625
3158.71386080065	937.015014648438
3160.72440514981	940.440002441406
3162.73437910763	940.039978027344
3164.74378289728	943.344970703125
3166.75261674179	945.799987792969
3168.76088086407	948.695007324219
3170.76857548692	952.130004882813
3172.77570083303	954.215026855469
3174.78225712498	953.619995117188
3176.78824458521	953.135009765625
3178.79366343607	955.054992675781
3180.79851389977	956.434997558594
3182.80279619844	959.869995117188
3184.80651055405	965.400024414063
3186.80965718849	968.390014648438
3188.81223632353	971.849975585938
3190.81424818081	970.655029296875
3192.81569298186	977.340026855469
3194.8165709481	982.825012207031
3196.81688230084	983.445007324219
3198.81662726126	983.780029296875
3200.81580605044	984.744995117188
3202.81441888933	985.960021972656
3204.81246599879	991.414978027344
3206.80994759954	994.299987792969
3208.80686391219	996.294982910156
3210.80321515726	1002.26501464844
3212.79900155512	1006.08502197266
3214.79422332605	1007.71002197266
3216.78888069021	1006.65997314453
3218.78297386765	1009.40997314453
3220.77650307828	1013.94500732422
3222.76946854195	1020.74499511719
3224.76187047834	1021.13500976563
3226.75370910705	1021.93499755859
3228.74498464755	1019.97497558594
3230.73569731921	1022.95501708984
3232.72584734127	1021.94500732422
3234.71543493287	1025.81994628906
3236.70446031304	1030.4599609375
3238.69292370068	1038.18994140625
3240.68082531459	1040.36499023438
3242.66816537345	1038.77502441406
3244.65494409583	1046.18005371094
3246.6411617002	1049.52001953125
3248.62681840488	1050.06494140625
3250.61191442812	1047.42504882813
3252.59644998804	1047.94995117188
3254.58042530263	1055.07995605469
3256.56384058979	1058.03503417969
3258.54669606731	1063.71997070313
3260.52899195285	1070.875
3262.51072846396	1076.77001953125
3264.4919058181	1078.47998046875
3266.47252423259	1077.81494140625
3268.45258392464	1080.72998046875
3270.43208511138	1091.60498046875
3272.41102800978	1099.27001953125
3274.38941283675	1104.54504394531
3276.36723980904	1109.56994628906
3278.34450914332	1110.58996582031
3280.32122105613	1111.02001953125
3282.29737576392	1117.32995605469
3284.272973483	1118.13500976563
3286.24801442958	1121.27502441406
3288.22249881978	1122.63000488281
3290.19642686957	1124.07495117188
3292.16979879485	1124.17004394531
3294.14261481136	1126.9599609375
3296.11487513478	1135.54504394531
3298.08657998065	1138.43994140625
3300.0577295644	1133.76000976563
3302.02832410136	1128.52502441406
3303.99836380673	1145.875
3305.96784889563	1134.71997070313
3307.93677958303	1127.89501953125
3309.90515608383	1126.81494140625
3311.87297861278	1126.96496582031
3313.84024738456	1128.71997070313
3315.80696261371	1125.10498046875
3317.77312451466	1121.84497070313
3319.73873330175	1117.43994140625
3321.70378918919	1110.42004394531
3323.66829239109	1107.21496582031
3325.63224312145	1108.88000488281
3327.59564159416	1106.40502929688
3329.55848802299	1102.11499023438
3331.52078262162	1101.94494628906
3333.4825256036	1101.875
3335.44371718237	1100.05004882813
3337.40435757128	1095.93994140625
3339.36444698356	1093.43994140625
3341.32398563232	1092.09997558594
3343.28297373058	1089.64501953125
3345.24141149124	1089.18005371094
3347.19929912709	1087.84997558594
3349.15663685081	1091.58996582031
3351.11342487497	1094.30505371094
3353.06966341204	1092.34497070313
3355.02535267437	1087.54504394531
3356.98049287421	1083.11999511719
3358.9350842237	1081.56994628906
3360.88912693486	1085.10998535156
3362.84262121962	1085.19995117188
3364.79556728978	1081.2099609375
3366.74796535705	1080.88000488281
3368.69981563302	1085.38000488281
3370.65111832917	1084.80004882813
3372.60187365689	1077.31494140625
3374.55208182744	1072.81005859375
3376.50174305198	1070.35498046875
3378.45085754157	1069.31005859375
3380.39942550714	1069.07995605469
3382.34744715954	1066.19494628906
3384.29492270949	1064.0400390625
3386.24185236761	1059.28503417969
3388.18823634442	1055.19494628906
3390.13407485031	1051.15502929688
3392.07936809559	1048.9150390625
3394.02411629045	1049.14501953125
3395.96831964496	1048.7900390625
3397.91197836911	1049.09497070313
3399.85509267275	1048.73999023438
3401.79766276564	1046.375
3403.73968885745	1039.76501464844
3405.68117115771	1034.15502929688
3407.62210987586	1032.50500488281
3409.56250522123	1034.44494628906
3411.50235740305	1034.09497070313
3413.44166663043	1031.77001953125
3415.38043311238	1028.93994140625
3417.3186570578	1026.05505371094
3419.2563386755	1023.44500732422
3421.19347817415	1022.18499755859
3423.13007576235	1021.88500976563
3425.06613164857	1020.84997558594
3427.00164604118	1021.25500488281
3428.93661914844	1022.41497802734
3430.87105117852	1018.25500488281
3432.80494233945	1016.32000732422
3434.73829283919	1013.86499023438
3436.67110288558	1016.96002197266
3438.60337268634	1016.09002685547
3440.53510244911	1012.08502197266
3442.4662923814	1008.52001953125
3444.39694269064	1007.06500244141
3446.32705358412	1006.75500488281
3448.25662526905	1004.48999023438
3450.18565795254	1003.51000976563
3452.11415184156	1000.5
3454.04210714302	996.75
3455.96952406369	993.320007324219
3457.89640281024	987.669982910156
3459.82274358924	985.010009765625
3461.74854660717	985.119995117188
3463.67381207038	988.159973144531
3465.59854018513	987.859985351563
3467.52273115756	981.650024414063
3469.44638519373	978
3471.36950249956	974.010009765625
3473.29208328091	973.580017089844
3475.21412774349	972.380004882813
3477.13563609293	968.580017089844
3479.05660853476	967.155029296875
3480.97704527438	964.789978027344
3482.89694651712	960.349975585938
3484.81631246818	958.155029296875
3486.73514333266	956.375
3488.65343931557	952.859985351563
3490.57120062179	949.054992675781
3492.48842745612	945.400024414063
3494.40512002324	941.614990234375
3496.32127852773	935.710021972656
3498.23690317408	932.989990234375
3500.15199416666	931.52001953125
3502.06655170974	928.705017089844
3503.98057600749	925.585021972656
3505.89406726396	922.474975585938
3507.80702568312	919.434997558594
3509.71945146883	918.849975585938
3511.63134482483	917.015014648438
3513.54270595478	916.820007324219
3515.45353506222	914.549987792969
3517.3638323506	908.414978027344
3519.27359802324	905.77001953125
3521.1828322834	905.820007324219
3523.09153533419	901.719970703125
3524.99970737866	896.405029296875
3526.90734861972	890.724975585938
3528.81445926021	889.52001953125
3530.72103950283	886.059997558594
3532.62708955022	884.174987792969
3534.53260960488	883.710021972656
3536.43759986923	883.35498046875
3538.34206054558	878.690002441406
3540.24599183613	872.89501953125
3542.149393943	869.994995117188
3544.05226706817	867.820007324219
3545.95461141357	866.5
3547.85642718097	864.885009765625
3549.75771457208	863.945007324219
3551.6584737885	863.47998046875
3553.55870503171	860.700012207031
3555.4584085031	858.260009765625
3557.35758440396	854.450012207031
3559.25623293548	851.755004882813
3561.15435429874	848.934997558594
3563.05194869473	847
3564.94901632432	845.335021972656
3566.84555738829	845.14501953125
3568.74157208732	843.544982910156
3570.63706062199	842.994995117188
3572.53202319277	840.094970703125
3574.42646000003	840.135009765625
3576.32037124406	838.215026855469
3578.213757125	837.265014648438
3580.10661784295	835.47998046875
3581.99895359786	835.030029296875
3583.8907645896	835.934997558594
3585.78205101794	833.445007324219
3587.67281308254	831.755004882813
3589.56305098297	827.369995117188
3591.4527649187	825.52001953125
3593.34195508907	824.090026855469
3595.23062169338	824.510009765625
3597.11876493075	822.989990234375
3599.00638500027	821.679992675781
3600.89348210089	819.75
3602.78005643148	818.119995117188
3604.66610819078	818.244995117188
3606.55163757747	817.065002441406
3608.4366447901	815.960021972656
3610.32113002713	814.969970703125
3612.20509348693	813.460021972656
3614.08853536774	811.789978027344
3615.97145586773	808.784973144531
3617.85385518497	807.599975585938
3619.7357335174	806.960021972656
3621.61709106289	805.950012207031
3623.4979280192	804.184997558594
3625.37824458399	802.10498046875
3627.25804095482	802.275024414063
3629.13731732915	801.719970703125
3631.01607390435	799.085021972656
3632.89431087767	797.880004882813
3634.77202844629	797.630004882813
3636.64922680726	797.025024414063
3638.52590615754	796.224975585938
3640.40206669402	795.684997558594
3642.27770861344	794.760009765625
3644.15283211248	793.875
3646.02743738771	793.109985351563
3647.90152463559	791.455017089844
3649.77509405251	790.875
3651.64814583473	789.460021972656
3653.52068017842	787.955017089844
3655.39269727965	786.804992675781
3657.26419733442	787.419982910156
3659.13518053858	786.875
3661.00564708793	784.594970703125
3662.87559717814	782.989990234375
3664.7450310048	781.35498046875
3666.61394876338	781.335021972656
3668.48235064928	781.054992675781
3670.35023685779	780.859985351563
3672.21760758409	779.25
3674.08446302327	778.330017089844
3675.95080337033	777.429992675781
3677.81662882017	777.419982910156
3679.68193956758	776.700012207031
3681.54673580727	776.215026855469
3683.41101773383	774.320007324219
3685.27478554178	773.320007324219
3687.13803942551	772.650024414063
3689.00077957934	771.929992675781
3690.86300619748	771.015014648438
3692.72471947405	770.119995117188
3694.58591960306	769.335021972656
3696.44660677844	768.97998046875
3698.306781194	769.275024414063
3700.16644304348	769.544982910156
3702.02559252049	769.22998046875
3703.88422981859	768.205017089844
3705.74235513119	766.400024414063
3707.59996865164	766.034973144531
3709.45707057318	766.27001953125
3711.31366108895	766.359985351563
3713.16974039199	765.465026855469
3715.02530867527	765.054992675781
3716.88036613164	764.565002441406
3718.73491295385	764.190002441406
3720.58894933456	764.525024414063
3722.44247546634	763.565002441406
3724.29549154166	762.965026855469
3726.14799775289	762.25
3727.9999942923	762.14501953125
3729.85148135209	762.275024414063
3731.70245912432	762.054992675781
3733.55292780098	761.450012207031
3735.40288757397	761.859985351563
3737.25233863509	761.114990234375
3739.10128117603	759.030029296875
3740.9497153884	759.125
3742.7976414637	760.090026855469
3744.64505959335	760.760009765625
3746.49196996866	760.989990234375
3748.33837278086	760.974975585938
3750.18426822108	760.60498046875
3752.02965648033	761.030029296875
3753.87453774956	761.530029296875
3755.7189122196	760.705017089844
3757.5627800812	761.005004882813
3759.40614152501	760.594970703125
3761.24899674159	759.424987792969
3763.09134592138	759.679992675781
3764.93318925476	759.919982910156
3766.77452693199	759.840026855469
3768.61535914325	759.419982910156
3770.45568607861	758.640014648438
3772.29550792807	758.580017089844
3774.1348248815	758.679992675781
3775.9736371287	758.35498046875
3777.81194485938	759.455017089844
