32.6816976106991	714.39501953125
35.6535599501435	714.284973144531
38.6244374909659	714.244995117188
41.5943306947054	714.294982910156
44.5632400226282	714.155029296875
47.5311659356917	714.054992675781
50.4981088945929	714.090026855469
53.4640693597127	714.27001953125
56.4290477911676	714.195007324219
59.3930446487746	714.239990234375
62.356060392067	714.054992675781
65.3180954802906	714.034973144531
68.2791503724084	714.080017089844
71.2392255270922	714.140014648438
74.1983214027271	714.119995117188
77.1564384574159	714.349975585938
80.113577148983	714.070007324219
83.0697379349549	714.184997558594
86.0249212725722	714.320007324219
88.9791276188058	714.094970703125
91.9323574303255	714.135009765625
94.8846111635238	714.184997558594
97.8358892745121	714.534973144531
100.786192219114	714.405029296875
103.73552045287	714.450012207031
106.683874431037	714.390014648438
109.631254608583	714.684997558594
112.577661440203	714.869995117188
115.523095380307	715.10498046875
118.467556883015	715.369995117188
121.411046402175	716.369995117188
124.353564391344	717.77001953125
127.295111303796	720.380004882813
130.235687592532	725.255004882813
133.175293710265	733.905029296875
136.113930109434	747.059997558594
139.051597242185	765.799987792969
141.98829556039	790.330017089844
144.92402551564	818.294982910156
147.858787559244	848.775024414063
150.792582142239	879.109985351563
153.725409715372	905.960021972656
156.65727072911	920.090026855469
159.588165633643	930.875
162.518094878884	940.994995117188
165.447058914469	946.75
168.375058189747	945.924987792969
171.302093153792	945.530029296875
174.228164255401	941.210021972656
177.153271943091	942.085021972656
180.077416665101	945.695007324219
183.000598869394	947.650024414063
185.922819003656	948.164978027344
188.84407751529	951.359985351563
191.764374851424	955.369995117188
194.683711458919	955.739990234375
197.60208778434	959.494995117188
200.519504273992	965.864990234375
203.435961373894	972.559997558594
206.351459529801	981.950012207031
209.265999187174	992.594970703125
212.179580791207	1004.85998535156
215.092204786825	1017.77001953125
218.003871618673	1029.91003417969
220.914581731116	1045.86499023438
223.824335568247	1059.21496582031
226.733133573893	1071.82995605469
229.640976191593	1081.80505371094
232.547863864614	1088.61499023438
235.453797035961	1095.8349609375
238.358776148354	1096.98999023438
241.26280164424	1094.48498535156
244.1658739658	1096.57495117188
247.067993554929	1094.71496582031
249.969160853266	1090.56994628906
252.869376302162	1090.10498046875
255.768640342707	1085.67504882813
258.666953415705	1084.17004394531
261.564315961705	1082.67004394531
264.46072842097	1078.72497558594
267.356191233499	1076.98999023438
270.25070483901	1075.21997070313
273.144269676967	1071.80004882813
276.036886186551	1071.92004394531
278.928554806671	1072.80505371094
281.819275975966	1070.03002929688
284.709050132812	1066.56994628906
287.597877715306	1070.49499511719
290.485759161281	1071.59997558594
293.372694908298	1064.66003417969
296.258685393644	1062.7900390625
299.143731054352	1061.96496582031
302.027832327156	1060.03503417969
304.910989648557	1063.60998535156
307.79320345476	1064.10998535156
310.674474181717	1064.5
313.554802265101	1062.0400390625
316.434188140326	1060.52001953125
319.312632242533	1060.82995605469
322.190135006593	1059.0400390625
325.066696867117	1058.5
327.942318258443	1058.15002441406
330.816999614641	1058.27001953125
333.690741369517	1055.4599609375
336.56354395661	1053.6650390625
339.435407809193	1052.4150390625
342.306333360273	1049.5
345.176321042591	1045.53503417969
348.045371288612	1042.58996582031
350.913484530551	1040.86499023438
353.78066120035	1040.85998535156
356.64690172969	1041.78503417969
359.512206549972	1043.63500976563
362.376576092357	1043.46496582031
365.240010787716	1040.46496582031
368.102511066677	1038.07995605469
370.964077359587	1041.68994140625
373.82471009654	1044.56005859375
376.684409707364	1042.80505371094
379.543176621612	1042.47497558594
382.401011268595	1040.57995605469
385.257914077343	1041.07995605469
388.113885476627	1039.49499511719
390.968925894961	1038.63000488281
393.823035760591	1042.76000976563
396.676215501503	1048.82995605469
399.528465545415	1050.39001464844
402.379786319791	1051.11999511719
405.230178251834	1057.21997070313
408.079641768472	1061.56005859375
410.928177296387	1063.71496582031
413.775785261992	1067.19494628906
416.622466091445	1071.07495117188
419.468220210631	1074.32995605469
422.313048045182	1078.81994628906
425.156950020479	1080.93005371094
427.999926561623	1076.29504394531
430.841978093471	1074.75
433.683105040613	1071.89501953125
436.523307827384	1067.57995605469
439.362586877851	1064.06994628906
442.200942615829	1063.55004882813
445.038375464876	1062.09997558594
447.874885848283	1060.09997558594
450.710474189089	1060.67004394531
453.54514091007	1061.02502441406
456.37888643375	1061.32495117188
459.211711182386	1060.82995605469
462.043615577986	1056.74499511719
464.874600042297	1053.22497558594
467.704664996804	1050.21997070313
470.533810862741	1049.40502929688
473.36203806108	1049.26501464844
476.189347012547	1044.67504882813
479.015738137594	1044.73999023438
481.841211856432	1048.17504882813
484.665768589008	1051.60998535156
487.489408755009	1058.03503417969
490.312132773878	1059.75
493.133941064796	1059.97998046875
495.954834046683	1058.27502441406
498.77481213821	1056.03002929688
501.593875757797	1057.31994628906
504.412025323601	1054.77001953125
507.229261253524	1051.77001953125
510.045583965226	1046.85998535156
512.860993876093	1043.13500976563
515.675491403271	1038.72998046875
518.489076963649	1032.03503417969
521.301750973863	1028.68005371094
524.113513850293	1024.51000976563
526.924366009065	1023.16497802734
529.734307866052	1020.59497070313
532.543339836881	1016.23999023438
535.35146233692	1012.48498535156
538.158675781281	1008.40002441406
540.964980584833	1007.40997314453
543.770377162182	1006.26000976563
546.574865927692	1003.17999267578
549.378447295465	1000.33001708984
552.181121679365	996.109985351563
554.982889492993	995.630004882813
557.783751149701	993.945007324219
560.583707062591	990.929992675781
563.38275764452	988.140014648438
566.180903308083	984.414978027344
568.978144465633	984.309997558594
571.774481529266	985.804992675781
574.569914910839	985.400024414063
577.364445021949	983.875
580.158072273946	982.575012207031
582.950797077926	979.625
585.742619844752	975.710021972656
588.533540985018	974.390014648438
591.323560909078	975.85498046875
594.112680027034	975.630004882813
596.90089874875	973.049987792969
599.688217483828	971.739990234375
602.474636641629	970.844970703125
605.260156631263	971.950012207031
608.044777861596	969.405029296875
610.828500741241	969.655029296875
613.611325678567	969.844970703125
616.393253081697	972.789978027344
619.174283358506	972.794982910156
621.954416916616	973.570007324219
624.733654163414	976.114990234375
627.511995506029	977.015014648438
630.289441351351	971.64501953125
633.065992106022	964.169982910156
635.841648176434	961
638.616409968744	964.330017089844
641.390277888847	967.909973144531
644.163252342408	969.22998046875
646.93533373484	972.844970703125
649.706522471307	974.625
652.47681895674	972.674987792969
655.246223595811	968.934997558594
658.014736792957	967.849975585938
660.782358952371	969.065002441406
663.549090477999	970.52001953125
666.314931773542	973.580017089844
669.079883242452	974.510009765625
671.843945287955	975.114990234375
674.607118313019	971.125
677.369402720366	968.955017089844
680.130798912488	967.739990234375
682.891307291627	967.919982910156
685.650928259784	966.484985351563
688.409662218708	967.130004882813
691.167509569927	971.429992675781
693.924470714705	973.544982910156
696.680546054078	972.77001953125
699.435735988832	974.169982910156
702.190040919516	975.414978027344
704.943461246442	974.059997558594
707.695997369667	971.695007324219
710.447649689022	970.919982910156
713.198418604088	972.065002441406
715.948304514206	973.799987792969
718.697307818481	974.390014648438
721.445428915779	977.034973144531
724.192668204716	980.284973144531
726.93902608368	979.580017089844
729.684502950805	977.169982910156
732.429099204005	978.640014648438
735.172815240936	976.559997558594
737.915651459026	977.080017089844
740.657608255463	979.510009765625
743.398686027186	981.140014648438
746.13888517091	986.335021972656
748.878206083102	990.405029296875
751.616649159998	988.594970703125
754.354214797584	989.559997558594
757.09090339162	993.575012207031
759.826715337622	996.505004882813
762.561651030868	991.695007324219
765.295710866406	987.72998046875
768.028895239041	985.164978027344
770.761204543336	982.614990234375
773.492639173626	978.969970703125
776.223199524006	974.924987792969
778.952885988334	973.719970703125
781.681698960235	973.075012207031
784.40963883309	972.440002441406
787.136706000052	971.60498046875
789.862900854037	971.530029296875
792.588223787721	974.184997558594
795.312675193549	973.135009765625
798.036255463728	975.414978027344
800.758964990228	973.820007324219
803.480804164792	977.094970703125
806.201773378919	981.659973144531
808.921873023884	981.659973144531
811.641103490712	981.635009765625
814.359465170214	989.184997558594
817.076958452946	992.89501953125
819.793583729246	997.284973144531
822.509341389214	1004.98498535156
825.224231822712	1014.30499267578
827.938255419375	1024.33996582031
830.651412568596	1030.21496582031
833.363703659544	1036.44995117188
836.075129081157	1037.94494628906
838.785689222127	1035.5400390625
841.495384470928	1035.88500976563
844.204215215788	1037.5849609375
846.912181844721	1040.58996582031
849.619284745491	1044.23498535156
852.325524305638	1050.64501953125
855.030900912475	1056.73999023438
857.735414953079	1060.7900390625
860.439066814289	1057.86499023438
863.141856882725	1047.69995117188
865.843785544769	1040.72998046875
868.544853186571	1035.75
871.245060194063	1032.67504882813
873.944406952925	1034.26501464844
876.642893848625	1035.56005859375
879.340521266398	1036.15002441406
882.037289591241	1040.11499023438
884.733199207927	1042.04504394531
887.428250501001	1040.43005371094
890.122443854778	1038.73999023438
892.815779653335	1039.4599609375
895.508258280534	1042.00500488281
898.199880119997	1048.47998046875
900.890645555129	1052.19995117188
903.580554969094	1053.31994628906
906.269608744832	1052.80505371094
908.957807265056	1052.57495117188
911.645150912257	1047.86499023438
914.331640068689	1044.15002441406
917.017275116375	1044.34497070313
919.702056437128	1046.10498046875
922.385984412518	1051.375
925.069059423886	1056.25500488281
927.751281852366	1062.48498535156
930.432652078842	1065.58996582031
933.113170483983	1065.76501464844
935.79283744823	1071.7900390625
938.471653351806	1075.64001464844
941.149618574686	1080.56005859375
943.826733496641	1086.25500488281
946.502998497206	1089.125
949.178413955689	1084.84997558594
951.85298025118	1084.85498046875
954.526697762544	1083.48999023438
957.199566868403	1082.55505371094
959.87158794718	1087.65502929688
962.542761377054	1088.16003417969
965.213087535987	1086.44494628906
967.882566801719	1082.52001953125
970.551199551761	1078.66003417969
973.218986163399	1074.04504394531
975.885927013698	1071.29504394531
978.552022479501	1070.29504394531
981.217272937423	1071.86499023438
983.88167876386	1075.0849609375
986.545240334978	1076.99499511719
989.207958026729	1079.15002441406
991.869832214835	1087.31994628906
994.530863274798	1095.18994140625
997.191051581895	1112.30505371094
999.850397511185	1138.80004882813
1002.50890143751	1174.5849609375
1005.16656373546	1213.65002441406
1007.82338477944	1234.18505859375
1010.47936494363	1230.57995605469
1013.13450460195	1207.20495605469
1015.78880412815	1163.00500488281
1018.44226389572	1126.93505859375
1021.09488427794	1100.64001464844
1023.74666564789	1086.4599609375
1026.3976083784	1074.91003417969
1029.04771284208	1074.73498535156
1031.69697941135	1082.01000976563
1034.34540845838	1088.68005371094
1036.99300035512	1089.5
1039.63975547333	1085.13500976563
1042.28567418452	1080.60998535156
1044.93075685998	1077.43994140625
1047.57500387081	1078.31994628906
1050.21841558786	1075.55505371094
1052.86099238177	1080.72998046875
1055.50273462297	1086.00500488281
1058.14364268167	1090.5
1060.78371692784	1094.81005859375
1063.42295773126	1103.44494628906
1066.06136546148	1110.52001953125
1068.69894048781	1117.19494628906
1071.33568317939	1121.7099609375
1073.9715939051	1123.9599609375
1076.60667303362	1126.90502929688
1079.24092093341	1129.80505371094
1081.87433797271	1132.71997070313
1084.50692451954	1133.40002441406
1087.13868094172	1128.96997070313
1089.76960760684	1121.90502929688
1092.39970488226	1118.18505859375
1095.02897313516	1111.42004394531
1097.65741273246	1106.49499511719
1100.28502404089	1102.39001464844
1102.91180742697	1096.47497558594
1105.53776325698	1091.78503417969
1108.16289189701	1088.6650390625
1110.78719371291	1085.17004394531
1113.41066907033	1084.5400390625
1116.0333183347	1079.06494140625
1118.65514187124	1077.93005371094
1121.27614004495	1079.67504882813
1123.89631322061	1083.95495605469
1126.51566176279	1087.00500488281
1129.13418603585	1081.95495605469
1131.75188640394	1079.52502441406
1134.36876323098	1072.43994140625
1136.98481688069	1059.84997558594
1139.60004771655	1045.59997558594
1142.21445610187	1034.24499511719
1144.82804239972	1023.79998779297
1147.44080697295	1020.08502197266
1150.05275018421	1022.78997802734
1152.66387239593	1028.98498535156
1155.27417397034	1033.59997558594
1157.88365526943	1037.19494628906
1160.49231665502	1040.10498046875
1163.10015848867	1040.27001953125
1165.70718113176	1041.06994628906
1168.31338494544	1039.1650390625
1170.91877029067	1037.66003417969
1173.52333752817	1037.68505859375
1176.12708701847	1043.07495117188
1178.73001912187	1041.46997070313
1181.33213419848	1037.34497070313
1183.93343260819	1034.19995117188
1186.53391471068	1029.78002929688
1189.13358086539	1025.76501464844
1191.73243143161	1026.2900390625
1194.33046676836	1027.5400390625
1196.92768723449	1032.51501464844
1199.52409318861	1039.77502441406
1202.11968498915	1049.48498535156
1204.7144629943	1055.93994140625
1207.30842756206	1063.99499511719
1209.90157905021	1069.31994628906
1212.49391781634	1069.61499023438
1215.08544421779	1070.90002441406
1217.67615861174	1070.48999023438
1220.26606135512	1065.60998535156
1222.85515280468	1062.59997558594
1225.44343331694	1067.86499023438
1228.03090324823	1075.53002929688
1230.61756295466	1080.35998535156
1233.20341279213	1088.81994628906
1235.78845311634	1100.08996582031
1238.37268428278	1107.9150390625
1240.95610664673	1110.98498535156
1243.53872056325	1120.90502929688
1246.12052638722	1122.9599609375
1248.70152447329	1124.14001464844
1251.28171517591	1122.79504394531
1253.86109884934	1121.30004882813
1256.43967584759	1123.63500976563
1259.0174465245	1125.93005371094
1261.5944112337	1125.64501953125
1264.1705703286	1126.77001953125
1266.74592416241	1130.68994140625
1269.32047308814	1129.53503417969
1271.89421745858	1128.24499511719
1274.46715762633	1128.42504882813
1277.03929394377	1127.76000976563
1279.61062676308	1124.29504394531
1282.18115643624	1128.16003417969
1284.75088331502	1127.28002929688
1287.31980775098	1125.90002441406
1289.88793009548	1122.2099609375
1292.45525069969	1116.07995605469
1295.02176991454	1112.88500976563
1297.58748809078	1114.60998535156
1300.15240557897	1117.18994140625
1302.71652272942	1120.4599609375
1305.27983989229	1125.125
1307.84235741749	1129.76000976563
1310.40407565475	1135.52001953125
1312.9649949536	1146.45495605469
1315.52511566335	1151.32995605469
1318.08443813311	1149.7900390625
1320.64296271181	1148.28503417969
1323.20068974815	1150.52001953125
1325.75761959063	1150.75
1328.31375258756	1149.72998046875
1330.86908908704	1149.7099609375
1333.42362943696	1146.85498046875
1335.97737398503	1149.5
1338.53032307874	1153.66003417969
1341.08247706537	1153.32995605469
1343.63383629202	1154.71496582031
1346.18440110558	1146
1348.73417185274	1137.56994628906
1351.28314887997	1129.375
1353.83133253357	1116.86499023438
1356.37872315961	1104.43005371094
1358.92532110398	1094.69494628906
1361.47112671237	1084.21997070313
1364.01614033024	1075.8349609375
1366.56036230288	1069.02502441406
1369.10379297537	1064.75500488281
1371.64643269258	1054.14501953125
1374.18828179921	1049.34497070313
1376.72934063972	1044.7900390625
1379.2696095584	1044.02001953125
1381.80908889932	1045.5
1384.34777900637	1042.21997070313
1386.88568022323	1041.16003417969
1389.42279289337	1041.13000488281
1391.95911736009	1041.2900390625
1394.49465396645	1041.70495605469
1397.02940305537	1049
1399.5633649695	1051.54504394531
1402.09654005135	1053.38000488281
1404.6289286432	1059.01501464844
1407.16053108714	1062.26000976563
1409.69134772507	1058.80505371094
1412.22137889868	1058.39001464844
1414.75062494947	1059.94494628906
1417.27908621874	1062.32495117188
1419.80676304759	1059.38500976563
1422.33365577692	1061.89001464844
1424.85976474744	1065.65502929688
1427.38509029967	1066.81494140625
1429.90963277392	1072.38500976563
1432.4333925103	1077.36499023438
1434.95636984873	1088.80004882813
1437.47856512894	1106.54504394531
1439.99997869045	1127.43005371094
1442.5206108726	1151.55505371094
1445.04046201452	1168.19494628906
1447.55953245515	1182.54504394531
1450.07782253323	1191.85998535156
1452.59533258731	1195.69494628906
1455.11206295574	1205.46997070313
1457.62801397668	1191.05004882813
1460.14318598809	1185.56494140625
1462.65757932774	1175.55004882813
1465.1711943332	1158.44494628906
1467.68403134184	1134.38000488281
1470.19609069085	1111.09497070313
1472.70737271721	1088.51501464844
1475.21787775772	1065.02502441406
1477.72760614897	1042.93505859375
1480.23655822738	1021.5
1482.74473432914	1001.59997558594
1485.25213479029	984.039978027344
1487.75875994664	972.044982910156
1490.26461013382	963.820007324219
1492.76968568726	957.794982910156
1495.27398694222	953.184997558594
1497.77751423374	950.539978027344
1500.28026789667	950.60498046875
1502.78224826569	950.539978027344
1505.28345567526	947.625
1507.78389045967	947.25
1510.28355295299	943.880004882813
1512.78244348913	943.635009765625
1515.28056240178	940.469970703125
1517.77791002445	939.049987792969
1520.27448669047	940.109985351563
1522.77029273296	941.22998046875
1525.26532848486	940.784973144531
1527.75959427889	941.155029296875
1530.25309044764	942.375
1532.74581732344	944.239990234375
1535.23777523847	945.059997558594
1537.72896452471	943.515014648438
1540.21938551394	944.559997558594
1542.70903853778	948.744995117188
1545.19792392761	953.10498046875
1547.68604201466	956.385009765625
1550.17339312997	963.525024414063
1552.65997760434	970.224975585938
1555.14579576845	975.25
1557.63084795275	978.460021972656
1560.11513448749	976.455017089844
1562.59865570276	973.530029296875
1565.08141192845	972.890014648438
1567.56340349426	969.760009765625
1570.04463072969	967.530029296875
1572.52509396406	968.289978027344
1575.00479352652	968.534973144531
1577.48372974599	970.195007324219
1579.96190295124	975.635009765625
1582.43931347083	977.744995117188
1584.91596163314	978.710021972656
1587.39184776636	981.844970703125
1589.86697219849	987.525024414063
1592.34133525734	990.734985351563
1594.81493727054	993.835021972656
1597.28777856553	996.474975585938
1599.75985946955	1002.35498046875
1602.23118030968	1009.40502929688
1604.70174141278	1020.58502197266
1607.17154310555	1032.23999023438
1609.64058571449	1037.82995605469
1612.10886956591	1042.36999511719
1614.57639498595	1041.73498535156
1617.04316230054	1038.43994140625
1619.50917183543	1032.60998535156
1621.97442391621	1024.82995605469
1624.43891886825	1019.54498291016
1626.90265701674	1018.53002929688
1629.36563868671	1016.92498779297
1631.82786420296	1013.78997802734
1634.28933389016	1018.67498779297
1636.75004807274	1025.72497558594
1639.21000707498	1031.11499023438
1641.66921122097	1040.93994140625
1644.12766083459	1056.08996582031
1646.58535623956	1070.55505371094
1649.04229775941	1083.38500976563
1651.4984857175	1100.33996582031
1653.95392043697	1112.55004882813
1656.40860224079	1117.97998046875
1658.86253145177	1127.23999023438
1661.3157083925	1131.47998046875
1663.76813338542	1132.44995117188
1666.21980675275	1131.34997558594
1668.67072881656	1126.77001953125
1671.1208998987	1118.57995605469
1673.57032032089	1109.17504882813
1676.0189904046	1101.75
1678.46691047118	1087.73999023438
1680.91408084174	1072.16003417969
1683.36050183726	1055.76501464844
1685.8061737785	1040.34997558594
1688.25109698605	1024.69494628906
1690.69527178032	1009.10498046875
1693.13869848153	993.794982910156
1695.58137740972	981.034973144531
1698.02330888476	969
1700.46449322631	955.539978027344
1702.90493075388	942.164978027344
1705.34462178678	932
1707.78356664414	923.594970703125
1710.22176564492	917.510009765625
1712.65921910787	914.094970703125
1715.0959273516	909.169982910156
1717.53189069449	904.635009765625
1719.9671094548	901.690002441406
1722.40158395054	900.755004882813
1724.8353144996	899.695007324219
1727.26830141965	898.549987792969
1729.70054502819	897.715026855469
1732.13204564255	894.335021972656
1734.56280357987	894.224975585938
1736.99281915711	896.77001953125
1739.42209269106	894.994995117188
1741.85062449831	894.719970703125
1744.27841489529	894.349975585938
1746.70546419823	891.525024414063
1749.13177272321	890.544982910156
1751.5573407861	891.10498046875
1753.98216870262	891.614990234375
1756.40625678828	892.210021972656
1758.82960535844	891.739990234375
1761.25221472825	891.984985351563
1763.67408521271	889.179992675781
1766.09521712663	888.799987792969
1768.51561078464	889.599975585938
1770.93526650119	888.534973144531
1773.35418459056	889.429992675781
1775.77236536684	890.340026855469
1778.18980914396	887.719970703125
1780.60651623565	887.85498046875
1783.02248695548	888.044982910156
1785.43772161684	887.234985351563
1787.85222053292	888.195007324219
1790.26598401677	887.215026855469
1792.67901238123	886.344970703125
1795.09130593899	885.695007324219
1797.50286500254	885.075012207031
1799.9136898842	885.414978027344
1802.32378089613	887.5
1804.73313835028	886.705017089844
1807.14176255846	885.075012207031
1809.54965383228	884.114990234375
1811.95681248317	883.885009765625
1814.36323882242	883.140014648438
1816.76893316109	883.690002441406
1819.17389581011	883.419982910156
1821.57812708021	883.700012207031
1823.98162728196	883.89501953125
1826.38439672573	883.960021972656
1828.78643572174	884.549987792969
1831.18774458003	884.570007324219
1833.58832361045	885.195007324219
1835.98817312269	884.025024414063
1838.38729342625	882.315002441406
1840.78568483048	883.169982910156
1843.18334764454	882.190002441406
1845.58028217741	881.75
1847.9764887379	881.215026855469
1850.37196763465	881.210021972656
1852.76671917613	881.179992675781
1855.16074367062	881.505004882813
1857.55404142624	879.97998046875
1859.94661275094	879.799987792969
1862.33845795247	881.260009765625
1864.72957733844	881.590026855469
1867.11997121627	881.375
1869.5096398932	880.539978027344
1871.89858367631	879.934997558594
1874.28680287251	880.914978027344
1876.67429778851	881.505004882813
1879.06106873089	878.900024414063
1881.44711600601	879.849975585938
1883.8324399201	880.380004882813
1886.21704077919	882.309997558594
1888.60091888915	882.445007324219
1890.98407455567	881.72998046875
1893.36650808428	880.905029296875
1895.74821978033	879.849975585938
1898.12920994899	879.72998046875
1900.50947889527	880.965026855469
1902.88902692401	882.820007324219
1905.26785433986	881.200012207031
1907.64596144734	880.460021972656
1910.02334855075	880.875
1912.40001595424	881.554992675781
1914.7759639618	880.85498046875
1917.15119287724	880.909973144531
1919.52570300419	879.794982910156
1921.89949464611	880.349975585938
1924.27256810632	881.825012207031
1926.64492368793	883.515014648438
1929.0165616939	882.815002441406
1931.38748242701	881.304992675781
1933.75768618989	881.590026855469
1936.12717328497	881.744995117188
1938.49594401455	881.690002441406
1940.86399868071	880.609985351563
1943.23133758541	880.580017089844
1945.5979610304	882.244995117188
1947.96386931729	881.260009765625
1950.32906274751	881.059997558594
1952.69354162232	881.97998046875
1955.0573062428	882.950012207031
1957.42035690989	883.390014648438
1959.78269392434	882.719970703125
1962.14431758673	881.405029296875
1964.50522819748	881.705017089844
1966.86542605684	880.784973144531
1969.22491146488	880.005004882813
1971.58368472153	879.75
1973.94174612654	879.799987792969
1976.29909597945	880.710021972656
1978.65573457971	881.489990234375
1981.01166222654	882.510009765625
1983.36687921902	882.375
1985.72138585606	880.599975585938
1988.07518243639	878.539978027344
1990.42826925859	879.659973144531
1992.78064662106	880.784973144531
1995.13231482205	881.715026855469
1997.48327415961	881.380004882813
1999.83352493167	880.414978027344
2002.18306743594	881.60498046875
2004.53190197002	881.994995117188
2006.8800288313	882.025024414063
2009.22744831703	881.390014648438
2011.57416072427	881.039978027344
2013.92016634993	878.744995117188
2016.26546549076	878.820007324219
2018.61005844332	878.575012207031
2020.95394550404	879.409973144531
2023.29712696915	879.75
2025.63960313474	881.960021972656
2027.98137429672	881.544982910156
2030.32244075083	882.070007324219
2032.66280279266	881.900024414063
2035.00246071763	881.650024414063
2037.34141482099	880.414978027344
2039.67966539784	882.575012207031
2042.01721274309	883.799987792969
2044.35405715151	884.489990234375
2046.69019891769	883.89501953125
2049.02563833606	884.789978027344
2051.3603757009	883.905029296875
2053.6944113063	883.859985351563
2056.0277454462	883.450012207031
2058.36037841439	884.275024414063
2060.69231050446	884.739990234375
2063.02354200988	884.669982910156
2065.35407322392	884.835021972656
2067.68390443971	884.909973144531
2070.01303595021	886.155029296875
2072.3414680482	884.820007324219
2074.66920102633	884.950012207031
2076.99623517706	883.755004882813
2079.32257079271	883.030029296875
2081.6482081654	881.530029296875
2083.97314758713	882.489990234375
2086.29738934971	885.169982910156
2088.62093374481	886.215026855469
2090.94378106391	886.705017089844
2093.26593159835	885.619995117188
2095.5873856393	884.534973144531
2097.90814347777	885.244995117188
2100.2282054046	884.465026855469
2102.54757171048	885.440002441406
2104.86624268594	887.025024414063
2107.18421862133	887.75
2109.50149980686	886.094970703125
2111.81808653257	885.469970703125
2114.13397908834	885.929992675781
2116.44917776388	886.125
2118.76368284875	886.039978027344
2121.07749463235	886.224975585938
2123.39061340391	885.179992675781
2125.70303945252	884.210021972656
2128.01477306707	886.210021972656
2130.32581453634	887.080017089844
2132.63616414891	887.719970703125
2134.94582219322	887.934997558594
2137.25478895754	886.940002441406
2139.56306472999	886.219970703125
2141.87064979851	885.525024414063
2144.17754445092	886.599975585938
2146.48374897484	887.549987792969
2148.78926365774	887.869995117188
2151.09408878695	887.364990234375
2153.39822464963	888.739990234375
2155.70167153277	887.780029296875
2158.00442972321	885.72998046875
2160.30649950763	886.984985351563
2162.60788117256	886.640014648438
2164.90857500436	887.960021972656
2167.20858128923	888.97998046875
2169.50790031323	887.789978027344
2171.80653236223	888.830017089844
2174.10447772198	888.409973144531
2176.40173667804	886.450012207031
2178.69830951582	885.664978027344
2180.99419652058	886.580017089844
2183.28939797743	887.724975585938
2185.5839141713	889.034973144531
2187.87774538698	888.390014648438
2190.17089190908	886.940002441406
2192.46335402209	886.065002441406
2194.75513201032	885.405029296875
2197.04622615791	884.609985351563
2199.33663674886	885.335021972656
2201.62636406702	884.905029296875
2203.91540839606	886.385009765625
2206.20377001952	888.405029296875
2208.49144922077	889.530029296875
2210.77844628302	888.304992675781
2213.06476148933	888.484985351563
2215.3503951226	886.934997558594
2217.63534746557	887.090026855469
2219.91961880085	886.405029296875
2222.20320941085	887.89501953125
2224.48611957785	886.585021972656
2226.76834958399	886.744995117188
2229.04989971122	885.025024414063
2231.33077024136	885.710021972656
2233.61096145607	885.924987792969
2235.89047363683	885.799987792969
2238.169307065	886.195007324219
2240.44746202178	885.919982910156
2242.72493878819	886.580017089844
2245.00173764511	887.47998046875
2247.27785887327	886.734985351563
2249.55330275324	886.409973144531
2251.82806956545	885.700012207031
2254.10215959014	888.380004882813
2256.37557310744	889.090026855469
2258.64831039729	889.244995117188
2260.92037173949	889.700012207031
2263.19175741368	889.809997558594
2265.46246769938	888.090026855469
2267.7325028759	888.47998046875
2270.00186322243	888.875
2272.270549018	887.195007324219
2274.5385605415	885.340026855469
2276.80589807165	887.825012207031
2279.07256188702	888.575012207031
2281.33855226601	888.575012207031
2283.60386948691	888.919982910156
2285.86851382782	889.684997558594
2288.1324855667	889.22998046875
2290.39578498136	889.760009765625
2292.65841234945	890.359985351563
2294.92036794847	890.630004882813
2297.18165205578	891.77001953125
2299.44226494856	890.450012207031
2301.70220690387	889.765014648438
2303.96147819859	889.705017089844
2306.22007910947	889.184997558594
2308.47800991309	889.780029296875
2310.73527088589	890.200012207031
2312.99186230416	889.340026855469
2315.24778444403	890.885009765625
2317.50303758149	894.075012207031
2319.75762199235	895.440002441406
2322.01153795231	893.47998046875
2324.26478573689	891.440002441406
2326.51736562147	890.924987792969
2328.76927788127	893.369995117188
2331.02052279137	893.515014648438
2333.2711006267	891.455017089844
2335.52101166203	889.869995117188
2337.77025617198	890.705017089844
2340.01883443103	891.010009765625
2342.2667467135	891.335021972656
2344.51399329356	891.530029296875
2346.76057444525	890.924987792969
2349.00649044241	890.450012207031
2351.2517415588	888.070007324219
2353.49632806796	887.965026855469
2355.74025024334	888.369995117188
2357.98350835819	889.705017089844
2360.22610268566	890.385009765625
2362.4680334987	890.044982910156
2364.70930107016	892.190002441406
2366.94990567269	891.400024414063
2369.18984757884	890.875
2371.42912706098	890.924987792969
2373.66774439134	890.780029296875
2375.90569984199	890.219970703125
2378.14299368488	889.294982910156
2380.37962619179	890.289978027344
2382.61559763435	891.224975585938
2384.85090828405	890.664978027344
2387.08555841222	889.719970703125
2389.31954829006	889.719970703125
2391.55287818861	889.97998046875
2393.78554837877	890.335021972656
2396.01755913128	890.849975585938
2398.24891071673	889.820007324219
2400.47960340558	891.900024414063
2402.70963746814	892.674987792969
2404.93901317456	890.840026855469
2407.16773079485	889.929992675781
2409.39579059887	892.075012207031
2411.62319285633	891.210021972656
2413.84993783681	891.205017089844
2416.07602580971	892.669982910156
2418.30145704432	891.739990234375
2420.52623180977	892.275024414063
2422.75035037503	892.275024414063
2424.97381300893	892.789978027344
2427.19661998017	891.609985351563
2429.41877155729	892.325012207031
2431.64026800867	891.960021972656
2433.86110960257	891.989990234375
2436.08129660709	891.705017089844
2438.30082929019	894.349975585938
2440.51970791967	895.070007324219
2442.73793276321	892.705017089844
2444.95550408832	893.380004882813
2447.17242216237	892.015014648438
2449.38868725259	893.35498046875
2451.60429962607	892.280029296875
2453.81925954975	893.119995117188
2456.03356729041	891.724975585938
2458.2472231147	891.554992675781
2460.46022728913	893.330017089844
2462.67258008005	894.409973144531
2464.88428175368	893.22998046875
2467.09533257608	892.195007324219
2469.30573281318	893.315002441406
2471.51548273076	895.554992675781
2473.72458259445	895.275024414063
2475.93303266974	895.890014648438
2478.14083322198	894.775024414063
2480.34798451637	896.364990234375
2482.55448681797	896.445007324219
2484.76034039169	895.054992675781
2486.96554550231	895.385009765625
2489.17010241445	894.974975585938
2491.37401139259	894.085021972656
2493.57727270109	893.544982910156
2495.77988660412	894.609985351563
2497.98185336574	898.005004882813
2500.18317324987	898.35498046875
2502.38384652028	897.554992675781
2504.58387344058	896.64501953125
2506.78325427425	897.984985351563
2508.98198928465	897.465026855469
2511.18007873495	896.474975585938
2513.37752288821	895.585021972656
2515.57432200735	898.02001953125
2517.77047635514	897.044982910156
2519.96598619419	896.294982910156
2522.16085178699	897.335021972656
2524.35507339589	897.289978027344
2526.54865128308	898.409973144531
2528.74158571062	899.630004882813
2530.93387694042	899.325012207031
2533.12552523427	899.75
2535.31653085379	898.174987792969
2537.50689406046	895.844970703125
2539.69661511566	897.164978027344
2541.88569428057	898.445007324219
2544.07413181627	900.484985351563
2546.26192798368	901.169982910156
2548.44908304359	900.434997558594
2550.63559725664	900.224975585938
2552.82147088333	900.965026855469
2555.00670418402	902.054992675781
2557.19129741894	902.625
2559.37525084817	904.715026855469
2561.55856473164	902.429992675781
2563.74123932917	901.559997558594
2565.92327490039	900.775024414063
2568.10467170484	900.659973144531
2570.28543000189	901.174987792969
2572.46555005079	902.609985351563
2574.64503211063	904.739990234375
2576.82387644036	903.85498046875
2579.00208329882	902.825012207031
2581.17965294468	904.135009765625
2583.35658563648	903.359985351563
2585.53288163263	904.215026855469
2587.70854119137	903.760009765625
2589.88356457084	903.349975585938
2592.05795202902	903.289978027344
2594.23170382376	904.544982910156
2596.40482021275	903.565002441406
2598.57730145356	903.219970703125
2600.74914780363	904.875
2602.92035952023	904.190002441406
2605.09093686053	903.065002441406
2607.26088008153	903.97998046875
2609.4301894401	905.400024414063
2611.59886519299	906.794982910156
2613.76690759678	908.239990234375
2615.93431690793	910.539978027344
2618.10109338277	911.27001953125
2620.26723727748	910.585021972656
2622.4327488481	910.190002441406
2624.59762835054	911.510009765625
2626.76187604057	911.414978027344
2628.92549217382	911.784973144531
2631.08847700579	913.484985351563
2633.25083079182	915.14501953125
2635.41255378715	917.330017089844
2637.57364624684	915.359985351563
2639.73410842586	912.465026855469
2641.893940579	913.030029296875
2644.05314296094	914.929992675781
2646.21171582621	915.409973144531
2648.36965942921	915.765014648438
2650.5269740242	915.590026855469
2652.6836598653	916.784973144531
2654.83971720651	916.914978027344
2656.99514630167	918.044982910156
2659.1499474045	917.065002441406
2661.30412076857	918.469970703125
2663.45766664734	917.840026855469
2665.61058529411	918.510009765625
2667.76287696204	918.465026855469
2669.91454190418	921.080017089844
2672.06558037342	922.85498046875
2674.21599262253	922.695007324219
2676.36577890413	922.440002441406
2678.51493947072	922.674987792969
2680.66347457466	923.054992675781
2682.81138446816	923.744995117188
2684.95866940332	925.880004882813
2687.10532963209	926.380004882813
2689.25136540628	925.234985351563
2691.39677697757	923.755004882813
2693.54156459752	923.989990234375
2695.68572851753	924.784973144531
2697.82926898888	927.059997558594
2699.97218626272	926.659973144531
2702.11448059006	926
2704.25615222175	929.450012207031
2706.39720140856	932.825012207031
2708.53762840109	932.60498046875
2710.67743344979	933.835021972656
2712.81661680503	937.330017089844
2714.95517871698	937.619995117188
2717.09311943574	938.619995117188
2719.23043921123	942.544982910156
2721.36713829325	947.815002441406
2723.50321693148	948.539978027344
2725.63867537545	946.815002441406
2727.77351387456	947.424987792969
2729.90773267809	949.080017089844
2732.04133203516	951.320007324219
2734.17431219478	952.39501953125
2736.30667340581	951.525024414063
2738.438415917	952.219970703125
2740.56953997695	951.755004882813
2742.70004583414	948.159973144531
2744.82993373688	944.835021972656
2746.9592039334	944.340026855469
2749.08785667177	944.974975585938
2751.21589219993	944.690002441406
2753.34331076568	943.155029296875
2755.4701126167	941.565002441406
2757.59629800054	941.924987792969
2759.7218671646	941.705017089844
2761.84682035617	943.650024414063
2763.9711578224	942.765014648438
2766.0948798103	942.965026855469
2768.21798656676	944.864990234375
2770.34047833852	944.494995117188
2772.46235537222	942.405029296875
2774.58361791434	939.780029296875
2776.70426621124	940.255004882813
2778.82430050915	941.640014648438
2780.94372105416	941.390014648438
2783.06252809224	941.969970703125
2785.18072186922	938.969970703125
2787.29830263081	936.844970703125
2789.41527062257	938.424987792969
2791.53162608996	939.830017089844
2793.64736927828	938.969970703125
2795.76250043271	939.494995117188
2797.8770197983	940.705017089844
2799.99092761997	940.424987792969
2802.10422414252	942.619995117188
2804.21690961059	945.799987792969
2806.32898426873	947.094970703125
2808.44044836132	949.114990234375
2810.55130213264	950.299987792969
2812.66154582682	952.099975585938
2814.77117968788	955.715026855469
2816.8802039597	955.830017089844
2818.98861888601	959.5
2821.09642471046	963.590026855469
2823.20362167653	969.590026855469
2825.31021002756	971.955017089844
2827.41619000682	974.669982910156
2829.52156185738	977.974975585938
2831.62632582224	984.130004882813
2833.73048214422	989.179992675781
2835.83403106606	997.905029296875
2837.93697283033	1008.26000976563
2840.03930767951	1016.82000732422
2842.1410358559	1027.96997070313
2844.24215760173	1041.08996582031
2846.34267315905	1059.54504394531
2848.44258276982	1077.65502929688
2850.54188667585	1096.44995117188
2852.64058511883	1120.01501464844
2854.73867834032	1142.11999511719
2856.83616658175	1163.3349609375
2858.93305008443	1184.43505859375
2861.02932908952	1209.4150390625
2863.12500383809	1239.4599609375
2865.22007457104	1278.8349609375
2867.31454152918	1319.05004882813
2869.40840495316	1356.51501464844
2871.50166508353	1392.39001464844
2873.59432216069	1418.32995605469
2875.68637642493	1435.29504394531
2877.77782811641	1444.31494140625
2879.86867747515	1445.31994628906
2881.95892474105	1454.375
2884.0485701539	1462.42004394531
2886.13761395333	1466.86999511719
2888.22605637886	1473.56005859375
2890.3138976699	1489.22497558594
2892.40113806571	1506.22497558594
2894.48777780544	1518.21997070313
2896.57381712808	1525.51000976563
2898.65925627254	1533.8349609375
2900.74409547758	1547.60498046875
2902.82833498183	1566.22998046875
2904.9119750238	1587.23498535156
2906.99501584188	1609.625
2909.07745767432	1643.14501953125
2911.15930075925	1680.93505859375
2913.24054533469	1715.54504394531
2915.3211916385	1733.19995117188
2917.40123990846	1770.18505859375
2919.48069038217	1815.56005859375
2921.55954329716	1847.03503417969
2923.63779889079	1875.6650390625
2925.71545740033	1896.45495605469
2927.79251906289	1921.45495605469
2929.86898411548	1944.84497070313
2931.94485279498	1954.75500488281
2934.02012533815	1959.79504394531
2936.0948019816	1963.2099609375
2938.16888296184	1953.14001464844
2940.24236851525	1913.57495117188
2942.31525887809	1868.23498535156
2944.38755428648	1845.48498535156
2946.45925497643	1838.22998046875
2948.53036118382	1813.13000488281
2950.6008731444	1765.58996582031
2952.67079109381	1711.92504882813
2954.74011526755	1670.90002441406
2956.80884590101	1641.81994628906
2958.87698322944	1628.14501953125
2960.94452748799	1628.10498046875
2963.01147891167	1608.40502929688
2965.07783773535	1569.02502441406
2967.14360419382	1546.23498535156
2969.2087785217	1532.63500976563
2971.27336095352	1532.09497070313
2973.33735172366	1521.9150390625
2975.40075106641	1503.92004394531
2977.46355921591	1479.07495117188
2979.52577640618	1454.32495117188
2981.58740287112	1432.34997558594
2983.64843884452	1413.53002929688
2985.70888456003	1390.07495117188
2987.76874025117	1378.2099609375
2989.82800615137	1357.20495605469
2991.88668249391	1326.9599609375
2993.94476951194	1297.01501464844
2996.00226743852	1265.26000976563
2998.05917650657	1237.63500976563
3000.11549694887	1219.48498535156
3002.17122899812	1212.34497070313
3004.22637288685	1195.96496582031
3006.2809288475	1177.71997070313
3008.33489711238	1153.2099609375
3010.38827791368	1132.25500488281
3012.44107148345	1120.89001464844
3014.49327805366	1108.875
3016.5448978561	1097.2099609375
3018.59593112249	1085.26000976563
3020.64637808441	1072.58996582031
3022.6962389733	1067.06005859375
3024.74551402051	1063.59497070313
3026.79420345725	1056.91003417969
3028.84230751461	1055.0849609375
3030.88982642357	1049.09997558594
3032.93676041497	1045.85998535156
3034.98310971955	1043.53503417969
3037.02887456791	1045.36499023438
3039.07405519054	1051.68994140625
3041.11865181781	1054.35498046875
3043.16266467996	1057.18005371094
3045.20609400713	1061.68994140625
3047.24894002932	1063.30004882813
3049.2912029764	1069.05505371094
3051.33288307815	1074.89501953125
3053.37398056421	1081.41003417969
3055.41449566411	1091.99499511719
3057.45442860725	1098.90002441406
3059.49377962291	1103.59997558594
3061.53254894026	1111.56994628906
3063.57073678834	1114.18005371094
3065.60834339607	1110.71997070313
3067.64536899227	1102.68505859375
3069.68181380561	1097.06005859375
3071.71767806467	1089.10498046875
3073.75296199788	1081.7900390625
3075.78766583357	1070.59497070313
3077.82178979997	1054.98999023438
3079.85533412513	1044.98999023438
3081.88829903705	1038.18505859375
3083.92068476356	1030.2099609375
3085.95249153241	1022.51501464844
3087.98371957119	1016.59997558594
3090.01436910741	1009.60498046875
3092.04444036844	1006.76501464844
3094.07393358152	1004.75
3096.10284897381	1001.71502685547
3098.13118677232	999.010009765625
3100.15894720395	999.559997558594
3102.18613049548	1000.26501464844
3104.21273687357	1001.63000488281
3106.23876656477	1001.53002929688
3108.2642197955	998.794982910156
3110.28909679208	997.784973144531
3112.31339778069	996.809997558594
3114.33712298741	997.554992675781
3116.36027263819	997.909973144531
3118.38284695887	999.184997558594
3120.40484617516	999.890014648438
3122.42627051268	1000.09002685547
3124.4471201969	997.289978027344
3126.46739545319	998.049987792969
3128.4870965068	1000.45001220703
3130.50622358287	998.960021972656
3132.5247769064	996.635009765625
3134.54275670229	997.659973144531
3136.56016319534	999.434997558594
3138.57699661019	1000.41998291016
3140.59325717139	998.405029296875
3142.60894510338	998.385009765625
3144.62406063047	998.27001953125
3146.63860397686	1000.55499267578
3148.65257536662	1001.39001464844
3150.66597502371	1003.36499023438
3152.67880317199	1005.53497314453
3154.69106003518	1006.70001220703
3156.70274583691	1004.06500244141
3158.71386080065	1003.21997070313
3160.72440514981	1004.71002197266
3162.73437910763	1004.35998535156
3164.74378289728	1008.80999755859
3166.75261674179	1010.79498291016
3168.76088086407	1011.26000976563
3170.76857548692	1015.32000732422
3172.77570083303	1016.54498291016
3174.78225712498	1013.05499267578
3176.78824458521	1011.57501220703
3178.79366343607	1014.40002441406
3180.79851389977	1016.26501464844
3182.80279619844	1021.28997802734
3184.80651055405	1022.90502929688
3186.80965718849	1023.42999267578
3188.81223632353	1023.44000244141
3190.81424818081	1024.28503417969
3192.81569298186	1028.59997558594
3194.8165709481	1032.03503417969
3196.81688230084	1028.46496582031
3198.81662726126	1025.56494140625
3200.81580605044	1029.86999511719
3202.81441888933	1032.94494628906
3204.81246599879	1033.52502441406
3206.80994759954	1035.68505859375
3208.80686391219	1039.53002929688
3210.80321515726	1045.52001953125
3212.79900155512	1045.96496582031
3214.79422332605	1044.75500488281
3216.78888069021	1040.83996582031
3218.78297386765	1045.51000976563
3220.77650307828	1048.45495605469
3222.76946854195	1053.58996582031
3224.76187047834	1052.5400390625
3226.75370910705	1050.84497070313
3228.74498464755	1050.38500976563
3230.73569731921	1052.55004882813
3232.72584734127	1052.25500488281
3234.71543493287	1054.49499511719
3236.70446031304	1058.86999511719
3238.69292370068	1062.11499023438
3240.68082531459	1063.93005371094
3242.66816537345	1062.72497558594
3244.65494409583	1066.54504394531
3246.6411617002	1068.05004882813
3248.62681840488	1066.81494140625
3250.61191442812	1067
3252.59644998804	1068.46496582031
3254.58042530263	1070.49499511719
3256.56384058979	1067.7900390625
3258.54669606731	1068.71496582031
3260.52899195285	1076.0849609375
3262.51072846396	1081.41003417969
3264.4919058181	1082.88000488281
3266.47252423259	1085.78503417969
3268.45258392464	1088.10998535156
3270.43208511138	1091.7900390625
3272.41102800978	1094.30004882813
3274.38941283675	1098.95495605469
3276.36723980904	1100.89001464844
3278.34450914332	1101.56994628906
3280.32122105613	1103.35498046875
3282.29737576392	1104.05004882813
3284.272973483	1102.94995117188
3286.24801442958	1105.3349609375
3288.22249881978	1104.06494140625
3290.19642686957	1106.30004882813
3292.16979879485	1107.41003417969
3294.14261481136	1111.31494140625
3296.11487513478	1116.3349609375
3298.08657998065	1114.64501953125
3300.0577295644	1110.03503417969
3302.02832410136	1108.80505371094
3303.99836380673	1108.16003417969
3305.96784889563	1108.55505371094
3307.93677958303	1104.24499511719
3309.90515608383	1103.35998535156
3311.87297861278	1103.06005859375
3313.84024738456	1101.93994140625
3315.80696261371	1100.01501464844
3317.77312451466	1100.43505859375
3319.73873330175	1096.92504882813
3321.70378918919	1090.18994140625
3323.66829239109	1089.39501953125
3325.63224312145	1090.6650390625
3327.59564159416	1088.13000488281
3329.55848802299	1084.44995117188
3331.52078262162	1083.92504882813
3333.4825256036	1082.08996582031
3335.44371718237	1078.81005859375
3337.40435757128	1082.90002441406
3339.36444698356	1082.125
3341.32398563232	1078.53503417969
3343.28297373058	1075.86999511719
3345.24141149124	1074.64501953125
3347.19929912709	1075.19494628906
3349.15663685081	1079.1650390625
3351.11342487497	1079.48498535156
3353.06966341204	1077.07995605469
3355.02535267437	1076.14501953125
3356.98049287421	1071.53503417969
3358.9350842237	1071.27502441406
3360.88912693486	1072.82995605469
3362.84262121962	1071.625
3364.79556728978	1070.64501953125
3366.74796535705	1068.36999511719
3368.69981563302	1072.4150390625
3370.65111832917	1073.30505371094
3372.60187365689	1067.94494628906
3374.55208182744	1064.15502929688
3376.50174305198	1063.35998535156
3378.45085754157	1063.64001464844
3380.39942550714	1060.93505859375
3382.34744715954	1057.29504394531
3384.29492270949	1057.18505859375
3386.24185236761	1055.28503417969
3388.18823634442	1052.17504882813
3390.13407485031	1053.06994628906
3392.07936809559	1051.49499511719
3394.02411629045	1049.51501464844
3395.96831964496	1051.93005371094
3397.91197836911	1049.17004394531
3399.85509267275	1049.59497070313
3401.79766276564	1047.51000976563
3403.73968885745	1044.43505859375
3405.68117115771	1042.72998046875
3407.62210987586	1042.52001953125
3409.56250522123	1039.77502441406
3411.50235740305	1038.94995117188
3413.44166663043	1036.15002441406
3415.38043311238	1034.02502441406
3417.3186570578	1033.51000976563
3419.2563386755	1034.75500488281
3421.19347817415	1036.00500488281
3423.13007576235	1034.36999511719
3425.06613164857	1032.09497070313
3427.00164604118	1033.71997070313
3428.93661914844	1033.93994140625
3430.87105117852	1033.44494628906
3432.80494233945	1032.21997070313
3434.73829283919	1030.68005371094
3436.67110288558	1031.10998535156
3438.60337268634	1028.86499023438
3440.53510244911	1025.47497558594
3442.4662923814	1024.85498046875
3444.39694269064	1023.71997070313
3446.32705358412	1023.96997070313
3448.25662526905	1020.5
3450.18565795254	1019.28002929688
3452.11415184156	1017.64501953125
3454.04210714302	1015.36999511719
3455.96952406369	1013.33001708984
3457.89640281024	1007.64001464844
3459.82274358924	1007.39001464844
3461.74854660717	1009.59497070313
3463.67381207038	1008.61499023438
3465.59854018513	1006.85998535156
3467.52273115756	1004.40002441406
3469.44638519373	1001.06500244141
3471.36950249956	996.809997558594
3473.29208328091	997.025024414063
3475.21412774349	995.265014648438
3477.13563609293	995.35498046875
3479.05660853476	994.765014648438
3480.97704527438	992.534973144531
3482.89694651712	988.820007324219
3484.81631246818	987.474975585938
3486.73514333266	986.080017089844
3488.65343931557	984.369995117188
3490.57120062179	984.094970703125
3492.48842745612	979.054992675781
3494.40512002324	975.119995117188
3496.32127852773	973.10498046875
3498.23690317408	972.150024414063
3500.15199416666	971.284973144531
3502.06655170974	969.169982910156
3503.98057600749	966.400024414063
3505.89406726396	965.705017089844
3507.80702568312	965.455017089844
3509.71945146883	966.784973144531
3511.63134482483	964.364990234375
3513.54270595478	961.804992675781
3515.45353506222	962.255004882813
3517.3638323506	959.169982910156
3519.27359802324	959.054992675781
3521.1828322834	957.875
3523.09153533419	952.919982910156
3524.99970737866	949.424987792969
3526.90734861972	947.385009765625
3528.81445926021	946.380004882813
3530.72103950283	944.530029296875
3532.62708955022	942.164978027344
3534.53260960488	944.164978027344
3536.43759986923	942.934997558594
3538.34206054558	939.390014648438
3540.24599183613	934.275024414063
3542.149393943	933.219970703125
3544.05226706817	934.289978027344
3545.95461141357	932.065002441406
3547.85642718097	930.849975585938
3549.75771457208	929.710021972656
3551.6584737885	930.575012207031
3553.55870503171	927.97998046875
3555.4584085031	927.044982910156
3557.35758440396	924.054992675781
3559.25623293548	922.969970703125
3561.15435429874	919.900024414063
3563.05194869473	918.940002441406
3564.94901632432	919.974975585938
3566.84555738829	917.364990234375
3568.74157208732	916.484985351563
3570.63706062199	915.130004882813
3572.53202319277	914.914978027344
3574.42646000003	916.289978027344
3576.32037124406	915.695007324219
3578.213757125	914.784973144531
3580.10661784295	913.919982910156
3581.99895359786	915.469970703125
3583.8907645896	915.429992675781
3585.78205101794	912.054992675781
3587.67281308254	908.669982910156
3589.56305098297	907.960021972656
3591.4527649187	906.784973144531
3593.34195508907	907.549987792969
3595.23062169338	907.724975585938
3597.11876493075	906.325012207031
3599.00638500027	905.565002441406
3600.89348210089	906.034973144531
3602.78005643148	906.109985351563
3604.66610819078	903.239990234375
3606.55163757747	902.14501953125
3608.4366447901	903.114990234375
3610.32113002713	899.835021972656
3612.20509348693	898.840026855469
3614.08853536774	897.429992675781
3615.97145586773	895.820007324219
3617.85385518497	896.534973144531
3619.7357335174	894.804992675781
3621.61709106289	892.244995117188
3623.4979280192	889.875
3625.37824458399	889.39501953125
3627.25804095482	889.255004882813
3629.13731732915	889
3631.01607390435	889.114990234375
3632.89431087767	888.315002441406
3634.77202844629	887.044982910156
3636.64922680726	885.039978027344
3638.52590615754	884.89501953125
3640.40206669402	884.260009765625
3642.27770861344	883.405029296875
3644.15283211248	884.565002441406
3646.02743738771	885
3647.90152463559	884.280029296875
3649.77509405251	883.190002441406
3651.64814583473	883.114990234375
3653.52068017842	883.539978027344
3655.39269727965	884.294982910156
3657.26419733442	882.25
3659.13518053858	880.25
3661.00564708793	879.179992675781
3662.87559717814	875.169982910156
3664.7450310048	875.094970703125
3666.61394876338	875.065002441406
3668.48235064928	876.119995117188
3670.35023685779	875.900024414063
3672.21760758409	875.820007324219
3674.08446302327	875.375
3675.95080337033	875.090026855469
3677.81662882017	874.60498046875
3679.68193956758	871.919982910156
3681.54673580727	870.065002441406
3683.41101773383	870.679992675781
3685.27478554178	869.27001953125
3687.13803942551	868.929992675781
3689.00077957934	870.340026855469
3690.86300619748	867.875
3692.72471947405	866.244995117188
3694.58591960306	866.150024414063
3696.44660677844	867.744995117188
3698.306781194	868.669982910156
3700.16644304348	868.650024414063
3702.02559252049	866.820007324219
3703.88422981859	863.369995117188
3705.74235513119	862.039978027344
3707.59996865164	861.885009765625
3709.45707057318	859.97998046875
3711.31366108895	859.789978027344
3713.16974039199	861.64501953125
3715.02530867527	861.044982910156
3716.88036613164	860.835021972656
3718.73491295385	859.60498046875
3720.58894933456	860.515014648438
3722.44247546634	858.544982910156
3724.29549154166	857.565002441406
3726.14799775289	856.284973144531
3727.9999942923	856.284973144531
3729.85148135209	857.195007324219
3731.70245912432	856.655029296875
3733.55292780098	855.330017089844
3735.40288757397	854.909973144531
3737.25233863509	853.075012207031
3739.10128117603	851.525024414063
3740.9497153884	851.849975585938
3742.7976414637	854.405029296875
3744.64505959335	856.039978027344
3746.49196996866	858.049987792969
3748.33837278086	857.544982910156
3750.18426822108	856.940002441406
3752.02965648033	857.070007324219
3753.87453774956	857.015014648438
3755.7189122196	855.924987792969
3757.5627800812	855.565002441406
3759.40614152501	856.219970703125
3761.24899674159	856.655029296875
3763.09134592138	856.284973144531
3764.93318925476	855.414978027344
3766.77452693199	854.419982910156
3768.61535914325	852.255004882813
3770.45568607861	851.159973144531
3772.29550792807	851.065002441406
3774.1348248815	851.914978027344
3775.9736371287	851.789978027344
3777.81194485938	854.265014648438
