32.6816976106991	713.030029296875
35.6535599501435	713.005004882813
38.6244374909659	712.97998046875
41.5943306947054	713.049987792969
44.5632400226282	712.804992675781
47.5311659356917	713.075012207031
50.4981088945929	712.739990234375
53.4640693597127	712.799987792969
56.4290477911676	712.684997558594
59.3930446487746	712.984985351563
62.356060392067	712.72998046875
65.3180954802906	712.825012207031
68.2791503724084	712.780029296875
71.2392255270922	712.864990234375
74.1983214027271	712.85498046875
77.1564384574159	713.065002441406
80.113577148983	712.885009765625
83.0697379349549	713.164978027344
86.0249212725722	712.909973144531
88.9791276188058	712.955017089844
91.9323574303255	712.929992675781
94.8846111635238	713.034973144531
97.8358892745121	713.219970703125
100.786192219114	713.059997558594
103.73552045287	713.219970703125
106.683874431037	713.309997558594
109.631254608583	713.695007324219
112.577661440203	713.815002441406
115.523095380307	714.034973144531
118.467556883015	714.755004882813
121.411046402175	716.099975585938
124.353564391344	718.099975585938
127.295111303796	721.530029296875
130.235687592532	728.179992675781
133.175293710265	740.179992675781
136.113930109434	759.419982910156
139.051597242185	786.474975585938
141.98829556039	821.715026855469
144.92402551564	861.695007324219
147.858787559244	904.525024414063
150.792582142239	948.664978027344
153.725409715372	986.164978027344
156.65727072911	1009.16998291016
159.588165633643	1024.42004394531
162.518094878884	1037.88000488281
165.447058914469	1044.67004394531
168.375058189747	1042.69494628906
171.302093153792	1037.96997070313
174.228164255401	1032.74499511719
177.153271943091	1030.82495117188
180.077416665101	1032.25500488281
183.000598869394	1032.06005859375
185.922819003656	1031.48999023438
188.84407751529	1034.78503417969
191.764374851424	1037.94494628906
194.683711458919	1036.71997070313
197.60208778434	1036.65502929688
200.519504273992	1043.79504394531
203.435961373894	1050.3349609375
206.351459529801	1062.73999023438
209.265999187174	1073.77001953125
212.179580791207	1086.90002441406
215.092204786825	1102.95495605469
218.003871618673	1122.73999023438
220.914581731116	1139.52502441406
223.824335568247	1153.88500976563
226.733133573893	1163.73999023438
229.640976191593	1176.55505371094
232.547863864614	1185.96496582031
235.453797035961	1191.81005859375
238.358776148354	1194.57995605469
241.26280164424	1185.55004882813
244.1658739658	1182.7900390625
247.067993554929	1179.85498046875
249.969160853266	1173.31494140625
252.869376302162	1169.375
255.768640342707	1163.46997070313
258.666953415705	1157.18005371094
261.564315961705	1152.29504394531
264.46072842097	1147.25500488281
267.356191233499	1140.375
270.25070483901	1140.05505371094
273.144269676967	1134.55004882813
276.036886186551	1133.88500976563
278.928554806671	1132.59997558594
281.819275975966	1127.47497558594
284.709050132812	1119.54504394531
287.597877715306	1123.72998046875
290.485759161281	1121.375
293.372694908298	1111.55505371094
296.258685393644	1105.9150390625
299.143731054352	1104.47998046875
302.027832327156	1104.64501953125
304.910989648557	1104.06005859375
307.79320345476	1105.3349609375
310.674474181717	1104.47497558594
313.554802265101	1099.94494628906
316.434188140326	1095.05505371094
319.312632242533	1096.02001953125
322.190135006593	1093.97998046875
325.066696867117	1092.39501953125
327.942318258443	1091.00500488281
330.816999614641	1090.92004394531
333.690741369517	1087.53503417969
336.56354395661	1085.30505371094
339.435407809193	1078.61499023438
342.306333360273	1072.32495117188
345.176321042591	1068.7900390625
348.045371288612	1064.81005859375
350.913484530551	1063.68994140625
353.78066120035	1060.31005859375
356.64690172969	1057.84497070313
359.512206549972	1057.93005371094
362.376576092357	1054.69494628906
365.240010787716	1053.44995117188
368.102511066677	1049.74499511719
370.964077359587	1051.01501464844
373.82471009654	1052.29504394531
376.684409707364	1052.85498046875
379.543176621612	1053.90002441406
382.401011268595	1051.73498535156
385.257914077343	1049.6650390625
388.113885476627	1046.28002929688
390.968925894961	1047.19995117188
393.823035760591	1049.82995605469
396.676215501503	1060.21997070313
399.528465545415	1063.27001953125
402.379786319791	1064.16003417969
405.230178251834	1068.56994628906
408.079641768472	1073.81994628906
410.928177296387	1078.09997558594
413.775785261992	1079.34997558594
416.622466091445	1084.1650390625
419.468220210631	1089.61999511719
422.313048045182	1093.98498535156
425.156950020479	1098.5400390625
427.999926561623	1094.00500488281
430.841978093471	1092.25500488281
433.683105040613	1087.93505859375
436.523307827384	1082.17504882813
439.362586877851	1074.90502929688
442.200942615829	1077.01000976563
445.038375464876	1074.80505371094
447.874885848283	1071.72998046875
450.710474189089	1067.80004882813
453.54514091007	1070.13500976563
456.37888643375	1073.43005371094
459.211711182386	1072.79504394531
462.043615577986	1066.89001464844
464.874600042297	1061.7099609375
467.704664996804	1058.58996582031
470.533810862741	1058.97998046875
473.36203806108	1056.59997558594
476.189347012547	1052.68005371094
479.015738137594	1054.68005371094
481.841211856432	1055.05505371094
484.665768589008	1061.23999023438
487.489408755009	1067.06494140625
490.312132773878	1071.54504394531
493.133941064796	1073.6650390625
495.954834046683	1075.65002441406
498.77481213821	1078.17504882813
501.593875757797	1080.69995117188
504.412025323601	1084.92504882813
507.229261253524	1083.02502441406
510.045583965226	1081.85998535156
512.860993876093	1080.22497558594
515.675491403271	1076.02502441406
518.489076963649	1071.09497070313
521.301750973863	1065.89001464844
524.113513850293	1060.52502441406
526.924366009065	1060.23999023438
529.734307866052	1058.625
532.543339836881	1054.75500488281
535.35146233692	1048.64501953125
538.158675781281	1045.01000976563
540.964980584833	1041
543.770377162182	1039.64501953125
546.574865927692	1036.80505371094
549.378447295465	1034.18005371094
552.181121679365	1029.9599609375
554.982889492993	1026.03002929688
557.783751149701	1024.44995117188
560.583707062591	1020.77502441406
563.38275764452	1018.13500976563
566.180903308083	1015.20001220703
568.978144465633	1012.79498291016
571.774481529266	1013.36999511719
574.569914910839	1014.54998779297
577.364445021949	1013.83001708984
580.158072273946	1009.38000488281
582.950797077926	1006.69500732422
585.742619844752	1004.18499755859
588.533540985018	999.450012207031
591.323560909078	1001.21502685547
594.112680027034	1001.89001464844
596.90089874875	999.484985351563
599.688217483828	994.614990234375
602.474636641629	995.054992675781
605.260156631263	995.405029296875
608.044777861596	991.815002441406
610.828500741241	991.724975585938
613.611325678567	990.169982910156
616.393253081697	996
619.174283358506	1002.73999023438
621.954416916616	1005.02001953125
624.733654163414	1007.10498046875
627.511995506029	1006.71502685547
630.289441351351	1000.49499511719
633.065992106022	991.52001953125
635.841648176434	987.989990234375
638.616409968744	991.799987792969
641.390277888847	999.085021972656
644.163252342408	1002.35998535156
646.93533373484	1008.14001464844
649.706522471307	1008.91998291016
652.47681895674	1005.59997558594
655.246223595811	1000.83001708984
658.014736792957	998.960021972656
660.782358952371	1002.03002929688
663.549090477999	1001.25500488281
666.314931773542	1005.96502685547
669.079883242452	1005.01000976563
671.843945287955	1006.78997802734
674.607118313019	1003.00500488281
677.369402720366	1001.70501708984
680.130798912488	998.380004882813
682.891307291627	998.049987792969
685.650928259784	997.275024414063
688.409662218708	996.64501953125
691.167509569927	998.864990234375
693.924470714705	1002.15997314453
696.680546054078	1002.83502197266
699.435735988832	1005.16497802734
702.190040919516	1008.49499511719
704.943461246442	1010.69000244141
707.695997369667	1006.625
710.447649689022	1005.75
713.198418604088	1008.16998291016
715.948304514206	1008.29498291016
718.697307818481	1007.05999755859
721.445428915779	1012.16998291016
724.192668204716	1016.01000976563
726.93902608368	1014.32000732422
729.684502950805	1012.33001708984
732.429099204005	1012.91497802734
735.172815240936	1012.61999511719
737.915651459026	1012.88000488281
740.657608255463	1015.67498779297
743.398686027186	1021.22497558594
746.13888517091	1024.97497558594
748.878206083102	1030.67004394531
751.616649159998	1033.72497558594
754.354214797584	1037.28002929688
757.09090339162	1041.11499023438
759.826715337622	1041.48498535156
762.561651030868	1038.65002441406
765.295710866406	1030.93994140625
768.028895239041	1023.23498535156
770.761204543336	1014.71997070313
773.492639173626	1012.05999755859
776.223199524006	1007.54498291016
778.952885988334	999.905029296875
781.681698960235	997.140014648438
784.40963883309	995.984985351563
787.136706000052	992.820007324219
789.862900854037	991.599975585938
792.588223787721	995.914978027344
795.312675193549	997.989990234375
798.036255463728	999.150024414063
800.758964990228	997.010009765625
803.480804164792	1001.45501708984
806.201773378919	1007.08502197266
808.921873023884	1009.36499023438
811.641103490712	1011.25
814.359465170214	1017.98498535156
817.076958452946	1027.21496582031
819.793583729246	1032.51000976563
822.509341389214	1044.60998535156
825.224231822712	1060.875
827.938255419375	1076.55004882813
830.651412568596	1089.73999023438
833.363703659544	1095.375
836.075129081157	1100.89001464844
838.785689222127	1096.84497070313
841.495384470928	1096.69995117188
844.204215215788	1101.14001464844
846.912181844721	1105.98498535156
849.619284745491	1111.42504882813
852.325524305638	1124.21496582031
855.030900912475	1133.30505371094
857.735414953079	1142.90502929688
860.439066814289	1138.14501953125
863.141856882725	1125.5849609375
865.843785544769	1111.31994628906
868.544853186571	1103.91003417969
871.245060194063	1099.33996582031
873.944406952925	1102.19494628906
876.642893848625	1105.64501953125
879.340521266398	1106.23498535156
882.037289591241	1110.92504882813
884.733199207927	1117.73498535156
887.428250501001	1118.35998535156
890.122443854778	1117.18005371094
892.815779653335	1115.28503417969
895.508258280534	1119.82495117188
898.199880119997	1129.36999511719
900.890645555129	1135.81994628906
903.580554969094	1136.93994140625
906.269608744832	1138.84997558594
908.957807265056	1135.35498046875
911.645150912257	1127.11999511719
914.331640068689	1120.41003417969
917.017275116375	1118.38500976563
919.702056437128	1123.14501953125
922.385984412518	1130.00500488281
925.069059423886	1136.68505859375
927.751281852366	1151.32995605469
930.432652078842	1155.93005371094
933.113170483983	1157.20495605469
935.79283744823	1166.57995605469
938.471653351806	1174.15502929688
941.149618574686	1180.375
943.826733496641	1193.77502441406
946.502998497206	1197.65502929688
949.178413955689	1192.65002441406
951.85298025118	1194.01501464844
954.526697762544	1190.2099609375
957.199566868403	1186.36999511719
959.87158794718	1192.82495117188
962.542761377054	1198.48498535156
965.213087535987	1196.00500488281
967.882566801719	1189.32995605469
970.551199551761	1178.34997558594
973.218986163399	1169.51501464844
975.885927013698	1161.56005859375
978.552022479501	1162.73498535156
981.217272937423	1163.05004882813
983.88167876386	1168.10998535156
986.545240334978	1175.16003417969
989.207958026729	1181.7900390625
991.869832214835	1200.84997558594
994.530863274798	1219.34497070313
997.191051581895	1251.84997558594
999.850397511185	1298.56005859375
1002.50890143751	1350.57495117188
1005.16656373546	1398.88000488281
1007.82338477944	1424.67504882813
1010.47936494363	1405.56005859375
1013.13450460195	1356.65502929688
1015.78880412815	1288.98498535156
1018.44226389572	1232.90502929688
1021.09488427794	1197.68005371094
1023.74666564789	1181.2099609375
1026.3976083784	1166.13000488281
1029.04771284208	1169.53503417969
1031.69697941135	1181.93005371094
1034.34540845838	1187.30004882813
1036.99300035512	1193.11999511719
1039.63975547333	1183.40002441406
1042.28567418452	1174.82495117188
1044.93075685998	1166.23498535156
1047.57500387081	1165.01501464844
1050.21841558786	1159.9150390625
1052.86099238177	1162.00500488281
1055.50273462297	1168.19995117188
1058.14364268167	1172.01000976563
1060.78371692784	1172.31494140625
1063.42295773126	1178.61999511719
1066.06136546148	1189.05004882813
1068.69894048781	1193.94995117188
1071.33568317939	1201.60998535156
1073.9715939051	1205.64001464844
1076.60667303362	1211.01000976563
1079.24092093341	1216.03503417969
1081.87433797271	1219.92004394531
1084.50692451954	1223.18505859375
1087.13868094172	1219.88000488281
1089.76960760684	1213.97497558594
1092.39970488226	1210.71496582031
1095.02897313516	1208.10498046875
1097.65741273246	1199.72998046875
1100.28502404089	1194.59997558594
1102.91180742697	1186.02001953125
1105.53776325698	1182.35998535156
1108.16289189701	1178.52502441406
1110.78719371291	1175.8349609375
1113.41066907033	1173.22497558594
1116.0333183347	1169.59997558594
1118.65514187124	1166.07995605469
1121.27614004495	1167.01000976563
1123.89631322061	1176.55505371094
1126.51566176279	1183.84997558594
1129.13418603585	1180.78002929688
1131.75188640394	1176.59497070313
1134.36876323098	1167.95495605469
1136.98481688069	1146.35998535156
1139.60004771655	1126.19995117188
1142.21445610187	1106.75
1144.82804239972	1093.39501953125
1147.44080697295	1087.74499511719
1150.05275018421	1091.95495605469
1152.66387239593	1098.15002441406
1155.27417397034	1107.30505371094
1157.88365526943	1117.81494140625
1160.49231665502	1121.18505859375
1163.10015848867	1119.81005859375
1165.70718113176	1124.76501464844
1168.31338494544	1122.40502929688
1170.91877029067	1117.10998535156
1173.52333752817	1117.30004882813
1176.12708701847	1122.40502929688
1178.73001912187	1121.09497070313
1181.33213419848	1113.81494140625
1183.93343260819	1111.40002441406
1186.53391471068	1105.65002441406
1189.13358086539	1100.09997558594
1191.73243143161	1100.79504394531
1194.33046676836	1102.51000976563
1196.92768723449	1106.59997558594
1199.52409318861	1116.13500976563
1202.11968498915	1132.36499023438
1204.7144629943	1147.43005371094
1207.30842756206	1158.18005371094
1209.90157905021	1167.88500976563
1212.49391781634	1168.72998046875
1215.08544421779	1168.66003417969
1217.67615861174	1165.32995605469
1220.26606135512	1162.6650390625
1222.85515280468	1158.65502929688
1225.44343331694	1164.28002929688
1228.03090324823	1177.5849609375
1230.61756295466	1186.48498535156
1233.20341279213	1196.46997070313
1235.78845311634	1214.77001953125
1238.37268428278	1224.52001953125
1240.95610664673	1231.22497558594
1243.53872056325	1241.69494628906
1246.12052638722	1244.66003417969
1248.70152447329	1246.29504394531
1251.28171517591	1248.2099609375
1253.86109884934	1246.05505371094
1256.43967584759	1248.97998046875
1259.0174465245	1249.31005859375
1261.5944112337	1246.55004882813
1264.1705703286	1252.67504882813
1266.74592416241	1256.79504394531
1269.32047308814	1253.39001464844
1271.89421745858	1247.05004882813
1274.46715762633	1247.06994628906
1277.03929394377	1245.5400390625
1279.61062676308	1242.63500976563
1282.18115643624	1242.73999023438
1284.75088331502	1243.38000488281
1287.31980775098	1238.24499511719
1289.88793009548	1234.82995605469
1292.45525069969	1230.44995117188
1295.02176991454	1225.19995117188
1297.58748809078	1227.48498535156
1300.15240557897	1235.59997558594
1302.71652272942	1239.75500488281
1305.27983989229	1244.22998046875
1307.84235741749	1256.5849609375
1310.40407565475	1264.07495117188
1312.9649949536	1279.46496582031
1315.52511566335	1292.43994140625
1318.08443813311	1294.28002929688
1320.64296271181	1294.38000488281
1323.20068974815	1300.97998046875
1325.75761959063	1303.25
1328.31375258756	1298.81005859375
1330.86908908704	1296.28002929688
1333.42362943696	1293.94494628906
1335.97737398503	1295.58996582031
1338.53032307874	1303.53503417969
1341.08247706537	1304.60498046875
1343.63383629202	1303.77001953125
1346.18440110558	1292.44995117188
1348.73417185274	1279.32995605469
1351.28314887997	1263.17504882813
1353.83133253357	1242.59497070313
1356.37872315961	1221.81494140625
1358.92532110398	1202.90502929688
1361.47112671237	1184.17004394531
1364.01614033024	1171.81494140625
1366.56036230288	1164.34497070313
1369.10379297537	1151.68994140625
1371.64643269258	1136.52502441406
1374.18828179921	1125.45495605469
1376.72934063972	1117.18505859375
1379.2696095584	1113.82495117188
1381.80908889932	1112.31994628906
1384.34777900637	1112.14001464844
1386.88568022323	1110.22998046875
1389.42279289337	1109.35498046875
1391.95911736009	1113.23999023438
1394.49465396645	1117.23498535156
1397.02940305537	1124.06005859375
1399.5633649695	1128.55505371094
1402.09654005135	1130.86499023438
1404.6289286432	1137.43994140625
1407.16053108714	1142.18994140625
1409.69134772507	1139.26501464844
1412.22137889868	1139.01501464844
1414.75062494947	1140.4150390625
1417.27908621874	1142.74499511719
1419.80676304759	1142.47998046875
1422.33365577692	1144.61499023438
1424.85976474744	1151.9599609375
1427.38509029967	1155.22497558594
1429.90963277392	1166.25
1432.4333925103	1177.61499023438
1434.95636984873	1196.08996582031
1437.47856512894	1220.4599609375
1439.99997869045	1252.02001953125
1442.5206108726	1288.39501953125
1445.04046201452	1319.55004882813
1447.55953245515	1344.76000976563
1450.07782253323	1364.43994140625
1452.59533258731	1370.92504882813
1455.11206295574	1394.10498046875
1457.62801397668	1359.59497070313
1460.14318598809	1345.78503417969
1462.65757932774	1331.18994140625
1465.1711943332	1308.05004882813
1467.68403134184	1268.41003417969
1470.19609069085	1228.17004394531
1472.70737271721	1192.77001953125
1475.21787775772	1154.56494140625
1477.72760614897	1117.77001953125
1480.23655822738	1084.375
1482.74473432914	1051.94494628906
1485.25213479029	1027.43005371094
1487.75875994664	1008.04498291016
1490.26461013382	995.375
1492.76968568726	983.510009765625
1495.27398694222	974.349975585938
1497.77751423374	971.125
1500.28026789667	967.799987792969
1502.78224826569	967.205017089844
1505.28345567526	965.340026855469
1507.78389045967	963.505004882813
1510.28355295299	961.22998046875
1512.78244348913	959.244995117188
1515.28056240178	957.875
1517.77791002445	956.85498046875
1520.27448669047	958.530029296875
1522.77029273296	958.184997558594
1525.26532848486	958.715026855469
1527.75959427889	960.825012207031
1530.25309044764	962.849975585938
1532.74581732344	963.825012207031
1535.23777523847	965.280029296875
1537.72896452471	966.585021972656
1540.21938551394	967.655029296875
1542.70903853778	971.164978027344
1545.19792392761	981.960021972656
1547.68604201466	988.215026855469
1550.17339312997	996.765014648438
1552.65997760434	1007.82000732422
1555.14579576845	1014.18499755859
1557.63084795275	1018.95501708984
1560.11513448749	1018.39501953125
1562.59865570276	1011.57501220703
1565.08141192845	1009.875
1567.56340349426	1003.97497558594
1570.04463072969	999.265014648438
1572.52509396406	997.494995117188
1575.00479352652	998.594970703125
1577.48372974599	1003.16497802734
1579.96190295124	1009.52502441406
1582.43931347083	1014.59497070313
1584.91596163314	1017.51000976563
1587.39184776636	1022.17498779297
1589.86697219849	1028.875
1592.34133525734	1034.89001464844
1594.81493727054	1039.0400390625
1597.28777856553	1042.60998535156
1599.75985946955	1051.70495605469
1602.23118030968	1065.27001953125
1604.70174141278	1080.94995117188
1607.17154310555	1096.68505859375
1609.64058571449	1105.36499023438
1612.10886956591	1112.84497070313
1614.57639498595	1116.51501464844
1617.04316230054	1115.0849609375
1619.50917183543	1108.85998535156
1621.97442391621	1098.3349609375
1624.43891886825	1088.55004882813
1626.90265701674	1086.51000976563
1629.36563868671	1083.75500488281
1631.82786420296	1077.25500488281
1634.28933389016	1081.17504882813
1636.75004807274	1089.52502441406
1639.21000707498	1099.26000976563
1641.66921122097	1115.44494628906
1644.12766083459	1136.84997558594
1646.58535623956	1160.875
1649.04229775941	1185.48999023438
1651.4984857175	1211.06494140625
1653.95392043697	1234.19995117188
1656.40860224079	1248.22998046875
1658.86253145177	1260.45495605469
1661.3157083925	1268.80505371094
1663.76813338542	1270.52502441406
1666.21980675275	1266.63000488281
1668.67072881656	1259.67004394531
1671.1208998987	1248.03002929688
1673.57032032089	1232.43005371094
1676.0189904046	1220.35998535156
1678.46691047118	1200.26501464844
1680.91408084174	1175.67004394531
1683.36050183726	1148.6650390625
1685.8061737785	1123.93505859375
1688.25109698605	1096.33996582031
1690.69527178032	1070.45495605469
1693.13869848153	1046.64001464844
1695.58137740972	1026.08996582031
1698.02330888476	1005.38500976563
1700.46449322631	984.549987792969
1702.90493075388	966.109985351563
1705.34462178678	950.974975585938
1707.78356664414	935.359985351563
1710.22176564492	925.760009765625
1712.65921910787	916.434997558594
1715.0959273516	908.849975585938
1717.53189069449	902.825012207031
1719.9671094548	899.494995117188
1722.40158395054	896.820007324219
1724.8353144996	894.885009765625
1727.26830141965	893.869995117188
1729.70054502819	891.840026855469
1732.13204564255	889.309997558594
1734.56280357987	888.085021972656
1736.99281915711	890.205017089844
1739.42209269106	889.205017089844
1741.85062449831	886.804992675781
1744.27841489529	886.994995117188
1746.70546419823	883.719970703125
1749.13177272321	882.830017089844
1751.5573407861	882.440002441406
1753.98216870262	881.989990234375
1756.40625678828	884.525024414063
1758.82960535844	883.955017089844
1761.25221472825	883.114990234375
1763.67408521271	879.880004882813
1766.09521712663	880.015014648438
1768.51561078464	879.494995117188
1770.93526650119	879.35498046875
1773.35418459056	877.744995117188
1775.77236536684	878.065002441406
1778.18980914396	877.864990234375
1780.60651623565	878.034973144531
1783.02248695548	877.734985351563
1785.43772161684	877.075012207031
1787.85222053292	876.325012207031
1790.26598401677	875.400024414063
1792.67901238123	874.799987792969
1795.09130593899	875.140014648438
1797.50286500254	874.130004882813
1799.9136898842	874.14501953125
1802.32378089613	874.880004882813
1804.73313835028	874.784973144531
1807.14176255846	873.85498046875
1809.54965383228	873
1811.95681248317	873.344970703125
1814.36323882242	871.090026855469
1816.76893316109	872.52001953125
1819.17389581011	871.35498046875
1821.57812708021	870.085021972656
1823.98162728196	871.919982910156
1826.38439672573	872.614990234375
1828.78643572174	871.554992675781
1831.18774458003	872.830017089844
1833.58832361045	871.934997558594
1835.98817312269	871.849975585938
1838.38729342625	869.565002441406
1840.78568483048	869.335021972656
1843.18334764454	868.625
1845.58028217741	869.27001953125
1847.9764887379	868.380004882813
1850.37196763465	869.460021972656
1852.76671917613	871.14501953125
1855.16074367062	869.034973144531
1857.55404142624	868.989990234375
1859.94661275094	867.739990234375
1862.33845795247	867.419982910156
1864.72957733844	868.715026855469
1867.11997121627	868.114990234375
1869.5096398932	867.429992675781
1871.89858367631	867.27001953125
1874.28680287251	868.844970703125
1876.67429778851	868.22998046875
1879.06106873089	867.364990234375
1881.44711600601	867.599975585938
1883.8324399201	867.224975585938
1886.21704077919	867.135009765625
1888.60091888915	868.219970703125
1890.98407455567	869.260009765625
1893.36650808428	868.940002441406
1895.74821978033	867.914978027344
1898.12920994899	868.184997558594
1900.50947889527	867.674987792969
1902.88902692401	867.304992675781
1905.26785433986	868.094970703125
1907.64596144734	867.75
1910.02334855075	867.39501953125
1912.40001595424	868.830017089844
1914.7759639618	868.400024414063
1917.15119287724	867.400024414063
1919.52570300419	865.429992675781
1921.89949464611	866.39501953125
1924.27256810632	867.674987792969
1926.64492368793	868.619995117188
1929.0165616939	868.830017089844
1931.38748242701	868.599975585938
1933.75768618989	868.35498046875
1936.12717328497	868.804992675781
1938.49594401455	867.140014648438
1940.86399868071	867.304992675781
1943.23133758541	867.140014648438
1945.5979610304	867.445007324219
1947.96386931729	867.830017089844
1950.32906274751	868.125
1952.69354162232	867.440002441406
1955.0573062428	868.960021972656
1957.42035690989	868.015014648438
1959.78269392434	869.309997558594
1962.14431758673	867.840026855469
1964.50522819748	867.765014648438
1966.86542605684	866.755004882813
1969.22491146488	867.840026855469
1971.58368472153	867.109985351563
1973.94174612654	866.25
1976.29909597945	866.544982910156
1978.65573457971	867.315002441406
1981.01166222654	869.005004882813
1983.36687921902	868.265014648438
1985.72138585606	867.090026855469
1988.07518243639	865.705017089844
1990.42826925859	864.919982910156
1992.78064662106	866.52001953125
1995.13231482205	867.710021972656
1997.48327415961	867.10498046875
1999.83352493167	866.440002441406
2002.18306743594	867.919982910156
2004.53190197002	869.195007324219
2006.8800288313	868.669982910156
2009.22744831703	867.219970703125
2011.57416072427	867.294982910156
2013.92016634993	865.275024414063
2016.26546549076	864.25
2018.61005844332	865.114990234375
2020.95394550404	864.635009765625
2023.29712696915	865.804992675781
2025.63960313474	866.315002441406
2027.98137429672	866.489990234375
2030.32244075083	867.169982910156
2032.66280279266	866.155029296875
2035.00246071763	867.179992675781
2037.34141482099	867.224975585938
2039.67966539784	868.010009765625
2042.01721274309	868.635009765625
2044.35405715151	870.64501953125
2046.69019891769	868.934997558594
2049.02563833606	868.294982910156
2051.3603757009	869.14501953125
2053.6944113063	868.364990234375
2056.0277454462	868.375
2058.36037841439	868.950012207031
2060.69231050446	869.27001953125
2063.02354200988	867.719970703125
2065.35407322392	867.775024414063
2067.68390443971	867.674987792969
2070.01303595021	869.155029296875
2072.3414680482	869.414978027344
2074.66920102633	869.090026855469
2076.99623517706	869.140014648438
2079.32257079271	868.640014648438
2081.6482081654	867.155029296875
2083.97314758713	866.914978027344
2086.29738934971	869.804992675781
2088.62093374481	871.789978027344
2090.94378106391	871.195007324219
2093.26593159835	870.914978027344
2095.5873856393	870.075012207031
2097.90814347777	869.669982910156
2100.2282054046	870.349975585938
2102.54757171048	872.710021972656
2104.86624268594	872.625
2107.18421862133	873.974975585938
2109.50149980686	872.760009765625
2111.81808653257	871.969970703125
2114.13397908834	871.22998046875
2116.44917776388	872.280029296875
2118.76368284875	873.414978027344
2121.07749463235	872.484985351563
2123.39061340391	871.760009765625
2125.70303945252	870.575012207031
2128.01477306707	872.224975585938
2130.32581453634	874.030029296875
2132.63616414891	873.755004882813
2134.94582219322	873.455017089844
2137.25478895754	872.25
2139.56306472999	871.960021972656
2141.87064979851	871.380004882813
2144.17754445092	873.515014648438
2146.48374897484	874.650024414063
2148.78926365774	875.650024414063
2151.09408878695	874.599975585938
2153.39822464963	873.195007324219
2155.70167153277	872.715026855469
2158.00442972321	872.349975585938
2160.30649950763	872.789978027344
2162.60788117256	872.924987792969
2164.90857500436	873.505004882813
2167.20858128923	874.484985351563
2169.50790031323	874.590026855469
2171.80653236223	875.075012207031
2174.10447772198	874.64501953125
2176.40173667804	873.534973144531
2178.69830951582	872.469970703125
2180.99419652058	871.690002441406
2183.28939797743	872.434997558594
2185.5839141713	874.164978027344
2187.87774538698	875.174987792969
2190.17089190908	874.005004882813
2192.46335402209	873.960021972656
2194.75513201032	872.094970703125
2197.04622615791	871.049987792969
2199.33663674886	871.515014648438
2201.62636406702	871.744995117188
2203.91540839606	870.765014648438
2206.20377001952	873.179992675781
2208.49144922077	874.815002441406
2210.77844628302	874.260009765625
2213.06476148933	874.690002441406
2215.3503951226	872.974975585938
2217.63534746557	872.344970703125
2219.91961880085	872.679992675781
2222.20320941085	873.565002441406
2224.48611957785	873.934997558594
2226.76834958399	872.554992675781
2229.04989971122	870.775024414063
2231.33077024136	870.659973144531
2233.61096145607	870.844970703125
2235.89047363683	872.77001953125
2238.169307065	871.695007324219
2240.44746202178	872.799987792969
2242.72493878819	872.340026855469
2245.00173764511	872.674987792969
2247.27785887327	873.174987792969
2249.55330275324	873.130004882813
2251.82806956545	872.460021972656
2254.10215959014	873.804992675781
2256.37557310744	874.619995117188
2258.64831039729	873.195007324219
2260.92037173949	873.169982910156
2263.19175741368	874.330017089844
2265.46246769938	873.965026855469
2267.7325028759	873.664978027344
2270.00186322243	874.794982910156
2272.270549018	874.35498046875
2274.5385605415	871.409973144531
2276.80589807165	872.094970703125
2279.07256188702	873.390014648438
2281.33855226601	873.385009765625
2283.60386948691	874.304992675781
2285.86851382782	873.989990234375
2288.1324855667	874.109985351563
2290.39578498136	875.210021972656
2292.65841234945	875.859985351563
2294.92036794847	876.239990234375
2297.18165205578	876.914978027344
2299.44226494856	875.455017089844
2301.70220690387	875.414978027344
2303.96147819859	875.309997558594
2306.22007910947	873.97998046875
2308.47800991309	876.015014648438
2310.73527088589	876.005004882813
2312.99186230416	875.070007324219
2315.24778444403	875.659973144531
2317.50303758149	879.940002441406
2319.75762199235	881.609985351563
2322.01153795231	880
2324.26478573689	878.375
2326.51736562147	876.414978027344
2328.76927788127	878.179992675781
2331.02052279137	877.804992675781
2333.2711006267	877.025024414063
2335.52101166203	876.190002441406
2337.77025617198	874.010009765625
2340.01883443103	875.059997558594
2342.2667467135	876.799987792969
2344.51399329356	877.275024414063
2346.76057444525	876.820007324219
2349.00649044241	876.619995117188
2351.2517415588	874.780029296875
2353.49632806796	872.510009765625
2355.74025024334	872.47998046875
2357.98350835819	872.450012207031
2360.22610268566	873.364990234375
2362.4680334987	875.755004882813
2364.70930107016	876.534973144531
2366.94990567269	875.405029296875
2369.18984757884	875.179992675781
2371.42912706098	877.119995117188
2373.66774439134	876.630004882813
2375.90569984199	874.969970703125
2378.14299368488	874.390014648438
2380.37962619179	873.955017089844
2382.61559763435	874.674987792969
2384.85090828405	874.465026855469
2387.08555841222	874.450012207031
2389.31954829006	874.445007324219
2391.55287818861	873.85498046875
2393.78554837877	873.820007324219
2396.01755913128	873.994995117188
2398.24891071673	874.260009765625
2400.47960340558	875.489990234375
2402.70963746814	875.594970703125
2404.93901317456	874.22998046875
2407.16773079485	874.260009765625
2409.39579059887	874.679992675781
2411.62319285633	874.974975585938
2413.84993783681	874.530029296875
2416.07602580971	875.304992675781
2418.30145704432	875.695007324219
2420.52623180977	875.780029296875
2422.75035037503	875.424987792969
2424.97381300893	876.434997558594
2427.19661998017	875.465026855469
2429.41877155729	875.484985351563
2431.64026800867	874.260009765625
2433.86110960257	875.159973144531
2436.08129660709	874.969970703125
2438.30082929019	877.809997558594
2440.51970791967	878.744995117188
2442.73793276321	877.044982910156
2444.95550408832	877.599975585938
2447.17242216237	874.710021972656
2449.38868725259	875.669982910156
2451.60429962607	875.635009765625
2453.81925954975	876.544982910156
2456.03356729041	876.179992675781
2458.2472231147	875.335021972656
2460.46022728913	875.929992675781
2462.67258008005	877.034973144531
2464.88428175368	876.525024414063
2467.09533257608	875.289978027344
2469.30573281318	876.515014648438
2471.51548273076	876.554992675781
2473.72458259445	877.335021972656
2475.93303266974	879.010009765625
2478.14083322198	880.340026855469
2480.34798451637	879.010009765625
2482.55448681797	879.565002441406
2484.76034039169	880.010009765625
2486.96554550231	879.260009765625
2489.17010241445	878.025024414063
2491.37401139259	879.304992675781
2493.57727270109	878.724975585938
2495.77988660412	877.549987792969
2497.98185336574	879.284973144531
2500.18317324987	880.049987792969
2502.38384652028	880.080017089844
2504.58387344058	880.75
2506.78325427425	881.494995117188
2508.98198928465	879.494995117188
2511.18007873495	880.044982910156
2513.37752288821	879.289978027344
2515.57432200735	880.364990234375
2517.77047635514	880.575012207031
2519.96598619419	881.25
2522.16085178699	881.429992675781
2524.35507339589	881.52001953125
2526.54865128308	881.445007324219
2528.74158571062	882.690002441406
2530.93387694042	882.534973144531
2533.12552523427	883.260009765625
2535.31653085379	882.705017089844
2537.50689406046	882.075012207031
2539.69661511566	880.25
2541.88569428057	882.044982910156
2544.07413181627	883.419982910156
2546.26192798368	885.200012207031
2548.44908304359	885.655029296875
2550.63559725664	885.219970703125
2552.82147088333	884.864990234375
2555.00670418402	885.260009765625
2557.19129741894	886.409973144531
2559.37525084817	888.710021972656
2561.55856473164	889.554992675781
2563.74123932917	888.455017089844
2565.92327490039	886.429992675781
2568.10467170484	886.474975585938
2570.28543000189	885.984985351563
2572.46555005079	887.659973144531
2574.64503211063	890.400024414063
2576.82387644036	890.434997558594
2579.00208329882	888.835021972656
2581.17965294468	889.625
2583.35658563648	889.039978027344
2585.53288163263	889.5
2587.70854119137	887.909973144531
2589.88356457084	888.919982910156
2592.05795202902	890.344970703125
2594.23170382376	890.590026855469
2596.40482021275	889.679992675781
2598.57730145356	889.684997558594
2600.74914780363	889.659973144531
2602.92035952023	890.080017089844
2605.09093686053	891.534973144531
2607.26088008153	891.469970703125
2609.4301894401	891.885009765625
2611.59886519299	892.455017089844
2613.76690759678	894.869995117188
2615.93431690793	896.875
2618.10109338277	897.974975585938
2620.26723727748	897.734985351563
2622.4327488481	897.650024414063
2624.59762835054	897.474975585938
2626.76187604057	896.775024414063
2628.92549217382	899.140014648438
2631.08847700579	901.109985351563
2633.25083079182	901.739990234375
2635.41255378715	903.969970703125
2637.57364624684	903.390014648438
2639.73410842586	901.044982910156
2641.893940579	900.409973144531
2644.05314296094	901.900024414063
2646.21171582621	901.150024414063
2648.36965942921	903.570007324219
2650.5269740242	903.919982910156
2652.6836598653	904.414978027344
2654.83971720651	905.594970703125
2656.99514630167	906.47998046875
2659.1499474045	904.974975585938
2661.30412076857	905.775024414063
2663.45766664734	906.515014648438
2665.61058529411	905.525024414063
2667.76287696204	905.169982910156
2669.91454190418	907.289978027344
2672.06558037342	911.090026855469
2674.21599262253	912.369995117188
2676.36577890413	912.299987792969
2678.51493947072	911.960021972656
2680.66347457466	912.260009765625
2682.81138446816	912.52001953125
2684.95866940332	913.989990234375
2687.10532963209	915.784973144531
2689.25136540628	917.005004882813
2691.39677697757	913.835021972656
2693.54156459752	913.609985351563
2695.68572851753	915.125
2697.82926898888	914.885009765625
2699.97218626272	915.109985351563
2702.11448059006	916.025024414063
2704.25615222175	918.585021972656
2706.39720140856	921.974975585938
2708.53762840109	923.809997558594
2710.67743344979	924.525024414063
2712.81661680503	928.224975585938
2714.95517871698	931.64501953125
2717.09311943574	932.840026855469
2719.23043921123	938.614990234375
2721.36713829325	942.630004882813
2723.50321693148	946.715026855469
2725.63867537545	947.309997558594
2727.77351387456	947.815002441406
2729.90773267809	948.294982910156
2732.04133203516	949.739990234375
2734.17431219478	949.315002441406
2736.30667340581	948.75
2738.438415917	948.614990234375
2740.56953997695	950.934997558594
2742.70004583414	945.700012207031
2744.82993373688	939.60498046875
2746.9592039334	936.414978027344
2749.08785667177	937.77001953125
2751.21589219993	937.650024414063
2753.34331076568	935.965026855469
2755.4701126167	935.244995117188
2757.59629800054	932.64501953125
2759.7218671646	932.989990234375
2761.84682035617	933.974975585938
2763.9711578224	934.169982910156
2766.0948798103	934.049987792969
2768.21798656676	936.455017089844
2770.34047833852	938.815002441406
2772.46235537222	934.900024414063
2774.58361791434	931.674987792969
2776.70426621124	930.849975585938
2778.82430050915	931.390014648438
2780.94372105416	931.984985351563
2783.06252809224	931.260009765625
2785.18072186922	928.885009765625
2787.29830263081	925.260009765625
2789.41527062257	925.190002441406
2791.53162608996	925.349975585938
2793.64736927828	924.744995117188
2795.76250043271	925.344970703125
2797.8770197983	926.179992675781
2799.99092761997	924.77001953125
2802.10422414252	927.085021972656
2804.21690961059	931.950012207031
2806.32898426873	934.580017089844
2808.44044836132	936.35498046875
2810.55130213264	937.590026855469
2812.66154582682	939.044982910156
2814.77117968788	943.484985351563
2816.8802039597	947.830017089844
2818.98861888601	950.984985351563
2821.09642471046	957.565002441406
2823.20362167653	962.784973144531
2825.31021002756	967.525024414063
2827.41619000682	970.625
2829.52156185738	976.164978027344
2831.62632582224	985.059997558594
2833.73048214422	992.909973144531
2835.83403106606	1004.67999267578
2837.93697283033	1019.59997558594
2840.03930767951	1035.18994140625
2842.1410358559	1050.19494628906
2844.24215760173	1069.90502929688
2846.34267315905	1097.66003417969
2848.44258276982	1126.59997558594
2850.54188667585	1157.32995605469
2852.64058511883	1193.18994140625
2854.73867834032	1228.125
2856.83616658175	1257.56994628906
2858.93305008443	1287.51000976563
2861.02932908952	1321.67004394531
2863.12500383809	1370.28002929688
2865.22007457104	1431.32495117188
2867.31454152918	1494.66003417969
2869.40840495316	1552.8349609375
2871.50166508353	1604.625
2873.59432216069	1645.39501953125
2875.68637642493	1677.30004882813
2877.77782811641	1694.47998046875
2879.86867747515	1692.01501464844
2881.95892474105	1695.39001464844
2884.0485701539	1711.4150390625
2886.13761395333	1722.38000488281
2888.22605637886	1730.875
2890.3138976699	1745.875
2892.40113806571	1766.03002929688
2894.48777780544	1790.11999511719
2896.57381712808	1806.77001953125
2898.65925627254	1817.98498535156
2900.74409547758	1833.97497558594
2902.82833498183	1861.72497558594
2904.9119750238	1899.1650390625
2906.99501584188	1933.56005859375
2909.07745767432	1979.56494140625
2911.15930075925	2038.25
2913.24054533469	2099.86010742188
2915.3211916385	2126.77490234375
2917.40123990846	2181.15991210938
2919.48069038217	2247.81005859375
2921.55954329716	2303.22998046875
2923.63779889079	2352.07006835938
2925.71545740033	2391.330078125
2927.79251906289	2422.86499023438
2929.86898411548	2452.14501953125
2931.94485279498	2475.88989257813
2934.02012533815	2477.22509765625
2936.0948019816	2485.05004882813
2938.16888296184	2477.30493164063
2940.24236851525	2424.8701171875
2942.31525887809	2356.69995117188
2944.38755428648	2304.92504882813
2946.45925497643	2287.06005859375
2948.53036118382	2253.46997070313
2950.6008731444	2180.10498046875
2952.67079109381	2095.28002929688
2954.74011526755	2032.81494140625
2956.80884590101	1979.93505859375
2958.87698322944	1944.4150390625
2960.94452748799	1947.2900390625
2963.01147891167	1930.86999511719
2965.07783773535	1885.7900390625
2967.14360419382	1844.95495605469
2969.2087785217	1823.17004394531
2971.27336095352	1820.71997070313
2973.33735172366	1811.4150390625
2975.40075106641	1786.43005371094
2977.46355921591	1745.39501953125
2979.52577640618	1708.1650390625
2981.58740287112	1671.14001464844
2983.64843884452	1635.68505859375
2985.70888456003	1598.3349609375
2987.76874025117	1572.71496582031
2989.82800615137	1550.22497558594
2991.88668249391	1516.02001953125
2993.94476951194	1468.07495117188
2996.00226743852	1419.29504394531
2998.05917650657	1372.95495605469
3000.11549694887	1338.06494140625
3002.17122899812	1317.71496582031
3004.22637288685	1294.53002929688
3006.2809288475	1266.73498535156
3008.33489711238	1231.9599609375
3010.38827791368	1199.47497558594
3012.44107148345	1177.39501953125
3014.49327805366	1159.56994628906
3016.5448978561	1142.99499511719
3018.59593112249	1124.82495117188
3020.64637808441	1103.43505859375
3022.6962389733	1092.39501953125
3024.74551402051	1084.58996582031
3026.79420345725	1074.91003417969
3028.84230751461	1068.52001953125
3030.88982642357	1064.51501464844
3032.93676041497	1061.8349609375
3034.98310971955	1060.34997558594
3037.02887456791	1062.04504394531
3039.07405519054	1071.28503417969
3041.11865181781	1076.125
3043.16266467996	1076.97497558594
3045.20609400713	1079.90502929688
3047.24894002932	1085.125
3049.2912029764	1092.56005859375
3051.33288307815	1098.44494628906
3053.37398056421	1108.1650390625
3055.41449566411	1121.58996582031
3057.45442860725	1137.625
3059.49377962291	1146.64001464844
3061.53254894026	1157.51501464844
3063.57073678834	1167.51000976563
3065.60834339607	1165.68505859375
3067.64536899227	1151.04504394531
3069.68181380561	1138.76501464844
3071.71767806467	1125.03503417969
3073.75296199788	1110.85998535156
3075.78766583357	1094.97998046875
3077.82178979997	1069.45495605469
3079.85533412513	1051.72497558594
3081.88829903705	1040.76000976563
3083.92068476356	1026.36999511719
3085.95249153241	1016.54498291016
3087.98371957119	1007.53497314453
3090.01436910741	998.659973144531
3092.04444036844	989.275024414063
3094.07393358152	986.445007324219
3096.10284897381	982.275024414063
3098.13118677232	977.664978027344
3100.15894720395	976.35498046875
3102.18613049548	975.534973144531
3104.21273687357	978.044982910156
3106.23876656477	977.705017089844
3108.2642197955	972.445007324219
3110.28909679208	971.260009765625
3112.31339778069	972.664978027344
3114.33712298741	974.005004882813
3116.36027263819	975.599975585938
3118.38284695887	978.700012207031
3120.40484617516	976.590026855469
3122.42627051268	975.609985351563
3124.4471201969	972.909973144531
3126.46739545319	971.75
3128.4870965068	973.340026855469
3130.50622358287	974.989990234375
3132.5247769064	973.619995117188
3134.54275670229	973.655029296875
3136.56016319534	975.275024414063
3138.57699661019	974.015014648438
3140.59325717139	971.755004882813
3142.60894510338	971.440002441406
3144.62406063047	974.065002441406
3146.63860397686	974.679992675781
3148.65257536662	975.585021972656
3150.66597502371	976.114990234375
3152.67880317199	978.64501953125
3154.69106003518	981.179992675781
3156.70274583691	978.960021972656
3158.71386080065	980.309997558594
3160.72440514981	979.489990234375
3162.73437910763	979.835021972656
3164.74378289728	984.635009765625
3166.75261674179	988.034973144531
3168.76088086407	989.585021972656
3170.76857548692	993.440002441406
3172.77570083303	993.780029296875
3174.78225712498	993.405029296875
3176.78824458521	992.590026855469
3178.79366343607	993.755004882813
3180.79851389977	994.955017089844
3182.80279619844	998.434997558594
3184.80651055405	1004.36499023438
3186.80965718849	1006.57501220703
3188.81223632353	1006.875
3190.81424818081	1010.35498046875
3192.81569298186	1015.14001464844
3194.8165709481	1018.23498535156
3196.81688230084	1016.45001220703
3198.81662726126	1015.40997314453
3200.81580605044	1017.50500488281
3202.81441888933	1019.91497802734
3204.81246599879	1023.82501220703
3206.80994759954	1024.42504882813
3208.80686391219	1028.21496582031
3210.80321515726	1035.45495605469
3212.79900155512	1040.06494140625
3214.79422332605	1038.03002929688
3216.78888069021	1034.0400390625
3218.78297386765	1039.65002441406
3220.77650307828	1043.89001464844
3222.76946854195	1049.63000488281
3224.76187047834	1049.42504882813
3226.75370910705	1049.15502929688
3228.74498464755	1047.75
3230.73569731921	1048.75
3232.72584734127	1048.11499023438
3234.71543493287	1051.18505859375
3236.70446031304	1055.73498535156
3238.69292370068	1064.51000976563
3240.68082531459	1064.89001464844
3242.66816537345	1063.2099609375
3244.65494409583	1069.81005859375
3246.6411617002	1070.90002441406
3248.62681840488	1070.70495605469
3250.61191442812	1071.5400390625
3252.59644998804	1073.58996582031
3254.58042530263	1077.25500488281
3256.56384058979	1079.06005859375
3258.54669606731	1081.0849609375
3260.52899195285	1087.8349609375
3262.51072846396	1094.20495605469
3264.4919058181	1095.43505859375
3266.47252423259	1097.06994628906
3268.45258392464	1100.85998535156
3270.43208511138	1108.69494628906
3272.41102800978	1114.7900390625
3274.38941283675	1121.96496582031
3276.36723980904	1123.42504882813
3278.34450914332	1122.24499511719
3280.32122105613	1125.85998535156
3282.29737576392	1128.76501464844
3284.272973483	1129.19995117188
3286.24801442958	1129.01501464844
3288.22249881978	1131.03002929688
3290.19642686957	1130.5400390625
3292.16979879485	1131.1650390625
3294.14261481136	1136.22497558594
3296.11487513478	1144.75
3298.08657998065	1147.64001464844
3300.0577295644	1137.94995117188
3302.02832410136	1134.22497558594
3303.99836380673	1135.8349609375
3305.96784889563	1136.90002441406
3307.93677958303	1132.7099609375
3309.90515608383	1131.9150390625
3311.87297861278	1132.28002929688
3313.84024738456	1132.27502441406
3315.80696261371	1130.02502441406
3317.77312451466	1126.4150390625
3319.73873330175	1124.3349609375
3321.70378918919	1115.38500976563
3323.66829239109	1114.58996582031
3325.63224312145	1116.34497070313
3327.59564159416	1114.30004882813
3329.55848802299	1111.4150390625
3331.52078262162	1106.77001953125
3333.4825256036	1106.23498535156
3335.44371718237	1102.43505859375
3337.40435757128	1101.61499023438
3339.36444698356	1102.60498046875
3341.32398563232	1099.93005371094
3343.28297373058	1096.40502929688
3345.24141149124	1096.42004394531
3347.19929912709	1093.07495117188
3349.15663685081	1095.99499511719
3351.11342487497	1097.95495605469
3353.06966341204	1096.5400390625
3355.02535267437	1094.5
3356.98049287421	1091.68505859375
3358.9350842237	1091.02502441406
3360.88912693486	1095
3362.84262121962	1095.16003417969
3364.79556728978	1088.66003417969
3366.74796535705	1087.84497070313
3368.69981563302	1090.19494628906
3370.65111832917	1088.49499511719
3372.60187365689	1082.65502929688
3374.55208182744	1079.32495117188
3376.50174305198	1076.51501464844
3378.45085754157	1077.18005371094
3380.39942550714	1076.10498046875
3382.34744715954	1070.375
3384.29492270949	1069.84497070313
3386.24185236761	1067.11999511719
3388.18823634442	1062.27502441406
3390.13407485031	1060.93005371094
3392.07936809559	1059.06005859375
3394.02411629045	1057.13500976563
3395.96831964496	1059.38000488281
3397.91197836911	1057.51000976563
3399.85509267275	1055.625
3401.79766276564	1052.91003417969
3403.73968885745	1046.9599609375
3405.68117115771	1045.27001953125
3407.62210987586	1044.63500976563
3409.56250522123	1044.68005371094
3411.50235740305	1045.48999023438
3413.44166663043	1042.81494140625
3415.38043311238	1037.56494140625
3417.3186570578	1033.77502441406
3419.2563386755	1035.31494140625
3421.19347817415	1037.72998046875
3423.13007576235	1035.32495117188
3425.06613164857	1031.7099609375
3427.00164604118	1032.21496582031
3428.93661914844	1032.88000488281
3430.87105117852	1030.53503417969
3432.80494233945	1028.0400390625
3434.73829283919	1026.17004394531
3436.67110288558	1029.52502441406
3438.60337268634	1028.42004394531
3440.53510244911	1024.97497558594
3442.4662923814	1022.46997070313
3444.39694269064	1020.60498046875
3446.32705358412	1018.16497802734
3448.25662526905	1017.34997558594
3450.18565795254	1016.76000976563
3452.11415184156	1012.66497802734
3454.04210714302	1010.50500488281
3455.96952406369	1008.22998046875
3457.89640281024	1001.60998535156
3459.82274358924	1000.96997070313
3461.74854660717	1002.375
3463.67381207038	1002.20501708984
3465.59854018513	1002.65502929688
3467.52273115756	998.304992675781
3469.44638519373	994.364990234375
3471.36950249956	989.655029296875
3473.29208328091	988.75
3475.21412774349	987.940002441406
3477.13563609293	984.554992675781
3479.05660853476	984.054992675781
3480.97704527438	981.190002441406
3482.89694651712	977.210021972656
3484.81631246818	977.14501953125
3486.73514333266	975.505004882813
3488.65343931557	971.780029296875
3490.57120062179	967.609985351563
3492.48842745612	963.614990234375
3494.40512002324	959.875
3496.32127852773	955.815002441406
3498.23690317408	954.789978027344
3500.15199416666	951.044982910156
3502.06655170974	947.625
3503.98057600749	945.364990234375
3505.89406726396	944.619995117188
3507.80702568312	942.804992675781
3509.71945146883	943.724975585938
3511.63134482483	941.515014648438
3513.54270595478	941.034973144531
3515.45353506222	938.994995117188
3517.3638323506	934.025024414063
3519.27359802324	931.510009765625
3521.1828322834	931.25
3523.09153533419	926.914978027344
3524.99970737866	921.065002441406
3526.90734861972	916.414978027344
3528.81445926021	915.690002441406
3530.72103950283	913.164978027344
3532.62708955022	911.369995117188
3534.53260960488	913.5
3536.43759986923	912.109985351563
3538.34206054558	907.724975585938
3540.24599183613	901.775024414063
3542.149393943	898.64501953125
3544.05226706817	897.804992675781
3545.95461141357	896.690002441406
3547.85642718097	894.184997558594
3549.75771457208	894.625
3551.6584737885	892.825012207031
3553.55870503171	891.659973144531
3555.4584085031	888.780029296875
3557.35758440396	886.650024414063
3559.25623293548	883.890014648438
3561.15435429874	881.465026855469
3563.05194869473	880.940002441406
3564.94901632432	879.200012207031
3566.84555738829	877.549987792969
3568.74157208732	876.325012207031
3570.63706062199	875.14501953125
3572.53202319277	874.869995117188
3574.42646000003	873.955017089844
3576.32037124406	873.510009765625
3578.213757125	872.135009765625
3580.10661784295	869.525024414063
3581.99895359786	870.945007324219
3583.8907645896	870.344970703125
3585.78205101794	868.760009765625
3587.67281308254	866.414978027344
3589.56305098297	862.739990234375
3591.4527649187	860.405029296875
3593.34195508907	861.455017089844
3595.23062169338	862.489990234375
3597.11876493075	859.929992675781
3599.00638500027	857.710021972656
3600.89348210089	856.27001953125
3602.78005643148	856.609985351563
3604.66610819078	854.799987792969
3606.55163757747	854.914978027344
3608.4366447901	853.974975585938
3610.32113002713	853.289978027344
3612.20509348693	851.549987792969
3614.08853536774	848.89501953125
3615.97145586773	846.094970703125
3617.85385518497	845.179992675781
3619.7357335174	845.27001953125
3621.61709106289	842.984985351563
3623.4979280192	840.719970703125
3625.37824458399	840.375
3627.25804095482	840.570007324219
3629.13731732915	839.630004882813
3631.01607390435	837.505004882813
3632.89431087767	836.934997558594
3634.77202844629	836.599975585938
3636.64922680726	834.679992675781
3638.52590615754	834.239990234375
3640.40206669402	833.72998046875
3642.27770861344	832.280029296875
3644.15283211248	832.684997558594
3646.02743738771	833.114990234375
3647.90152463559	831.765014648438
3649.77509405251	832.22998046875
3651.64814583473	829.994995117188
3653.52068017842	829.575012207031
3655.39269727965	828.625
3657.26419733442	828.364990234375
3659.13518053858	828.049987792969
3661.00564708793	825.534973144531
3662.87559717814	823.445007324219
3664.7450310048	822.469970703125
3666.61394876338	822.809997558594
3668.48235064928	821.934997558594
3670.35023685779	821.340026855469
3672.21760758409	821.005004882813
3674.08446302327	819.465026855469
3675.95080337033	819.080017089844
3677.81662882017	819.599975585938
3679.68193956758	817.239990234375
3681.54673580727	816.590026855469
3683.41101773383	815.385009765625
3685.27478554178	814.825012207031
3687.13803942551	814.849975585938
3689.00077957934	813
3690.86300619748	812.674987792969
3692.72471947405	811.340026855469
3694.58591960306	810.380004882813
3696.44660677844	810.864990234375
3698.306781194	811.549987792969
3700.16644304348	812.174987792969
3702.02559252049	811.835021972656
3703.88422981859	809.390014648438
3705.74235513119	806.375
3707.59996865164	807.049987792969
3709.45707057318	806.64501953125
3711.31366108895	806.390014648438
3713.16974039199	806.465026855469
3715.02530867527	806.22998046875
3716.88036613164	805.489990234375
3718.73491295385	805.070007324219
3720.58894933456	805.434997558594
3722.44247546634	804.440002441406
3724.29549154166	803.094970703125
3726.14799775289	802.090026855469
3727.9999942923	802.484985351563
3729.85148135209	802.835021972656
3731.70245912432	801.945007324219
3733.55292780098	801
3735.40288757397	801.054992675781
3737.25233863509	800.169982910156
3739.10128117603	798.025024414063
3740.9497153884	797.489990234375
3742.7976414637	798.974975585938
3744.64505959335	801.364990234375
3746.49196996866	801.940002441406
3748.33837278086	802.294982910156
3750.18426822108	802.280029296875
3752.02965648033	802.195007324219
3753.87453774956	802.744995117188
3755.7189122196	801.460021972656
3757.5627800812	800.97998046875
3759.40614152501	800.789978027344
3761.24899674159	800.445007324219
3763.09134592138	800.544982910156
3764.93318925476	800.60498046875
3766.77452693199	800.380004882813
3768.61535914325	798.224975585938
3770.45568607861	797.489990234375
3772.29550792807	797.719970703125
3774.1348248815	797.934997558594
3775.9736371287	799.469970703125
3777.81194485938	800.385009765625
