32.6816976106991	714.635009765625
35.6535599501435	714.705017089844
38.6244374909659	714.789978027344
41.5943306947054	714.565002441406
44.5632400226282	714.505004882813
47.5311659356917	714.469970703125
50.4981088945929	714.474975585938
53.4640693597127	714.640014648438
56.4290477911676	714.625
59.3930446487746	714.880004882813
62.356060392067	714.534973144531
65.3180954802906	714.625
68.2791503724084	714.559997558594
71.2392255270922	714.864990234375
74.1983214027271	714.775024414063
77.1564384574159	714.830017089844
80.113577148983	714.695007324219
83.0697379349549	714.744995117188
86.0249212725722	714.905029296875
88.9791276188058	714.880004882813
91.9323574303255	714.825012207031
94.8846111635238	715
97.8358892745121	715.025024414063
100.786192219114	715.135009765625
103.73552045287	715.215026855469
106.683874431037	715.440002441406
109.631254608583	715.575012207031
112.577661440203	715.984985351563
115.523095380307	716.64501953125
118.467556883015	717.674987792969
121.411046402175	719.950012207031
124.353564391344	723.424987792969
127.295111303796	730.255004882813
130.235687592532	742.080017089844
133.175293710265	760.599975585938
136.113930109434	787.080017089844
139.051597242185	824.655029296875
141.98829556039	868.830017089844
144.92402551564	917.335021972656
147.858787559244	962.419982910156
150.792582142239	1003.64001464844
153.725409715372	1039.75
156.65727072911	1058.9599609375
159.588165633643	1074.75500488281
162.518094878884	1082.8349609375
165.447058914469	1086.67004394531
168.375058189747	1087.61999511719
171.302093153792	1087.79504394531
174.228164255401	1090.30004882813
177.153271943091	1093.15502929688
180.077416665101	1092.49499511719
183.000598869394	1094.75
185.922819003656	1096.30004882813
188.84407751529	1106.25
191.764374851424	1111.51501464844
194.683711458919	1117.93505859375
197.60208778434	1125.67504882813
200.519504273992	1140.06005859375
203.435961373894	1158.69995117188
206.351459529801	1177.22998046875
209.265999187174	1196.85998535156
212.179580791207	1220.57495117188
215.092204786825	1244.72998046875
218.003871618673	1266.2900390625
220.914581731116	1282.40002441406
223.824335568247	1298.13500976563
226.733133573893	1318.80004882813
229.640976191593	1333.9150390625
232.547863864614	1335.50500488281
235.453797035961	1339.875
238.358776148354	1341.875
241.26280164424	1337.43994140625
244.1658739658	1332.34997558594
247.067993554929	1333.63500976563
249.969160853266	1331.26501464844
252.869376302162	1328.125
255.768640342707	1325.64501953125
258.666953415705	1322.93505859375
261.564315961705	1320.39001464844
264.46072842097	1320.92004394531
267.356191233499	1316.32995605469
270.25070483901	1311.375
273.144269676967	1305.36999511719
276.036886186551	1301.9150390625
278.928554806671	1301.85998535156
281.819275975966	1302.31005859375
284.709050132812	1299.61499023438
287.597877715306	1299.05004882813
290.485759161281	1293.39501953125
293.372694908298	1294.17004394531
296.258685393644	1289.15002441406
299.143731054352	1287.81494140625
302.027832327156	1286.95495605469
304.910989648557	1287.86999511719
307.79320345476	1290.93994140625
310.674474181717	1293.34497070313
313.554802265101	1288.25
316.434188140326	1283.61499023438
319.312632242533	1279.84497070313
322.190135006593	1275.43994140625
325.066696867117	1279.92004394531
327.942318258443	1281.32495117188
330.816999614641	1280.20495605469
333.690741369517	1274.6650390625
336.56354395661	1270.1650390625
339.435407809193	1263.44494628906
342.306333360273	1263.54504394531
345.176321042591	1262.38000488281
348.045371288612	1261.16003417969
350.913484530551	1257.11999511719
353.78066120035	1249.94494628906
356.64690172969	1246.44995117188
359.512206549972	1243.61499023438
362.376576092357	1245.14501953125
365.240010787716	1246.13000488281
368.102511066677	1246.65502929688
370.964077359587	1246.65002441406
373.82471009654	1245.9599609375
376.684409707364	1247.7900390625
379.543176621612	1249.80505371094
382.401011268595	1246.06994628906
385.257914077343	1247.82495117188
388.113885476627	1250.13500976563
390.968925894961	1255.85998535156
393.823035760591	1259.65502929688
396.676215501503	1261.76000976563
399.528465545415	1263.48999023438
402.379786319791	1270.84997558594
405.230178251834	1282.63500976563
408.079641768472	1285.8349609375
410.928177296387	1290.27001953125
413.775785261992	1292.22998046875
416.622466091445	1300.09497070313
419.468220210631	1302.43005371094
422.313048045182	1298.51000976563
425.156950020479	1297.97497558594
427.999926561623	1296.11499023438
430.841978093471	1288.0849609375
433.683105040613	1285.30004882813
436.523307827384	1281.84997558594
439.362586877851	1279.60998535156
442.200942615829	1280.85998535156
445.038375464876	1281.49499511719
447.874885848283	1286.52001953125
450.710474189089	1286.58996582031
453.54514091007	1279.48498535156
456.37888643375	1271.41003417969
459.211711182386	1269.44995117188
462.043615577986	1265.3349609375
464.874600042297	1267.15002441406
467.704664996804	1266.26501464844
470.533810862741	1265.03503417969
473.36203806108	1261.70495605469
476.189347012547	1264.7099609375
479.015738137594	1269.1650390625
481.841211856432	1268.21997070313
484.665768589008	1271.55004882813
487.489408755009	1277.77502441406
490.312132773878	1284.7099609375
493.133941064796	1293.5849609375
495.954834046683	1295.0400390625
498.77481213821	1286.34997558594
501.593875757797	1281.44995117188
504.412025323601	1287.18005371094
507.229261253524	1288.72497558594
510.045583965226	1290.46496582031
512.860993876093	1291.25
515.675491403271	1292.39001464844
518.489076963649	1288.78503417969
521.301750973863	1284.54504394531
524.113513850293	1282.61499023438
526.924366009065	1276.63000488281
529.734307866052	1270.78503417969
532.543339836881	1268.02001953125
535.35146233692	1268.75
538.158675781281	1265.81494140625
540.964980584833	1262.375
543.770377162182	1256.4150390625
546.574865927692	1249.52502441406
549.378447295465	1249.13500976563
552.181121679365	1254.89001464844
554.982889492993	1247.64501953125
557.783751149701	1243.90002441406
560.583707062591	1244.73498535156
563.38275764452	1242.95495605469
566.180903308083	1242.48498535156
568.978144465633	1240.93005371094
571.774481529266	1238.51000976563
574.569914910839	1233.86499023438
577.364445021949	1230.71496582031
580.158072273946	1226.23498535156
582.950797077926	1221.84997558594
585.742619844752	1222.69995117188
588.533540985018	1224.10998535156
591.323560909078	1221.30505371094
594.112680027034	1216.10498046875
596.90089874875	1215
599.688217483828	1212.01000976563
602.474636641629	1210
605.260156631263	1208.64001464844
608.044777861596	1205.27502441406
610.828500741241	1209.97998046875
613.611325678567	1221.43005371094
616.393253081697	1229.84997558594
619.174283358506	1227.89501953125
621.954416916616	1222.0849609375
624.733654163414	1218.94494628906
627.511995506029	1215.01000976563
630.289441351351	1216.73999023438
633.065992106022	1212.82995605469
635.841648176434	1211.41003417969
638.616409968744	1215.4599609375
641.390277888847	1220.81005859375
644.163252342408	1226.7099609375
646.93533373484	1230.01501464844
649.706522471307	1230.10498046875
652.47681895674	1225.50500488281
655.246223595811	1220.43505859375
658.014736792957	1216.03503417969
660.782358952371	1222.41003417969
663.549090477999	1227.0849609375
666.314931773542	1228.42504882813
669.079883242452	1224.92004394531
671.843945287955	1225.84497070313
674.607118313019	1228.51000976563
677.369402720366	1229.86499023438
680.130798912488	1230.18505859375
682.891307291627	1234.4599609375
685.650928259784	1232.36499023438
688.409662218708	1229.5400390625
691.167509569927	1227.63500976563
693.924470714705	1229.26501464844
696.680546054078	1230.70495605469
699.435735988832	1232.17504882813
702.190040919516	1233.42004394531
704.943461246442	1233.18505859375
707.695997369667	1232.83996582031
710.447649689022	1235.32495117188
713.198418604088	1240.42004394531
715.948304514206	1240.28503417969
718.697307818481	1239.375
721.445428915779	1235.07495117188
724.192668204716	1235.4150390625
726.93902608368	1235.28002929688
729.684502950805	1238.25
732.429099204005	1241.78002929688
735.172815240936	1242.27001953125
737.915651459026	1245.25500488281
740.657608255463	1248.43505859375
743.398686027186	1254.72497558594
746.13888517091	1259.94494628906
748.878206083102	1261.4599609375
751.616649159998	1263.10998535156
754.354214797584	1260.85998535156
757.09090339162	1256.58996582031
759.826715337622	1254.67504882813
762.561651030868	1249.8349609375
765.295710866406	1243.08996582031
768.028895239041	1232.54504394531
770.761204543336	1229.06994628906
773.492639173626	1223.61999511719
776.223199524006	1219.36499023438
778.952885988334	1219.7099609375
781.681698960235	1219
784.40963883309	1220.17504882813
787.136706000052	1216.75500488281
789.862900854037	1212.875
792.588223787721	1211.56494140625
795.312675193549	1216.27001953125
798.036255463728	1216.96496582031
800.758964990228	1215.85998535156
803.480804164792	1218.68005371094
806.201773378919	1227.57495117188
808.921873023884	1234.93994140625
811.641103490712	1237.7900390625
814.359465170214	1250.28503417969
817.076958452946	1263.93505859375
819.793583729246	1275.26000976563
822.509341389214	1285.05505371094
825.224231822712	1291.63500976563
827.938255419375	1300.00500488281
830.651412568596	1301.24499511719
833.363703659544	1302.67004394531
836.075129081157	1304.28503417969
838.785689222127	1307.71496582031
841.495384470928	1316.68505859375
844.204215215788	1324.42504882813
846.912181844721	1335.94494628906
849.619284745491	1345.39501953125
852.325524305638	1353.39501953125
855.030900912475	1353.47497558594
857.735414953079	1352.24499511719
860.439066814289	1338.11499023438
863.141856882725	1328.02502441406
865.843785544769	1319.52502441406
868.544853186571	1314.49499511719
871.245060194063	1325.57495117188
873.944406952925	1335.09497070313
876.642893848625	1328.89501953125
879.340521266398	1324.86999511719
882.037289591241	1329.93005371094
884.733199207927	1333.31994628906
887.428250501001	1339.17504882813
890.122443854778	1344.8349609375
892.815779653335	1344.125
895.508258280534	1341.125
898.199880119997	1351.21997070313
900.890645555129	1360.35998535156
903.580554969094	1356.98999023438
906.269608744832	1345.23999023438
908.957807265056	1339.42504882813
911.645150912257	1339.4150390625
914.331640068689	1339.18994140625
917.017275116375	1347.36999511719
919.702056437128	1351.29504394531
922.385984412518	1356.41003417969
925.069059423886	1364.23999023438
927.751281852366	1376.61999511719
930.432652078842	1387.21997070313
933.113170483983	1391.36499023438
935.79283744823	1397.65502929688
938.471653351806	1396.15002441406
941.149618574686	1395.96496582031
943.826733496641	1406.15502929688
946.502998497206	1411.35998535156
949.178413955689	1403.66003417969
951.85298025118	1410.39501953125
954.526697762544	1414.86999511719
957.199566868403	1412.47998046875
959.87158794718	1407.76000976563
962.542761377054	1402.71496582031
965.213087535987	1395.39501953125
967.882566801719	1392
970.551199551761	1385.9150390625
973.218986163399	1380.03503417969
975.885927013698	1373.29504394531
978.552022479501	1374.97998046875
981.217272937423	1375.02502441406
983.88167876386	1386.92504882813
986.545240334978	1398.97497558594
989.207958026729	1406.55505371094
991.869832214835	1423.69494628906
994.530863274798	1452.41003417969
997.191051581895	1496.74499511719
999.850397511185	1536.52001953125
1002.50890143751	1564.70495605469
1005.16656373546	1578.43994140625
1007.82338477944	1567.71496582031
1010.47936494363	1528.59497070313
1013.13450460195	1469.70495605469
1015.78880412815	1424.5400390625
1018.44226389572	1396.0400390625
1021.09488427794	1379.52502441406
1023.74666564789	1378.56994628906
1026.3976083784	1381.38500976563
1029.04771284208	1390.5849609375
1031.69697941135	1400.24499511719
1034.34540845838	1399.74499511719
1036.99300035512	1400.4599609375
1039.63975547333	1403.06994628906
1042.28567418452	1398.7900390625
1044.93075685998	1393.80505371094
1047.57500387081	1388.76501464844
1050.21841558786	1392.5400390625
1052.86099238177	1399.25500488281
1055.50273462297	1409.77502441406
1058.14364268167	1416.42004394531
1060.78371692784	1424.125
1063.42295773126	1426.60498046875
1066.06136546148	1439.09997558594
1068.69894048781	1444.51000976563
1071.33568317939	1444.93505859375
1073.9715939051	1448.82995605469
1076.60667303362	1452.9599609375
1079.24092093341	1453.64501953125
1081.87433797271	1462.34997558594
1084.50692451954	1457.09497070313
1087.13868094172	1447.24499511719
1089.76960760684	1439.38500976563
1092.39970488226	1431.14001464844
1095.02897313516	1420.01000976563
1097.65741273246	1413.65502929688
1100.28502404089	1411.91003417969
1102.91180742697	1407.2900390625
1105.53776325698	1407.2099609375
1108.16289189701	1407.02502441406
1110.78719371291	1408
1113.41066907033	1404.68994140625
1116.0333183347	1402.52001953125
1118.65514187124	1408.70495605469
1121.27614004495	1409.23498535156
1123.89631322061	1408.28002929688
1126.51566176279	1410.46997070313
1129.13418603585	1405.46496582031
1131.75188640394	1398.03503417969
1134.36876323098	1379.5400390625
1136.98481688069	1355.84997558594
1139.60004771655	1340.46997070313
1142.21445610187	1327.40002441406
1144.82804239972	1329.0400390625
1147.44080697295	1337.73999023438
1150.05275018421	1346.28503417969
1152.66387239593	1355.4599609375
1155.27417397034	1365.28002929688
1157.88365526943	1369.125
1160.49231665502	1364.78002929688
1163.10015848867	1355.59497070313
1165.70718113176	1344.98999023438
1168.31338494544	1343.48999023438
1170.91877029067	1341.75
1173.52333752817	1336.02001953125
1176.12708701847	1335.06494140625
1178.73001912187	1332.85498046875
1181.33213419848	1324.76501464844
1183.93343260819	1317.9150390625
1186.53391471068	1312.46496582031
1189.13358086539	1310.05505371094
1191.73243143161	1312.76000976563
1194.33046676836	1317.35998535156
1196.92768723449	1330.22998046875
1199.52409318861	1337.67504882813
1202.11968498915	1347.10498046875
1204.7144629943	1359.18005371094
1207.30842756206	1368.21997070313
1209.90157905021	1368.71997070313
1212.49391781634	1362.82995605469
1215.08544421779	1360.13500976563
1217.67615861174	1358.64501953125
1220.26606135512	1360.5400390625
1222.85515280468	1364.68994140625
1225.44343331694	1371.7900390625
1228.03090324823	1382.22497558594
1230.61756295466	1391.85998535156
1233.20341279213	1402.78503417969
1235.78845311634	1413.9599609375
1238.37268428278	1420.03002929688
1240.95610664673	1430.28503417969
1243.53872056325	1433.02502441406
1246.12052638722	1437.81994628906
1248.70152447329	1440.51000976563
1251.28171517591	1437.89001464844
1253.86109884934	1437.32995605469
1256.43967584759	1434.77502441406
1259.0174465245	1438.22998046875
1261.5944112337	1441.71496582031
1264.1705703286	1449.92004394531
1266.74592416241	1449.31494140625
1269.32047308814	1449.31494140625
1271.89421745858	1450.97998046875
1274.46715762633	1449.56494140625
1277.03929394377	1446.39001464844
1279.61062676308	1446.43005371094
1282.18115643624	1439.7099609375
1284.75088331502	1434.98498535156
1287.31980775098	1438.77001953125
1289.88793009548	1439.77502441406
1292.45525069969	1437.28503417969
1295.02176991454	1437.60998535156
1297.58748809078	1438.92004394531
1300.15240557897	1442.75500488281
1302.71652272942	1447.9150390625
1305.27983989229	1463.47497558594
1307.84235741749	1475.06494140625
1310.40407565475	1482.05505371094
1312.9649949536	1487.26000976563
1315.52511566335	1489.05004882813
1318.08443813311	1490.65502929688
1320.64296271181	1493.18505859375
1323.20068974815	1486.90002441406
1325.75761959063	1481.43994140625
1328.31375258756	1486.46997070313
1330.86908908704	1496.63500976563
1333.42362943696	1500.93994140625
1335.97737398503	1493.25500488281
1338.53032307874	1487.93505859375
1341.08247706537	1493.02001953125
1343.63383629202	1485.71496582031
1346.18440110558	1477.36999511719
1348.73417185274	1462.14501953125
1351.28314887997	1440.81494140625
1353.83133253357	1416.43994140625
1356.37872315961	1407.06994628906
1358.92532110398	1404.00500488281
1361.47112671237	1393.92004394531
1364.01614033024	1377.66003417969
1366.56036230288	1366.30004882813
1369.10379297537	1354.93505859375
1371.64643269258	1347.50500488281
1374.18828179921	1333.4150390625
1376.72934063972	1330.17004394531
1379.2696095584	1326.61499023438
1381.80908889932	1332.85998535156
1384.34777900637	1330.59997558594
1386.88568022323	1333.06005859375
1389.42279289337	1336.65502929688
1391.95911736009	1337.83996582031
1394.49465396645	1341.56494140625
1397.02940305537	1346.75500488281
1399.5633649695	1345.4599609375
1402.09654005135	1345.9150390625
1404.6289286432	1347.55004882813
1407.16053108714	1356.54504394531
1409.69134772507	1362.86999511719
1412.22137889868	1361.34997558594
1414.75062494947	1353.90502929688
1417.27908621874	1353.68505859375
1419.80676304759	1355.88500976563
1422.33365577692	1358.13500976563
1424.85976474744	1364.56494140625
1427.38509029967	1374.16003417969
1429.90963277392	1388.04504394531
1432.4333925103	1400.89501953125
1434.95636984873	1428.00500488281
1437.47856512894	1458.39501953125
1439.99997869045	1488.875
1442.5206108726	1514.34997558594
1445.04046201452	1538.56994628906
1447.55953245515	1556.07995605469
1450.07782253323	1566.26501464844
1452.59533258731	1557.39001464844
1455.11206295574	1539.15502929688
1457.62801397668	1523.45495605469
1460.14318598809	1495.57995605469
1462.65757932774	1468.07995605469
1465.1711943332	1445.67504882813
1467.68403134184	1420.61999511719
1470.19609069085	1383.94494628906
1472.70737271721	1348.52001953125
1475.21787775772	1311.88000488281
1477.72760614897	1279.86499023438
1480.23655822738	1259.84497070313
1482.74473432914	1239.77502441406
1485.25213479029	1219.60498046875
1487.75875994664	1207.32495117188
1490.26461013382	1198.9150390625
1492.76968568726	1195.94494628906
1495.27398694222	1191.31994628906
1497.77751423374	1189.69494628906
1500.28026789667	1194.28503417969
1502.78224826569	1194.55004882813
1505.28345567526	1192.03002929688
1507.78389045967	1191.9599609375
1510.28355295299	1195.13000488281
1512.78244348913	1199.75500488281
1515.28056240178	1202.49499511719
1517.77791002445	1205.56494140625
1520.27448669047	1204.21496582031
1522.77029273296	1201.36499023438
1525.26532848486	1199.75500488281
1527.75959427889	1200.06994628906
1530.25309044764	1198.97497558594
1532.74581732344	1196.76501464844
1535.23777523847	1196.61999511719
1537.72896452471	1201.74499511719
1540.21938551394	1205.61499023438
1542.70903853778	1206.05004882813
1545.19792392761	1215.125
1547.68604201466	1221.77001953125
1550.17339312997	1229.7099609375
1552.65997760434	1236.30004882813
1555.14579576845	1234.16003417969
1557.63084795275	1230.21496582031
1560.11513448749	1225.71997070313
1562.59865570276	1222.2099609375
1565.08141192845	1219.18005371094
1567.56340349426	1219.40502929688
1570.04463072969	1223.34997558594
1572.52509396406	1225.18994140625
1575.00479352652	1223.73999023438
1577.48372974599	1228.43005371094
1579.96190295124	1236.15002441406
1582.43931347083	1243.43994140625
1584.91596163314	1247.80004882813
1587.39184776636	1256.2900390625
1589.86697219849	1261.7900390625
1592.34133525734	1262.54504394531
1594.81493727054	1268.78002929688
1597.28777856553	1273.32995605469
1599.75985946955	1284.04504394531
1602.23118030968	1300.67004394531
1604.70174141278	1314.11499023438
1607.17154310555	1317.81994628906
1609.64058571449	1318.96997070313
1612.10886956591	1324.5400390625
1614.57639498595	1313.38000488281
1617.04316230054	1309.68505859375
1619.50917183543	1300.625
1621.97442391621	1290.33996582031
1624.43891886825	1282.21496582031
1626.90265701674	1277.00500488281
1629.36563868671	1276.15002441406
1631.82786420296	1277.06005859375
1634.28933389016	1288.89501953125
1636.75004807274	1304.35998535156
1639.21000707498	1319
1641.66921122097	1333.05004882813
1644.12766083459	1349.75
1646.58535623956	1370.57995605469
1649.04229775941	1394.84997558594
1651.4984857175	1407.99499511719
1653.95392043697	1418.88000488281
1656.40860224079	1424.26501464844
1658.86253145177	1427.50500488281
1661.3157083925	1429.02502441406
1663.76813338542	1424.63000488281
1666.21980675275	1405.07495117188
1668.67072881656	1388.75500488281
1671.1208998987	1378
1673.57032032089	1362.28002929688
1676.0189904046	1345.43005371094
1678.46691047118	1322.46997070313
1680.91408084174	1299.58996582031
1683.36050183726	1280.81494140625
1685.8061737785	1258.26501464844
1688.25109698605	1236.95495605469
1690.69527178032	1214.8349609375
1693.13869848153	1198.27001953125
1695.58137740972	1184.43994140625
1698.02330888476	1169.23498535156
1700.46449322631	1152.88500976563
1702.90493075388	1138.20495605469
1705.34462178678	1129.8349609375
1707.78356664414	1122.08996582031
1710.22176564492	1113.73999023438
1712.65921910787	1109.2900390625
1715.0959273516	1105.09997558594
1717.53189069449	1099.89501953125
1719.9671094548	1098.78503417969
1722.40158395054	1099.2900390625
1724.8353144996	1097.69494628906
1727.26830141965	1095.20495605469
1729.70054502819	1094.05505371094
1732.13204564255	1093.4150390625
1734.56280357987	1092.53002929688
1736.99281915711	1087.79504394531
1739.42209269106	1086.80004882813
1741.85062449831	1087.0400390625
1744.27841489529	1084.17004394531
1746.70546419823	1081.68994140625
1749.13177272321	1082.47497558594
1751.5573407861	1084.7099609375
1753.98216870262	1083.83996582031
1756.40625678828	1083.57495117188
1758.82960535844	1085.11499023438
1761.25221472825	1084.61999511719
1763.67408521271	1082.93505859375
1766.09521712663	1079.11499023438
1768.51561078464	1075.26501464844
1770.93526650119	1076.125
1773.35418459056	1079.27502441406
1775.77236536684	1081.7900390625
1778.18980914396	1078.69494628906
1780.60651623565	1075.81494140625
1783.02248695548	1075.79504394531
1785.43772161684	1076.91003417969
1787.85222053292	1077.625
1790.26598401677	1077.5400390625
1792.67901238123	1077.92504882813
1795.09130593899	1077.89001464844
1797.50286500254	1077.63500976563
1799.9136898842	1074.78503417969
1802.32378089613	1073.77001953125
1804.73313835028	1077.55505371094
1807.14176255846	1076.9150390625
1809.54965383228	1073.92504882813
1811.95681248317	1072.85498046875
1814.36323882242	1071.80505371094
1816.76893316109	1069.29504394531
1819.17389581011	1067.2099609375
1821.57812708021	1068.33996582031
1823.98162728196	1067.80505371094
1826.38439672573	1068.0400390625
1828.78643572174	1067.80505371094
1831.18774458003	1069.63500976563
1833.58832361045	1067.88500976563
1835.98817312269	1067.7900390625
1838.38729342625	1066.18005371094
1840.78568483048	1064.65502929688
1843.18334764454	1063.94494628906
1845.58028217741	1060.75500488281
1847.9764887379	1059.88000488281
1850.37196763465	1062.22497558594
1852.76671917613	1064.33996582031
1855.16074367062	1064.56994628906
1857.55404142624	1065.03002929688
1859.94661275094	1066.6650390625
1862.33845795247	1063.77001953125
1864.72957733844	1064.44995117188
1867.11997121627	1062.22998046875
1869.5096398932	1061.77502441406
1871.89858367631	1062.86499023438
1874.28680287251	1061.59997558594
1876.67429778851	1061.08996582031
1879.06106873089	1062.21496582031
1881.44711600601	1061.0400390625
1883.8324399201	1062.15002441406
1886.21704077919	1059.32495117188
1888.60091888915	1057.32995605469
1890.98407455567	1062.72497558594
1893.36650808428	1063.63500976563
1895.74821978033	1062.26000976563
1898.12920994899	1058.84497070313
1900.50947889527	1059.22497558594
1902.88902692401	1062.54504394531
1905.26785433986	1060.67004394531
1907.64596144734	1057.6650390625
1910.02334855075	1056.03503417969
1912.40001595424	1059.33996582031
1914.7759639618	1060.13500976563
1917.15119287724	1060.21496582031
1919.52570300419	1061.92004394531
1921.89949464611	1061.10998535156
1924.27256810632	1064.65502929688
1926.64492368793	1065.22998046875
1929.0165616939	1065.94995117188
1931.38748242701	1062.13500976563
1933.75768618989	1058.9599609375
1936.12717328497	1058.80505371094
1938.49594401455	1057.92004394531
1940.86399868071	1061.07495117188
1943.23133758541	1060.63500976563
1945.5979610304	1060.13500976563
1947.96386931729	1057.68994140625
1950.32906274751	1061.375
1952.69354162232	1063.26501464844
1955.0573062428	1063.76501464844
1957.42035690989	1059.9150390625
1959.78269392434	1057.88500976563
1962.14431758673	1058.39001464844
1964.50522819748	1057.8349609375
1966.86542605684	1058.53002929688
1969.22491146488	1058.44494628906
1971.58368472153	1060.59997558594
1973.94174612654	1061
1976.29909597945	1058.68505859375
1978.65573457971	1058.32995605469
1981.01166222654	1055.63500976563
1983.36687921902	1059.39001464844
1985.72138585606	1059.55505371094
1988.07518243639	1054.22497558594
1990.42826925859	1054.36999511719
1992.78064662106	1055.59997558594
1995.13231482205	1058.09997558594
1997.48327415961	1060.36499023438
1999.83352493167	1058.875
2002.18306743594	1055.42504882813
2004.53190197002	1055
2006.8800288313	1056.74499511719
2009.22744831703	1056.48999023438
2011.57416072427	1054.72998046875
2013.92016634993	1055.5849609375
2016.26546549076	1055.00500488281
2018.61005844332	1056.16003417969
2020.95394550404	1055.96496582031
2023.29712696915	1053.45495605469
2025.63960313474	1056.05004882813
2027.98137429672	1057.5400390625
2030.32244075083	1057.86499023438
2032.66280279266	1056.05505371094
2035.00246071763	1054.32995605469
2037.34141482099	1054.29504394531
2039.67966539784	1054.63500976563
2042.01721274309	1053.23999023438
2044.35405715151	1052.40502929688
2046.69019891769	1051.57995605469
2049.02563833606	1055.3349609375
2051.3603757009	1057.03503417969
2053.6944113063	1058.38000488281
2056.0277454462	1057.68994140625
2058.36037841439	1054.98999023438
2060.69231050446	1055.0400390625
2063.02354200988	1055.25500488281
2065.35407322392	1056.93994140625
2067.68390443971	1056.67004394531
2070.01303595021	1057.48999023438
2072.3414680482	1056.15002441406
2074.66920102633	1056.93005371094
2076.99623517706	1056.31005859375
2079.32257079271	1059.0849609375
2081.6482081654	1059.23498535156
2083.97314758713	1058.92004394531
2086.29738934971	1057.23498535156
2088.62093374481	1054.82995605469
2090.94378106391	1056.61499023438
2093.26593159835	1057.42504882813
2095.5873856393	1056.28002929688
2097.90814347777	1055.89501953125
2100.2282054046	1058.90502929688
2102.54757171048	1060.16003417969
2104.86624268594	1061.10998535156
2107.18421862133	1062.86999511719
2109.50149980686	1064.10998535156
2111.81808653257	1062.73999023438
2114.13397908834	1058.79504394531
2116.44917776388	1057.45495605469
2118.76368284875	1060.63500976563
2121.07749463235	1065.93005371094
2123.39061340391	1063.83996582031
2125.70303945252	1063.63500976563
2128.01477306707	1063.81494140625
2130.32581453634	1062.34997558594
2132.63616414891	1060.98999023438
2134.94582219322	1060.57495117188
2137.25478895754	1061.01000976563
2139.56306472999	1060.88500976563
2141.87064979851	1061.59497070313
2144.17754445092	1063.50500488281
2146.48374897484	1063.78002929688
2148.78926365774	1062.125
2151.09408878695	1063.99499511719
2153.39822464963	1063.4599609375
2155.70167153277	1063.06994628906
2158.00442972321	1062.65002441406
2160.30649950763	1064.01000976563
2162.60788117256	1063.38000488281
2164.90857500436	1060.02502441406
2167.20858128923	1060.2900390625
2169.50790031323	1061.81994628906
2171.80653236223	1060.64001464844
2174.10447772198	1061.39501953125
2176.40173667804	1059.53503417969
2178.69830951582	1058.99499511719
2180.99419652058	1057.04504394531
2183.28939797743	1059.15502929688
2185.5839141713	1061.26501464844
2187.87774538698	1062.61499023438
2190.17089190908	1063.57995605469
2192.46335402209	1062.11999511719
2194.75513201032	1059.35998535156
2197.04622615791	1060.125
2199.33663674886	1061.43005371094
2201.62636406702	1063.18505859375
2203.91540839606	1064.27001953125
2206.20377001952	1063.16003417969
2208.49144922077	1056.11499023438
2210.77844628302	1053.16003417969
2213.06476148933	1054.64501953125
2215.3503951226	1054.70495605469
2217.63534746557	1056.93005371094
2219.91961880085	1056.94494628906
2222.20320941085	1058.34497070313
2224.48611957785	1062.78503417969
2226.76834958399	1062.4150390625
2229.04989971122	1056.81494140625
2231.33077024136	1054.58996582031
2233.61096145607	1053.19494628906
2235.89047363683	1055.98498535156
2238.169307065	1058.68994140625
2240.44746202178	1060.31005859375
2242.72493878819	1058.67004394531
2245.00173764511	1060.65502929688
2247.27785887327	1060.5849609375
2249.55330275324	1063.17004394531
2251.82806956545	1063.30505371094
2254.10215959014	1061.40502929688
2256.37557310744	1059.19995117188
2258.64831039729	1058.0400390625
2260.92037173949	1059.30505371094
2263.19175741368	1060.40502929688
2265.46246769938	1063.4150390625
2267.7325028759	1061.59497070313
2270.00186322243	1060.39001464844
2272.270549018	1060.1650390625
2274.5385605415	1059.68005371094
2276.80589807165	1059.86999511719
2279.07256188702	1060.75500488281
2281.33855226601	1065.31494140625
2283.60386948691	1067.9150390625
2285.86851382782	1068.08996582031
2288.1324855667	1068.04504394531
2290.39578498136	1065.61499023438
2292.65841234945	1065.19494628906
2294.92036794847	1065.11499023438
2297.18165205578	1065.07495117188
2299.44226494856	1065.97497558594
2301.70220690387	1063.68505859375
2303.96147819859	1064.63500976563
2306.22007910947	1065.14001464844
2308.47800991309	1063.25500488281
2310.73527088589	1065.22497558594
2312.99186230416	1067.25
2315.24778444403	1068.25
2317.50303758149	1069.18505859375
2319.75762199235	1067.55505371094
2322.01153795231	1064.30505371094
2324.26478573689	1066.39501953125
2326.51736562147	1066.90502929688
2328.76927788127	1065.78002929688
2331.02052279137	1065.84997558594
2333.2711006267	1068.69494628906
2335.52101166203	1068.875
2337.77025617198	1068.64501953125
2340.01883443103	1063.88500976563
2342.2667467135	1063.58996582031
2344.51399329356	1065.21496582031
2346.76057444525	1066.81994628906
2349.00649044241	1066.43505859375
2351.2517415588	1064.82495117188
2353.49632806796	1062.21496582031
2355.74025024334	1062.18994140625
2357.98350835819	1060.03503417969
2360.22610268566	1060.17004394531
2362.4680334987	1058.97998046875
2364.70930107016	1059.31005859375
2366.94990567269	1057.56494140625
2369.18984757884	1058.47497558594
2371.42912706098	1059.1650390625
2373.66774439134	1059.82495117188
2375.90569984199	1059.7900390625
2378.14299368488	1060.64001464844
2380.37962619179	1059.67004394531
2382.61559763435	1059.32495117188
2384.85090828405	1059.36499023438
2387.08555841222	1061.51501464844
2389.31954829006	1061.61999511719
2391.55287818861	1058.57495117188
2393.78554837877	1059.19494628906
2396.01755913128	1061.10998535156
2398.24891071673	1063.01501464844
2400.47960340558	1061.93505859375
2402.70963746814	1061.32995605469
2404.93901317456	1059.52001953125
2407.16773079485	1057.54504394531
2409.39579059887	1060.18994140625
2411.62319285633	1060.97998046875
2413.84993783681	1060.93994140625
2416.07602580971	1062.47998046875
2418.30145704432	1062.06994628906
2420.52623180977	1061.22998046875
2422.75035037503	1060.26000976563
2424.97381300893	1063.65002441406
2427.19661998017	1064.96997070313
2429.41877155729	1065.48999023438
2431.64026800867	1064.31494140625
2433.86110960257	1062.57995605469
2436.08129660709	1063.98999023438
2438.30082929019	1063.38000488281
2440.51970791967	1061.22998046875
2442.73793276321	1060.7099609375
2444.95550408832	1061.58996582031
2447.17242216237	1061.85998535156
2449.38868725259	1061.72998046875
2451.60429962607	1060.86999511719
2453.81925954975	1060.92504882813
2456.03356729041	1061.64501953125
2458.2472231147	1060.05505371094
2460.46022728913	1059.74499511719
2462.67258008005	1061.93505859375
2464.88428175368	1062.52001953125
2467.09533257608	1062.68994140625
2469.30573281318	1063.96997070313
2471.51548273076	1063.52001953125
2473.72458259445	1064.86499023438
2475.93303266974	1063.75500488281
2478.14083322198	1063.47497558594
2480.34798451637	1064.67504882813
2482.55448681797	1063.78002929688
2484.76034039169	1064.91003417969
2486.96554550231	1064.11499023438
2489.17010241445	1064.18505859375
2491.37401139259	1065.94494628906
2493.57727270109	1065.74499511719
2495.77988660412	1065.88000488281
2497.98185336574	1063.9599609375
2500.18317324987	1064.48498535156
2502.38384652028	1069.52502441406
2504.58387344058	1071.10998535156
2506.78325427425	1067.76501464844
2508.98198928465	1065.3349609375
2511.18007873495	1064.93005371094
2513.37752288821	1062.61499023438
2515.57432200735	1066.04504394531
2517.77047635514	1068.65502929688
2519.96598619419	1069.23999023438
2522.16085178699	1067.27502441406
2524.35507339589	1070.4599609375
2526.54865128308	1071.66003417969
2528.74158571062	1070.64001464844
2530.93387694042	1067.18994140625
2533.12552523427	1063.10498046875
2535.31653085379	1066.32995605469
2537.50689406046	1067.05505371094
2539.69661511566	1066.22497558594
2541.88569428057	1066.18005371094
2544.07413181627	1071.20495605469
2546.26192798368	1072.56994628906
2548.44908304359	1070.14001464844
2550.63559725664	1065.97998046875
2552.82147088333	1069.67004394531
2555.00670418402	1073.32495117188
2557.19129741894	1074.97497558594
2559.37525084817	1073.7099609375
2561.55856473164	1069.07995605469
2563.74123932917	1069.18005371094
2565.92327490039	1069.84997558594
2568.10467170484	1069.34997558594
2570.28543000189	1070.83996582031
2572.46555005079	1070.43994140625
2574.64503211063	1069.5849609375
2576.82387644036	1070.98999023438
2579.00208329882	1070.14001464844
2581.17965294468	1070.68505859375
2583.35658563648	1068.26501464844
2585.53288163263	1065.27001953125
2587.70854119137	1068.90002441406
2589.88356457084	1072.09497070313
2592.05795202902	1071.15502929688
2594.23170382376	1074.2900390625
2596.40482021275	1075.75
2598.57730145356	1078.64001464844
2600.74914780363	1074.83996582031
2602.92035952023	1070.68994140625
2605.09093686053	1069.625
2607.26088008153	1069.5400390625
2609.4301894401	1072.51000976563
2611.59886519299	1074.375
2613.76690759678	1078.9150390625
2615.93431690793	1081.30004882813
2618.10109338277	1082.29504394531
2620.26723727748	1081.60498046875
2622.4327488481	1080.05004882813
2624.59762835054	1077.48999023438
2626.76187604057	1078.45495605469
2628.92549217382	1081.77001953125
2631.08847700579	1084.70495605469
2633.25083079182	1084.66003417969
2635.41255378715	1084.67504882813
2637.57364624684	1082.05505371094
2639.73410842586	1082.01501464844
2641.893940579	1085.14501953125
2644.05314296094	1085.7900390625
2646.21171582621	1087.49499511719
2648.36965942921	1087.86499023438
2650.5269740242	1090.39501953125
2652.6836598653	1091.93994140625
2654.83971720651	1093.88500976563
2656.99514630167	1093.06005859375
2659.1499474045	1092.42504882813
2661.30412076857	1094.48498535156
2663.45766664734	1095.80004882813
2665.61058529411	1094.56494140625
2667.76287696204	1096.48999023438
2669.91454190418	1100.48999023438
2672.06558037342	1099.4150390625
2674.21599262253	1100.03503417969
2676.36577890413	1099.11999511719
2678.51493947072	1098.10498046875
2680.66347457466	1093.28002929688
2682.81138446816	1092.0400390625
2684.95866940332	1093.71997070313
2687.10532963209	1100.32495117188
2689.25136540628	1104.81494140625
2691.39677697757	1102.27001953125
2693.54156459752	1103.69995117188
2695.68572851753	1104.47497558594
2697.82926898888	1106.34497070313
2699.97218626272	1107.22497558594
2702.11448059006	1104.57995605469
2704.25615222175	1107.81994628906
2706.39720140856	1110.69494628906
2708.53762840109	1113.68994140625
2710.67743344979	1115.26501464844
2712.81661680503	1116.58996582031
2714.95517871698	1119.10998535156
2717.09311943574	1123.31005859375
2719.23043921123	1128.54504394531
2721.36713829325	1130.77001953125
2723.50321693148	1133.59497070313
2725.63867537545	1132.16003417969
2727.77351387456	1133.49499511719
2729.90773267809	1133.61999511719
2732.04133203516	1133.88500976563
2734.17431219478	1133.73498535156
2736.30667340581	1133.13500976563
2738.438415917	1130.46496582031
2740.56953997695	1125.63500976563
2742.70004583414	1124.11499023438
2744.82993373688	1124.07995605469
2746.9592039334	1123.80004882813
2749.08785667177	1119.60498046875
2751.21589219993	1119.47998046875
2753.34331076568	1116.07495117188
2755.4701126167	1120.2099609375
2757.59629800054	1120.81494140625
2759.7218671646	1121.34497070313
2761.84682035617	1122.03503417969
2763.9711578224	1119.44494628906
2766.0948798103	1117.99499511719
2768.21798656676	1122.03503417969
2770.34047833852	1117.67504882813
2772.46235537222	1111.98498535156
2774.58361791434	1111.51000976563
2776.70426621124	1116.34497070313
2778.82430050915	1117.30004882813
2780.94372105416	1116.24499511719
2783.06252809224	1113.63500976563
2785.18072186922	1115.40502929688
2787.29830263081	1113.59997558594
2789.41527062257	1111.00500488281
2791.53162608996	1107.24499511719
2793.64736927828	1108.53002929688
2795.76250043271	1113.60498046875
2797.8770197983	1116.72497558594
2799.99092761997	1123.28503417969
2802.10422414252	1122.47497558594
2804.21690961059	1122.07495117188
2806.32898426873	1126.125
2808.44044836132	1133.49499511719
2810.55130213264	1134.69494628906
2812.66154582682	1136.14001464844
2814.77117968788	1141.98999023438
2816.8802039597	1144.45495605469
2818.98861888601	1146.94995117188
2821.09642471046	1155.42004394531
2823.20362167653	1164.81494140625
2825.31021002756	1167.74499511719
2827.41619000682	1171.43994140625
2829.52156185738	1180.82495117188
2831.62632582224	1194.89001464844
2833.73048214422	1211.43994140625
2835.83403106606	1225.375
2837.93697283033	1237.98999023438
2840.03930767951	1252.81994628906
2842.1410358559	1278.39501953125
2844.24215760173	1310.47998046875
2846.34267315905	1343.56994628906
2848.44258276982	1374.28503417969
2850.54188667585	1405.73999023438
2852.64058511883	1430.06994628906
2854.73867834032	1464.26501464844
2856.83616658175	1503.01000976563
2858.93305008443	1544.63500976563
2861.02932908952	1581.6650390625
2863.12500383809	1634.77001953125
2865.22007457104	1678.16003417969
2867.31454152918	1727.11999511719
2869.40840495316	1760.18005371094
2871.50166508353	1794.51501464844
2873.59432216069	1835.29504394531
2875.68637642493	1855.03503417969
2877.77782811641	1872.53503417969
2879.86867747515	1894.82995605469
2881.95892474105	1909.77502441406
2884.0485701539	1917.17504882813
2886.13761395333	1913.43005371094
2888.22605637886	1913.1650390625
2890.3138976699	1928.10998535156
2892.40113806571	1944.7099609375
2894.48777780544	1979.32495117188
2896.57381712808	2014.82495117188
2898.65925627254	2026.59997558594
2900.74409547758	2044.01000976563
2902.82833498183	2067.44995117188
2904.9119750238	2080.52490234375
2906.99501584188	2115.205078125
2909.07745767432	2183.68505859375
2911.15930075925	2242.93505859375
2913.24054533469	2285.11010742188
2915.3211916385	2318.72998046875
2917.40123990846	2364.82006835938
2919.48069038217	2420.53002929688
2921.55954329716	2465.2451171875
2923.63779889079	2486.544921875
2925.71545740033	2504.71997070313
2927.79251906289	2526.73510742188
2929.86898411548	2543.78002929688
2931.94485279498	2572.80493164063
2934.02012533815	2570.61499023438
2936.0948019816	2543.44995117188
2938.16888296184	2521.17504882813
2940.24236851525	2479.96508789063
2942.31525887809	2422.8798828125
2944.38755428648	2364.27490234375
2946.45925497643	2307.96997070313
2948.53036118382	2262.15502929688
2950.6008731444	2222.06005859375
2952.67079109381	2188.90991210938
2954.74011526755	2136.31005859375
2956.80884590101	2083.57006835938
2958.87698322944	2058.65502929688
2960.94452748799	2040.55505371094
2963.01147891167	2008.28002929688
2965.07783773535	1985.53002929688
2967.14360419382	1972.125
2969.2087785217	1941.53002929688
2971.27336095352	1906.90002441406
2973.33735172366	1871.34497070313
2975.40075106641	1843.0400390625
2977.46355921591	1818.14501953125
2979.52577640618	1783.78503417969
2981.58740287112	1757.44995117188
2983.64843884452	1740.43505859375
2985.70888456003	1713.56005859375
2987.76874025117	1680.20495605469
2989.82800615137	1645.31994628906
2991.88668249391	1609.61499023438
2993.94476951194	1572.77502441406
2996.00226743852	1540.4150390625
2998.05917650657	1505.43005371094
3000.11549694887	1473.86999511719
3002.17122899812	1445.56005859375
3004.22637288685	1410.5849609375
3006.2809288475	1392.69494628906
3008.33489711238	1376.56494140625
3010.38827791368	1356.88000488281
3012.44107148345	1337.23999023438
3014.49327805366	1323.03002929688
3016.5448978561	1306.95495605469
3018.59593112249	1294.21496582031
3020.64637808441	1286.96496582031
3022.6962389733	1274.95495605469
3024.74551402051	1263.63500976563
3026.79420345725	1262.52001953125
3028.84230751461	1267.38500976563
3030.88982642357	1264.18505859375
3032.93676041497	1262.22998046875
3034.98310971955	1262.88000488281
3037.02887456791	1266.5
3039.07405519054	1277.6650390625
3041.11865181781	1286.00500488281
3043.16266467996	1290.28503417969
3045.20609400713	1288.99499511719
3047.24894002932	1292.00500488281
3049.2912029764	1294.35998535156
3051.33288307815	1298.5
3053.37398056421	1309.48498535156
3055.41449566411	1329.27502441406
3057.45442860725	1342.44494628906
3059.49377962291	1346.11499023438
3061.53254894026	1342.98498535156
3063.57073678834	1339.51000976563
3065.60834339607	1333.94995117188
3067.64536899227	1320.53002929688
3069.68181380561	1304.73498535156
3071.71767806467	1295.3349609375
3073.75296199788	1284.90002441406
3075.78766583357	1267.09497070313
3077.82178979997	1246.98999023438
3079.85533412513	1236.91003417969
3081.88829903705	1228.51000976563
3083.92068476356	1219.26000976563
3085.95249153241	1214.85498046875
3087.98371957119	1211.19494628906
3090.01436910741	1207.40002441406
3092.04444036844	1199.23999023438
3094.07393358152	1191.19494628906
3096.10284897381	1193.98999023438
3098.13118677232	1197.30505371094
3100.15894720395	1197.85998535156
3102.18613049548	1194.73999023438
3104.21273687357	1188.84497070313
3106.23876656477	1185.04504394531
3108.2642197955	1181.21997070313
3110.28909679208	1181.84997558594
3112.31339778069	1183.18994140625
3114.33712298741	1189.30505371094
3116.36027263819	1191.92004394531
3118.38284695887	1190.16003417969
3120.40484617516	1191.50500488281
3122.42627051268	1196.29504394531
3124.4471201969	1194.10498046875
3126.46739545319	1189.00500488281
3128.4870965068	1188.68994140625
3130.50622358287	1188.04504394531
3132.5247769064	1186.04504394531
3134.54275670229	1190.77502441406
3136.56016319534	1194.85998535156
3138.57699661019	1193.05505371094
3140.59325717139	1191.69995117188
3142.60894510338	1191.02502441406
3144.62406063047	1188.94995117188
3146.63860397686	1193.66003417969
3148.65257536662	1199.625
3150.66597502371	1200.85998535156
3152.67880317199	1200.9599609375
3154.69106003518	1201.45495605469
3156.70274583691	1201.2099609375
3158.71386080065	1203.20495605469
3160.72440514981	1202.0400390625
3162.73437910763	1205.44995117188
3164.74378289728	1208.15002441406
3166.75261674179	1211.40502929688
3168.76088086407	1211.34497070313
3170.76857548692	1211.8349609375
3172.77570083303	1213.5849609375
3174.78225712498	1213.65502929688
3176.78824458521	1211.85498046875
3178.79366343607	1210.61499023438
3180.79851389977	1217.02001953125
3182.80279619844	1222.52502441406
3184.80651055405	1224.02001953125
3186.80965718849	1224.03002929688
3188.81223632353	1221.24499511719
3190.81424818081	1218.97998046875
3192.81569298186	1224.07495117188
3194.8165709481	1235.01501464844
3196.81688230084	1236.43505859375
3198.81662726126	1238.10498046875
3200.81580605044	1237.91003417969
3202.81441888933	1237.93005371094
3204.81246599879	1236.57995605469
3206.80994759954	1236.99499511719
3208.80686391219	1246.38500976563
3210.80321515726	1261.36999511719
3212.79900155512	1261.26501464844
3214.79422332605	1256.93505859375
3216.78888069021	1255.21496582031
3218.78297386765	1259.2900390625
3220.77650307828	1258.15002441406
3222.76946854195	1261.44494628906
3224.76187047834	1262.25500488281
3226.75370910705	1267.13000488281
3228.74498464755	1270.7099609375
3230.73569731921	1269.94494628906
3232.72584734127	1269.52502441406
3234.71543493287	1269.48999023438
3236.70446031304	1268.7900390625
3238.69292370068	1272.22998046875
3240.68082531459	1269.84497070313
3242.66816537345	1271.52001953125
3244.65494409583	1278.4599609375
3246.6411617002	1283.11999511719
3248.62681840488	1289.69995117188
3250.61191442812	1295.22497558594
3252.59644998804	1300.97998046875
3254.58042530263	1294.73999023438
3256.56384058979	1297.06494140625
3258.54669606731	1302.21997070313
3260.52899195285	1303.10998535156
3262.51072846396	1298.00500488281
3264.4919058181	1300.70495605469
3266.47252423259	1309.69494628906
3268.45258392464	1321.5400390625
3270.43208511138	1327.43005371094
3272.41102800978	1330.43994140625
3274.38941283675	1332.07995605469
3276.36723980904	1337.02502441406
3278.34450914332	1334.06005859375
3280.32122105613	1330.18505859375
3282.29737576392	1330.07995605469
3284.272973483	1332.1650390625
3286.24801442958	1341.18994140625
3288.22249881978	1346.55004882813
3290.19642686957	1343.42004394531
3292.16979879485	1344.63500976563
3294.14261481136	1351.68994140625
3296.11487513478	1361.59997558594
3298.08657998065	1359.0400390625
3300.0577295644	1354.43505859375
3302.02832410136	1349.28002929688
3303.99836380673	1341.58996582031
3305.96784889563	1341.77001953125
3307.93677958303	1340.31005859375
3309.90515608383	1339.71997070313
3311.87297861278	1332.91003417969
3313.84024738456	1329.8349609375
3315.80696261371	1327.64001464844
3317.77312451466	1327.85998535156
3319.73873330175	1324.52001953125
3321.70378918919	1323.40502929688
3323.66829239109	1318.51000976563
3325.63224312145	1315.64501953125
3327.59564159416	1311.20495605469
3329.55848802299	1307.40502929688
3331.52078262162	1307.72998046875
3333.4825256036	1310.09997558594
3335.44371718237	1309.34997558594
3337.40435757128	1306.7099609375
3339.36444698356	1297.51000976563
3341.32398563232	1295.03002929688
3343.28297373058	1300.92004394531
3345.24141149124	1299.50500488281
3347.19929912709	1295.49499511719
3349.15663685081	1296.90002441406
3351.11342487497	1298.44995117188
3353.06966341204	1301.93005371094
3355.02535267437	1296.81005859375
3356.98049287421	1292.9150390625
3358.9350842237	1290.2900390625
3360.88912693486	1291.94995117188
3362.84262121962	1290.93994140625
3364.79556728978	1290.09497070313
3366.74796535705	1291.29504394531
3368.69981563302	1289.94494628906
3370.65111832917	1285.92504882813
3372.60187365689	1286.29504394531
3374.55208182744	1285.68005371094
3376.50174305198	1282.95495605469
3378.45085754157	1281.79504394531
3380.39942550714	1273.17504882813
3382.34744715954	1265.89501953125
3384.29492270949	1270.35998535156
3386.24185236761	1266.9599609375
3388.18823634442	1258.64001464844
3390.13407485031	1256.03002929688
3392.07936809559	1260.43505859375
3394.02411629045	1260.24499511719
3395.96831964496	1256.44494628906
3397.91197836911	1257.36499023438
3399.85509267275	1263.81005859375
3401.79766276564	1258.27001953125
3403.73968885745	1252.56994628906
3405.68117115771	1248.92504882813
3407.62210987586	1247.28503417969
3409.56250522123	1245.72998046875
3411.50235740305	1248.10998535156
3413.44166663043	1241.06994628906
3415.38043311238	1236.42504882813
3417.3186570578	1237.7099609375
3419.2563386755	1239.01000976563
3421.19347817415	1235.50500488281
3423.13007576235	1234.27001953125
3425.06613164857	1232.97998046875
3427.00164604118	1235.67004394531
3428.93661914844	1235.9150390625
3430.87105117852	1231.41003417969
3432.80494233945	1228.94494628906
3434.73829283919	1230.23498535156
3436.67110288558	1227.3349609375
3438.60337268634	1228.47998046875
3440.53510244911	1226.1650390625
3442.4662923814	1225.43505859375
3444.39694269064	1227.44995117188
3446.32705358412	1227.41003417969
3448.25662526905	1220.17004394531
3450.18565795254	1213.10998535156
3452.11415184156	1209.41003417969
3454.04210714302	1208.96496582031
3455.96952406369	1212.07495117188
3457.89640281024	1210.125
3459.82274358924	1206.70495605469
3461.74854660717	1202.86999511719
3463.67381207038	1200.81994628906
3465.59854018513	1195.92504882813
3467.52273115756	1188.45495605469
3469.44638519373	1184.86499023438
3471.36950249956	1182.24499511719
3473.29208328091	1175.47998046875
3475.21412774349	1175.07995605469
3477.13563609293	1177.15002441406
3479.05660853476	1178.31494140625
3480.97704527438	1175.44995117188
3482.89694651712	1172.00500488281
3484.81631246818	1167.88500976563
3486.73514333266	1163.18505859375
3488.65343931557	1157.71997070313
3490.57120062179	1152.43505859375
3492.48842745612	1148.22497558594
3494.40512002324	1146.51501464844
3496.32127852773	1144.22497558594
3498.23690317408	1143.09497070313
3500.15199416666	1143.20495605469
3502.06655170974	1144.18994140625
3503.98057600749	1142.9599609375
3505.89406726396	1137.69494628906
3507.80702568312	1131.03002929688
3509.71945146883	1129.84997558594
3511.63134482483	1130.66003417969
3513.54270595478	1125.33996582031
3515.45353506222	1122.30505371094
3517.3638323506	1119.01501464844
3519.27359802324	1117.66003417969
3521.1828322834	1114.84497070313
3523.09153533419	1110.90502929688
3524.99970737866	1106.0849609375
3526.90734861972	1105.84497070313
3528.81445926021	1104.76000976563
3530.72103950283	1101.89001464844
3532.62708955022	1099.28503417969
3534.53260960488	1100.88000488281
3536.43759986923	1095.38500976563
3538.34206054558	1088.7900390625
3540.24599183613	1086.39001464844
3542.149393943	1083.18505859375
3544.05226706817	1081.84997558594
3545.95461141357	1082.52001953125
3547.85642718097	1078.65002441406
3549.75771457208	1071.27502441406
3551.6584737885	1068.51501464844
3553.55870503171	1067.48999023438
3555.4584085031	1065.89501953125
3557.35758440396	1062.63500976563
3559.25623293548	1060.05004882813
3561.15435429874	1061.40502929688
3563.05194869473	1062.28503417969
3564.94901632432	1063.25500488281
3566.84555738829	1063.02001953125
3568.74157208732	1058.56994628906
3570.63706062199	1052.85498046875
3572.53202319277	1050.54504394531
3574.42646000003	1052.47497558594
3576.32037124406	1051.95495605469
3578.213757125	1052.85998535156
3580.10661784295	1052.06005859375
3581.99895359786	1047.53002929688
3583.8907645896	1045.30505371094
3585.78205101794	1046.31005859375
3587.67281308254	1047.28002929688
3589.56305098297	1043.40002441406
3591.4527649187	1043.03503417969
3593.34195508907	1039.81494140625
3595.23062169338	1037.03503417969
3597.11876493075	1037.84997558594
3599.00638500027	1037.05505371094
3600.89348210089	1033.31494140625
3602.78005643148	1030.84997558594
3604.66610819078	1028.61499023438
3606.55163757747	1029.14501953125
3608.4366447901	1027.40002441406
3610.32113002713	1024.90502929688
3612.20509348693	1024.06005859375
3614.08853536774	1025.72998046875
3615.97145586773	1026.72497558594
3617.85385518497	1020.86499023438
3619.7357335174	1017.67999267578
3621.61709106289	1016.44500732422
3623.4979280192	1015.55999755859
3625.37824458399	1014.40002441406
3627.25804095482	1010.60998535156
3629.13731732915	1005.80999755859
3631.01607390435	1005.28497314453
3632.89431087767	1006.91497802734
3634.77202844629	1005.36999511719
3636.64922680726	1006.01501464844
3638.52590615754	1005.08502197266
3640.40206669402	1007.48498535156
3642.27770861344	1010.55999755859
3644.15283211248	1008.15502929688
3646.02743738771	1004.71502685547
3647.90152463559	999.424987792969
3649.77509405251	997.010009765625
3651.64814583473	994.049987792969
3653.52068017842	992.72998046875
3655.39269727965	993.099975585938
3657.26419733442	991.650024414063
3659.13518053858	992.77001953125
3661.00564708793	993.255004882813
3662.87559717814	991.325012207031
3664.7450310048	989.135009765625
3666.61394876338	986.025024414063
3668.48235064928	985.875
3670.35023685779	985.739990234375
3672.21760758409	985.335021972656
3674.08446302327	986.840026855469
3675.95080337033	985.744995117188
3677.81662882017	983.835021972656
3679.68193956758	984.510009765625
3681.54673580727	981.929992675781
3683.41101773383	977.799987792969
3685.27478554178	975.804992675781
3687.13803942551	974.434997558594
3689.00077957934	974.635009765625
3690.86300619748	977.27001953125
3692.72471947405	977.549987792969
3694.58591960306	973.179992675781
3696.44660677844	969.465026855469
3698.306781194	970.469970703125
3700.16644304348	968.635009765625
3702.02559252049	966.085021972656
3703.88422981859	966.765014648438
3705.74235513119	965.469970703125
3707.59996865164	965.52001953125
3709.45707057318	966.684997558594
3711.31366108895	965.679992675781
3713.16974039199	964.900024414063
3715.02530867527	963.315002441406
3716.88036613164	960.380004882813
3718.73491295385	958.075012207031
3720.58894933456	958.455017089844
3722.44247546634	958.934997558594
3724.29549154166	962.275024414063
3726.14799775289	960.10498046875
3727.9999942923	957.744995117188
3729.85148135209	955.375
3731.70245912432	954.505004882813
3733.55292780098	955.460021972656
3735.40288757397	952.469970703125
3737.25233863509	950.244995117188
3739.10128117603	948.890014648438
3740.9497153884	952.320007324219
3742.7976414637	955.299987792969
3744.64505959335	957.369995117188
3746.49196996866	955.010009765625
3748.33837278086	954.344970703125
3750.18426822108	952.705017089844
3752.02965648033	951.835021972656
3753.87453774956	951.114990234375
3755.7189122196	949.664978027344
3757.5627800812	950.375
3759.40614152501	952.755004882813
3761.24899674159	954.400024414063
3763.09134592138	953.974975585938
3764.93318925476	954.265014648438
3766.77452693199	954.049987792969
3768.61535914325	953.590026855469
3770.45568607861	948.179992675781
3772.29550792807	947.135009765625
3774.1348248815	945.150024414063
3775.9736371287	947.570007324219
3777.81194485938	949.27001953125
