32.6816976106991	715.489990234375
35.6535599501435	715.440002441406
38.6244374909659	715.340026855469
41.5943306947054	715.349975585938
44.5632400226282	715.340026855469
47.5311659356917	715.320007324219
50.4981088945929	715.289978027344
53.4640693597127	715.195007324219
56.4290477911676	715.299987792969
59.3930446487746	715.309997558594
62.356060392067	715.205017089844
65.3180954802906	715.1875
68.2791503724084	715.169982910156
71.2392255270922	715.215026855469
74.1983214027271	715.210021972656
77.1564384574159	715.635009765625
80.113577148983	715.390014648438
83.0697379349549	715.159973144531
86.0249212725722	715.440002441406
88.9791276188058	715.534973144531
91.9323574303255	715.309997558594
94.8846111635238	715.549987792969
97.8358892745121	715.570007324219
100.786192219114	715.445007324219
103.73552045287	715.275024414063
106.683874431037	715.494995117188
109.631254608583	715.609985351563
112.577661440203	715.825012207031
115.523095380307	715.900024414063
118.467556883015	716.239990234375
121.411046402175	716.705017089844
124.353564391344	717.97998046875
127.295111303796	719.609985351563
130.235687592532	722.900024414063
133.175293710265	727.835021972656
136.113930109434	735.655029296875
139.051597242185	745.789978027344
141.98829556039	758.349975585938
144.92402551564	772.85498046875
147.858787559244	786.070007324219
150.792582142239	796.625
153.725409715372	805.22998046875
156.65727072911	810.409973144531
159.588165633643	814.440002441406
162.518094878884	815.900024414063
165.447058914469	818.489990234375
168.375058189747	821.400024414063
171.302093153792	819.794982910156
174.228164255401	818.325012207031
177.153271943091	818.919982910156
180.077416665101	819.039978027344
183.000598869394	819.619995117188
185.922819003656	820.515014648438
188.84407751529	820.844970703125
191.764374851424	823.27001953125
194.683711458919	825.940002441406
197.60208778434	830.195007324219
200.519504273992	834.369995117188
203.435961373894	840.690002441406
206.351459529801	845.679992675781
209.265999187174	850.989990234375
212.179580791207	857.650024414063
215.092204786825	864.52001953125
218.003871618673	871.505004882813
220.914581731116	877.474975585938
223.824335568247	882.760009765625
226.733133573893	888.460021972656
229.640976191593	894.049987792969
232.547863864614	894.219970703125
235.453797035961	897.044982910156
238.358776148354	898.494995117188
241.26280164424	898.614990234375
244.1658739658	897.575012207031
247.067993554929	898.494995117188
249.969160853266	899.22998046875
252.869376302162	899.655029296875
255.768640342707	899.734985351563
258.666953415705	899.025024414063
261.564315961705	899.72998046875
264.46072842097	900.474975585938
267.356191233499	900.010009765625
270.25070483901	898.440002441406
273.144269676967	897.809997558594
276.036886186551	896.14501953125
278.928554806671	897.22998046875
281.819275975966	897.989990234375
284.709050132812	896.414978027344
287.597877715306	897.674987792969
290.485759161281	897.320007324219
293.372694908298	898.844970703125
296.258685393644	900.77001953125
299.143731054352	896.905029296875
302.027832327156	895.150024414063
304.910989648557	897.674987792969
307.79320345476	900.429992675781
310.674474181717	901.299987792969
313.554802265101	901.799987792969
316.434188140326	899.530029296875
319.312632242533	899.244995117188
322.190135006593	899.619995117188
325.066696867117	900.424987792969
327.942318258443	899.190002441406
330.816999614641	897.25
333.690741369517	896.690002441406
336.56354395661	896.914978027344
339.435407809193	896.409973144531
342.306333360273	895.414978027344
345.176321042591	895.289978027344
348.045371288612	894.690002441406
350.913484530551	896.72998046875
353.78066120035	895.974975585938
356.64690172969	895.705017089844
359.512206549972	895.575012207031
362.376576092357	896.190002441406
365.240010787716	894.650024414063
368.102511066677	896.22998046875
370.964077359587	896.150024414063
373.82471009654	896.070007324219
376.684409707364	898.174987792969
379.543176621612	897.950012207031
382.401011268595	897.52001953125
385.257914077343	898.619995117188
388.113885476627	899.10498046875
390.968925894961	900.309997558594
393.823035760591	903.690002441406
396.676215501503	905.005004882813
399.528465545415	908.419982910156
402.379786319791	912.719970703125
405.230178251834	913.284973144531
408.079641768472	913.809997558594
410.928177296387	917.934997558594
413.775785261992	920.094970703125
416.622466091445	920.275024414063
419.468220210631	919.849975585938
422.313048045182	919.747497558594
425.156950020479	919.64501953125
427.999926561623	919.804992675781
430.841978093471	918.945007324219
433.683105040613	916.059997558594
436.523307827384	914.469970703125
439.362586877851	913.924987792969
442.200942615829	914.320007324219
445.038375464876	914.232543945313
447.874885848283	914.14501953125
450.710474189089	912.570007324219
453.54514091007	912.460021972656
456.37888643375	910.534973144531
459.211711182386	908.140014648438
462.043615577986	905.25
464.874600042297	904.130004882813
467.704664996804	900.97998046875
470.533810862741	900.39501953125
473.36203806108	903.815002441406
476.189347012547	907.190002441406
479.015738137594	906.27001953125
481.841211856432	906.674987792969
484.665768589008	907.609985351563
487.489408755009	909.77001953125
490.312132773878	909.992553710938
493.133941064796	910.215026855469
495.954834046683	907.10498046875
498.77481213821	903.815002441406
501.593875757797	901.465026855469
504.412025323601	897.715026855469
507.229261253524	892.940002441406
510.045583965226	887.239990234375
512.860993876093	884.809997558594
515.675491403271	882.330017089844
518.489076963649	878.909973144531
521.301750973863	876.674987792969
524.113513850293	873.380004882813
526.924366009065	871.054992675781
529.734307866052	869.025024414063
532.543339836881	867.799987792969
535.35146233692	864.260009765625
538.158675781281	862.64501953125
540.964980584833	859.679992675781
543.770377162182	858.679992675781
546.574865927692	857.049987792969
549.378447295465	855.484985351563
552.181121679365	854.359985351563
554.982889492993	852.130004882813
557.783751149701	850.025024414063
560.583707062591	849.565002441406
563.38275764452	849.434997558594
566.180903308083	849.344970703125
568.978144465633	849.60498046875
571.774481529266	846.710021972656
574.569914910839	845.14501953125
577.364445021949	844.780029296875
580.158072273946	844.554992675781
582.950797077926	843.195007324219
585.742619844752	844.669982910156
588.533540985018	844.179992675781
591.323560909078	842.320007324219
594.112680027034	842.72998046875
596.90089874875	841.755004882813
599.688217483828	841.752502441406
602.474636641629	841.75
605.260156631263	841.039978027344
608.044777861596	838.744995117188
610.828500741241	838.289978027344
613.611325678567	841.260009765625
616.393253081697	841.825012207031
619.174283358506	841.5
621.954416916616	840.489990234375
624.733654163414	838.945007324219
627.511995506029	838.664978027344
630.289441351351	834.984985351563
633.065992106022	833.984985351563
635.841648176434	835.429992675781
638.616409968744	836.945007324219
641.390277888847	838.034973144531
644.163252342408	837.809997558594
646.93533373484	837.585021972656
649.706522471307	836.590026855469
652.47681895674	836.190002441406
655.246223595811	834.414978027344
658.014736792957	835.89501953125
660.782358952371	836.75
663.549090477999	836.762512207031
666.314931773542	836.775024414063
669.079883242452	837.659973144531
671.843945287955	839.075012207031
674.607118313019	838.590026855469
677.369402720366	838.630004882813
680.130798912488	838.625
682.891307291627	839.469970703125
685.650928259784	837.72998046875
688.409662218708	836.909973144531
691.167509569927	835.734985351563
693.924470714705	835.530029296875
696.680546054078	835.5
699.435735988832	835.950012207031
702.190040919516	836.580017089844
704.943461246442	836.575012207031
707.695997369667	835.224975585938
710.447649689022	836.075012207031
713.198418604088	837.164978027344
715.948304514206	836.875
718.697307818481	836.299987792969
721.445428915779	838.760009765625
724.192668204716	841.984985351563
726.93902608368	840.849975585938
729.684502950805	840.179992675781
732.429099204005	839.200012207031
735.172815240936	839.539978027344
737.915651459026	840.974975585938
740.657608255463	840.669982910156
743.398686027186	841.489990234375
746.13888517091	843.349975585938
748.878206083102	844.034973144531
751.616649159998	844.150024414063
754.354214797584	846.094970703125
757.09090339162	847.919982910156
759.826715337622	847.794982910156
762.561651030868	845.804992675781
765.295710866406	843.414978027344
768.028895239041	842.635009765625
770.761204543336	841.114990234375
773.492639173626	841.135009765625
776.223199524006	840.565002441406
778.952885988334	843.359985351563
781.681698960235	845
784.40963883309	842.299987792969
787.136706000052	842.219970703125
789.862900854037	844.349975585938
792.588223787721	844.130004882813
795.312675193549	842.465026855469
798.036255463728	844.659973144531
800.758964990228	845.914978027344
803.480804164792	846.164978027344
806.201773378919	847.010009765625
808.921873023884	850.210021972656
811.641103490712	852.054992675781
814.359465170214	853.914978027344
817.076958452946	857.789978027344
819.793583729246	862.594970703125
822.509341389214	865.989990234375
825.224231822712	869.659973144531
827.938255419375	872.135009765625
830.651412568596	873.640014648438
833.363703659544	873.755004882813
836.075129081157	873.349975585938
838.785689222127	873.77001953125
841.495384470928	876.130004882813
844.204215215788	879.739990234375
846.912181844721	885.465026855469
849.619284745491	889.280029296875
852.325524305638	891.784973144531
855.030900912475	891.309997558594
857.735414953079	887.039978027344
860.439066814289	883.525024414063
863.141856882725	880.60498046875
865.843785544769	879.195007324219
868.544853186571	876.619995117188
871.245060194063	873.869995117188
873.944406952925	871.409973144531
876.642893848625	869.960021972656
879.340521266398	870.344970703125
882.037289591241	869.575012207031
884.733199207927	870.330017089844
887.428250501001	872.599975585938
890.122443854778	871.919982910156
892.815779653335	872.114990234375
895.508258280534	872.309997558594
898.199880119997	875.405029296875
900.890645555129	876.304992675781
903.580554969094	876.35498046875
906.269608744832	876.405029296875
908.957807265056	875.419982910156
911.645150912257	874.619995117188
914.331640068689	875.934997558594
917.017275116375	876.590026855469
919.702056437128	876.27001953125
922.385984412518	880.190002441406
925.069059423886	884.135009765625
927.751281852366	885.159973144531
930.432652078842	886.445007324219
933.113170483983	887
935.79283744823	888.570007324219
938.471653351806	888.765014648438
941.149618574686	889.440002441406
943.826733496641	889.125
946.502998497206	889.002502441406
949.178413955689	888.880004882813
951.85298025118	889.044982910156
954.526697762544	890.164978027344
957.199566868403	888.179992675781
959.87158794718	889.135009765625
962.542761377054	887.684997558594
965.213087535987	886.169982910156
967.882566801719	885.164978027344
970.551199551761	882.385009765625
973.218986163399	882.364990234375
975.885927013698	883.950012207031
978.552022479501	883.419982910156
981.217272937423	887.835021972656
983.88167876386	892.905029296875
986.545240334978	895.440002441406
989.207958026729	900.275024414063
991.869832214835	908.835021972656
994.530863274798	920.815002441406
997.191051581895	939.304992675781
999.850397511185	956.39501953125
1002.50890143751	967.700012207031
1005.16656373546	971.724975585938
1007.82338477944	964.135009765625
1010.47936494363	947.919982910156
1013.13450460195	928.804992675781
1015.78880412815	911.744995117188
1018.44226389572	900.77001953125
1021.09488427794	896.150024414063
1023.74666564789	893.900024414063
1026.3976083784	891.974975585938
1029.04771284208	894.900024414063
1031.69697941135	899.405029296875
1034.34540845838	899.565002441406
1036.99300035512	899.724975585938
1039.63975547333	899.005004882813
1042.28567418452	900.630004882813
1044.93075685998	900.830017089844
1047.57500387081	902.789978027344
1050.21841558786	904.159973144531
1052.86099238177	907.14501953125
1055.50273462297	909.215026855469
1058.14364268167	911.164978027344
1060.78371692784	916.049987792969
1063.42295773126	920.664978027344
1066.06136546148	925.215026855469
1068.69894048781	924.710021972656
1071.33568317939	922.815002441406
1073.9715939051	923.585021972656
1076.60667303362	921.859985351563
1079.24092093341	921.892456054688
1081.87433797271	921.924987792969
1084.50692451954	920.109985351563
1087.13868094172	918.150024414063
1089.76960760684	914.335021972656
1092.39970488226	909.094970703125
1095.02897313516	906.534973144531
1097.65741273246	904.539978027344
1100.28502404089	904.455017089844
1102.91180742697	903.525024414063
1105.53776325698	903.275024414063
1108.16289189701	902.119995117188
1110.78719371291	900.700012207031
1113.41066907033	899.869995117188
1116.0333183347	899.585021972656
1118.65514187124	903.039978027344
1121.27614004495	903.330017089844
1123.89631322061	902.580017089844
1126.51566176279	901.614990234375
1129.13418603585	898.994995117188
1131.75188640394	892.570007324219
1134.36876323098	886.085021972656
1136.98481688069	878.059997558594
1139.60004771655	871.780029296875
1142.21445610187	868.140014648438
1144.82804239972	866.369995117188
1147.44080697295	866.72998046875
1150.05275018421	869.159973144531
1152.66387239593	871.015014648438
1155.27417397034	872.030029296875
1157.88365526943	873.135009765625
1160.49231665502	873.85498046875
1163.10015848867	871.619995117188
1165.70718113176	871.940002441406
1168.31338494544	872.219970703125
1170.91877029067	873.174987792969
1173.52333752817	871.424987792969
1176.12708701847	871.35498046875
1178.73001912187	872.784973144531
1181.33213419848	870.619995117188
1183.93343260819	869.840026855469
1186.53391471068	868.179992675781
1189.13358086539	866.844970703125
1191.73243143161	866.849975585938
1194.33046676836	868.335021972656
1196.92768723449	870.429992675781
1199.52409318861	875.859985351563
1202.11968498915	879.525024414063
1204.7144629943	883.405029296875
1207.30842756206	887.210021972656
1209.90157905021	889.984985351563
1212.49391781634	891.054992675781
1215.08544421779	887.219970703125
1217.67615861174	884.075012207031
1220.26606135512	884.385009765625
1222.85515280468	886.135009765625
1225.44343331694	890.094970703125
1228.03090324823	894.505004882813
1230.61756295466	900.239990234375
1233.20341279213	904.5
1235.78845311634	907.934997558594
1238.37268428278	910.659973144531
1240.95610664673	912.950012207031
1243.53872056325	915.664978027344
1246.12052638722	915.585021972656
1248.70152447329	915.885009765625
1251.28171517591	913.044982910156
1253.86109884934	913.789978027344
1256.43967584759	916.125
1259.0174465245	918.875
1261.5944112337	918.445007324219
1264.1705703286	918.450012207031
1266.74592416241	918.455017089844
1269.32047308814	916.085021972656
1271.89421745858	915.734985351563
1274.46715762633	915.414978027344
1277.03929394377	917.695007324219
1279.61062676308	918.919982910156
1282.18115643624	915.789978027344
1284.75088331502	914.440002441406
1287.31980775098	914.075012207031
1289.88793009548	911.635009765625
1292.45525069969	910.169982910156
1295.02176991454	907.650024414063
1297.58748809078	908.909973144531
1300.15240557897	912.164978027344
1302.71652272942	915.669982910156
1305.27983989229	916.234985351563
1307.84235741749	918.510009765625
1310.40407565475	922.869995117188
1312.9649949536	924.39501953125
1315.52511566335	926.760009765625
1318.08443813311	927.945007324219
1320.64296271181	927.52001953125
1323.20068974815	928.309997558594
1325.75761959063	927.080017089844
1328.31375258756	926.650024414063
1330.86908908704	926
1333.42362943696	925.099975585938
1335.97737398503	926.244995117188
1338.53032307874	929.695007324219
1341.08247706537	929.589965820313
1343.63383629202	929.484985351563
1346.18440110558	923.914978027344
1348.73417185274	918.205017089844
1351.28314887997	910.984985351563
1353.83133253357	904.5
1356.37872315961	900.869995117188
1358.92532110398	898.619995117188
1361.47112671237	894.804992675781
1364.01614033024	889.945007324219
1366.56036230288	887.280029296875
1369.10379297537	884.580017089844
1371.64643269258	880.515014648438
1374.18828179921	879.974975585938
1376.72934063972	879.02001953125
1379.2696095584	877.525024414063
1381.80908889932	876.760009765625
1384.34777900637	875.469970703125
1386.88568022323	874.525024414063
1389.42279289337	876.434997558594
1391.95911736009	878.625
1394.49465396645	882.164978027344
1397.02940305537	882.965026855469
1399.5633649695	882.955017089844
1402.09654005135	882.844970703125
1404.6289286432	884.919982910156
1407.16053108714	887.27001953125
1409.69134772507	887.302490234375
1412.22137889868	887.335021972656
1414.75062494947	885.679992675781
1417.27908621874	886.090026855469
1419.80676304759	887.190002441406
1422.33365577692	890.275024414063
1424.85976474744	892.414978027344
1427.38509029967	895.125
1429.90963277392	897.684997558594
1432.4333925103	901.755004882813
1434.95636984873	909.474975585938
1437.47856512894	919.719970703125
1439.99997869045	930.85498046875
1442.5206108726	941.429992675781
1445.04046201452	950.280029296875
1447.55953245515	955.984985351563
1450.07782253323	957.085021972656
1452.59533258731	956.830017089844
1455.11206295574	955.7900390625
1457.62801397668	954.75
1460.14318598809	947.015014648438
1462.65757932774	936.994995117188
1465.1711943332	930.565002441406
1467.68403134184	922.515014648438
1470.19609069085	909.169982910156
1472.70737271721	894.799987792969
1475.21787775772	881.900024414063
1477.72760614897	869.179992675781
1480.23655822738	860.825012207031
1482.74473432914	851.840026855469
1485.25213479029	843.35498046875
1487.75875994664	838.380004882813
1490.26461013382	833.534973144531
1492.76968568726	830.669982910156
1495.27398694222	827.460021972656
1497.77751423374	826.695007324219
1500.28026789667	826.049987792969
1502.78224826569	824.880004882813
1505.28345567526	823.755004882813
1507.78389045967	822.244995117188
1510.28355295299	821.255004882813
1512.78244348913	821.309997558594
1515.28056240178	821.364990234375
1517.77791002445	820.35498046875
1520.27448669047	820.085021972656
1522.77029273296	819.140014648438
1525.26532848486	819.580017089844
1527.75959427889	820.825012207031
1530.25309044764	821.695007324219
1532.74581732344	822.484985351563
1535.23777523847	823.364990234375
1537.72896452471	824.130004882813
1540.21938551394	825.625
1542.70903853778	827.900024414063
1545.19792392761	831.280029296875
1547.68604201466	834.614990234375
1550.17339312997	837.460021972656
1552.65997760434	838.945007324219
1555.14579576845	839.724975585938
1557.63084795275	839.539978027344
1560.11513448749	837.789978027344
1562.59865570276	835.174987792969
1565.08141192845	835.025024414063
1567.56340349426	833.534973144531
1570.04463072969	833.900024414063
1572.52509396406	835.419982910156
1575.00479352652	837.005004882813
1577.48372974599	839.049987792969
1579.96190295124	841.280029296875
1582.43931347083	841.484985351563
1584.91596163314	843.60498046875
1587.39184776636	844.684997558594
1589.86697219849	845.414978027344
1592.34133525734	847.364990234375
1594.81493727054	849.919982910156
1597.28777856553	854.544982910156
1599.75985946955	860.054992675781
1602.23118030968	863.984985351563
1604.70174141278	867.864990234375
1607.17154310555	871.375
1609.64058571449	872.184997558594
1612.10886956591	872.159973144531
1614.57639498595	868.89501953125
1617.04316230054	867.559997558594
1619.50917183543	866.075012207031
1621.97442391621	865.219970703125
1624.43891886825	862.965026855469
1626.90265701674	860.619995117188
1629.36563868671	861.89501953125
1631.82786420296	862.934997558594
1634.28933389016	865.484985351563
1636.75004807274	869.835021972656
1639.21000707498	875.619995117188
1641.66921122097	882.155029296875
1644.12766083459	889.349975585938
1646.58535623956	898.534973144531
1649.04229775941	904.35498046875
1651.4984857175	910.840026855469
1653.95392043697	914.090026855469
1656.40860224079	919.125
1658.86253145177	919.14501953125
1661.3157083925	919.164978027344
1663.76813338542	919.010009765625
1666.21980675275	916.664978027344
1668.67072881656	914.380004882813
1671.1208998987	912.434997558594
1673.57032032089	907.440002441406
1676.0189904046	900.619995117188
1678.46691047118	890.89501953125
1680.91408084174	881.599975585938
1683.36050183726	872.984985351563
1685.8061737785	863.674987792969
1688.25109698605	854.820007324219
1690.69527178032	847.77001953125
1693.13869848153	840.919982910156
1695.58137740972	835.135009765625
1698.02330888476	829.070007324219
1700.46449322631	822.815002441406
1702.90493075388	817.219970703125
1705.34462178678	813.875
1707.78356664414	810.674987792969
1710.22176564492	808.159973144531
1712.65921910787	806.234985351563
1715.0959273516	803.784973144531
1717.53189069449	802.450012207031
1719.9671094548	801.794982910156
1722.40158395054	800.960021972656
1724.8353144996	801.284973144531
1727.26830141965	800.474975585938
1729.70054502819	800.492492675781
1732.13204564255	800.510009765625
1734.56280357987	800.159973144531
1736.99281915711	798.950012207031
1739.42209269106	797.835021972656
1741.85062449831	798.045043945313
1744.27841489529	798.255004882813
1746.70546419823	798.265014648438
1749.13177272321	798.015014648438
1751.5573407861	797.280029296875
1753.98216870262	797.385009765625
1756.40625678828	797.25
1758.82960535844	797.114990234375
1761.25221472825	796.684997558594
1763.67408521271	796.695007324219
1766.09521712663	796.940002441406
1768.51561078464	796.244995117188
1770.93526650119	795.820007324219
1773.35418459056	795.530029296875
1775.77236536684	796.679992675781
1778.18980914396	797.35498046875
1780.60651623565	796
1783.02248695548	794.789978027344
1785.43772161684	795.609985351563
1787.85222053292	796.344970703125
1790.26598401677	795.97998046875
1792.67901238123	795.60498046875
1795.09130593899	795.390014648438
1797.50286500254	794.664978027344
1799.9136898842	794.705017089844
1802.32378089613	793.85498046875
1804.73313835028	793.859985351563
1807.14176255846	793.945007324219
1809.54965383228	794.030029296875
1811.95681248317	793.155029296875
1814.36323882242	792.859985351563
1816.76893316109	793.025024414063
1819.17389581011	793.012512207031
1821.57812708021	793
1823.98162728196	793.77001953125
1826.38439672573	794.059997558594
1828.78643572174	794.075012207031
1831.18774458003	793.609985351563
1833.58832361045	793.280029296875
1835.98817312269	793.275024414063
1838.38729342625	792.575012207031
1840.78568483048	792.030029296875
1843.18334764454	791.890014648438
1845.58028217741	790.77001953125
1847.9764887379	791.364990234375
1850.37196763465	791.984985351563
1852.76671917613	792.47998046875
1855.16074367062	792.150024414063
1857.55404142624	792.300048828125
1859.94661275094	792.450012207031
1862.33845795247	792.099975585938
1864.72957733844	792.127502441406
1867.11997121627	792.155029296875
1869.5096398932	791.789978027344
1871.89858367631	791.469970703125
1874.28680287251	790.994995117188
1876.67429778851	791.280029296875
1879.06106873089	791.295043945313
1881.44711600601	791.309997558594
1883.8324399201	791.75
1886.21704077919	791.755004882813
1888.60091888915	791.164978027344
1890.98407455567	791.080017089844
1893.36650808428	791.640014648438
1895.74821978033	791.710021972656
1898.12920994899	791.474975585938
1900.50947889527	790.739990234375
1902.88902692401	790.864990234375
1905.26785433986	791.489990234375
1907.64596144734	791.650024414063
1910.02334855075	791.835021972656
1912.40001595424	791.950012207031
1914.7759639618	792.47998046875
1917.15119287724	792.400024414063
1919.52570300419	792.234985351563
1921.89949464611	792.35498046875
1924.27256810632	792.650024414063
1926.64492368793	791.955017089844
1929.0165616939	791.47998046875
1931.38748242701	790.77001953125
1933.75768618989	790.804992675781
1936.12717328497	790.690002441406
1938.49594401455	791.380004882813
1940.86399868071	791.304992675781
1943.23133758541	791.22998046875
1945.5979610304	791.025024414063
1947.96386931729	791.825012207031
1950.32906274751	791.840026855469
1952.69354162232	792.075012207031
1955.0573062428	792.320007324219
1957.42035690989	791.289978027344
1959.78269392434	790.820007324219
1962.14431758673	791.27001953125
1964.50522819748	790.559997558594
1966.86542605684	791.705017089844
1969.22491146488	791.585021972656
1971.58368472153	791.469970703125
1973.94174612654	791.35498046875
1976.29909597945	792.039978027344
1978.65573457971	792.099975585938
1981.01166222654	791.599975585938
1983.36687921902	790.804992675781
1985.72138585606	791.315002441406
1988.07518243639	790.445007324219
1990.42826925859	790.570007324219
1992.78064662106	790.945007324219
1995.13231482205	791.265014648438
1997.48327415961	791.914978027344
1999.83352493167	790.174987792969
2002.18306743594	790.340026855469
2004.53190197002	790.825012207031
2006.8800288313	790.72998046875
2009.22744831703	790.700012207031
2011.57416072427	790.505004882813
2013.92016634993	790.549987792969
2016.26546549076	791.315002441406
2018.61005844332	789.859985351563
2020.95394550404	790.309997558594
2023.29712696915	790.484985351563
2025.63960313474	790.64501953125
2027.98137429672	790.594970703125
2030.32244075083	790.400024414063
2032.66280279266	790.809997558594
2035.00246071763	790.609985351563
2037.34141482099	790.005004882813
2039.67966539784	789.554992675781
2042.01721274309	789.570007324219
2044.35405715151	790.974975585938
2046.69019891769	790.710021972656
2049.02563833606	790.474975585938
2051.3603757009	792.594970703125
2053.6944113063	791.734985351563
2056.0277454462	791.304992675781
2058.36037841439	790.47998046875
2060.69231050446	790.130004882813
2063.02354200988	791.275024414063
2065.35407322392	790.784973144531
2067.68390443971	791.434997558594
2070.01303595021	791.22998046875
2072.3414680482	791.309997558594
2074.66920102633	791.119995117188
2076.99623517706	791.135009765625
2079.32257079271	790.630004882813
2081.6482081654	791.690002441406
2083.97314758713	791.234985351563
2086.29738934971	791.085021972656
2088.62093374481	792.224975585938
2090.94378106391	791.919982910156
2093.26593159835	792.140014648438
2095.5873856393	791.450012207031
2097.90814347777	791.565002441406
2100.2282054046	791.815002441406
2102.54757171048	792.309997558594
2104.86624268594	792.580017089844
2107.18421862133	792.030029296875
2109.50149980686	791.625
2111.81808653257	791.97998046875
2114.13397908834	792.445007324219
2116.44917776388	791.385009765625
2118.76368284875	792.909973144531
2121.07749463235	793.169982910156
2123.39061340391	793.099975585938
2125.70303945252	793.005004882813
2128.01477306707	792.909973144531
2130.32581453634	792.390014648438
2132.63616414891	792.205017089844
2134.94582219322	792.299987792969
2137.25478895754	792.789978027344
2139.56306472999	792.655029296875
2141.87064979851	793.304992675781
2144.17754445092	793.297485351563
2146.48374897484	793.289978027344
2148.78926365774	792.77001953125
2151.09408878695	792.294982910156
2153.39822464963	792.302490234375
2155.70167153277	792.309997558594
2158.00442972321	793.075012207031
2160.30649950763	792.715026855469
2162.60788117256	792.722534179688
2164.90857500436	792.72998046875
2167.20858128923	792.842529296875
2169.50790031323	792.955017089844
2171.80653236223	792.619995117188
2174.10447772198	792.465026855469
2176.40173667804	792.554992675781
2178.69830951582	792.900024414063
2180.99419652058	792.840026855469
2183.28939797743	792.780029296875
2185.5839141713	792.580017089844
2187.87774538698	791.960021972656
2190.17089190908	791.925048828125
2192.46335402209	791.890014648438
2194.75513201032	791.984985351563
2197.04622615791	792.030029296875
2199.33663674886	792.075012207031
2201.62636406702	791.864990234375
2203.91540839606	791.710021972656
2206.20377001952	791.590026855469
2208.49144922077	790.414978027344
2210.77844628302	790.794982910156
2213.06476148933	792.505004882813
2215.3503951226	791.5
2217.63534746557	791.489990234375
2219.91961880085	791.734985351563
2222.20320941085	791.64501953125
2224.48611957785	791.612548828125
2226.76834958399	791.580017089844
2229.04989971122	790.974975585938
2231.33077024136	790.919982910156
2233.61096145607	790.619995117188
2235.89047363683	791.650024414063
2238.169307065	791.652526855469
2240.44746202178	791.655029296875
2242.72493878819	792.25
2245.00173764511	792.739990234375
2247.27785887327	792.765014648438
2249.55330275324	792.054992675781
2251.82806956545	791.385009765625
2254.10215959014	791.934997558594
2256.37557310744	792.125
2258.64831039729	791.044982910156
2260.92037173949	790.489990234375
2263.19175741368	791.505004882813
2265.46246769938	791.780029296875
2267.7325028759	792.284973144531
2270.00186322243	792.174987792969
2272.270549018	792.25
2274.5385605415	792.47998046875
2276.80589807165	792.705017089844
2279.07256188702	792.945007324219
2281.33855226601	792.575012207031
2283.60386948691	792.260009765625
2285.86851382782	792.659973144531
2288.1324855667	793.364990234375
2290.39578498136	793.005004882813
2292.65841234945	791.669982910156
2294.92036794847	791.594970703125
2297.18165205578	790.955017089844
2299.44226494856	790.640014648438
2301.70220690387	791.869995117188
2303.96147819859	793.094970703125
2306.22007910947	792.544982910156
2308.47800991309	792.72998046875
2310.73527088589	792.650024414063
2312.99186230416	793.10498046875
2315.24778444403	793.002502441406
2317.50303758149	792.900024414063
2319.75762199235	793.760009765625
2322.01153795231	794.635009765625
2324.26478573689	794.280029296875
2326.51736562147	794.380004882813
2328.76927788127	794.280029296875
2331.02052279137	794.179992675781
2333.2711006267	793.674987792969
2335.52101166203	792.695007324219
2337.77025617198	792.830017089844
2340.01883443103	792.804992675781
2342.2667467135	792.797485351563
2344.51399329356	792.789978027344
2346.76057444525	792.179992675781
2349.00649044241	792.614990234375
2351.2517415588	792.924987792969
2353.49632806796	792.434997558594
2355.74025024334	792.280029296875
2357.98350835819	792.244995117188
2360.22610268566	791.924987792969
2362.4680334987	791.289978027344
2364.70930107016	791.349975585938
2366.94990567269	791.085021972656
2369.18984757884	791.950012207031
2371.42912706098	792.032470703125
2373.66774439134	792.114990234375
2375.90569984199	792.160034179688
2378.14299368488	792.205017089844
2380.37962619179	792.530029296875
2382.61559763435	792.47998046875
2384.85090828405	791.875
2387.08555841222	791.929992675781
2389.31954829006	791.820007324219
2391.55287818861	791.684997558594
2393.78554837877	792.210021972656
2396.01755913128	793.195007324219
2398.24891071673	792.869995117188
2400.47960340558	792.414978027344
2402.70963746814	792.39501953125
2404.93901317456	792.467529296875
2407.16773079485	792.539978027344
2409.39579059887	792.840026855469
2411.62319285633	792.049987792969
2413.84993783681	792.35498046875
2416.07602580971	792.554992675781
2418.30145704432	792.940002441406
2420.52623180977	792.969970703125
2422.75035037503	792.609985351563
2424.97381300893	792.835021972656
2427.19661998017	792.825012207031
2429.41877155729	792.815002441406
2431.64026800867	793.650024414063
2433.86110960257	793.369995117188
2436.08129660709	793.065002441406
2438.30082929019	792.465026855469
2440.51970791967	792.719970703125
2442.73793276321	793.239990234375
2444.95550408832	793.760009765625
2447.17242216237	792.900024414063
2449.38868725259	792.505004882813
2451.60429962607	793.025024414063
2453.81925954975	793.625
2456.03356729041	792.554992675781
2458.2472231147	792.010009765625
2460.46022728913	792.724975585938
2462.67258008005	792.934997558594
2464.88428175368	793.450012207031
2467.09533257608	793.349975585938
2469.30573281318	792.905029296875
2471.51548273076	792.875
2473.72458259445	792.655029296875
2475.93303266974	794.085021972656
2478.14083322198	793.869995117188
2480.34798451637	794.400024414063
2482.55448681797	793.080017089844
2484.76034039169	793.440002441406
2486.96554550231	793.835021972656
2489.17010241445	793.099975585938
2491.37401139259	794.544982910156
2493.57727270109	794.85498046875
2495.77988660412	795.219970703125
2497.98185336574	793.830017089844
2500.18317324987	794.109985351563
2502.38384652028	794.074951171875
2504.58387344058	794.039978027344
2506.78325427425	794.820007324219
2508.98198928465	794.919982910156
2511.18007873495	794.969970703125
2513.37752288821	795.02001953125
2515.57432200735	795.344970703125
2517.77047635514	794.515014648438
2519.96598619419	793.655029296875
2522.16085178699	794.960021972656
2524.35507339589	796.625
2526.54865128308	795.809997558594
2528.74158571062	795.969970703125
2530.93387694042	796.080017089844
2533.12552523427	795.255004882813
2535.31653085379	795.580017089844
2537.50689406046	795.572509765625
2539.69661511566	795.565002441406
2541.88569428057	795.940002441406
2544.07413181627	796.465026855469
2546.26192798368	796.210021972656
2548.44908304359	795.484985351563
2550.63559725664	795.669982910156
2552.82147088333	796.255004882813
2555.00670418402	796.465026855469
2557.19129741894	797.114990234375
2559.37525084817	796.724975585938
2561.55856473164	796.635009765625
2563.74123932917	795.64501953125
2565.92327490039	796.609985351563
2568.10467170484	797.335021972656
2570.28543000189	797.565002441406
2572.46555005079	797.934997558594
2574.64503211063	797.830017089844
2576.82387644036	797.945007324219
2579.00208329882	798.080017089844
2581.17965294468	797.450012207031
2583.35658563648	797.765014648438
2585.53288163263	796.880004882813
2587.70854119137	797.090026855469
2589.88356457084	797.775024414063
2592.05795202902	798.335021972656
2594.23170382376	798.585021972656
2596.40482021275	798.547485351563
2598.57730145356	798.510009765625
2600.74914780363	798.469970703125
2602.92035952023	798.27001953125
2605.09093686053	799.284973144531
2607.26088008153	800.205017089844
2609.4301894401	800.940002441406
2611.59886519299	801.094970703125
2613.76690759678	801.349975585938
2615.93431690793	800.570007324219
2618.10109338277	800.682495117188
2620.26723727748	800.794982910156
2622.4327488481	800.83251953125
2624.59762835054	800.869995117188
2626.76187604057	801.505004882813
2628.92549217382	802.804992675781
2631.08847700579	802.830017089844
2633.25083079182	802.9375
2635.41255378715	803.044982910156
2637.57364624684	802.984985351563
2639.73410842586	802.739990234375
2641.893940579	802.945007324219
2644.05314296094	802.924987792969
2646.21171582621	804.47998046875
2648.36965942921	804.955017089844
2650.5269740242	805.484985351563
2652.6836598653	805.41748046875
2654.83971720651	805.349975585938
2656.99514630167	804.804992675781
2659.1499474045	805.344970703125
2661.30412076857	806.570007324219
2663.45766664734	807.325012207031
2665.61058529411	807.974975585938
2667.76287696204	808.575012207031
2669.91454190418	807.659973144531
2672.06558037342	808.809997558594
2674.21599262253	808.419982910156
2676.36577890413	808.619995117188
2678.51493947072	807.864990234375
2680.66347457466	807.724975585938
2682.81138446816	808.085021972656
2684.95866940332	810.294982910156
2687.10532963209	810.244995117188
2689.25136540628	811.309997558594
2691.39677697757	811.3125
2693.54156459752	811.315002441406
2695.68572851753	811.445007324219
2697.82926898888	812.77001953125
2699.97218626272	814.119995117188
2702.11448059006	814.815002441406
2704.25615222175	815.965026855469
2706.39720140856	817.155029296875
2708.53762840109	817.469970703125
2710.67743344979	817.265014648438
2712.81661680503	818.760009765625
2714.95517871698	820.080017089844
2717.09311943574	823.099975585938
2719.23043921123	825.35498046875
2721.36713829325	826.950012207031
2723.50321693148	827.840026855469
2725.63867537545	828.130004882813
2727.77351387456	828.35498046875
2729.90773267809	829.554992675781
2732.04133203516	829.669982910156
2734.17431219478	828.885009765625
2736.30667340581	827.280029296875
2738.438415917	827.744995117188
2740.56953997695	827.955017089844
2742.70004583414	826.275024414063
2744.82993373688	825.625
2746.9592039334	824.510009765625
2749.08785667177	824.174987792969
2751.21589219993	822.559997558594
2753.34331076568	822.260009765625
2755.4701126167	823.125
2757.59629800054	823.724975585938
2759.7218671646	823.559997558594
2761.84682035617	823.637512207031
2763.9711578224	823.715026855469
2766.0948798103	824.094970703125
2768.21798656676	823.992492675781
2770.34047833852	823.890014648438
2772.46235537222	823.044982910156
2774.58361791434	822.484985351563
2776.70426621124	822.260009765625
2778.82430050915	820.690002441406
2780.94372105416	819.875
2783.06252809224	819.400024414063
2785.18072186922	820.409973144531
2787.29830263081	821.450012207031
2789.41527062257	821.630004882813
2791.53162608996	821.659973144531
2793.64736927828	820.830017089844
2795.76250043271	820.174987792969
2797.8770197983	820.85498046875
2799.99092761997	823.940002441406
2802.10422414252	824.784973144531
2804.21690961059	825.940002441406
2806.32898426873	826.190002441406
2808.44044836132	828.849975585938
2810.55130213264	831.559997558594
2812.66154582682	832.565002441406
2814.77117968788	834.179992675781
2816.8802039597	835.89501953125
2818.98861888601	838.489990234375
2821.09642471046	841.099975585938
2823.20362167653	843.864990234375
2825.31021002756	847.784973144531
2827.41619000682	851.505004882813
2829.52156185738	855.885009765625
2831.62632582224	861.114990234375
2833.73048214422	864.940002441406
2835.83403106606	870.52001953125
2837.93697283033	876.380004882813
2840.03930767951	883.994995117188
2842.1410358559	894.335021972656
2844.24215760173	905.044982910156
2846.34267315905	917.5
2848.44258276982	929.429992675781
2850.54188667585	945.085021972656
2852.64058511883	962.494995117188
2854.73867834032	981.474975585938
2856.83616658175	996.630004882813
2858.93305008443	1014.96002197266
2861.02932908952	1035.96997070313
2863.12500383809	1056.91003417969
2865.22007457104	1083.30004882813
2867.31454152918	1108.01501464844
2869.40840495316	1128.0400390625
2871.50166508353	1150.61999511719
2873.59432216069	1171.58996582031
2875.68637642493	1186.11499023438
2877.77782811641	1195.73999023438
2879.86867747515	1200.42004394531
2881.95892474105	1199.83996582031
2884.0485701539	1206.30505371094
2886.13761395333	1212.35998535156
2888.22605637886	1215.18005371094
2890.3138976699	1214.7099609375
2892.40113806571	1224.56005859375
2894.48777780544	1244.29504394531
2896.57381712808	1257.84997558594
2898.65925627254	1259.30505371094
2900.74409547758	1263.04504394531
2902.82833498183	1273.82495117188
2904.9119750238	1294.89001464844
2906.99501584188	1315.38000488281
2909.07745767432	1338.53503417969
2911.15930075925	1363.71997070313
2913.24054533469	1382.81994628906
2915.3211916385	1394.53503417969
2917.40123990846	1412.98498535156
2919.48069038217	1436.24499511719
2921.55954329716	1451.14501953125
2923.63779889079	1463.94995117188
2925.71545740033	1480.21997070313
2927.79251906289	1500.75
2929.86898411548	1517.57495117188
2931.94485279498	1517.07250976563
2934.02012533815	1516.56994628906
2936.0948019816	1516.24499511719
2938.16888296184	1503.01501464844
2940.24236851525	1477.08996582031
2942.31525887809	1453.23999023438
2944.38755428648	1439.07995605469
2946.45925497643	1424.06994628906
2948.53036118382	1394.27001953125
2950.6008731444	1364.84997558594
2952.67079109381	1335.82495117188
2954.74011526755	1307.66003417969
2956.80884590101	1287.92504882813
2958.87698322944	1286.3349609375
2960.94452748799	1279.78503417969
2963.01147891167	1266.91003417969
2965.07783773535	1252.46496582031
2967.14360419382	1230.82495117188
2969.2087785217	1216.09497070313
2971.27336095352	1210.54504394531
2973.33735172366	1199.73498535156
2975.40075106641	1183.79504394531
2977.46355921591	1168.73498535156
2979.52577640618	1153.59497070313
2981.58740287112	1135.5400390625
2983.64843884452	1120.55505371094
2985.70888456003	1110.24499511719
2987.76874025117	1094.36499023438
2989.82800615137	1077.59997558594
2991.88668249391	1062.5400390625
2993.94476951194	1037.30004882813
2996.00226743852	1017.09997558594
2998.05917650657	1001.36499023438
3000.11549694887	988.974975585938
3002.17122899812	972.755004882813
3004.22637288685	960.945007324219
3006.2809288475	948.905029296875
3008.33489711238	937.335021972656
3010.38827791368	927.52001953125
3012.44107148345	917.030029296875
3014.49327805366	908.52001953125
3016.5448978561	901.140014648438
3018.59593112249	898.135009765625
3020.64637808441	891.924987792969
3022.6962389733	885.14501953125
3024.74551402051	880.950012207031
3026.79420345725	878.974975585938
3028.84230751461	878.445007324219
3030.88982642357	876.554992675781
3032.93676041497	876.984985351563
3034.98310971955	878.835021972656
3037.02887456791	881.635009765625
3039.07405519054	884.875
3041.11865181781	886.260009765625
3043.16266467996	889.179992675781
3045.20609400713	888.950012207031
3047.24894002932	891.065002441406
3049.2912029764	895.155029296875
3051.33288307815	899.630004882813
3053.37398056421	903.635009765625
3055.41449566411	911.10498046875
3057.45442860725	915.200012207031
3059.49377962291	916.455017089844
3061.53254894026	919.335021972656
3063.57073678834	919.39501953125
3065.60834339607	916.864990234375
3067.64536899227	910.585021972656
3069.68181380561	905.35498046875
3071.71767806467	897.655029296875
3073.75296199788	888.784973144531
3075.78766583357	883.125
3077.82178979997	875.195007324219
3079.85533412513	867.835021972656
3081.88829903705	864.669982910156
3083.92068476356	861.715026855469
3085.95249153241	858.690002441406
3087.98371957119	856.150024414063
3090.01436910741	850.609985351563
3092.04444036844	847.140014648438
3094.07393358152	847.5
3096.10284897381	847.89501953125
3098.13118677232	847.805053710938
3100.15894720395	847.715026855469
3102.18613049548	845.594970703125
3104.21273687357	845.554992675781
3106.23876656477	845.710021972656
3108.2642197955	845.914978027344
3110.28909679208	845.89501953125
3112.31339778069	845.8125
3114.33712298741	845.72998046875
3116.36027263819	845.919982910156
3118.38284695887	848.64501953125
3120.40484617516	848.872497558594
3122.42627051268	849.099975585938
3124.4471201969	849.835021972656
3126.46739545319	849.765014648438
3128.4870965068	849.85498046875
3130.50622358287	850.015014648438
3132.5247769064	850.174987792969
3134.54275670229	850.174987792969
3136.56016319534	850.140014648438
3138.57699661019	850.215026855469
3140.59325717139	851.625
3142.60894510338	852.515014648438
3144.62406063047	854.02001953125
3146.63860397686	853.539978027344
3148.65257536662	853.054992675781
3150.66597502371	853.960021972656
3152.67880317199	853.409973144531
3154.69106003518	853.585021972656
3156.70274583691	855.085021972656
3158.71386080065	858.14501953125
3160.72440514981	858.940002441406
3162.73437910763	860.825012207031
3164.74378289728	860.804992675781
3166.75261674179	861.880004882813
3168.76088086407	862.320007324219
3170.76857548692	862.239990234375
3172.77570083303	864.275024414063
3174.78225712498	864.775024414063
3176.78824458521	867.39501953125
3178.79366343607	868.875
3180.79851389977	870.934997558594
3182.80279619844	870.130004882813
3184.80651055405	870.340026855469
3186.80965718849	872.445007324219
3188.81223632353	873.830017089844
3190.81424818081	874.330017089844
3192.81569298186	877.155029296875
3194.8165709481	879.739990234375
3196.81688230084	881.070007324219
3198.81662726126	882.030029296875
3200.81580605044	884.530029296875
3202.81441888933	883.919982910156
3204.81246599879	884.39501953125
3206.80994759954	888.590026855469
3208.80686391219	893.25
3210.80321515726	892.945007324219
3212.79900155512	893.200012207031
3214.79422332605	893.919982910156
3216.78888069021	894.390014648438
3218.78297386765	896.099975585938
3220.77650307828	897.200012207031
3222.76946854195	898.575012207031
3224.76187047834	900.489990234375
3226.75370910705	902.664978027344
3228.74498464755	903.794982910156
3230.73569731921	902.015014648438
3232.72584734127	902.289978027344
3234.71543493287	903.64501953125
3236.70446031304	907.195007324219
3238.69292370068	908.640014648438
3240.68082531459	908.697509765625
3242.66816537345	908.755004882813
3244.65494409583	911.914978027344
3246.6411617002	913.880004882813
3248.62681840488	916.025024414063
3250.61191442812	916.765014648438
3252.59644998804	920.695007324219
3254.58042530263	923.065002441406
3256.56384058979	923.117492675781
3258.54669606731	923.169982910156
3260.52899195285	922.965026855469
3262.51072846396	924.52001953125
3264.4919058181	925.659973144531
3266.47252423259	926.445007324219
3268.45258392464	931.60498046875
3270.43208511138	935.705017089844
3272.41102800978	937.669982910156
3274.38941283675	938.85498046875
3276.36723980904	939.130004882813
3278.34450914332	942.510009765625
3280.32122105613	944.450012207031
3282.29737576392	943.905029296875
3284.272973483	946.849975585938
3286.24801442958	951.784973144531
3288.22249881978	952.005004882813
3290.19642686957	950.530029296875
3292.16979879485	952.465026855469
3294.14261481136	954.565002441406
3296.11487513478	953.25
3298.08657998065	949.385009765625
3300.0577295644	950.049987792969
3302.02832410136	950.515014648438
3303.99836380673	951.025024414063
3305.96784889563	949.580017089844
3307.93677958303	949.289978027344
3309.90515608383	949.025024414063
3311.87297861278	945.255004882813
3313.84024738456	946.155029296875
3315.80696261371	946.472534179688
3317.77312451466	946.789978027344
3319.73873330175	944.844970703125
3321.70378918919	943.445007324219
3323.66829239109	944.125
3325.63224312145	943.10498046875
3327.59564159416	938.349975585938
3329.55848802299	934.659973144531
3331.52078262162	937.275024414063
3333.4825256036	937.130004882813
3335.44371718237	935.380004882813
3337.40435757128	935.409973144531
3339.36444698356	935.722473144531
3341.32398563232	936.034973144531
3343.28297373058	934.940002441406
3345.24141149124	934.340026855469
3347.19929912709	935.39501953125
3349.15663685081	938.159973144531
3351.11342487497	942.494995117188
3353.06966341204	940.609985351563
3355.02535267437	936.945007324219
3356.98049287421	935.085021972656
3358.9350842237	933.325012207031
3360.88912693486	933.630004882813
3362.84262121962	933.549987792969
3364.79556728978	934.739990234375
3366.74796535705	934.080017089844
3368.69981563302	933.219970703125
3370.65111832917	933.400024414063
3372.60187365689	933.650024414063
3374.55208182744	932.89501953125
3376.50174305198	928.994995117188
3378.45085754157	926.5
3380.39942550714	927.570007324219
3382.34744715954	927.239990234375
3384.29492270949	925.780029296875
3386.24185236761	921.734985351563
3388.18823634442	920.140014648438
3390.13407485031	919.190002441406
3392.07936809559	920.174987792969
3394.02411629045	920.715026855469
3395.96831964496	921.364990234375
3397.91197836911	921.385009765625
3399.85509267275	920.190002441406
3401.79766276564	914.869995117188
3403.73968885745	912.530029296875
3405.68117115771	913.929992675781
3407.62210987586	916.700012207031
3409.56250522123	915.700012207031
3411.50235740305	913.955017089844
3413.44166663043	909.35498046875
3415.38043311238	905.39501953125
3417.3186570578	908.280029296875
3419.2563386755	909.705017089844
3421.19347817415	912.625
3423.13007576235	911.10498046875
3425.06613164857	909.044982910156
3427.00164604118	908.075012207031
3428.93661914844	906.724975585938
3430.87105117852	904.465026855469
3432.80494233945	903.039978027344
3434.73829283919	903.445007324219
3436.67110288558	904.929992675781
3438.60337268634	904.75
3440.53510244911	903.044982910156
3442.4662923814	902.544982910156
3444.39694269064	901.400024414063
3446.32705358412	901.549987792969
3448.25662526905	899.570007324219
3450.18565795254	899.119995117188
3452.11415184156	896.760009765625
3454.04210714302	897.544982910156
3455.96952406369	896.085021972656
3457.89640281024	892.679992675781
3459.82274358924	891.150024414063
3461.74854660717	891.179992675781
3463.67381207038	889.349975585938
3465.59854018513	885.674987792969
3467.52273115756	884.099975585938
3469.44638519373	882.929992675781
3471.36950249956	881.559997558594
3473.29208328091	881.724975585938
3475.21412774349	880.809997558594
3477.13563609293	879.794982910156
3479.05660853476	877.75
3480.97704527438	875.690002441406
3482.89694651712	874.405029296875
3484.81631246818	873.445007324219
3486.73514333266	871.155029296875
3488.65343931557	868.914978027344
3490.57120062179	864.265014648438
3492.48842745612	862.950012207031
3494.40512002324	862.775024414063
3496.32127852773	859.914978027344
3498.23690317408	858.775024414063
3500.15199416666	858.135009765625
3502.06655170974	858.554992675781
3503.98057600749	857.369995117188
3505.89406726396	854.969970703125
3507.80702568312	853.054992675781
3509.71945146883	851.669982910156
3511.63134482483	850.434997558594
3513.54270595478	849.320007324219
3515.45353506222	847.580017089844
3517.3638323506	845.190002441406
3519.27359802324	843.325012207031
3521.1828322834	841.609985351563
3523.09153533419	837.755004882813
3524.99970737866	836.969970703125
3526.90734861972	836.97998046875
3528.81445926021	836.989990234375
3530.72103950283	833.789978027344
3532.62708955022	832.094970703125
3534.53260960488	829.515014648438
3536.43759986923	828.405029296875
3538.34206054558	827.25
3540.24599183613	826.380004882813
3542.149393943	824.39501953125
3544.05226706817	824.35498046875
3545.95461141357	821.739990234375
3547.85642718097	818.840026855469
3549.75771457208	816.424987792969
3551.6584737885	816.760009765625
3553.55870503171	818.419982910156
3555.4584085031	818.02001953125
3557.35758440396	815.765014648438
3559.25623293548	814.010009765625
3561.15435429874	811.825012207031
3563.05194869473	811.090026855469
3564.94901632432	810.684997558594
3566.84555738829	808.799987792969
3568.74157208732	807.5
3570.63706062199	806.625
3572.53202319277	806.460021972656
3574.42646000003	806.669982910156
3576.32037124406	807.135009765625
3578.213757125	805.52001953125
3580.10661784295	804.164978027344
3581.99895359786	802.52001953125
3583.8907645896	802.549987792969
3585.78205101794	802.065002441406
3587.67281308254	802.005004882813
3589.56305098297	800.955017089844
3591.4527649187	799.585021972656
3593.34195508907	798.044982910156
3595.23062169338	796.460021972656
3597.11876493075	795.570007324219
3599.00638500027	795.169982910156
3600.89348210089	794.375
3602.78005643148	793.97998046875
3604.66610819078	793.534973144531
3606.55163757747	792.669982910156
3608.4366447901	791.885009765625
3610.32113002713	790.515014648438
3612.20509348693	790.484985351563
3614.08853536774	789.635009765625
3615.97145586773	788.789978027344
3617.85385518497	788.099975585938
3619.7357335174	786.934997558594
3621.61709106289	786.614990234375
3623.4979280192	785.429992675781
3625.37824458399	783.900024414063
3627.25804095482	783.239990234375
3629.13731732915	782.974975585938
3631.01607390435	782.659973144531
3632.89431087767	782.825012207031
3634.77202844629	782.190002441406
3636.64922680726	781.424987792969
3638.52590615754	780.585021972656
3640.40206669402	780.39501953125
3642.27770861344	779.275024414063
3644.15283211248	778.669982910156
3646.02743738771	779.284973144531
3647.90152463559	778.22998046875
3649.77509405251	776.744995117188
3651.64814583473	775.525024414063
3653.52068017842	775.97998046875
3655.39269727965	775.265014648438
3657.26419733442	774.945007324219
3659.13518053858	774.544982910156
3661.00564708793	773.315002441406
3662.87559717814	773.190002441406
3664.7450310048	772.080017089844
3666.61394876338	771.614990234375
3668.48235064928	771.414978027344
3670.35023685779	770.375
3672.21760758409	769.909973144531
3674.08446302327	770.200012207031
3675.95080337033	769.655029296875
3677.81662882017	769.554992675781
3679.68193956758	769.530029296875
3681.54673580727	768.945007324219
3683.41101773383	768
3685.27478554178	767.885009765625
3687.13803942551	767.275024414063
3689.00077957934	767.619995117188
3690.86300619748	767.5
3692.72471947405	765.679992675781
3694.58591960306	764.424987792969
3696.44660677844	764.905029296875
3698.306781194	764.862548828125
3700.16644304348	764.820007324219
3702.02559252049	764.489990234375
3703.88422981859	763.625
3705.74235513119	762.969970703125
3707.59996865164	762.909973144531
3709.45707057318	762.784973144531
3711.31366108895	762.460021972656
3713.16974039199	762.619995117188
3715.02530867527	762.695007324219
3716.88036613164	761.909973144531
3718.73491295385	761.825012207031
3720.58894933456	761.534973144531
3722.44247546634	760.405029296875
3724.29549154166	760.430053710938
3726.14799775289	760.455017089844
3727.9999942923	760.109985351563
3729.85148135209	759.299987792969
3731.70245912432	759.015014648438
3733.55292780098	758.815002441406
3735.40288757397	758.580017089844
3737.25233863509	758.60498046875
3739.10128117603	758.934997558594
3740.9497153884	758.9375
3742.7976414637	758.940002441406
3744.64505959335	759.234985351563
3746.49196996866	759.205017089844
3748.33837278086	759.135009765625
3750.18426822108	758.989990234375
3752.02965648033	758.724975585938
3753.87453774956	757.599975585938
3755.7189122196	758.375
3757.5627800812	759.294982910156
3759.40614152501	758.715026855469
3761.24899674159	758.674987792969
3763.09134592138	758.784973144531
3764.93318925476	758.859985351563
3766.77452693199	758.159973144531
3768.61535914325	758.097473144531
3770.45568607861	758.034973144531
3772.29550792807	757.919982910156
3774.1348248815	757.655029296875
3775.9736371287	757.025024414063
3777.81194485938	757.440002441406
