32.6816976106991	714.700012207031
35.6535599501435	714.60498046875
38.6244374909659	714.614990234375
41.5943306947054	714.489990234375
44.5632400226282	714.424987792969
47.5311659356917	714.664978027344
50.4981088945929	714.429992675781
53.4640693597127	714.599975585938
56.4290477911676	714.510009765625
59.3930446487746	714.575012207031
62.356060392067	714.534973144531
65.3180954802906	714.510009765625
68.2791503724084	714.450012207031
71.2392255270922	714.539978027344
74.1983214027271	714.619995117188
77.1564384574159	714.775024414063
80.113577148983	714.695007324219
83.0697379349549	714.625
86.0249212725722	714.700012207031
88.9791276188058	714.719970703125
91.9323574303255	714.880004882813
94.8846111635238	714.804992675781
97.8358892745121	714.969970703125
100.786192219114	715.025024414063
103.73552045287	715.215026855469
106.683874431037	715.234985351563
109.631254608583	715.549987792969
112.577661440203	716.010009765625
115.523095380307	716.450012207031
118.467556883015	717.590026855469
121.411046402175	719.505004882813
124.353564391344	723.224975585938
127.295111303796	729.669982910156
130.235687592532	740.664978027344
133.175293710265	758.159973144531
136.113930109434	784.534973144531
139.051597242185	819.044982910156
141.98829556039	862.22998046875
144.92402551564	908.065002441406
147.858787559244	950.794982910156
150.792582142239	989.900024414063
153.725409715372	1022.69000244141
156.65727072911	1044
159.588165633643	1059.31005859375
162.518094878884	1066.73498535156
165.447058914469	1069.64001464844
168.375058189747	1071.09997558594
171.302093153792	1072.04504394531
174.228164255401	1074.65502929688
177.153271943091	1076.9599609375
180.077416665101	1074.56994628906
183.000598869394	1076.39501953125
185.922819003656	1080.3349609375
188.84407751529	1088.97497558594
191.764374851424	1093.06994628906
194.683711458919	1101.54504394531
197.60208778434	1109.30004882813
200.519504273992	1120.08996582031
203.435961373894	1137.84497070313
206.351459529801	1156.05004882813
209.265999187174	1177.05004882813
212.179580791207	1199.7099609375
215.092204786825	1221.4150390625
218.003871618673	1242.28002929688
220.914581731116	1257.86499023438
223.824335568247	1277.95495605469
226.733133573893	1295.88000488281
229.640976191593	1308.01000976563
232.547863864614	1310.86999511719
235.453797035961	1314.3349609375
238.358776148354	1321.71997070313
241.26280164424	1317.60998535156
244.1658739658	1311.59997558594
247.067993554929	1311.76501464844
249.969160853266	1310.81005859375
252.869376302162	1307.58996582031
255.768640342707	1304.7900390625
258.666953415705	1301.89501953125
261.564315961705	1299.7900390625
264.46072842097	1300.40502929688
267.356191233499	1298.75500488281
270.25070483901	1294.24499511719
273.144269676967	1291.68005371094
276.036886186551	1287.61999511719
278.928554806671	1288.5
281.819275975966	1284.74499511719
284.709050132812	1283.75500488281
287.597877715306	1283.71496582031
290.485759161281	1282.30505371094
293.372694908298	1280.56494140625
296.258685393644	1278.40502929688
299.143731054352	1273.2900390625
302.027832327156	1273.4599609375
304.910989648557	1275.03503417969
307.79320345476	1277.21997070313
310.674474181717	1281.43005371094
313.554802265101	1273.76501464844
316.434188140326	1268.83996582031
319.312632242533	1267.375
322.190135006593	1265.31994628906
325.066696867117	1266.28503417969
327.942318258443	1269.31994628906
330.816999614641	1269.2099609375
333.690741369517	1265.7099609375
336.56354395661	1260.9599609375
339.435407809193	1257.0400390625
342.306333360273	1255.94494628906
345.176321042591	1255.54504394531
348.045371288612	1253.03503417969
350.913484530551	1249.94494628906
353.78066120035	1243.22998046875
356.64690172969	1238.80505371094
359.512206549972	1234.81005859375
362.376576092357	1235.32995605469
365.240010787716	1239.68005371094
368.102511066677	1240.19494628906
370.964077359587	1238.82495117188
373.82471009654	1236.05004882813
376.684409707364	1238.54504394531
379.543176621612	1241.05004882813
382.401011268595	1240.82495117188
385.257914077343	1240.94995117188
388.113885476627	1241.77001953125
390.968925894961	1247.44995117188
393.823035760591	1250.55004882813
396.676215501503	1255.64001464844
399.528465545415	1256.60498046875
402.379786319791	1264.85498046875
405.230178251834	1273.4599609375
408.079641768472	1279.55505371094
410.928177296387	1282.38000488281
413.775785261992	1283.73498535156
416.622466091445	1290.83996582031
419.468220210631	1295.07495117188
422.313048045182	1288.75
425.156950020479	1287.96496582031
427.999926561623	1285.78503417969
430.841978093471	1279.86999511719
433.683105040613	1276.31494140625
436.523307827384	1276.30004882813
439.362586877851	1273.61999511719
442.200942615829	1272.97998046875
445.038375464876	1275.72497558594
447.874885848283	1277.53002929688
450.710474189089	1276.07495117188
453.54514091007	1272.35498046875
456.37888643375	1263.28503417969
459.211711182386	1261.03503417969
462.043615577986	1260.44995117188
464.874600042297	1261.39001464844
467.704664996804	1260.27502441406
470.533810862741	1257.69494628906
473.36203806108	1256.65502929688
476.189347012547	1260.39501953125
479.015738137594	1263.98498535156
481.841211856432	1261.47998046875
484.665768589008	1264.76501464844
487.489408755009	1272.30004882813
490.312132773878	1279.64501953125
493.133941064796	1287.02502441406
495.954834046683	1290.90002441406
498.77481213821	1284.59497070313
501.593875757797	1278.58996582031
504.412025323601	1281.57495117188
507.229261253524	1285.07995605469
510.045583965226	1288.23498535156
512.860993876093	1288.71496582031
515.675491403271	1287.42504882813
518.489076963649	1283.65502929688
521.301750973863	1279.71496582031
524.113513850293	1276.98498535156
526.924366009065	1271.125
529.734307866052	1266.39001464844
532.543339836881	1266.98498535156
535.35146233692	1269.31994628906
538.158675781281	1262.47998046875
540.964980584833	1262.40002441406
543.770377162182	1254.41003417969
546.574865927692	1247.0400390625
549.378447295465	1248.47497558594
552.181121679365	1252.10998535156
554.982889492993	1247.24499511719
557.783751149701	1243.35998535156
560.583707062591	1242.7900390625
563.38275764452	1239.7099609375
566.180903308083	1242.15002441406
568.978144465633	1240.2900390625
571.774481529266	1239.52001953125
574.569914910839	1236.375
577.364445021949	1231.29504394531
580.158072273946	1228.4599609375
582.950797077926	1223.28002929688
585.742619844752	1222.69494628906
588.533540985018	1223.91003417969
591.323560909078	1221.56494140625
594.112680027034	1218.36499023438
596.90089874875	1218.4599609375
599.688217483828	1214.69494628906
602.474636641629	1211.56494140625
605.260156631263	1212.23498535156
608.044777861596	1211.02502441406
610.828500741241	1215.21997070313
613.611325678567	1223.25500488281
616.393253081697	1231.3349609375
619.174283358506	1231.31494140625
621.954416916616	1224.95495605469
624.733654163414	1222.68005371094
627.511995506029	1219.40002441406
630.289441351351	1220.11999511719
633.065992106022	1218.08996582031
635.841648176434	1218.16003417969
638.616409968744	1219.5849609375
641.390277888847	1226.86499023438
644.163252342408	1230.97497558594
646.93533373484	1233.9599609375
649.706522471307	1234.18005371094
652.47681895674	1231.38000488281
655.246223595811	1224.84497070313
658.014736792957	1221.65002441406
660.782358952371	1229.97497558594
663.549090477999	1233.78503417969
666.314931773542	1231.75500488281
669.079883242452	1227.69494628906
671.843945287955	1230.80004882813
674.607118313019	1235.7900390625
677.369402720366	1234.89001464844
680.130798912488	1234.96496582031
682.891307291627	1236.6650390625
685.650928259784	1235.46997070313
688.409662218708	1235.2099609375
691.167509569927	1233.44494628906
693.924470714705	1233.92504882813
696.680546054078	1236.22497558594
699.435735988832	1239.24499511719
702.190040919516	1238.64501953125
704.943461246442	1237.51000976563
707.695997369667	1236.375
710.447649689022	1239.52001953125
713.198418604088	1245.56994628906
715.948304514206	1245.5
718.697307818481	1243.18994140625
721.445428915779	1242.39001464844
724.192668204716	1244
726.93902608368	1243.50500488281
729.684502950805	1246.40502929688
732.429099204005	1248.17004394531
735.172815240936	1249.78002929688
737.915651459026	1252.09497070313
740.657608255463	1254.68994140625
743.398686027186	1259.14001464844
746.13888517091	1267.02001953125
748.878206083102	1271.65502929688
751.616649159998	1274.01501464844
754.354214797584	1271.71997070313
757.09090339162	1266.50500488281
759.826715337622	1264.68994140625
762.561651030868	1259.20495605469
765.295710866406	1252.98498535156
768.028895239041	1245.16003417969
770.761204543336	1240.57495117188
773.492639173626	1235.02502441406
776.223199524006	1232.24499511719
778.952885988334	1228.85998535156
781.681698960235	1226.22497558594
784.40963883309	1231.64501953125
787.136706000052	1225.96496582031
789.862900854037	1224.01000976563
792.588223787721	1222.77502441406
795.312675193549	1225.66003417969
798.036255463728	1226.94995117188
800.758964990228	1226.46997070313
803.480804164792	1230.92504882813
806.201773378919	1236.85998535156
808.921873023884	1244.18994140625
811.641103490712	1251.94995117188
814.359465170214	1260.6650390625
817.076958452946	1275.15002441406
819.793583729246	1285.5400390625
822.509341389214	1294.06494140625
825.224231822712	1301.05004882813
827.938255419375	1310.53002929688
830.651412568596	1310.68005371094
833.363703659544	1311.69995117188
836.075129081157	1312.14501953125
838.785689222127	1316.16003417969
841.495384470928	1323.61499023438
844.204215215788	1331.38500976563
846.912181844721	1347.43994140625
849.619284745491	1355.45495605469
852.325524305638	1361.88500976563
855.030900912475	1361.875
857.735414953079	1358.93505859375
860.439066814289	1346.5400390625
863.141856882725	1336.34997558594
865.843785544769	1330.13500976563
868.544853186571	1323.83996582031
871.245060194063	1334.35998535156
873.944406952925	1342.2099609375
876.642893848625	1337.02502441406
879.340521266398	1334.32995605469
882.037289591241	1340.36499023438
884.733199207927	1342.24499511719
887.428250501001	1349.60998535156
890.122443854778	1355.30505371094
892.815779653335	1352.19494628906
895.508258280534	1349.03503417969
898.199880119997	1360.625
900.890645555129	1368.69494628906
903.580554969094	1366.90002441406
906.269608744832	1356.86999511719
908.957807265056	1347.9150390625
911.645150912257	1348.30004882813
914.331640068689	1347.75
917.017275116375	1352.96496582031
919.702056437128	1357.85498046875
922.385984412518	1367.09497070313
925.069059423886	1371.55004882813
927.751281852366	1382.5
930.432652078842	1392.93505859375
933.113170483983	1395.06994628906
935.79283744823	1399.16003417969
938.471653351806	1396.21997070313
941.149618574686	1397.10998535156
943.826733496641	1405.31005859375
946.502998497206	1409.03002929688
949.178413955689	1401.72998046875
951.85298025118	1407.67504882813
954.526697762544	1410.30004882813
957.199566868403	1408.33996582031
959.87158794718	1402.86999511719
962.542761377054	1397.84497070313
965.213087535987	1389.52502441406
967.882566801719	1389.42504882813
970.551199551761	1387.08996582031
973.218986163399	1381.53002929688
975.885927013698	1375.11499023438
978.552022479501	1378.13000488281
981.217272937423	1380.34497070313
983.88167876386	1391.18505859375
986.545240334978	1403.2099609375
989.207958026729	1413.21997070313
991.869832214835	1430.86499023438
994.530863274798	1460.52502441406
997.191051581895	1499.92504882813
999.850397511185	1537.01501464844
1002.50890143751	1566.09997558594
1005.16656373546	1581.14001464844
1007.82338477944	1567.76501464844
1010.47936494363	1532.27001953125
1013.13450460195	1479
1015.78880412815	1432.55505371094
1018.44226389572	1405.71496582031
1021.09488427794	1385.36999511719
1023.74666564789	1383.73999023438
1026.3976083784	1388.17504882813
1029.04771284208	1397.65502929688
1031.69697941135	1406.30505371094
1034.34540845838	1405.03002929688
1036.99300035512	1406.10998535156
1039.63975547333	1410.67504882813
1042.28567418452	1406.34997558594
1044.93075685998	1397.90502929688
1047.57500387081	1393.55004882813
1050.21841558786	1392.93005371094
1052.86099238177	1399.10498046875
1055.50273462297	1407.61999511719
1058.14364268167	1411.84997558594
1060.78371692784	1417.38000488281
1063.42295773126	1417.30505371094
1066.06136546148	1426.27502441406
1068.69894048781	1432.21997070313
1071.33568317939	1428.85998535156
1073.9715939051	1432.9599609375
1076.60667303362	1437.2900390625
1079.24092093341	1440.17504882813
1081.87433797271	1444.01501464844
1084.50692451954	1443.23498535156
1087.13868094172	1436.23498535156
1089.76960760684	1428.79504394531
1092.39970488226	1425.85998535156
1095.02897313516	1414.32495117188
1097.65741273246	1412.19494628906
1100.28502404089	1414.80505371094
1102.91180742697	1409.52001953125
1105.53776325698	1408.63000488281
1108.16289189701	1411.28503417969
1110.78719371291	1414.40002441406
1113.41066907033	1414.01000976563
1116.0333183347	1413.77001953125
1118.65514187124	1420.98498535156
1121.27614004495	1419.71496582031
1123.89631322061	1419.56994628906
1126.51566176279	1418.30004882813
1129.13418603585	1418.86499023438
1131.75188640394	1408.61999511719
1134.36876323098	1387.43005371094
1136.98481688069	1365.73999023438
1139.60004771655	1350.05004882813
1142.21445610187	1340.11499023438
1144.82804239972	1338.10498046875
1147.44080697295	1345.26000976563
1150.05275018421	1355.73999023438
1152.66387239593	1363.58996582031
1155.27417397034	1371.11499023438
1157.88365526943	1375.7099609375
1160.49231665502	1371.375
1163.10015848867	1360.23999023438
1165.70718113176	1353.67504882813
1168.31338494544	1352.26501464844
1170.91877029067	1355.38000488281
1173.52333752817	1349.3349609375
1176.12708701847	1347.14001464844
1178.73001912187	1345.11499023438
1181.33213419848	1340.22998046875
1183.93343260819	1334.71997070313
1186.53391471068	1329.79504394531
1189.13358086539	1328.2900390625
1191.73243143161	1326.60998535156
1194.33046676836	1331.31494140625
1196.92768723449	1343.46496582031
1199.52409318861	1354.3349609375
1202.11968498915	1365.85498046875
1204.7144629943	1376.31494140625
1207.30842756206	1384.19494628906
1209.90157905021	1383.96496582031
1212.49391781634	1384.96997070313
1215.08544421779	1380.1650390625
1217.67615861174	1378.50500488281
1220.26606135512	1377.25
1222.85515280468	1383.51000976563
1225.44343331694	1390.82495117188
1228.03090324823	1404.22998046875
1230.61756295466	1412.61499023438
1233.20341279213	1424.85998535156
1235.78845311634	1432.75500488281
1238.37268428278	1441.06494140625
1240.95610664673	1450.68005371094
1243.53872056325	1456.31494140625
1246.12052638722	1455.26501464844
1248.70152447329	1461.05505371094
1251.28171517591	1457.78002929688
1253.86109884934	1455.96997070313
1256.43967584759	1456.22497558594
1259.0174465245	1454.63000488281
1261.5944112337	1458.30505371094
1264.1705703286	1464.03002929688
1266.74592416241	1464.7900390625
1269.32047308814	1464.91003417969
1271.89421745858	1463.51000976563
1274.46715762633	1463.60498046875
1277.03929394377	1462.72497558594
1279.61062676308	1460.60498046875
1282.18115643624	1454.5849609375
1284.75088331502	1449.31494140625
1287.31980775098	1455.03503417969
1289.88793009548	1454.81005859375
1292.45525069969	1452.98498535156
1295.02176991454	1451.4599609375
1297.58748809078	1455.55004882813
1300.15240557897	1460.40002441406
1302.71652272942	1464.25
1305.27983989229	1482.0400390625
1307.84235741749	1490.36999511719
1310.40407565475	1495.55505371094
1312.9649949536	1501.36999511719
1315.52511566335	1501.42504882813
1318.08443813311	1504.02001953125
1320.64296271181	1507.56494140625
1323.20068974815	1503.06994628906
1325.75761959063	1496.92004394531
1328.31375258756	1503.84997558594
1330.86908908704	1509.59997558594
1333.42362943696	1516.93994140625
1335.97737398503	1510.02502441406
1338.53032307874	1502.49499511719
1341.08247706537	1511.59497070313
1343.63383629202	1501.32995605469
1346.18440110558	1490.11999511719
1348.73417185274	1479.14001464844
1351.28314887997	1456.75
1353.83133253357	1433.59997558594
1356.37872315961	1426.93005371094
1358.92532110398	1426.21997070313
1361.47112671237	1415.94995117188
1364.01614033024	1396.78002929688
1366.56036230288	1385.2099609375
1369.10379297537	1373.72497558594
1371.64643269258	1366.22998046875
1374.18828179921	1353
1376.72934063972	1348.93994140625
1379.2696095584	1349.39501953125
1381.80908889932	1352.11499023438
1384.34777900637	1352.23999023438
1386.88568022323	1352.64001464844
1389.42279289337	1358.16003417969
1391.95911736009	1360.7900390625
1394.49465396645	1363.98999023438
1397.02940305537	1366.99499511719
1399.5633649695	1367.04504394531
1402.09654005135	1364.7900390625
1404.6289286432	1365.5
1407.16053108714	1377.78002929688
1409.69134772507	1380.65502929688
1412.22137889868	1380.53002929688
1414.75062494947	1373.57495117188
1417.27908621874	1375.18005371094
1419.80676304759	1375.85498046875
1422.33365577692	1379.51000976563
1424.85976474744	1386.65502929688
1427.38509029967	1393.5400390625
1429.90963277392	1407.18994140625
1432.4333925103	1421.47497558594
1434.95636984873	1447.23999023438
1437.47856512894	1475.75
1439.99997869045	1502.2099609375
1442.5206108726	1528.31994628906
1445.04046201452	1551.01501464844
1447.55953245515	1571.29504394531
1450.07782253323	1580
1452.59533258731	1573.17004394531
1455.11206295574	1554.21997070313
1457.62801397668	1538.35498046875
1460.14318598809	1515.48999023438
1462.65757932774	1488.32995605469
1465.1711943332	1467.76501464844
1467.68403134184	1438.5
1470.19609069085	1401.4599609375
1472.70737271721	1366.83996582031
1475.21787775772	1332.80004882813
1477.72760614897	1303.27502441406
1480.23655822738	1281.18005371094
1482.74473432914	1260.54504394531
1485.25213479029	1241.15002441406
1487.75875994664	1229.40002441406
1490.26461013382	1219.35998535156
1492.76968568726	1215.33996582031
1495.27398694222	1212.43505859375
1497.77751423374	1211.01501464844
1500.28026789667	1214.73498535156
1502.78224826569	1213.65002441406
1505.28345567526	1209.67504882813
1507.78389045967	1211.53002929688
1510.28355295299	1212.18994140625
1512.78244348913	1217.90002441406
1515.28056240178	1218.68994140625
1517.77791002445	1219.05004882813
1520.27448669047	1218.65002441406
1522.77029273296	1218.15502929688
1525.26532848486	1216.14001464844
1527.75959427889	1218.70495605469
1530.25309044764	1218.28503417969
1532.74581732344	1216.78503417969
1535.23777523847	1220.71496582031
1537.72896452471	1228.27502441406
1540.21938551394	1232.52502441406
1542.70903853778	1235.67504882813
1545.19792392761	1247.53503417969
1547.68604201466	1254.625
1550.17339312997	1261.86499023438
1552.65997760434	1270.06994628906
1555.14579576845	1268.5849609375
1557.63084795275	1264.56494140625
1560.11513448749	1259.86999511719
1562.59865570276	1253.48498535156
1565.08141192845	1249.85998535156
1567.56340349426	1247.54504394531
1570.04463072969	1250.76000976563
1572.52509396406	1250.43005371094
1575.00479352652	1251.03002929688
1577.48372974599	1256.03002929688
1579.96190295124	1262.13000488281
1582.43931347083	1267.94494628906
1584.91596163314	1273.85498046875
1587.39184776636	1280.82495117188
1589.86697219849	1286.7900390625
1592.34133525734	1288.06994628906
1594.81493727054	1292.74499511719
1597.28777856553	1298.26000976563
1599.75985946955	1309.76000976563
1602.23118030968	1325.67504882813
1604.70174141278	1337.81494140625
1607.17154310555	1341.40502929688
1609.64058571449	1343.43994140625
1612.10886956591	1346.01501464844
1614.57639498595	1341.92504882813
1617.04316230054	1334.11999511719
1619.50917183543	1329.20495605469
1621.97442391621	1316.57995605469
1624.43891886825	1306.73498535156
1626.90265701674	1301.67504882813
1629.36563868671	1301.93994140625
1631.82786420296	1303.40502929688
1634.28933389016	1314.97497558594
1636.75004807274	1328.93505859375
1639.21000707498	1344.23498535156
1641.66921122097	1357.94995117188
1644.12766083459	1376.05505371094
1646.58535623956	1398.44494628906
1649.04229775941	1420.88500976563
1651.4984857175	1433.875
1653.95392043697	1444.20495605469
1656.40860224079	1451.52001953125
1658.86253145177	1457.34997558594
1661.3157083925	1456.71997070313
1663.76813338542	1452.93005371094
1666.21980675275	1435.95495605469
1668.67072881656	1420.80505371094
1671.1208998987	1411.60998535156
1673.57032032089	1394.77001953125
1676.0189904046	1376.96997070313
1678.46691047118	1355.99499511719
1680.91408084174	1335.94494628906
1683.36050183726	1314.99499511719
1685.8061737785	1290.67504882813
1688.25109698605	1269.13500976563
1690.69527178032	1249.13000488281
1693.13869848153	1233.34497070313
1695.58137740972	1218.06494140625
1698.02330888476	1202.70495605469
1700.46449322631	1185.40502929688
1702.90493075388	1170.71496582031
1705.34462178678	1162.98498535156
1707.78356664414	1154.96496582031
1710.22176564492	1145.72497558594
1712.65921910787	1140.90502929688
1715.0959273516	1135.90002441406
1717.53189069449	1132.82995605469
1719.9671094548	1130.96496582031
1722.40158395054	1131.56994628906
1724.8353144996	1130.67504882813
1727.26830141965	1129.01000976563
1729.70054502819	1126.10498046875
1732.13204564255	1127.2099609375
1734.56280357987	1125.22497558594
1736.99281915711	1121.7099609375
1739.42209269106	1120.34997558594
1741.85062449831	1121.77502441406
1744.27841489529	1117.42504882813
1746.70546419823	1115.6650390625
1749.13177272321	1117.15002441406
1751.5573407861	1117.80004882813
1753.98216870262	1117.03503417969
1756.40625678828	1119.29504394531
1758.82960535844	1119.31494140625
1761.25221472825	1116.49499511719
1763.67408521271	1116.8349609375
1766.09521712663	1115.53503417969
1768.51561078464	1111.84997558594
1770.93526650119	1111.49499511719
1773.35418459056	1114.02001953125
1775.77236536684	1114.5849609375
1778.18980914396	1112.70495605469
1780.60651623565	1110.2900390625
1783.02248695548	1109.86999511719
1785.43772161684	1111.56005859375
1787.85222053292	1113.375
1790.26598401677	1111.67504882813
1792.67901238123	1111.61499023438
1795.09130593899	1111.46496582031
1797.50286500254	1111.36999511719
1799.9136898842	1108.2099609375
1802.32378089613	1108.26501464844
1804.73313835028	1113.59497070313
1807.14176255846	1112.50500488281
1809.54965383228	1108.75500488281
1811.95681248317	1108.00500488281
1814.36323882242	1107.17004394531
1816.76893316109	1104.72998046875
1819.17389581011	1103.56494140625
1821.57812708021	1104.56005859375
1823.98162728196	1103.96997070313
1826.38439672573	1103.26000976563
1828.78643572174	1102.31994628906
1831.18774458003	1102.9599609375
1833.58832361045	1103.51000976563
1835.98817312269	1103.30505371094
1838.38729342625	1099.27502441406
1840.78568483048	1100.40002441406
1843.18334764454	1100.90002441406
1845.58028217741	1097.43505859375
1847.9764887379	1096.57495117188
1850.37196763465	1098.88000488281
1852.76671917613	1101.60498046875
1855.16074367062	1102.83996582031
1857.55404142624	1104.8349609375
1859.94661275094	1102.96496582031
1862.33845795247	1102.47497558594
1864.72957733844	1101.49499511719
1867.11997121627	1099.68505859375
1869.5096398932	1097.78002929688
1871.89858367631	1098.67504882813
1874.28680287251	1094.67004394531
1876.67429778851	1095.46997070313
1879.06106873089	1095.98999023438
1881.44711600601	1097.0849609375
1883.8324399201	1098.60498046875
1886.21704077919	1095.66003417969
1888.60091888915	1095.44995117188
1890.98407455567	1097.52001953125
1893.36650808428	1102.2900390625
1895.74821978033	1096.75
1898.12920994899	1094.03503417969
1900.50947889527	1096.125
1902.88902692401	1098.46496582031
1905.26785433986	1097.04504394531
1907.64596144734	1094.625
1910.02334855075	1094.78503417969
1912.40001595424	1097.96496582031
1914.7759639618	1096.99499511719
1917.15119287724	1096.55004882813
1919.52570300419	1098.9150390625
1921.89949464611	1099.64001464844
1924.27256810632	1101.68505859375
1926.64492368793	1102.47998046875
1929.0165616939	1101.01000976563
1931.38748242701	1100.03002929688
1933.75768618989	1097.40002441406
1936.12717328497	1095.58996582031
1938.49594401455	1096.56994628906
1940.86399868071	1097.96496582031
1943.23133758541	1098.97497558594
1945.5979610304	1098.02502441406
1947.96386931729	1095.93505859375
1950.32906274751	1097.31494140625
1952.69354162232	1100.81494140625
1955.0573062428	1101.53002929688
1957.42035690989	1098.13500976563
1959.78269392434	1096.2900390625
1962.14431758673	1096.84497070313
1964.50522819748	1097.45495605469
1966.86542605684	1096.92004394531
1969.22491146488	1096.61499023438
1971.58368472153	1101.52001953125
1973.94174612654	1101.39001464844
1976.29909597945	1096.71997070313
1978.65573457971	1096.0400390625
1981.01166222654	1097.18505859375
1983.36687921902	1098.36499023438
1985.72138585606	1097.9150390625
1988.07518243639	1093.45495605469
1990.42826925859	1092.01501464844
1992.78064662106	1092.43005371094
1995.13231482205	1095.52502441406
1997.48327415961	1095.57495117188
1999.83352493167	1097.07495117188
2002.18306743594	1094.46496582031
2004.53190197002	1092.06005859375
2006.8800288313	1095.9150390625
2009.22744831703	1094.93994140625
2011.57416072427	1093.46496582031
2013.92016634993	1094.06005859375
2016.26546549076	1093.75
2018.61005844332	1096.66003417969
2020.95394550404	1093.43005371094
2023.29712696915	1091.72497558594
2025.63960313474	1093.7099609375
2027.98137429672	1094.24499511719
2030.32244075083	1096.22497558594
2032.66280279266	1095.45495605469
2035.00246071763	1094.31994628906
2037.34141482099	1096.21496582031
2039.67966539784	1096.21997070313
2042.01721274309	1092.66003417969
2044.35405715151	1089.94995117188
2046.69019891769	1091.26501464844
2049.02563833606	1094.80505371094
2051.3603757009	1095.94995117188
2053.6944113063	1098.28002929688
2056.0277454462	1098.76000976563
2058.36037841439	1095.9150390625
2060.69231050446	1093.83996582031
2063.02354200988	1095.02001953125
2065.35407322392	1098.09497070313
2067.68390443971	1097.89501953125
2070.01303595021	1096.68005371094
2072.3414680482	1095.31994628906
2074.66920102633	1094.92004394531
2076.99623517706	1095.97497558594
2079.32257079271	1098.66003417969
2081.6482081654	1100.17504882813
2083.97314758713	1098.8349609375
2086.29738934971	1096.19494628906
2088.62093374481	1094.64501953125
2090.94378106391	1098.09497070313
2093.26593159835	1098.88500976563
2095.5873856393	1096.2900390625
2097.90814347777	1094.3349609375
2100.2282054046	1098.40002441406
2102.54757171048	1102.06005859375
2104.86624268594	1103.10998535156
2107.18421862133	1104.13000488281
2109.50149980686	1102.61999511719
2111.81808653257	1103.14001464844
2114.13397908834	1100.54504394531
2116.44917776388	1099.80004882813
2118.76368284875	1101.19995117188
2121.07749463235	1105.9599609375
2123.39061340391	1105.11499023438
2125.70303945252	1103.03002929688
2128.01477306707	1103.7099609375
2130.32581453634	1102.56005859375
2132.63616414891	1102.9599609375
2134.94582219322	1100.64001464844
2137.25478895754	1101.51501464844
2139.56306472999	1102.01000976563
2141.87064979851	1103.22998046875
2144.17754445092	1104.94494628906
2146.48374897484	1102.82995605469
2148.78926365774	1105.9150390625
2151.09408878695	1104.74499511719
2153.39822464963	1104.125
2155.70167153277	1102.90502929688
2158.00442972321	1103.48999023438
2160.30649950763	1103.69494628906
2162.60788117256	1103.94494628906
2164.90857500436	1100.11499023438
2167.20858128923	1102.28503417969
2169.50790031323	1104.00500488281
2171.80653236223	1105.2900390625
2174.10447772198	1103.30004882813
2176.40173667804	1100.07995605469
2178.69830951582	1099.44494628906
2180.99419652058	1097.01000976563
2183.28939797743	1099.36499023438
2185.5839141713	1102.65002441406
2187.87774538698	1103.5
2190.17089190908	1105.27001953125
2192.46335402209	1104.25500488281
2194.75513201032	1102.22497558594
2197.04622615791	1100.61499023438
2199.33663674886	1101.27001953125
2201.62636406702	1104.15502929688
2203.91540839606	1106.78503417969
2206.20377001952	1105.9599609375
2208.49144922077	1098.61999511719
2210.77844628302	1095.69494628906
2213.06476148933	1096.32495117188
2215.3503951226	1095.25
2217.63534746557	1097.39001464844
2219.91961880085	1098.28503417969
2222.20320941085	1099.43005371094
2224.48611957785	1101.71997070313
2226.76834958399	1104.09497070313
2229.04989971122	1101.93005371094
2231.33077024136	1095.82495117188
2233.61096145607	1097.17004394531
2235.89047363683	1099.97497558594
2238.169307065	1100.06994628906
2240.44746202178	1101.2099609375
2242.72493878819	1100.79504394531
2245.00173764511	1101.24499511719
2247.27785887327	1102.47998046875
2249.55330275324	1104.76501464844
2251.82806956545	1104.39001464844
2254.10215959014	1104.19494628906
2256.37557310744	1101.52502441406
2258.64831039729	1100.78503417969
2260.92037173949	1100.7099609375
2263.19175741368	1103.82995605469
2265.46246769938	1105.82995605469
2267.7325028759	1101.80004882813
2270.00186322243	1100.67504882813
2272.270549018	1103.19995117188
2274.5385605415	1105.02001953125
2276.80589807165	1102.5849609375
2279.07256188702	1102.76501464844
2281.33855226601	1105.875
2283.60386948691	1110.20495605469
2285.86851382782	1111.15002441406
2288.1324855667	1110.875
2290.39578498136	1108.61499023438
2292.65841234945	1106.6650390625
2294.92036794847	1107.7099609375
2297.18165205578	1108.31494140625
2299.44226494856	1106.92004394531
2301.70220690387	1105.0400390625
2303.96147819859	1107.13000488281
2306.22007910947	1108.65502929688
2308.47800991309	1108.15002441406
2310.73527088589	1109.34497070313
2312.99186230416	1109.07495117188
2315.24778444403	1112.02502441406
2317.50303758149	1113.0849609375
2319.75762199235	1111.56005859375
2322.01153795231	1108.36499023438
2324.26478573689	1110.98498535156
2326.51736562147	1109.93505859375
2328.76927788127	1109.29504394531
2331.02052279137	1110.2099609375
2333.2711006267	1112.05505371094
2335.52101166203	1114.51000976563
2337.77025617198	1111.75500488281
2340.01883443103	1107.32995605469
2342.2667467135	1105.81994628906
2344.51399329356	1106.99499511719
2346.76057444525	1109.14501953125
2349.00649044241	1110.69494628906
2351.2517415588	1108.86999511719
2353.49632806796	1107.27001953125
2355.74025024334	1107.42504882813
2357.98350835819	1106.0849609375
2360.22610268566	1102.86499023438
2362.4680334987	1104.63500976563
2364.70930107016	1102.25500488281
2366.94990567269	1101.22497558594
2369.18984757884	1101.10998535156
2371.42912706098	1103.38500976563
2373.66774439134	1104.11999511719
2375.90569984199	1103.74499511719
2378.14299368488	1106.72998046875
2380.37962619179	1104.93505859375
2382.61559763435	1104.70495605469
2384.85090828405	1104.73999023438
2387.08555841222	1105.54504394531
2389.31954829006	1104.90002441406
2391.55287818861	1101.82495117188
2393.78554837877	1103.43994140625
2396.01755913128	1104.40002441406
2398.24891071673	1107.04504394531
2400.47960340558	1107.26501464844
2402.70963746814	1105.4599609375
2404.93901317456	1104.06005859375
2407.16773079485	1101.90502929688
2409.39579059887	1104.19995117188
2411.62319285633	1104.77001953125
2413.84993783681	1107.21496582031
2416.07602580971	1106.79504394531
2418.30145704432	1107.27001953125
2420.52623180977	1104.83996582031
2422.75035037503	1104.96496582031
2424.97381300893	1108.40002441406
2427.19661998017	1109.36999511719
2429.41877155729	1109.84497070313
2431.64026800867	1109.78002929688
2433.86110960257	1109.27001953125
2436.08129660709	1108.66003417969
2438.30082929019	1108.59997558594
2440.51970791967	1104.56494140625
2442.73793276321	1102.875
2444.95550408832	1106.01000976563
2447.17242216237	1107.86999511719
2449.38868725259	1107.875
2451.60429962607	1106.01501464844
2453.81925954975	1107.42504882813
2456.03356729041	1107.19494628906
2458.2472231147	1107.75
2460.46022728913	1108.31994628906
2462.67258008005	1107.35998535156
2464.88428175368	1108.72998046875
2467.09533257608	1106.30505371094
2469.30573281318	1108.74499511719
2471.51548273076	1109.0400390625
2473.72458259445	1107.42504882813
2475.93303266974	1109.75500488281
2478.14083322198	1110.80505371094
2480.34798451637	1108.4599609375
2482.55448681797	1110.35998535156
2484.76034039169	1110.65502929688
2486.96554550231	1110.03002929688
2489.17010241445	1109.68505859375
2491.37401139259	1109.90002441406
2493.57727270109	1112.15502929688
2495.77988660412	1112.03503417969
2497.98185336574	1112.16003417969
2500.18317324987	1111.68005371094
2502.38384652028	1115.2099609375
2504.58387344058	1116.63000488281
2506.78325427425	1115.43994140625
2508.98198928465	1111.80004882813
2511.18007873495	1112.52502441406
2513.37752288821	1110.8349609375
2515.57432200735	1113.8349609375
2517.77047635514	1115.2900390625
2519.96598619419	1114.14001464844
2522.16085178699	1115.38500976563
2524.35507339589	1116.92004394531
2526.54865128308	1117.57495117188
2528.74158571062	1119.68505859375
2530.93387694042	1114.57995605469
2533.12552523427	1113.20495605469
2535.31653085379	1113.72497558594
2537.50689406046	1114.98999023438
2539.69661511566	1112.57995605469
2541.88569428057	1113.14501953125
2544.07413181627	1117.15002441406
2546.26192798368	1119.97497558594
2548.44908304359	1116.46997070313
2550.63559725664	1114.26501464844
2552.82147088333	1116.49499511719
2555.00670418402	1120.21997070313
2557.19129741894	1121.60498046875
2559.37525084817	1121.05004882813
2561.55856473164	1117.90502929688
2563.74123932917	1116.14001464844
2565.92327490039	1117.8349609375
2568.10467170484	1117.27502441406
2570.28543000189	1118.81005859375
2572.46555005079	1119.00500488281
2574.64503211063	1117.71496582031
2576.82387644036	1118.39501953125
2579.00208329882	1118.60998535156
2581.17965294468	1118.03503417969
2583.35658563648	1115.61999511719
2585.53288163263	1115.375
2587.70854119137	1117.57995605469
2589.88356457084	1119.47998046875
2592.05795202902	1121.25500488281
2594.23170382376	1121.86999511719
2596.40482021275	1122.46997070313
2598.57730145356	1124.89501953125
2600.74914780363	1124.14001464844
2602.92035952023	1119.92504882813
2605.09093686053	1117.56494140625
2607.26088008153	1120.16003417969
2609.4301894401	1121.7900390625
2611.59886519299	1124.29504394531
2613.76690759678	1129.33996582031
2615.93431690793	1130.23498535156
2618.10109338277	1132.57495117188
2620.26723727748	1132.58996582031
2622.4327488481	1129.02502441406
2624.59762835054	1127.42004394531
2626.76187604057	1128.72998046875
2628.92549217382	1131.28002929688
2631.08847700579	1135.03002929688
2633.25083079182	1134.74499511719
2635.41255378715	1134.96496582031
2637.57364624684	1133.63000488281
2639.73410842586	1132.84497070313
2641.893940579	1135.34997558594
2644.05314296094	1135.91003417969
2646.21171582621	1137.27001953125
2648.36965942921	1139.65502929688
2650.5269740242	1141.24499511719
2652.6836598653	1143.39501953125
2654.83971720651	1145.88000488281
2656.99514630167	1144.875
2659.1499474045	1144.56005859375
2661.30412076857	1145.53503417969
2663.45766664734	1148.42504882813
2665.61058529411	1147.77502441406
2667.76287696204	1145.14501953125
2669.91454190418	1147.10498046875
2672.06558037342	1150.47497558594
2674.21599262253	1152.35498046875
2676.36577890413	1151.5849609375
2678.51493947072	1150.06005859375
2680.66347457466	1145.69494628906
2682.81138446816	1142.78503417969
2684.95866940332	1145.67004394531
2687.10532963209	1152.47497558594
2689.25136540628	1155.61499023438
2691.39677697757	1155.86499023438
2693.54156459752	1153.71496582031
2695.68572851753	1156.46496582031
2697.82926898888	1158.99499511719
2699.97218626272	1160.43505859375
2702.11448059006	1159.55505371094
2704.25615222175	1162.16003417969
2706.39720140856	1163.875
2708.53762840109	1167.34497070313
2710.67743344979	1170.22497558594
2712.81661680503	1172.46997070313
2714.95517871698	1172.5
2717.09311943574	1177.77502441406
2719.23043921123	1180.56994628906
2721.36713829325	1187.03002929688
2723.50321693148	1186.63000488281
2725.63867537545	1187.34997558594
2727.77351387456	1186.47497558594
2729.90773267809	1187.28002929688
2732.04133203516	1187.67004394531
2734.17431219478	1188.56005859375
2736.30667340581	1186.39001464844
2738.438415917	1184.65502929688
2740.56953997695	1179.19494628906
2742.70004583414	1178.56494140625
2744.82993373688	1179.46997070313
2746.9592039334	1178.04504394531
2749.08785667177	1175.02001953125
2751.21589219993	1173.46997070313
2753.34331076568	1174.43505859375
2755.4701126167	1175.75500488281
2757.59629800054	1175.85498046875
2759.7218671646	1176.9599609375
2761.84682035617	1176.11999511719
2763.9711578224	1173.21997070313
2766.0948798103	1173.81994628906
2768.21798656676	1177.88000488281
2770.34047833852	1175.14501953125
2772.46235537222	1168.59997558594
2774.58361791434	1168.1650390625
2776.70426621124	1172.40002441406
2778.82430050915	1174.34497070313
2780.94372105416	1174.76501464844
2783.06252809224	1169.68005371094
2785.18072186922	1170.16003417969
2787.29830263081	1171.82995605469
2789.41527062257	1169.13000488281
2791.53162608996	1164.84497070313
2793.64736927828	1168.14001464844
2795.76250043271	1170.41003417969
2797.8770197983	1174.875
2799.99092761997	1180.60498046875
2802.10422414252	1179.63500976563
2804.21690961059	1178.64501953125
2806.32898426873	1185.27001953125
2808.44044836132	1193.15002441406
2810.55130213264	1195.25
2812.66154582682	1195.53503417969
2814.77117968788	1201.01000976563
2816.8802039597	1203.97497558594
2818.98861888601	1206.73999023438
2821.09642471046	1215.61999511719
2823.20362167653	1224.51000976563
2825.31021002756	1227.10498046875
2827.41619000682	1231.93994140625
2829.52156185738	1240.93505859375
2831.62632582224	1253.65502929688
2833.73048214422	1271.86499023438
2835.83403106606	1286.18505859375
2837.93697283033	1297.19995117188
2840.03930767951	1310.02001953125
2842.1410358559	1338.01501464844
2844.24215760173	1371.96997070313
2846.34267315905	1407.40002441406
2848.44258276982	1436.43994140625
2850.54188667585	1467.53503417969
2852.64058511883	1490.02502441406
2854.73867834032	1521.5400390625
2856.83616658175	1563.09497070313
2858.93305008443	1605.21997070313
2861.02932908952	1645.71997070313
2863.12500383809	1692.94494628906
2865.22007457104	1737.41003417969
2867.31454152918	1788.7099609375
2869.40840495316	1830.58996582031
2871.50166508353	1863.63500976563
2873.59432216069	1903.14501953125
2875.68637642493	1926.93005371094
2877.77782811641	1942.19494628906
2879.86867747515	1953.96496582031
2881.95892474105	1974.82995605469
2884.0485701539	1988.25
2886.13761395333	1989.93505859375
2888.22605637886	1988.4150390625
2890.3138976699	2003.66003417969
2892.40113806571	2019.58996582031
2894.48777780544	2051.34497070313
2896.57381712808	2085.98999023438
2898.65925627254	2099.86499023438
2900.74409547758	2110.80493164063
2902.82833498183	2130.94995117188
2904.9119750238	2148.13989257813
2906.99501584188	2186.06494140625
2909.07745767432	2258.23510742188
2911.15930075925	2321.63989257813
2913.24054533469	2366.2451171875
2915.3211916385	2394.35498046875
2917.40123990846	2445.65502929688
2919.48069038217	2503.8701171875
2921.55954329716	2550.46508789063
2923.63779889079	2571.76489257813
2925.71545740033	2592.13500976563
2927.79251906289	2612.60009765625
2929.86898411548	2630.71508789063
2931.94485279498	2649.02490234375
2934.02012533815	2647.205078125
2936.0948019816	2630.73510742188
2938.16888296184	2618.03491210938
2940.24236851525	2569.97509765625
2942.31525887809	2505.85009765625
2944.38755428648	2446.07006835938
2946.45925497643	2394.98510742188
2948.53036118382	2347.65502929688
2950.6008731444	2304.81494140625
2952.67079109381	2268.11010742188
2954.74011526755	2223.52490234375
2956.80884590101	2171.14501953125
2958.87698322944	2139.0849609375
2960.94452748799	2123.51489257813
2963.01147891167	2094.875
2965.07783773535	2070.15502929688
2967.14360419382	2058.51489257813
2969.2087785217	2032.76501464844
2971.27336095352	1999.83996582031
2973.33735172366	1964.32495117188
2975.40075106641	1928.78503417969
2977.46355921591	1898.97497558594
2979.52577640618	1867.22497558594
2981.58740287112	1842.21496582031
2983.64843884452	1822.19995117188
2985.70888456003	1796.07995605469
2987.76874025117	1763.60498046875
2989.82800615137	1725.56494140625
2991.88668249391	1688.90002441406
2993.94476951194	1657.08996582031
2996.00226743852	1624.28002929688
2998.05917650657	1590.03503417969
3000.11549694887	1554.35998535156
3002.17122899812	1522.61999511719
3004.22637288685	1489.91003417969
3006.2809288475	1468.35498046875
3008.33489711238	1457.14501953125
3010.38827791368	1436.81994628906
3012.44107148345	1416.21496582031
3014.49327805366	1401.02502441406
3016.5448978561	1383.26000976563
3018.59593112249	1375.50500488281
3020.64637808441	1366.99499511719
3022.6962389733	1355.42504882813
3024.74551402051	1342.47497558594
3026.79420345725	1339.13000488281
3028.84230751461	1343.52502441406
3030.88982642357	1340.71496582031
3032.93676041497	1341.0400390625
3034.98310971955	1339.06005859375
3037.02887456791	1345.38000488281
3039.07405519054	1352.89501953125
3041.11865181781	1364.44995117188
3043.16266467996	1369.90502929688
3045.20609400713	1371.50500488281
3047.24894002932	1375.42004394531
3049.2912029764	1376.59497070313
3051.33288307815	1378.33996582031
3053.37398056421	1391.53002929688
3055.41449566411	1412.15502929688
3057.45442860725	1423.14501953125
3059.49377962291	1429.28002929688
3061.53254894026	1429.02502441406
3063.57073678834	1426.42004394531
3065.60834339607	1418.94995117188
3067.64536899227	1403.86499023438
3069.68181380561	1388.69494628906
3071.71767806467	1379.38000488281
3073.75296199788	1366.5
3075.78766583357	1348.18994140625
3077.82178979997	1330.01501464844
3079.85533412513	1319.19995117188
3081.88829903705	1310.7099609375
3083.92068476356	1302.53002929688
3085.95249153241	1299.59497070313
3087.98371957119	1297.68005371094
3090.01436910741	1287.61499023438
3092.04444036844	1280.71496582031
3094.07393358152	1273.10998535156
3096.10284897381	1274.8349609375
3098.13118677232	1281.46997070313
3100.15894720395	1283.34497070313
3102.18613049548	1277.61999511719
3104.21273687357	1272.72497558594
3106.23876656477	1268.59497070313
3108.2642197955	1266.52001953125
3110.28909679208	1262.82995605469
3112.31339778069	1264.11999511719
3114.33712298741	1269.59997558594
3116.36027263819	1275.35498046875
3118.38284695887	1277.4150390625
3120.40484617516	1277.34497070313
3122.42627051268	1279.50500488281
3124.4471201969	1279.47497558594
3126.46739545319	1272.68994140625
3128.4870965068	1270.11499023438
3130.50622358287	1270.53503417969
3132.5247769064	1270.02001953125
3134.54275670229	1274.26501464844
3136.56016319534	1278.77001953125
3138.57699661019	1277.18994140625
3140.59325717139	1277.44995117188
3142.60894510338	1276.52502441406
3144.62406063047	1274.03002929688
3146.63860397686	1278.06005859375
3148.65257536662	1283.06994628906
3150.66597502371	1287.85998535156
3152.67880317199	1286.7099609375
3154.69106003518	1285.69995117188
3156.70274583691	1286.44995117188
3158.71386080065	1289.01000976563
3160.72440514981	1284.94494628906
3162.73437910763	1289.82995605469
3164.74378289728	1294.16003417969
3166.75261674179	1297.49499511719
3168.76088086407	1296.3349609375
3170.76857548692	1297.76000976563
3172.77570083303	1296.63000488281
3174.78225712498	1298.81005859375
3176.78824458521	1298.73999023438
3178.79366343607	1296.14001464844
3180.79851389977	1302.625
3182.80279619844	1307.16003417969
3184.80651055405	1310.15002441406
3186.80965718849	1309.43005371094
3188.81223632353	1305.72998046875
3190.81424818081	1306.77001953125
3192.81569298186	1311.10498046875
3194.8165709481	1319.79504394531
3196.81688230084	1323.86499023438
3198.81662726126	1323.96997070313
3200.81580605044	1325.38500976563
3202.81441888933	1326.27502441406
3204.81246599879	1324.09497070313
3206.80994759954	1324.2099609375
3208.80686391219	1334.22497558594
3210.80321515726	1346.09997558594
3212.79900155512	1350.07995605469
3214.79422332605	1344.51000976563
3216.78888069021	1344.09497070313
3218.78297386765	1349.57495117188
3220.77650307828	1346.14501953125
3222.76946854195	1349.1650390625
3224.76187047834	1350.09497070313
3226.75370910705	1352.77001953125
3228.74498464755	1358.1650390625
3230.73569731921	1359.15502929688
3232.72584734127	1359.17004394531
3234.71543493287	1358.96997070313
3236.70446031304	1358.34997558594
3238.69292370068	1362.47998046875
3240.68082531459	1360.98999023438
3242.66816537345	1363.0849609375
3244.65494409583	1366.85998535156
3246.6411617002	1370.03503417969
3248.62681840488	1375.86999511719
3250.61191442812	1383.09997558594
3252.59644998804	1386.44995117188
3254.58042530263	1384.78503417969
3256.56384058979	1389.88500976563
3258.54669606731	1398.52502441406
3260.52899195285	1395.31005859375
3262.51072846396	1389.29504394531
3264.4919058181	1387.32995605469
3266.47252423259	1399.38000488281
3268.45258392464	1409.77001953125
3270.43208511138	1414.94995117188
3272.41102800978	1417.86999511719
3274.38941283675	1424.61499023438
3276.36723980904	1430.73498535156
3278.34450914332	1427.53503417969
3280.32122105613	1421.43005371094
3282.29737576392	1419.01000976563
3284.272973483	1420.6650390625
3286.24801442958	1430.97497558594
3288.22249881978	1434.5400390625
3290.19642686957	1433.38500976563
3292.16979879485	1433.06494140625
3294.14261481136	1442.0400390625
3296.11487513478	1453.04504394531
3298.08657998065	1452.25500488281
3300.0577295644	1446.11499023438
3302.02832410136	1439.02502441406
3303.99836380673	1432.65502929688
3305.96784889563	1429.61499023438
3307.93677958303	1429.14501953125
3309.90515608383	1426.99499511719
3311.87297861278	1419.92004394531
3313.84024738456	1418.44995117188
3315.80696261371	1416.56494140625
3317.77312451466	1412.60998535156
3319.73873330175	1413.06494140625
3321.70378918919	1408.81494140625
3323.66829239109	1405.17504882813
3325.63224312145	1403.52502441406
3327.59564159416	1396.06994628906
3329.55848802299	1391.58996582031
3331.52078262162	1391.18505859375
3333.4825256036	1395.18005371094
3335.44371718237	1397.82995605469
3337.40435757128	1396.50500488281
3339.36444698356	1386.38500976563
3341.32398563232	1380.80505371094
3343.28297373058	1387.75500488281
3345.24141149124	1385.15502929688
3347.19929912709	1379.10498046875
3349.15663685081	1381.06005859375
3351.11342487497	1383.53002929688
3353.06966341204	1386.81494140625
3355.02535267437	1384.51501464844
3356.98049287421	1377.125
3358.9350842237	1375.07495117188
3360.88912693486	1379.21496582031
3362.84262121962	1377.54504394531
3364.79556728978	1378.47998046875
3366.74796535705	1379.36499023438
3368.69981563302	1378.30004882813
3370.65111832917	1374.01000976563
3372.60187365689	1372.86999511719
3374.55208182744	1371.01501464844
3376.50174305198	1369.88000488281
3378.45085754157	1368.56994628906
3380.39942550714	1360.06005859375
3382.34744715954	1352.67504882813
3384.29492270949	1355.60498046875
3386.24185236761	1350.43505859375
3388.18823634442	1344.43994140625
3390.13407485031	1340.60498046875
3392.07936809559	1349.89501953125
3394.02411629045	1347.78002929688
3395.96831964496	1343.30004882813
3397.91197836911	1345.31994628906
3399.85509267275	1350.19995117188
3401.79766276564	1342.11499023438
3403.73968885745	1335.73999023438
3405.68117115771	1333.03002929688
3407.62210987586	1333.80505371094
3409.56250522123	1334.16003417969
3411.50235740305	1332.75
3413.44166663043	1326.45495605469
3415.38043311238	1322.01501464844
3417.3186570578	1323.7099609375
3419.2563386755	1322.51501464844
3421.19347817415	1317.96496582031
3423.13007576235	1314.97998046875
3425.06613164857	1314.01501464844
3427.00164604118	1321.25
3428.93661914844	1320.53503417969
3430.87105117852	1318.89001464844
3432.80494233945	1317.98999023438
3434.73829283919	1314.67504882813
3436.67110288558	1312.52001953125
3438.60337268634	1312.23498535156
3440.53510244911	1311.84997558594
3442.4662923814	1312.0849609375
3444.39694269064	1310.66003417969
3446.32705358412	1309.72998046875
3448.25662526905	1302.79504394531
3450.18565795254	1297.25
3452.11415184156	1291.3349609375
3454.04210714302	1292.94494628906
3455.96952406369	1294.35998535156
3457.89640281024	1295.47998046875
3459.82274358924	1291.18505859375
3461.74854660717	1286.19995117188
3463.67381207038	1285.63500976563
3465.59854018513	1278.09997558594
3467.52273115756	1270.05505371094
3469.44638519373	1268.14501953125
3471.36950249956	1263.03503417969
3473.29208328091	1257.43005371094
3475.21412774349	1252.875
3477.13563609293	1257.19494628906
3479.05660853476	1259.11499023438
3480.97704527438	1258.93005371094
3482.89694651712	1252.70495605469
3484.81631246818	1247.05004882813
3486.73514333266	1245.53002929688
3488.65343931557	1237.98999023438
3490.57120062179	1230.66003417969
3492.48842745612	1229.60998535156
3494.40512002324	1224.03002929688
3496.32127852773	1219.6650390625
3498.23690317408	1221.9150390625
3500.15199416666	1222.77502441406
3502.06655170974	1222.47497558594
3503.98057600749	1221.17004394531
3505.89406726396	1215.125
3507.80702568312	1210.34497070313
3509.71945146883	1208.18005371094
3511.63134482483	1209.85998535156
3513.54270595478	1205.27502441406
3515.45353506222	1199.92004394531
3517.3638323506	1199.75500488281
3519.27359802324	1194.59497070313
3521.1828322834	1193.56005859375
3523.09153533419	1188.93994140625
3524.99970737866	1184.05004882813
3526.90734861972	1180.93005371094
3528.81445926021	1178.86499023438
3530.72103950283	1178.19494628906
3532.62708955022	1177.14001464844
3534.53260960488	1174.375
3536.43759986923	1172.14501953125
3538.34206054558	1165.43005371094
3540.24599183613	1160.30004882813
3542.149393943	1158.77502441406
3544.05226706817	1159.22998046875
3545.95461141357	1158.30004882813
3547.85642718097	1155.07995605469
3549.75771457208	1146.31994628906
3551.6584737885	1141.67504882813
3553.55870503171	1140.9150390625
3555.4584085031	1140.26501464844
3557.35758440396	1136.75500488281
3559.25623293548	1132.19995117188
3561.15435429874	1134.44494628906
3563.05194869473	1135.18994140625
3564.94901632432	1137.51000976563
3566.84555738829	1136.09997558594
3568.74157208732	1131.04504394531
3570.63706062199	1126.48999023438
3572.53202319277	1125.11499023438
3574.42646000003	1127.53002929688
3576.32037124406	1126.65002441406
3578.213757125	1127.17504882813
3580.10661784295	1124.57495117188
3581.99895359786	1120.9150390625
3583.8907645896	1118.98498535156
3585.78205101794	1119.90002441406
3587.67281308254	1119.05004882813
3589.56305098297	1119.16003417969
3591.4527649187	1116.52502441406
3593.34195508907	1113.18505859375
3595.23062169338	1108.97497558594
3597.11876493075	1109.31494140625
3599.00638500027	1109.76000976563
3600.89348210089	1105.94494628906
3602.78005643148	1103.93005371094
3604.66610819078	1101.05505371094
3606.55163757747	1101.27502441406
3608.4366447901	1099.57995605469
3610.32113002713	1096.16003417969
3612.20509348693	1095.22497558594
3614.08853536774	1099.20495605469
3615.97145586773	1098.60998535156
3617.85385518497	1092.55004882813
3619.7357335174	1087.36499023438
3621.61709106289	1084.84997558594
3623.4979280192	1084.79504394531
3625.37824458399	1084.80004882813
3627.25804095482	1081.57995605469
3629.13731732915	1078
3631.01607390435	1078.26501464844
3632.89431087767	1079.16003417969
3634.77202844629	1077.7099609375
3636.64922680726	1076.13500976563
3638.52590615754	1076.14001464844
3640.40206669402	1077.2900390625
3642.27770861344	1082.7900390625
3644.15283211248	1081.0400390625
3646.02743738771	1075.98999023438
3647.90152463559	1070.47497558594
3649.77509405251	1066.55505371094
3651.64814583473	1064.01000976563
3653.52068017842	1059.97497558594
3655.39269727965	1062.88500976563
3657.26419733442	1064.96496582031
3659.13518053858	1064.2099609375
3661.00564708793	1063.92504882813
3662.87559717814	1061.27001953125
3664.7450310048	1057.68505859375
3666.61394876338	1054.46496582031
3668.48235064928	1055.75
3670.35023685779	1055.94494628906
3672.21760758409	1053.7900390625
3674.08446302327	1055.36499023438
3675.95080337033	1053.60998535156
3677.81662882017	1052.50500488281
3679.68193956758	1051.68994140625
3681.54673580727	1048.73999023438
3683.41101773383	1045.59497070313
3685.27478554178	1043.15002441406
3687.13803942551	1041.52001953125
3689.00077957934	1041.86499023438
3690.86300619748	1046.17504882813
3692.72471947405	1044.42004394531
3694.58591960306	1040.23999023438
3696.44660677844	1036.97998046875
3698.306781194	1037.55004882813
3700.16644304348	1034.63500976563
3702.02559252049	1032.67004394531
3703.88422981859	1033.58996582031
3705.74235513119	1032.34497070313
3707.59996865164	1031.18005371094
3709.45707057318	1032.70495605469
3711.31366108895	1033.28503417969
3713.16974039199	1030.29504394531
3715.02530867527	1027.32495117188
3716.88036613164	1025.15502929688
3718.73491295385	1023.98498535156
3720.58894933456	1024.39001464844
3722.44247546634	1024.21997070313
3724.29549154166	1027.28503417969
3726.14799775289	1024.61999511719
3727.9999942923	1022.58001708984
3729.85148135209	1020.34997558594
3731.70245912432	1018.80499267578
3733.55292780098	1019.57000732422
3735.40288757397	1016.90997314453
3737.25233863509	1011.66497802734
3739.10128117603	1010.85498046875
3740.9497153884	1016.20501708984
3742.7976414637	1021.30999755859
3744.64505959335	1021.35498046875
3746.49196996866	1019.42498779297
3748.33837278086	1016.55499267578
3750.18426822108	1016.53497314453
3752.02965648033	1015.61499023438
3753.87453774956	1013.22998046875
3755.7189122196	1013.5
3757.5627800812	1015.76501464844
3759.40614152501	1016.92498779297
3761.24899674159	1019.34997558594
3763.09134592138	1018.81500244141
3764.93318925476	1017.48498535156
3766.77452693199	1017.70001220703
3768.61535914325	1017.74499511719
3770.45568607861	1013.75500488281
3772.29550792807	1012.39001464844
3774.1348248815	1009.5
3775.9736371287	1011.41497802734
3777.81194485938	1012.92999267578
