32.6816976106991	717.570007324219
35.6535599501435	717.580017089844
38.6244374909659	717.550048828125
41.5943306947054	717.52001953125
44.5632400226282	717.510009765625
47.5311659356917	717.594970703125
50.4981088945929	717.554992675781
53.4640693597127	717.554992675781
56.4290477911676	717.510009765625
59.3930446487746	717.655029296875
62.356060392067	717.599975585938
65.3180954802906	717.619995117188
68.2791503724084	717.625
71.2392255270922	717.597534179688
74.1983214027271	717.570007324219
77.1564384574159	717.640014648438
80.113577148983	717.60498046875
83.0697379349549	717.674987792969
86.0249212725722	717.47998046875
88.9791276188058	717.734985351563
91.9323574303255	717.594970703125
94.8846111635238	717.744995117188
97.8358892745121	717.767456054688
100.786192219114	717.789978027344
103.73552045287	717.744995117188
106.683874431037	717.909973144531
109.631254608583	718.015014648438
112.577661440203	717.934997558594
115.523095380307	717.940002441406
118.467556883015	718.489990234375
121.411046402175	718.85498046875
124.353564391344	720.030029296875
127.295111303796	721.494995117188
130.235687592532	724.405029296875
133.175293710265	729.299987792969
136.113930109434	736.484985351563
139.051597242185	746.419982910156
141.98829556039	759.22998046875
144.92402551564	773.349975585938
147.858787559244	787.065002441406
150.792582142239	799.125
153.725409715372	809.755004882813
156.65727072911	817.505004882813
159.588165633643	822.799987792969
162.518094878884	826.914978027344
165.447058914469	828.505004882813
168.375058189747	829.224975585938
171.302093153792	828.130004882813
174.228164255401	826.705017089844
177.153271943091	825.940002441406
180.077416665101	825.960021972656
183.000598869394	826.635009765625
185.922819003656	826.554992675781
188.84407751529	827.489990234375
191.764374851424	829.075012207031
194.683711458919	830.940002441406
197.60208778434	833.445007324219
200.519504273992	837.349975585938
203.435961373894	841.700012207031
206.351459529801	846.114990234375
209.265999187174	851.445007324219
212.179580791207	855.77001953125
215.092204786825	862.875
218.003871618673	867.820007324219
220.914581731116	873.619995117188
223.824335568247	880.190002441406
226.733133573893	884.405029296875
229.640976191593	887.140014648438
232.547863864614	888.150024414063
235.453797035961	887.547485351563
238.358776148354	886.945007324219
241.26280164424	887.080017089844
244.1658739658	887.234985351563
247.067993554929	887.04248046875
249.969160853266	886.849975585938
252.869376302162	886.304992675781
255.768640342707	886.239990234375
258.666953415705	883.924987792969
261.564315961705	881.955017089844
264.46072842097	879.945007324219
267.356191233499	877.864990234375
270.25070483901	879.294982910156
273.144269676967	879.27001953125
276.036886186551	874.89501953125
278.928554806671	873.840026855469
281.819275975966	872.304992675781
284.709050132812	871.35498046875
287.597877715306	872.234985351563
290.485759161281	872.35498046875
293.372694908298	872.875
296.258685393644	871.075012207031
299.143731054352	867.934997558594
302.027832327156	867.885009765625
304.910989648557	867.739990234375
307.79320345476	867.594970703125
310.674474181717	868.429992675781
313.554802265101	868.789978027344
316.434188140326	865.864990234375
319.312632242533	866.450012207031
322.190135006593	865.887512207031
325.066696867117	865.325012207031
327.942318258443	864.309997558594
330.816999614641	863.64501953125
333.690741369517	862.465026855469
336.56354395661	861.580017089844
339.435407809193	859.440002441406
342.306333360273	859.359985351563
345.176321042591	860.164978027344
348.045371288612	858.830017089844
350.913484530551	858.195007324219
353.78066120035	857.135009765625
356.64690172969	856.039978027344
359.512206549972	855.690002441406
362.376576092357	853.734985351563
365.240010787716	853.960021972656
368.102511066677	854.169982910156
370.964077359587	853.22998046875
373.82471009654	854.664978027344
376.684409707364	855.195007324219
379.543176621612	854.280029296875
382.401011268595	853.880004882813
385.257914077343	854.190002441406
388.113885476627	852.945007324219
390.968925894961	853.950012207031
393.823035760591	856.440002441406
396.676215501503	857.625
399.528465545415	860.594970703125
402.379786319791	862.784973144531
405.230178251834	862.85498046875
408.079641768472	863.039978027344
410.928177296387	863.820007324219
413.775785261992	865.549987792969
416.622466091445	866.835021972656
419.468220210631	867.650024414063
422.313048045182	867.867553710938
425.156950020479	868.085021972656
427.999926561623	867.75
430.841978093471	865.89501953125
433.683105040613	865.544982910156
436.523307827384	865.909973144531
439.362586877851	864.099975585938
442.200942615829	862.869995117188
445.038375464876	863.525024414063
447.874885848283	863.89501953125
450.710474189089	863.670043945313
453.54514091007	863.445007324219
456.37888643375	862.844970703125
459.211711182386	861
462.043615577986	860.934997558594
464.874600042297	860.010009765625
467.704664996804	858.890014648438
470.533810862741	858.309997558594
473.36203806108	858.799987792969
476.189347012547	858.864990234375
479.015738137594	860.380004882813
481.841211856432	861.734985351563
484.665768589008	860.984985351563
487.489408755009	862.815002441406
490.312132773878	864.025024414063
493.133941064796	864.474975585938
495.954834046683	866.414978027344
498.77481213821	867.760009765625
501.593875757797	869.150024414063
504.412025323601	869.989990234375
507.229261253524	869.554992675781
510.045583965226	868.205017089844
512.860993876093	867.130004882813
515.675491403271	866.844970703125
518.489076963649	867.135009765625
521.301750973863	867.840026855469
524.113513850293	865.599975585938
526.924366009065	861.614990234375
529.734307866052	859.405029296875
532.543339836881	859.380004882813
535.35146233692	858.554992675781
538.158675781281	858.515014648438
540.964980584833	858.924987792969
543.770377162182	856.590026855469
546.574865927692	856.260009765625
549.378447295465	855.304992675781
552.181121679365	854.659973144531
554.982889492993	852.934997558594
557.783751149701	850.64501953125
560.583707062591	850.650024414063
563.38275764452	850.284973144531
566.180903308083	850.349975585938
568.978144465633	850.414978027344
571.774481529266	849.859985351563
574.569914910839	847.070007324219
577.364445021949	847.945007324219
580.158072273946	848.015014648438
582.950797077926	846.625
585.742619844752	846.114990234375
588.533540985018	845.385009765625
591.323560909078	845.890014648438
594.112680027034	845.619995117188
596.90089874875	843.179992675781
599.688217483828	842.940002441406
602.474636641629	843.820007324219
605.260156631263	842.659973144531
608.044777861596	841.099975585938
610.828500741241	842.674987792969
613.611325678567	844.505004882813
616.393253081697	846.460021972656
619.174283358506	847.039978027344
621.954416916616	846.330017089844
624.733654163414	845.590026855469
627.511995506029	844.804992675781
630.289441351351	842.780029296875
633.065992106022	844.169982910156
635.841648176434	843.460021972656
638.616409968744	844.085021972656
641.390277888847	844.77001953125
644.163252342408	846.440002441406
646.93533373484	847
649.706522471307	846.454956054688
652.47681895674	845.909973144531
655.246223595811	846.049987792969
658.014736792957	845.640014648438
660.782358952371	846.440002441406
663.549090477999	846.840026855469
666.314931773542	846.710021972656
669.079883242452	847.530029296875
671.843945287955	848.494995117188
674.607118313019	848.549987792969
677.369402720366	849.64501953125
680.130798912488	849.344970703125
682.891307291627	849.109985351563
685.650928259784	848.400024414063
688.409662218708	846.02001953125
691.167509569927	846.575012207031
693.924470714705	846.664978027344
696.680546054078	847.27001953125
699.435735988832	847.070007324219
702.190040919516	847.103332519531
704.943461246442	847.136657714844
707.695997369667	847.169982910156
710.447649689022	846.094970703125
713.198418604088	846.924987792969
715.948304514206	847.585021972656
718.697307818481	848.570007324219
721.445428915779	848.85498046875
724.192668204716	850.025024414063
726.93902608368	850.02001953125
729.684502950805	849.35498046875
732.429099204005	850.465026855469
735.172815240936	851.234985351563
737.915651459026	850.955017089844
740.657608255463	850.280029296875
743.398686027186	851.674987792969
746.13888517091	853.844970703125
748.878206083102	852.830017089844
751.616649159998	853.525024414063
754.354214797584	854.590026855469
757.09090339162	855.325012207031
759.826715337622	854.455017089844
762.561651030868	853.719970703125
765.295710866406	851.969970703125
768.028895239041	848.905029296875
770.761204543336	847.35498046875
773.492639173626	846.219970703125
776.223199524006	845.849975585938
778.952885988334	845.14501953125
781.681698960235	843.385009765625
784.40963883309	843.034973144531
787.136706000052	843.148315429688
789.862900854037	843.261657714844
792.588223787721	843.375
795.312675193549	843.559997558594
798.036255463728	843.804992675781
800.758964990228	845.414978027344
803.480804164792	846.440002441406
806.201773378919	847.619995117188
808.921873023884	848.359985351563
811.641103490712	848.630004882813
814.359465170214	852.10498046875
817.076958452946	855.695007324219
819.793583729246	860.830017089844
822.509341389214	863.22998046875
825.224231822712	865.885009765625
827.938255419375	869.789978027344
830.651412568596	872.364990234375
833.363703659544	873.094970703125
836.075129081157	872.700012207031
838.785689222127	872.265014648438
841.495384470928	873.530029296875
844.204215215788	875.184997558594
846.912181844721	877.864990234375
849.619284745491	881.070007324219
852.325524305638	883.724975585938
855.030900912475	884.467529296875
857.735414953079	885.210021972656
860.439066814289	882.515014648438
863.141856882725	880.400024414063
865.843785544769	878.299987792969
868.544853186571	875.914978027344
871.245060194063	876.047485351563
873.944406952925	876.179992675781
876.642893848625	875.659973144531
879.340521266398	877.010009765625
882.037289591241	876.890014648438
884.733199207927	877.090026855469
887.428250501001	879.844970703125
890.122443854778	881.244995117188
892.815779653335	882.155029296875
895.508258280534	883.080017089844
898.199880119997	884.409973144531
900.890645555129	886.630004882813
903.580554969094	885.825012207031
906.269608744832	885.02001953125
908.957807265056	885.090026855469
911.645150912257	882.25
914.331640068689	882.33251953125
917.017275116375	882.414978027344
919.702056437128	882.929992675781
922.385984412518	887.484985351563
925.069059423886	891.460021972656
927.751281852366	893.724975585938
930.432652078842	894.655029296875
933.113170483983	897.630004882813
935.79283744823	899.97998046875
938.471653351806	902.10498046875
941.149618574686	903.799987792969
943.826733496641	903.234985351563
946.502998497206	908.275024414063
949.178413955689	906.14501953125
951.85298025118	907.825012207031
954.526697762544	906.637512207031
957.199566868403	905.450012207031
959.87158794718	906.099975585938
962.542761377054	906.044982910156
965.213087535987	905.414978027344
967.882566801719	902.015014648438
970.551199551761	897.10498046875
973.218986163399	895.719970703125
975.885927013698	895.070007324219
978.552022479501	894.140014648438
981.217272937423	892.655029296875
983.88167876386	893.515014648438
986.545240334978	897.260009765625
989.207958026729	900.114990234375
991.869832214835	903.150024414063
994.530863274798	910.974975585938
997.191051581895	924.210021972656
999.850397511185	939.164978027344
1002.50890143751	951.969970703125
1005.16656373546	961.594970703125
1007.82338477944	960.570007324219
1010.47936494363	950.880004882813
1013.13450460195	933.059997558594
1015.78880412815	915.869995117188
1018.44226389572	904.309997558594
1021.09488427794	898.130004882813
1023.74666564789	894.625
1026.3976083784	893.674987792969
1029.04771284208	897.130004882813
1031.69697941135	901.090026855469
1034.34540845838	903.400024414063
1036.99300035512	901.960021972656
1039.63975547333	901.655029296875
1042.28567418452	900.780029296875
1044.93075685998	899.830017089844
1047.57500387081	898.799987792969
1050.21841558786	898.515014648438
1052.86099238177	899.419982910156
1055.50273462297	902.525024414063
1058.14364268167	902.534973144531
1060.78371692784	904.309997558594
1063.42295773126	905.099975585938
1066.06136546148	905.267456054688
1068.69894048781	905.434997558594
1071.33568317939	906.575012207031
1073.9715939051	907.734985351563
1076.60667303362	908.440002441406
1079.24092093341	909.640014648438
1081.87433797271	910.530029296875
1084.50692451954	911.419982910156
1087.13868094172	909.914978027344
1089.76960760684	905.27001953125
1092.39970488226	901.655029296875
1095.02897313516	898.919982910156
1097.65741273246	899.155029296875
1100.28502404089	899.969970703125
1102.91180742697	900.275024414063
1105.53776325698	900.155029296875
1108.16289189701	899.934997558594
1110.78719371291	898.505004882813
1113.41066907033	896.734985351563
1116.0333183347	894.554992675781
1118.65514187124	897.234985351563
1121.27614004495	898.02001953125
1123.89631322061	896.465026855469
1126.51566176279	897.784973144531
1129.13418603585	897.77001953125
1131.75188640394	894.289978027344
1134.36876323098	889.825012207031
1136.98481688069	884.349975585938
1139.60004771655	880.554992675781
1142.21445610187	876.265014648438
1144.82804239972	875.335021972656
1147.44080697295	875.044982910156
1150.05275018421	877.369995117188
1152.66387239593	881.090026855469
1155.27417397034	885.484985351563
1157.88365526943	885.590026855469
1160.49231665502	884.614990234375
1163.10015848867	882.900024414063
1165.70718113176	882.359985351563
1168.31338494544	882.4716796875
1170.91877029067	882.583312988281
1173.52333752817	882.695007324219
1176.12708701847	881.700012207031
1178.73001912187	880.794982910156
1181.33213419848	880.065002441406
1183.93343260819	880.205017089844
1186.53391471068	878.794982910156
1189.13358086539	877.174987792969
1191.73243143161	876.940002441406
1194.33046676836	876.150024414063
1196.92768723449	878.859985351563
1199.52409318861	881.434997558594
1202.11968498915	884.054992675781
1204.7144629943	888.169982910156
1207.30842756206	891.830017089844
1209.90157905021	894.184997558594
1212.49391781634	893.760009765625
1215.08544421779	889.989990234375
1217.67615861174	888.984985351563
1220.26606135512	886.64501953125
1222.85515280468	887.244995117188
1225.44343331694	887.965026855469
1228.03090324823	890.559997558594
1230.61756295466	894.179992675781
1233.20341279213	897.450012207031
1235.78845311634	900.679992675781
1238.37268428278	903.174987792969
1240.95610664673	905.700012207031
1243.53872056325	907.005004882813
1246.12052638722	906.594970703125
1248.70152447329	907.544982910156
1251.28171517591	909.02001953125
1253.86109884934	909.880004882813
1256.43967584759	908.755004882813
1259.0174465245	910.200012207031
1261.5944112337	911.655029296875
1264.1705703286	914.320007324219
1266.74592416241	915.099975585938
1269.32047308814	914.385009765625
1271.89421745858	911.820007324219
1274.46715762633	913.469970703125
1277.03929394377	914.335021972656
1279.61062676308	914.151672363281
1282.18115643624	913.968322753906
1284.75088331502	913.784973144531
1287.31980775098	913.64501953125
1289.88793009548	912.10498046875
1292.45525069969	911.674987792969
1295.02176991454	912.344970703125
1297.58748809078	912.594970703125
1300.15240557897	912.414978027344
1302.71652272942	913.059997558594
1305.27983989229	914.825012207031
1307.84235741749	918.840026855469
1310.40407565475	920.760009765625
1312.9649949536	922.294982910156
1315.52511566335	924.815002441406
1318.08443813311	927.205017089844
1320.64296271181	927.585021972656
1323.20068974815	927.630004882813
1325.75761959063	927.690002441406
1328.31375258756	927.909973144531
1330.86908908704	928.090026855469
1333.42362943696	927.965026855469
1335.97737398503	927.304992675781
1338.53032307874	928.359985351563
1341.08247706537	929.614990234375
1343.63383629202	928.039978027344
1346.18440110558	924.179992675781
1348.73417185274	918.75
1351.28314887997	913.22998046875
1353.83133253357	907.125
1356.37872315961	901.794982910156
1358.92532110398	897.119995117188
1361.47112671237	894.465026855469
1364.01614033024	890.390014648438
1366.56036230288	888
1369.10379297537	883.349975585938
1371.64643269258	879.864990234375
1374.18828179921	876.559997558594
1376.72934063972	875.570007324219
1379.2696095584	873.575012207031
1381.80908889932	872.799987792969
1384.34777900637	870.765014648438
1386.88568022323	871.445007324219
1389.42279289337	873.445007324219
1391.95911736009	877.559997558594
1394.49465396645	880.565002441406
1397.02940305537	880.559997558594
1399.5633649695	880.280029296875
1402.09654005135	879.155029296875
1404.6289286432	882.10498046875
1407.16053108714	884.820007324219
1409.69134772507	885.344970703125
1412.22137889868	884.320007324219
1414.75062494947	883.039978027344
1417.27908621874	884.469970703125
1419.80676304759	887.429992675781
1422.33365577692	888.744995117188
1424.85976474744	889.679992675781
1427.38509029967	891.739990234375
1429.90963277392	896.119995117188
1432.4333925103	898.224975585938
1434.95636984873	904.544982910156
1437.47856512894	911.109985351563
1439.99997869045	919.799987792969
1442.5206108726	928.679992675781
1445.04046201452	936.734985351563
1447.55953245515	943.330017089844
1450.07782253323	948.674987792969
1452.59533258731	947.184997558594
1455.11206295574	945.695007324219
1457.62801397668	944.205017089844
1460.14318598809	935.965026855469
1462.65757932774	927.825012207031
1465.1711943332	922.070007324219
1467.68403134184	914.210021972656
1470.19609069085	904.994995117188
1472.70737271721	896.539978027344
1475.21787775772	884.72998046875
1477.72760614897	873.669982910156
1480.23655822738	868.835021972656
1482.74473432914	860.534973144531
1485.25213479029	854.590026855469
1487.75875994664	850.260009765625
1490.26461013382	845.635009765625
1492.76968568726	843.234985351563
1495.27398694222	842.375
1497.77751423374	842.10498046875
1500.28026789667	842.280029296875
1502.78224826569	842.445007324219
1505.28345567526	842.549987792969
1507.78389045967	842.359985351563
1510.28355295299	841.655029296875
1512.78244348913	843.960021972656
1515.28056240178	843.825012207031
1517.77791002445	842.919982910156
1520.27448669047	842.580017089844
1522.77029273296	843.469970703125
1525.26532848486	843.840026855469
1527.75959427889	844.094970703125
1530.25309044764	843.489990234375
1532.74581732344	842.130004882813
1535.23777523847	839.950012207031
1537.72896452471	840.864990234375
1540.21938551394	840.599975585938
1542.70903853778	841.164978027344
1545.19792392761	843.359985351563
1547.68604201466	845.744995117188
1550.17339312997	846.940002441406
1552.65997760434	846.549987792969
1555.14579576845	846.400024414063
1557.63084795275	847.390014648438
1560.11513448749	847.934997558594
1562.59865570276	847.070007324219
1565.08141192845	847.265014648438
1567.56340349426	846.260009765625
1570.04463072969	846.375
1572.52509396406	848.034973144531
1575.00479352652	847.409973144531
1577.48372974599	848.52001953125
1579.96190295124	850.669982910156
1582.43931347083	850.775024414063
1584.91596163314	851.72998046875
1587.39184776636	853.47998046875
1589.86697219849	854.789978027344
1592.34133525734	854.919982910156
1594.81493727054	856.534973144531
1597.28777856553	858.434997558594
1599.75985946955	863.325012207031
1602.23118030968	867.875
1604.70174141278	872.424987792969
1607.17154310555	873.614990234375
1609.64058571449	873.373352050781
1612.10886956591	873.131652832031
1614.57639498595	872.890014648438
1617.04316230054	872.994995117188
1619.50917183543	871.864990234375
1621.97442391621	872.760009765625
1624.43891886825	869.719970703125
1626.90265701674	868.215026855469
1629.36563868671	868.135009765625
1631.82786420296	869.27001953125
1634.28933389016	871.419982910156
1636.75004807274	873.505004882813
1639.21000707498	878.505004882813
1641.66921122097	882.525024414063
1644.12766083459	889.700012207031
1646.58535623956	895.679992675781
1649.04229775941	899.219970703125
1651.4984857175	903.97998046875
1653.95392043697	908.85498046875
1656.40860224079	912.960021972656
1658.86253145177	917.034973144531
1661.3157083925	916.840026855469
1663.76813338542	915.465026855469
1666.21980675275	912.655029296875
1668.67072881656	909.349975585938
1671.1208998987	907.984985351563
1673.57032032089	904.690002441406
1676.0189904046	899.030029296875
1678.46691047118	889.005004882813
1680.91408084174	881.5
1683.36050183726	876.085021972656
1685.8061737785	871.075012207031
1688.25109698605	864.304992675781
1690.69527178032	858.830017089844
1693.13869848153	853.880004882813
1695.58137740972	850.510009765625
1698.02330888476	845.695007324219
1700.46449322631	840.455017089844
1702.90493075388	835.275024414063
1705.34462178678	830.900024414063
1707.78356664414	828.405029296875
1710.22176564492	827.02001953125
1712.65921910787	824.440002441406
1715.0959273516	822.929992675781
1717.53189069449	821.815002441406
1719.9671094548	820.744995117188
1722.40158395054	820.52001953125
1724.8353144996	819.424987792969
1727.26830141965	820.234985351563
1729.70054502819	819.960021972656
1732.13204564255	820.784973144531
1734.56280357987	819.320007324219
1736.99281915711	818.635009765625
1739.42209269106	817.744995117188
1741.85062449831	817.244995117188
1744.27841489529	817.682495117188
1746.70546419823	818.119995117188
1749.13177272321	817.705017089844
1751.5573407861	816.64501953125
1753.98216870262	817
1756.40625678828	817.184997558594
1758.82960535844	817.127502441406
1761.25221472825	817.070007324219
1763.67408521271	818.450012207031
1766.09521712663	817.719970703125
1768.51561078464	816.140014648438
1770.93526650119	815.734985351563
1773.35418459056	815.340026855469
1775.77236536684	816.440002441406
1778.18980914396	816.257507324219
1780.60651623565	816.075012207031
1783.02248695548	815.505004882813
1785.43772161684	816.054992675781
1787.85222053292	816.640014648438
1790.26598401677	816.255004882813
1792.67901238123	816.599975585938
1795.09130593899	816.39501953125
1797.50286500254	815.494995117188
1799.9136898842	815.034973144531
1802.32378089613	814.280029296875
1804.73313835028	814.909973144531
1807.14176255846	815.424987792969
1809.54965383228	815.705017089844
1811.95681248317	813.559997558594
1814.36323882242	814.02001953125
1816.76893316109	813.890014648438
1819.17389581011	813.950012207031
1821.57812708021	813.864990234375
1823.98162728196	814.099975585938
1826.38439672573	814.609985351563
1828.78643572174	814.525024414063
1831.18774458003	814.510009765625
1833.58832361045	813.934997558594
1835.98817312269	814.474975585938
1838.38729342625	812.635009765625
1840.78568483048	812.914978027344
1843.18334764454	812.619995117188
1845.58028217741	811.815002441406
1847.9764887379	812.224975585938
1850.37196763465	812.179992675781
1852.76671917613	812.059997558594
1855.16074367062	813.599975585938
1857.55404142624	814.085021972656
1859.94661275094	814.130004882813
1862.33845795247	812.400024414063
1864.72957733844	812.755004882813
1867.11997121627	812.174987792969
1869.5096398932	811.909973144531
1871.89858367631	811.804992675781
1874.28680287251	811.89501953125
1876.67429778851	811.424987792969
1879.06106873089	811.27001953125
1881.44711600601	811.114990234375
1883.8324399201	811.070007324219
1886.21704077919	810.955017089844
1888.60091888915	811.304992675781
1890.98407455567	812.405029296875
1893.36650808428	812.234985351563
1895.74821978033	812.119995117188
1898.12920994899	811.099975585938
1900.50947889527	811.619995117188
1902.88902692401	812.669982910156
1905.26785433986	812.984985351563
1907.64596144734	812.375
1910.02334855075	812.015014648438
1912.40001595424	811.794982910156
1914.7759639618	811.994995117188
1917.15119287724	812.609985351563
1919.52570300419	812.424987792969
1921.89949464611	812.239990234375
1924.27256810632	811.734985351563
1926.64492368793	812.700012207031
1929.0165616939	812.184997558594
1931.38748242701	811.155029296875
1933.75768618989	810.784973144531
1936.12717328497	810.794982910156
1938.49594401455	811.969970703125
1940.86399868071	812.140014648438
1943.23133758541	812.539978027344
1945.5979610304	812.77001953125
1947.96386931729	812.632507324219
1950.32906274751	812.494995117188
1952.69354162232	812.184997558594
1955.0573062428	811.890014648438
1957.42035690989	811.580017089844
1959.78269392434	811.572509765625
1962.14431758673	811.565002441406
1964.50522819748	811.385009765625
1966.86542605684	811.304992675781
1969.22491146488	811.114990234375
1971.58368472153	811.804992675781
1973.94174612654	812.260009765625
1976.29909597945	812.159973144531
1978.65573457971	812.107482910156
1981.01166222654	812.054992675781
1983.36687921902	811.890014648438
1985.72138585606	811.174987792969
1988.07518243639	810.719970703125
1990.42826925859	810.405029296875
1992.78064662106	810.299987792969
1995.13231482205	810.309997558594
1997.48327415961	811.130004882813
1999.83352493167	811.320007324219
2002.18306743594	811.260009765625
2004.53190197002	811.549987792969
2006.8800288313	811.405029296875
2009.22744831703	810.25
2011.57416072427	810.195007324219
2013.92016634993	809.955017089844
2016.26546549076	810.215026855469
2018.61005844332	810.424987792969
2020.95394550404	810.559997558594
2023.29712696915	810.130004882813
2025.63960313474	811.075012207031
2027.98137429672	811.030029296875
2030.32244075083	810.784973144531
2032.66280279266	810.590026855469
2035.00246071763	810.715026855469
2037.34141482099	809.625
2039.67966539784	808.724975585938
2042.01721274309	810.484985351563
2044.35405715151	811.164978027344
2046.69019891769	810.474975585938
2049.02563833606	810.664978027344
2051.3603757009	810.900024414063
2053.6944113063	811.135009765625
2056.0277454462	810.484985351563
2058.36037841439	810.094970703125
2060.69231050446	810.5
2063.02354200988	810.619995117188
2065.35407322392	810.660034179688
2067.68390443971	810.700012207031
2070.01303595021	810.914978027344
2072.3414680482	810.876647949219
2074.66920102633	810.838317871094
2076.99623517706	810.799987792969
2079.32257079271	810.684997558594
2081.6482081654	810.704956054688
2083.97314758713	810.724975585938
2086.29738934971	810.534973144531
2088.62093374481	811.525024414063
2090.94378106391	811.987548828125
2093.26593159835	812.450012207031
2095.5873856393	811.60498046875
2097.90814347777	810.614990234375
2100.2282054046	811.390014648438
2102.54757171048	811.734985351563
2104.86624268594	811.885009765625
2107.18421862133	811.794982910156
2109.50149980686	812.039978027344
2111.81808653257	811.315002441406
2114.13397908834	812.460021972656
2116.44917776388	811.664978027344
2118.76368284875	812.010009765625
2121.07749463235	813.385009765625
2123.39061340391	813.304992675781
2125.70303945252	813.609985351563
2128.01477306707	813.799987792969
2130.32581453634	812.909973144531
2132.63616414891	812.375
2134.94582219322	811.760009765625
2137.25478895754	811.924987792969
2139.56306472999	812.289978027344
2141.87064979851	813.450012207031
2144.17754445092	813.39501953125
2146.48374897484	813.320007324219
2148.78926365774	812.544982910156
2151.09408878695	812.205017089844
2153.39822464963	812.039978027344
2155.70167153277	811.440002441406
2158.00442972321	812
2160.30649950763	812.27001953125
2162.60788117256	812.539978027344
2164.90857500436	811.445007324219
2167.20858128923	813.85498046875
2169.50790031323	813.835021972656
2171.80653236223	812.905029296875
2174.10447772198	811.804992675781
2176.40173667804	812.015014648438
2178.69830951582	811.929992675781
2180.99419652058	811.864990234375
2183.28939797743	812.135009765625
2185.5839141713	812.010009765625
2187.87774538698	812.320007324219
2190.17089190908	811.614990234375
2192.46335402209	812.054992675781
2194.75513201032	812.255004882813
2197.04622615791	812.22998046875
2199.33663674886	811.905029296875
2201.62636406702	811.450012207031
2203.91540839606	811.580017089844
2206.20377001952	811.090026855469
2208.49144922077	810.744995117188
2210.77844628302	810.965026855469
2213.06476148933	811.174987792969
2215.3503951226	811.429992675781
2217.63534746557	810.554992675781
2219.91961880085	811.39501953125
2222.20320941085	811.64501953125
2224.48611957785	811.445007324219
2226.76834958399	810.830017089844
2229.04989971122	810.780029296875
2231.33077024136	811.10498046875
2233.61096145607	810.380004882813
2235.89047363683	810.909973144531
2238.169307065	811.219970703125
2240.44746202178	811.530029296875
2242.72493878819	811.375
2245.00173764511	811.010009765625
2247.27785887327	811.820007324219
2249.55330275324	811.664978027344
2251.82806956545	811.419982910156
2254.10215959014	811.614990234375
2256.37557310744	811.339965820313
2258.64831039729	811.065002441406
2260.92037173949	810.77001953125
2263.19175741368	810.239990234375
2265.46246769938	811.565002441406
2267.7325028759	812.830017089844
2270.00186322243	812.210021972656
2272.270549018	812.400024414063
2274.5385605415	812.085021972656
2276.80589807165	811.52001953125
2279.07256188702	812.015014648438
2281.33855226601	812.255004882813
2283.60386948691	811.934997558594
2285.86851382782	811.9375
2288.1324855667	811.940002441406
2290.39578498136	811.994995117188
2292.65841234945	811.965026855469
2294.92036794847	811.849975585938
2297.18165205578	811.190002441406
2299.44226494856	811.080017089844
2301.70220690387	812.205017089844
2303.96147819859	812.950012207031
2306.22007910947	812.72998046875
2308.47800991309	812.510009765625
2310.73527088589	812.554992675781
2312.99186230416	812.432495117188
2315.24778444403	812.309997558594
2317.50303758149	812.75
2319.75762199235	813.614990234375
2322.01153795231	813.655029296875
2324.26478573689	813.484985351563
2326.51736562147	812.580017089844
2328.76927788127	812.335021972656
2331.02052279137	811.715026855469
2333.2711006267	811.85498046875
2335.52101166203	811.724975585938
2337.77025617198	811.5
2340.01883443103	811.474975585938
2342.2667467135	812.72998046875
2344.51399329356	812.890014648438
2346.76057444525	812.150024414063
2349.00649044241	811.114990234375
2351.2517415588	811.955017089844
2353.49632806796	811.762512207031
2355.74025024334	811.570007324219
2357.98350835819	811.184997558594
2360.22610268566	811.575012207031
2362.4680334987	810.919982910156
2364.70930107016	809.594970703125
2366.94990567269	810.780029296875
2369.18984757884	811.059997558594
2371.42912706098	811.375
2373.66774439134	810.719970703125
2375.90569984199	810.150024414063
2378.14299368488	810.575012207031
2380.37962619179	810.744995117188
2382.61559763435	810.885009765625
2384.85090828405	810.640014648438
2387.08555841222	810.965026855469
2389.31954829006	811.059997558594
2391.55287818861	811.034973144531
2393.78554837877	811.282470703125
2396.01755913128	811.530029296875
2398.24891071673	811.099975585938
2400.47960340558	811.39501953125
2402.70963746814	811.539978027344
2404.93901317456	811.190002441406
2407.16773079485	811.719970703125
2409.39579059887	811.440002441406
2411.62319285633	812.14501953125
2413.84993783681	810.22998046875
2416.07602580971	811.304992675781
2418.30145704432	811.844970703125
2420.52623180977	811.41748046875
2422.75035037503	810.989990234375
2424.97381300893	811.580017089844
2427.19661998017	811.960021972656
2429.41877155729	812.969970703125
2431.64026800867	812.64501953125
2433.86110960257	812.320007324219
2436.08129660709	812.369995117188
2438.30082929019	811.875
2440.51970791967	812.155029296875
2442.73793276321	813.10498046875
2444.95550408832	812.739990234375
2447.17242216237	812.375
2449.38868725259	812.010009765625
2451.60429962607	810.989990234375
2453.81925954975	811.955017089844
2456.03356729041	811.005004882813
2458.2472231147	809.609985351563
2460.46022728913	810.325012207031
2462.67258008005	810.392517089844
2464.88428175368	810.460021972656
2467.09533257608	810.099975585938
2469.30573281318	811.130004882813
2471.51548273076	810.825012207031
2473.72458259445	812.630004882813
2475.93303266974	812.2900390625
2478.14083322198	811.950012207031
2480.34798451637	810.705017089844
2482.55448681797	811.190002441406
2484.76034039169	811.075012207031
2486.96554550231	809.950012207031
2489.17010241445	810.815002441406
2491.37401139259	811.789978027344
2493.57727270109	811.625
2495.77988660412	811.460021972656
2497.98185336574	811.325012207031
2500.18317324987	810.674987792969
2502.38384652028	810.719970703125
2504.58387344058	811.39501953125
2506.78325427425	811.965026855469
2508.98198928465	811.164978027344
2511.18007873495	811.784973144531
2513.37752288821	811.625
2515.57432200735	812.039978027344
2517.77047635514	811.744995117188
2519.96598619419	811.054992675781
2522.16085178699	810.945007324219
2524.35507339589	811.565002441406
2526.54865128308	811.940002441406
2528.74158571062	812.085021972656
2530.93387694042	811.015014648438
2533.12552523427	811.094970703125
2535.31653085379	811.695007324219
2537.50689406046	811.656677246094
2539.69661511566	811.618347167969
2541.88569428057	811.580017089844
2544.07413181627	811.794982910156
2546.26192798368	811.244995117188
2548.44908304359	810.835021972656
2550.63559725664	811.010009765625
2552.82147088333	811.452514648438
2555.00670418402	811.89501953125
2557.19129741894	811.489990234375
2559.37525084817	811.565002441406
2561.55856473164	810.429992675781
2563.74123932917	809.97998046875
2565.92327490039	811.034973144531
2568.10467170484	811.510009765625
2570.28543000189	812.030029296875
2572.46555005079	812.065002441406
2574.64503211063	811.760009765625
2576.82387644036	811.880004882813
2579.00208329882	811.8349609375
2581.17965294468	811.789978027344
2583.35658563648	812.184997558594
2585.53288163263	811.539978027344
2587.70854119137	810.905029296875
2589.88356457084	811.840026855469
2592.05795202902	812.934997558594
2594.23170382376	812.474975585938
2596.40482021275	811.965026855469
2598.57730145356	811.10498046875
2600.74914780363	811.169982910156
2602.92035952023	811.724975585938
2605.09093686053	811.77001953125
2607.26088008153	812.929992675781
2609.4301894401	813.52001953125
2611.59886519299	813.719970703125
2613.76690759678	812.195007324219
2615.93431690793	811.530029296875
2618.10109338277	811.902526855469
2620.26723727748	812.275024414063
2622.4327488481	813.030029296875
2624.59762835054	813.515014648438
2626.76187604057	813.005004882813
2628.92549217382	813.97998046875
2631.08847700579	814.734985351563
2633.25083079182	814.424987792969
2635.41255378715	815.090026855469
2637.57364624684	814.210021972656
2639.73410842586	814.755004882813
2641.893940579	816.575012207031
2644.05314296094	816.14501953125
2646.21171582621	815.575012207031
2648.36965942921	815.630004882813
2650.5269740242	816.085021972656
2652.6836598653	815.964965820313
2654.83971720651	815.844970703125
2656.99514630167	815.724975585938
2659.1499474045	815.885009765625
2661.30412076857	816.705017089844
2663.45766664734	816.789978027344
2665.61058529411	816.85498046875
2667.76287696204	816.765014648438
2669.91454190418	816.945007324219
2672.06558037342	816.385009765625
2674.21599262253	815.330017089844
2676.36577890413	815.919982910156
2678.51493947072	815.934997558594
2680.66347457466	815.8525390625
2682.81138446816	815.77001953125
2684.95866940332	816.640014648438
2687.10532963209	816.284973144531
2689.25136540628	817.320007324219
2691.39677697757	817.875
2693.54156459752	817.784973144531
2695.68572851753	816.900024414063
2697.82926898888	817.804992675781
2699.97218626272	818.97998046875
2702.11448059006	818.789978027344
2704.25615222175	818.965026855469
2706.39720140856	818.125
2708.53762840109	818.820007324219
2710.67743344979	819.174987792969
2712.81661680503	819.914978027344
2714.95517871698	820.684997558594
2717.09311943574	821.724975585938
2719.23043921123	823.280029296875
2721.36713829325	823.150024414063
2723.50321693148	824.164978027344
2725.63867537545	824.409973144531
2727.77351387456	825.440002441406
2729.90773267809	825.239990234375
2732.04133203516	825.309997558594
2734.17431219478	824.890014648438
2736.30667340581	823.919982910156
2738.438415917	823.900024414063
2740.56953997695	822.494995117188
2742.70004583414	822.585021972656
2744.82993373688	823.234985351563
2746.9592039334	821.869995117188
2749.08785667177	820.830017089844
2751.21589219993	821.534973144531
2753.34331076568	821.60498046875
2755.4701126167	821.989990234375
2757.59629800054	821.89501953125
2759.7218671646	821.174987792969
2761.84682035617	821.034973144531
2763.9711578224	821.054992675781
2766.0948798103	820.469970703125
2768.21798656676	820.424987792969
2770.34047833852	819.85498046875
2772.46235537222	820.659973144531
2774.58361791434	820.465026855469
2776.70426621124	819.869995117188
2778.82430050915	819.130004882813
2780.94372105416	819.39501953125
2783.06252809224	818.844970703125
2785.18072186922	819.525024414063
2787.29830263081	820.094970703125
2789.41527062257	819.650024414063
2791.53162608996	819.094970703125
2793.64736927828	820.525024414063
2795.76250043271	818.554992675781
2797.8770197983	817.465026855469
2799.99092761997	819.945007324219
2802.10422414252	819.965026855469
2804.21690961059	820.260009765625
2806.32898426873	820.445007324219
2808.44044836132	821.215026855469
2810.55130213264	821.109985351563
2812.66154582682	821.965026855469
2814.77117968788	823.414978027344
2816.8802039597	824.460021972656
2818.98861888601	825.734985351563
2821.09642471046	826.510009765625
2823.20362167653	828.489990234375
2825.31021002756	829.775024414063
2827.41619000682	830.585021972656
2829.52156185738	834.070007324219
2831.62632582224	835.974975585938
2833.73048214422	836.655029296875
2835.83403106606	838.765014648438
2837.93697283033	843.635009765625
2840.03930767951	846.119995117188
2842.1410358559	850.359985351563
2844.24215760173	855.010009765625
2846.34267315905	860.515014648438
2848.44258276982	869.049987792969
2850.54188667585	877.025024414063
2852.64058511883	886.465026855469
2854.73867834032	894.169982910156
2856.83616658175	901.534973144531
2858.93305008443	908.724975585938
2861.02932908952	920.47998046875
2863.12500383809	933.594970703125
2865.22007457104	946.460021972656
2867.31454152918	960.525024414063
2869.40840495316	969.909973144531
2871.50166508353	981.630004882813
2873.59432216069	992.075012207031
2875.68637642493	999.875
2877.77782811641	1007.78497314453
2879.86867747515	1010.07501220703
2881.95892474105	1008.75
2884.0485701539	1007.42498779297
2886.13761395333	1007.48498535156
2888.22605637886	1009.81500244141
2890.3138976699	1014.02001953125
2892.40113806571	1019.05499267578
2894.48777780544	1026.48498535156
2896.57381712808	1033.59997558594
2898.65925627254	1036.21997070313
2900.74409547758	1040.92004394531
2902.82833498183	1044.89501953125
2904.9119750238	1053.18505859375
2906.99501584188	1067.875
2909.07745767432	1079.82995605469
2911.15930075925	1091.76000976563
2913.24054533469	1105.67004394531
2915.3211916385	1115.375
2917.40123990846	1132.72998046875
2919.48069038217	1147.78002929688
2921.55954329716	1152.67004394531
2923.63779889079	1156.0849609375
2925.71545740033	1162.30505371094
2927.79251906289	1170.45495605469
2929.86898411548	1178.18005371094
2931.94485279498	1185.4599609375
2934.02012533815	1193.23999023438
2936.0948019816	1195.94995117188
2938.16888296184	1192.5
2940.24236851525	1173.39501953125
2942.31525887809	1158.17504882813
2944.38755428648	1145.80004882813
2946.45925497643	1135.56994628906
2948.53036118382	1123.66003417969
2950.6008731444	1109.55004882813
2952.67079109381	1094.69494628906
2954.74011526755	1078.92004394531
2956.80884590101	1063.03503417969
2958.87698322944	1057.40502929688
2960.94452748799	1058.375
2963.01147891167	1050.84497070313
2965.07783773535	1041.34997558594
2967.14360419382	1035.50500488281
2969.2087785217	1029.75500488281
2971.27336095352	1023.46502685547
2973.33735172366	1017.42999267578
2975.40075106641	1009.13000488281
2977.46355921591	1000.81500244141
2979.52577640618	991.950012207031
2981.58740287112	984.135009765625
2983.64843884452	976.445007324219
2985.70888456003	971.994995117188
2987.76874025117	965.47998046875
2989.82800615137	956.924987792969
2991.88668249391	949.760009765625
2993.94476951194	938.344970703125
2996.00226743852	926.544982910156
2998.05917650657	920.664978027344
3000.11549694887	912.77001953125
3002.17122899812	903.150024414063
3004.22637288685	895.284973144531
3006.2809288475	890.664978027344
3008.33489711238	884.974975585938
3010.38827791368	878.52001953125
3012.44107148345	874.955017089844
3014.49327805366	867.789978027344
3016.5448978561	863.984985351563
3018.59593112249	863.219970703125
3020.64637808441	860.429992675781
3022.6962389733	858.405029296875
3024.74551402051	853.565002441406
3026.79420345725	851.445007324219
3028.84230751461	849.969970703125
3030.88982642357	849.674987792969
3032.93676041497	849.224975585938
3034.98310971955	849.330017089844
3037.02887456791	850.924987792969
3039.07405519054	853.455017089844
3041.11865181781	854.299987792969
3043.16266467996	854.909973144531
3045.20609400713	855.309997558594
3047.24894002932	854.724975585938
3049.2912029764	857.280029296875
3051.33288307815	859.429992675781
3053.37398056421	862.570007324219
3055.41449566411	865.400024414063
3057.45442860725	869.200012207031
3059.49377962291	870.900024414063
3061.53254894026	870.705017089844
3063.57073678834	871.544982910156
3065.60834339607	872.900024414063
3067.64536899227	868.825012207031
3069.68181380561	866.52001953125
3071.71767806467	863.294982910156
3073.75296199788	859.864990234375
3075.78766583357	854.554992675781
3077.82178979997	849.77001953125
3079.85533412513	845.429992675781
3081.88829903705	842.710021972656
3083.92068476356	839.784973144531
3085.95249153241	837.02001953125
3087.98371957119	835.219970703125
3090.01436910741	832.369995117188
3092.04444036844	830.210021972656
3094.07393358152	830.825012207031
3096.10284897381	830.565002441406
3098.13118677232	829.77001953125
3100.15894720395	828.885009765625
3102.18613049548	828.325012207031
3104.21273687357	826.460021972656
3106.23876656477	826.710021972656
3108.2642197955	827
3110.28909679208	825.724975585938
3112.31339778069	826.869995117188
3114.33712298741	826.169982910156
3116.36027263819	827.094970703125
3118.38284695887	828.39501953125
3120.40484617516	829.005004882813
3122.42627051268	828.544982910156
3124.4471201969	828.429992675781
3126.46739545319	828.510009765625
3128.4870965068	829.599975585938
3130.50622358287	828.869995117188
3132.5247769064	826.075012207031
3134.54275670229	826.424987792969
3136.56016319534	827.335021972656
3138.57699661019	827.664978027344
3140.59325717139	827.304992675781
3142.60894510338	827.809997558594
3144.62406063047	827.657470703125
3146.63860397686	827.505004882813
3148.65257536662	827.804992675781
3150.66597502371	828.184997558594
3152.67880317199	829.775024414063
3154.69106003518	829.349975585938
3156.70274583691	829.150024414063
3158.71386080065	829.679992675781
3160.72440514981	829.869995117188
3162.73437910763	830.330017089844
3164.74378289728	830.765014648438
3166.75261674179	831.424987792969
3168.76088086407	831.619995117188
3170.76857548692	831.255004882813
3172.77570083303	831.554992675781
3174.78225712498	831.369995117188
3176.78824458521	832.025024414063
3178.79366343607	832.219970703125
3180.79851389977	832.825012207031
3182.80279619844	833.275024414063
3184.80651055405	833.244995117188
3186.80965718849	833.594970703125
3188.81223632353	834.419982910156
3190.81424818081	835.375
3192.81569298186	835.89501953125
3194.8165709481	836.984985351563
3196.81688230084	837.094970703125
3198.81662726126	837.525024414063
3200.81580605044	838.184997558594
3202.81441888933	838.875
3204.81246599879	838.60498046875
3206.80994759954	839.52001953125
3208.80686391219	839.755004882813
3210.80321515726	839.924987792969
3212.79900155512	841.034973144531
3214.79422332605	842.289978027344
3216.78888069021	843.085021972656
3218.78297386765	843.820007324219
3220.77650307828	842.585021972656
3222.76946854195	843.77001953125
3224.76187047834	845.445007324219
3226.75370910705	846.224975585938
3228.74498464755	845.049987792969
3230.73569731921	844.494995117188
3232.72584734127	845.044982910156
3234.71543493287	845.97998046875
3236.70446031304	846.60498046875
3238.69292370068	846.558349609375
3240.68082531459	846.511657714844
3242.66816537345	846.465026855469
3244.65494409583	846.47998046875
3246.6411617002	847.700012207031
3248.62681840488	848.289978027344
3250.61191442812	848.794982910156
3252.59644998804	852.364990234375
3254.58042530263	851.989990234375
3256.56384058979	852.385009765625
3258.54669606731	851.614990234375
3260.52899195285	852.474975585938
3262.51072846396	852.760009765625
3264.4919058181	852.95751953125
3266.47252423259	853.155029296875
3268.45258392464	853.184997558594
3270.43208511138	855.590026855469
3272.41102800978	859.5
3274.38941283675	860.085021972656
3276.36723980904	861.719970703125
3278.34450914332	861.619995117188
3280.32122105613	861.304992675781
3282.29737576392	861.710021972656
3284.272973483	864.77001953125
3286.24801442958	865.390014648438
3288.22249881978	865.494995117188
3290.19642686957	863.875
3292.16979879485	864.284973144531
3294.14261481136	865.60498046875
3296.11487513478	865.275024414063
3298.08657998065	865.260009765625
3300.0577295644	864.424987792969
3302.02832410136	863.630004882813
3303.99836380673	864.835021972656
3305.96784889563	863.820007324219
3307.93677958303	862.565002441406
3309.90515608383	860.864990234375
3311.87297861278	859.515014648438
3313.84024738456	859.455017089844
3315.80696261371	862.794982910156
3317.77312451466	862.695007324219
3319.73873330175	861.174987792969
3321.70378918919	860.434997558594
3323.66829239109	860.039978027344
3325.63224312145	857.97998046875
3327.59564159416	856.155029296875
3329.55848802299	854.679992675781
3331.52078262162	854.450012207031
3333.4825256036	854.719970703125
3335.44371718237	854.659973144531
3337.40435757128	854.543334960938
3339.36444698356	854.426635742188
3341.32398563232	854.309997558594
3343.28297373058	853.640014648438
3345.24141149124	852.559997558594
3347.19929912709	852.294982910156
3349.15663685081	855.015014648438
3351.11342487497	854.109985351563
3353.06966341204	853.674987792969
3355.02535267437	852.650024414063
3356.98049287421	851.570007324219
3358.9350842237	850.89501953125
3360.88912693486	851.775024414063
3362.84262121962	852.820007324219
3364.79556728978	853.544982910156
3366.74796535705	853.094970703125
3368.69981563302	852.030029296875
3370.65111832917	849.419982910156
3372.60187365689	848.375
3374.55208182744	847.724975585938
3376.50174305198	847.109985351563
3378.45085754157	846.065002441406
3380.39942550714	847.010009765625
3382.34744715954	846.960021972656
3384.29492270949	846.054992675781
3386.24185236761	842.609985351563
3388.18823634442	842.25
3390.13407485031	842.195007324219
3392.07936809559	843.239990234375
3394.02411629045	844.109985351563
3395.96831964496	843.994995117188
3397.91197836911	842.510009765625
3399.85509267275	841.109985351563
3401.79766276564	840.299987792969
3403.73968885745	840.195007324219
3405.68117115771	841.005004882813
3407.62210987586	840.429992675781
3409.56250522123	838.484985351563
3411.50235740305	837.825012207031
3413.44166663043	837.97998046875
3415.38043311238	836.27001953125
3417.3186570578	836
3419.2563386755	837.375
3421.19347817415	838.14501953125
3423.13007576235	837.955017089844
3425.06613164857	836.400024414063
3427.00164604118	836.294982910156
3428.93661914844	837.179992675781
3430.87105117852	835.64501953125
3432.80494233945	833.844970703125
3434.73829283919	833.844970703125
3436.67110288558	834.789978027344
3438.60337268634	835.390014648438
3440.53510244911	834.864990234375
3442.4662923814	832.599975585938
3444.39694269064	833.679992675781
3446.32705358412	833.130004882813
3448.25662526905	832.580017089844
3450.18565795254	831.465026855469
3452.11415184156	830.760009765625
3454.04210714302	830.755004882813
3455.96952406369	829.765014648438
3457.89640281024	828.690002441406
3459.82274358924	828.760009765625
3461.74854660717	828.789978027344
3463.67381207038	827.25
3465.59854018513	826.280029296875
3467.52273115756	825.450012207031
3469.44638519373	824.905029296875
3471.36950249956	824.315002441406
3473.29208328091	823.575012207031
3475.21412774349	822.534973144531
3477.13563609293	820.72998046875
3479.05660853476	821.289978027344
3480.97704527438	821.804992675781
3482.89694651712	822.320007324219
3484.81631246818	821.739990234375
3486.73514333266	820.325012207031
3488.65343931557	819.760009765625
3490.57120062179	818.684997558594
3492.48842745612	816.375
3494.40512002324	815.594970703125
3496.32127852773	814.234985351563
3498.23690317408	813.669982910156
3500.15199416666	813.715026855469
3502.06655170974	814.409973144531
3503.98057600749	814.445007324219
3505.89406726396	812.890014648438
3507.80702568312	812.794982910156
3509.71945146883	812.965026855469
3511.63134482483	812.260009765625
3513.54270595478	811.684997558594
3515.45353506222	810.599975585938
3517.3638323506	809.390014648438
3519.27359802324	808.619995117188
3521.1828322834	807.085021972656
3523.09153533419	805.60498046875
3524.99970737866	806.090026855469
3526.90734861972	804.619995117188
3528.81445926021	805.715026855469
3530.72103950283	806.054992675781
3532.62708955022	804.340026855469
3534.53260960488	803.125
3536.43759986923	803.655029296875
3538.34206054558	802.614990234375
3540.24599183613	801.155029296875
3542.149393943	800.849975585938
3544.05226706817	800.159973144531
3545.95461141357	799.265014648438
3547.85642718097	798.625
3549.75771457208	797.174987792969
3551.6584737885	797.510009765625
3553.55870503171	797.807495117188
3555.4584085031	798.10498046875
3557.35758440396	797.275024414063
3559.25623293548	796.52001953125
3561.15435429874	795.585021972656
3563.05194869473	794.210021972656
3564.94901632432	793.940002441406
3566.84555738829	793.799987792969
3568.74157208732	793.284973144531
3570.63706062199	792.825012207031
3572.53202319277	792.809997558594
3574.42646000003	792.744995117188
3576.32037124406	792.679992675781
3578.213757125	792.565002441406
3580.10661784295	791.890014648438
3581.99895359786	791.570007324219
3583.8907645896	790.75
3585.78205101794	791.255004882813
3587.67281308254	791.489990234375
3589.56305098297	791.724975585938
3591.4527649187	790.715026855469
3593.34195508907	790.330017089844
3595.23062169338	789.72998046875
3597.11876493075	789.299987792969
3599.00638500027	789.174987792969
3600.89348210089	787.815002441406
3602.78005643148	788.174987792969
3604.66610819078	788.580017089844
3606.55163757747	787.650024414063
3608.4366447901	786.989990234375
3610.32113002713	786
3612.20509348693	785.789978027344
3614.08853536774	786.150024414063
3615.97145586773	786.599975585938
3617.85385518497	786.849975585938
3619.7357335174	785.674987792969
3621.61709106289	784.669982910156
3623.4979280192	784.414978027344
3625.37824458399	784.065002441406
3627.25804095482	783.934997558594
3629.13731732915	783.219970703125
3631.01607390435	782.669982910156
3632.89431087767	783.299987792969
3634.77202844629	782.715026855469
3636.64922680726	780.765014648438
3638.52590615754	781.864990234375
3640.40206669402	782.119995117188
3642.27770861344	782.197509765625
3644.15283211248	782.275024414063
3646.02743738771	782.405029296875
3647.90152463559	781.590026855469
3649.77509405251	781.164978027344
3651.64814583473	780.919982910156
3653.52068017842	780.905029296875
3655.39269727965	780.885009765625
3657.26419733442	780.155029296875
3659.13518053858	779.724975585938
3661.00564708793	778.724975585938
3662.87559717814	778.455017089844
3664.7450310048	778.059997558594
3666.61394876338	778.179992675781
3668.48235064928	778.030029296875
3670.35023685779	777.570007324219
3672.21760758409	777.164978027344
3674.08446302327	777.489990234375
3675.95080337033	777.815002441406
3677.81662882017	778.159973144531
3679.68193956758	777.869995117188
3681.54673580727	777.210021972656
3683.41101773383	775.549987792969
3685.27478554178	775.825012207031
3687.13803942551	775.674987792969
3689.00077957934	776.315002441406
3690.86300619748	776.075012207031
3692.72471947405	775.210021972656
3694.58591960306	774.765014648438
3696.44660677844	774.219970703125
3698.306781194	774.424987792969
3700.16644304348	774.215026855469
3702.02559252049	774.065002441406
3703.88422981859	773.914978027344
3705.74235513119	773.705017089844
3707.59996865164	773.809997558594
3709.45707057318	774.070007324219
3711.31366108895	773.755004882813
3713.16974039199	772.780029296875
3715.02530867527	772.630004882813
3716.88036613164	772.02001953125
3718.73491295385	771.775024414063
3720.58894933456	771.515014648438
3722.44247546634	770.85498046875
3724.29549154166	770.965026855469
3726.14799775289	771.315002441406
3727.9999942923	771.534973144531
3729.85148135209	771.669982910156
3731.70245912432	770.460021972656
3733.55292780098	770.205017089844
3735.40288757397	770.744995117188
3737.25233863509	770.684997558594
3739.10128117603	770.902465820313
3740.9497153884	771.119995117188
3742.7976414637	770.804992675781
3744.64505959335	771.349975585938
3746.49196996866	771.325012207031
3748.33837278086	771.77001953125
3750.18426822108	770.734985351563
3752.02965648033	770.010009765625
3753.87453774956	769.965026855469
3755.7189122196	770.835021972656
3757.5627800812	770.760009765625
3759.40614152501	770.484985351563
3761.24899674159	770.974975585938
3763.09134592138	770.734985351563
3764.93318925476	770.494995117188
3766.77452693199	770.219970703125
3768.61535914325	770.265014648438
3770.45568607861	769.650024414063
3772.29550792807	769.114990234375
3774.1348248815	769.030029296875
3775.9736371287	768.674987792969
3777.81194485938	769.424987792969
