32.6816976106991	715.380004882813
35.6535599501435	715.380004882813
38.6244374909659	715.315002441406
41.5943306947054	715.330017089844
44.5632400226282	715.125
47.5311659356917	715.195007324219
50.4981088945929	715.155029296875
53.4640693597127	715.299987792969
56.4290477911676	715.275024414063
59.3930446487746	715.299987792969
62.356060392067	715.239990234375
65.3180954802906	715.034973144531
68.2791503724084	715.260009765625
71.2392255270922	715.179992675781
74.1983214027271	715.215026855469
77.1564384574159	715.405029296875
80.113577148983	715.39501953125
83.0697379349549	715.224975585938
86.0249212725722	715.325012207031
88.9791276188058	715.25
91.9323574303255	715.260009765625
94.8846111635238	715.309997558594
97.8358892745121	715.450012207031
100.786192219114	715.375
103.73552045287	715.349975585938
106.683874431037	715.429992675781
109.631254608583	715.744995117188
112.577661440203	715.830017089844
115.523095380307	715.830017089844
118.467556883015	716.284973144531
121.411046402175	716.755004882813
124.353564391344	718.219970703125
127.295111303796	720.294982910156
130.235687592532	724.489990234375
133.175293710265	730.125
136.113930109434	739.775024414063
139.051597242185	751.835021972656
141.98829556039	766.984985351563
144.92402551564	784.349975585938
147.858787559244	801.450012207031
150.792582142239	815.22998046875
153.725409715372	826.434997558594
156.65727072911	832.14501953125
159.588165633643	837.744995117188
162.518094878884	840.450012207031
165.447058914469	843.945007324219
168.375058189747	846.455017089844
171.302093153792	844.440002441406
174.228164255401	843.659973144531
177.153271943091	844.424987792969
180.077416665101	843.794982910156
183.000598869394	845.914978027344
185.922819003656	845.75
188.84407751529	847.440002441406
191.764374851424	849.450012207031
194.683711458919	852.474975585938
197.60208778434	858.065002441406
200.519504273992	864.955017089844
203.435961373894	870.445007324219
206.351459529801	876.60498046875
209.265999187174	883.039978027344
212.179580791207	891.455017089844
215.092204786825	900.75
218.003871618673	907.835021972656
220.914581731116	915.804992675781
223.824335568247	922.960021972656
226.733133573893	927.924987792969
229.640976191593	933.775024414063
232.547863864614	936.534973144531
235.453797035961	938.940002441406
238.358776148354	940.809997558594
241.26280164424	939.289978027344
244.1658739658	939.419982910156
247.067993554929	939.02001953125
249.969160853266	939.544982910156
252.869376302162	940.900024414063
255.768640342707	940.210021972656
258.666953415705	939.150024414063
261.564315961705	940.369995117188
264.46072842097	941.010009765625
267.356191233499	939.455017089844
270.25070483901	939.335021972656
273.144269676967	935.635009765625
276.036886186551	934.505004882813
278.928554806671	935.489990234375
281.819275975966	934.744995117188
284.709050132812	934.159973144531
287.597877715306	934.049987792969
290.485759161281	935.280029296875
293.372694908298	934.909973144531
296.258685393644	936.085021972656
299.143731054352	935.299987792969
302.027832327156	933.315002441406
304.910989648557	932.820007324219
307.79320345476	934.054992675781
310.674474181717	937.174987792969
313.554802265101	937.184997558594
316.434188140326	935.554992675781
319.312632242533	934.625
322.190135006593	934.054992675781
325.066696867117	935.109985351563
327.942318258443	933.549987792969
330.816999614641	930.909973144531
333.690741369517	931.159973144531
336.56354395661	930.309997558594
339.435407809193	929.554992675781
342.306333360273	929.405029296875
345.176321042591	927.090026855469
348.045371288612	927.619995117188
350.913484530551	927.734985351563
353.78066120035	928.380004882813
356.64690172969	926.85498046875
359.512206549972	927.130004882813
362.376576092357	926.739990234375
365.240010787716	925.969970703125
368.102511066677	926.429992675781
370.964077359587	927.090026855469
373.82471009654	926.849975585938
376.684409707364	927.640014648438
379.543176621612	928.325012207031
382.401011268595	927.364990234375
385.257914077343	927.739990234375
388.113885476627	930.340026855469
390.968925894961	930.869995117188
393.823035760591	933.429992675781
396.676215501503	936.559997558594
399.528465545415	939.474975585938
402.379786319791	943.460021972656
405.230178251834	945
408.079641768472	945.25
410.928177296387	948.494995117188
413.775785261992	951.460021972656
416.622466091445	952.320007324219
419.468220210631	951.669982910156
422.313048045182	950.114990234375
425.156950020479	951.244995117188
427.999926561623	950.934997558594
430.841978093471	950.059997558594
433.683105040613	946.330017089844
436.523307827384	946.599975585938
439.362586877851	946.219970703125
442.200942615829	943.465026855469
445.038375464876	944.47998046875
447.874885848283	944.390014648438
450.710474189089	943.684997558594
453.54514091007	942.169982910156
456.37888643375	941.414978027344
459.211711182386	938.804992675781
462.043615577986	935.640014648438
464.874600042297	935.424987792969
467.704664996804	934.710021972656
470.533810862741	933.159973144531
473.36203806108	935.945007324219
476.189347012547	939.940002441406
479.015738137594	938.315002441406
481.841211856432	939.450012207031
484.665768589008	939.994995117188
487.489408755009	942.684997558594
490.312132773878	944.744995117188
493.133941064796	944.344970703125
495.954834046683	941.614990234375
498.77481213821	941.159973144531
501.593875757797	940.015014648438
504.412025323601	937.775024414063
507.229261253524	935.575012207031
510.045583965226	932.260009765625
512.860993876093	928.744995117188
515.675491403271	926.309997558594
518.489076963649	924.284973144531
521.301750973863	923.849975585938
524.113513850293	921.190002441406
526.924366009065	916.950012207031
529.734307866052	914.320007324219
532.543339836881	912.849975585938
535.35146233692	911.440002441406
538.158675781281	908.085021972656
540.964980584833	906.125
543.770377162182	904.835021972656
546.574865927692	903.489990234375
549.378447295465	901.635009765625
552.181121679365	900.075012207031
554.982889492993	899.02001953125
557.783751149701	898.429992675781
560.583707062591	896.765014648438
563.38275764452	895.77001953125
566.180903308083	896.655029296875
568.978144465633	895.609985351563
571.774481529266	892.755004882813
574.569914910839	890.700012207031
577.364445021949	891.190002441406
580.158072273946	889.434997558594
582.950797077926	889.460021972656
585.742619844752	888.880004882813
588.533540985018	888.664978027344
591.323560909078	888.570007324219
594.112680027034	887.195007324219
596.90089874875	886.869995117188
599.688217483828	886.549987792969
602.474636641629	884.414978027344
605.260156631263	884.875
608.044777861596	883.405029296875
610.828500741241	884.315002441406
613.611325678567	886.784973144531
616.393253081697	888.174987792969
619.174283358506	889.534973144531
621.954416916616	888.664978027344
624.733654163414	886.320007324219
627.511995506029	883.984985351563
630.289441351351	881.835021972656
633.065992106022	881.869995117188
635.841648176434	882.965026855469
638.616409968744	884.559997558594
641.390277888847	885.85498046875
644.163252342408	887.820007324219
646.93533373484	887.304992675781
649.706522471307	886.809997558594
652.47681895674	885.489990234375
655.246223595811	883.35498046875
658.014736792957	885.72998046875
660.782358952371	885.940002441406
663.549090477999	886.609985351563
666.314931773542	886.284973144531
669.079883242452	886.965026855469
671.843945287955	888.315002441406
674.607118313019	887.75
677.369402720366	887.700012207031
680.130798912488	887.130004882813
682.891307291627	887.965026855469
685.650928259784	886.905029296875
688.409662218708	884.89501953125
691.167509569927	884.650024414063
693.924470714705	885.10498046875
696.680546054078	884.849975585938
699.435735988832	884.390014648438
702.190040919516	885.635009765625
704.943461246442	886.715026855469
707.695997369667	885.179992675781
710.447649689022	884.844970703125
713.198418604088	885.974975585938
715.948304514206	887.349975585938
718.697307818481	887.27001953125
721.445428915779	887.174987792969
724.192668204716	889.174987792969
726.93902608368	889.804992675781
729.684502950805	890.744995117188
732.429099204005	890.875
735.172815240936	890.825012207031
737.915651459026	892.950012207031
740.657608255463	893.359985351563
743.398686027186	894.844970703125
746.13888517091	895.409973144531
748.878206083102	895.450012207031
751.616649159998	896.330017089844
754.354214797584	897.294982910156
757.09090339162	899.434997558594
759.826715337622	899.330017089844
762.561651030868	896.909973144531
765.295710866406	894.599975585938
768.028895239041	891.565002441406
770.761204543336	888.984985351563
773.492639173626	888.159973144531
776.223199524006	887.369995117188
778.952885988334	889.434997558594
781.681698960235	890.739990234375
784.40963883309	888.890014648438
787.136706000052	887.299987792969
789.862900854037	888.640014648438
792.588223787721	889.969970703125
795.312675193549	889.150024414063
798.036255463728	890.445007324219
800.758964990228	891.724975585938
803.480804164792	892.960021972656
806.201773378919	894.969970703125
808.921873023884	896.650024414063
811.641103490712	899.299987792969
814.359465170214	900.669982910156
817.076958452946	905.799987792969
819.793583729246	910.755004882813
822.509341389214	916.994995117188
825.224231822712	920.765014648438
827.938255419375	925.330017089844
830.651412568596	928.844970703125
833.363703659544	927.64501953125
836.075129081157	926.554992675781
838.785689222127	925.784973144531
841.495384470928	930.289978027344
844.204215215788	932.875
846.912181844721	939.284973144531
849.619284745491	944.335021972656
852.325524305638	947.289978027344
855.030900912475	945.900024414063
857.735414953079	943.130004882813
860.439066814289	938.835021972656
863.141856882725	934.525024414063
865.843785544769	932.844970703125
868.544853186571	932.210021972656
871.245060194063	930.52001953125
873.944406952925	928.215026855469
876.642893848625	927.945007324219
879.340521266398	927.969970703125
882.037289591241	928.424987792969
884.733199207927	929.22998046875
887.428250501001	930.989990234375
890.122443854778	932.424987792969
892.815779653335	932.794982910156
895.508258280534	933.450012207031
898.199880119997	937.900024414063
900.890645555129	939.484985351563
903.580554969094	939.02001953125
906.269608744832	939.64501953125
908.957807265056	936.35498046875
911.645150912257	936.059997558594
914.331640068689	938.075012207031
917.017275116375	937.840026855469
919.702056437128	936.530029296875
922.385984412518	942.385009765625
925.069059423886	946.655029296875
927.751281852366	950.289978027344
930.432652078842	949.659973144531
933.113170483983	950.929992675781
935.79283744823	952.309997558594
938.471653351806	954.760009765625
941.149618574686	954.724975585938
943.826733496641	954.799987792969
946.502998497206	960.559997558594
949.178413955689	955.27001953125
951.85298025118	954.549987792969
954.526697762544	953.455017089844
957.199566868403	953.210021972656
959.87158794718	952.510009765625
962.542761377054	949.580017089844
965.213087535987	948.984985351563
967.882566801719	946.210021972656
970.551199551761	943.974975585938
973.218986163399	942.780029296875
975.885927013698	943.434997558594
978.552022479501	942.085021972656
981.217272937423	945.484985351563
983.88167876386	947.929992675781
986.545240334978	951.190002441406
989.207958026729	955.465026855469
991.869832214835	962.489990234375
994.530863274798	975.054992675781
997.191051581895	995.734985351563
999.850397511185	1014.75
1002.50890143751	1029.11999511719
1005.16656373546	1033.64501953125
1007.82338477944	1024.75500488281
1010.47936494363	1005.82000732422
1013.13450460195	985.260009765625
1015.78880412815	964.760009765625
1018.44226389572	955.635009765625
1021.09488427794	950.405029296875
1023.74666564789	949.534973144531
1026.3976083784	949.304992675781
1029.04771284208	953.434997558594
1031.69697941135	958.049987792969
1034.34540845838	961.755004882813
1036.99300035512	959.385009765625
1039.63975547333	958.450012207031
1042.28567418452	957.960021972656
1044.93075685998	956.565002441406
1047.57500387081	958.25
1050.21841558786	959.570007324219
1052.86099238177	960.594970703125
1055.50273462297	964.005004882813
1058.14364268167	966.080017089844
1060.78371692784	967.575012207031
1063.42295773126	971.950012207031
1066.06136546148	976.914978027344
1068.69894048781	976.820007324219
1071.33568317939	976.174987792969
1073.9715939051	975.580017089844
1076.60667303362	975.114990234375
1079.24092093341	975.945007324219
1081.87433797271	976.744995117188
1084.50692451954	976.515014648438
1087.13868094172	975.400024414063
1089.76960760684	970.275024414063
1092.39970488226	966.265014648438
1095.02897313516	963.234985351563
1097.65741273246	960.630004882813
1100.28502404089	961.419982910156
1102.91180742697	963.210021972656
1105.53776325698	962.424987792969
1108.16289189701	963.034973144531
1110.78719371291	961.015014648438
1113.41066907033	960.72998046875
1116.0333183347	959.265014648438
1118.65514187124	964.130004882813
1121.27614004495	966.35498046875
1123.89631322061	965.585021972656
1126.51566176279	965.940002441406
1129.13418603585	962.544982910156
1131.75188640394	956.885009765625
1134.36876323098	946.544982910156
1136.98481688069	936.455017089844
1139.60004771655	929.205017089844
1142.21445610187	925.905029296875
1144.82804239972	924.969970703125
1147.44080697295	924.5
1150.05275018421	928.585021972656
1152.66387239593	931.489990234375
1155.27417397034	932.710021972656
1157.88365526943	933.205017089844
1160.49231665502	932.364990234375
1163.10015848867	931.950012207031
1165.70718113176	931.945007324219
1168.31338494544	933.789978027344
1170.91877029067	933.679992675781
1173.52333752817	930.830017089844
1176.12708701847	930.77001953125
1178.73001912187	932.39501953125
1181.33213419848	930.849975585938
1183.93343260819	928.625
1186.53391471068	926.534973144531
1189.13358086539	924.909973144531
1191.73243143161	925.710021972656
1194.33046676836	926.599975585938
1196.92768723449	929.255004882813
1199.52409318861	934.47998046875
1202.11968498915	942.155029296875
1204.7144629943	947.650024414063
1207.30842756206	949.530029296875
1209.90157905021	953.380004882813
1212.49391781634	953.135009765625
1215.08544421779	949.655029296875
1217.67615861174	944.739990234375
1220.26606135512	944.085021972656
1222.85515280468	945.25
1225.44343331694	949.070007324219
1228.03090324823	955.77001953125
1230.61756295466	962.969970703125
1233.20341279213	967.744995117188
1235.78845311634	970.89501953125
1238.37268428278	974.554992675781
1240.95610664673	976.184997558594
1243.53872056325	979.64501953125
1246.12052638722	980.385009765625
1248.70152447329	979.804992675781
1251.28171517591	978.64501953125
1253.86109884934	978.385009765625
1256.43967584759	983.885009765625
1259.0174465245	985.859985351563
1261.5944112337	988.080017089844
1264.1705703286	988.075012207031
1266.74592416241	985.909973144531
1269.32047308814	984.205017089844
1271.89421745858	984.840026855469
1274.46715762633	982.544982910156
1277.03929394377	986.025024414063
1279.61062676308	988.965026855469
1282.18115643624	985.505004882813
1284.75088331502	983.195007324219
1287.31980775098	985.169982910156
1289.88793009548	984.544982910156
1292.45525069969	979.544982910156
1295.02176991454	978.25
1297.58748809078	978.344970703125
1300.15240557897	981.135009765625
1302.71652272942	986.155029296875
1305.27983989229	989.390014648438
1307.84235741749	991.590026855469
1310.40407565475	996.255004882813
1312.9649949536	997.799987792969
1315.52511566335	999.684997558594
1318.08443813311	1001.27502441406
1320.64296271181	1000.88000488281
1323.20068974815	1002.67999267578
1325.75761959063	1000.28997802734
1328.31375258756	1000.99499511719
1330.86908908704	999.760009765625
1333.42362943696	998.815002441406
1335.97737398503	1002.125
1338.53032307874	1005.21997070313
1341.08247706537	1009.81500244141
1343.63383629202	1005.82000732422
1346.18440110558	998.429992675781
1348.73417185274	989.489990234375
1351.28314887997	980.125
1353.83133253357	971.505004882813
1356.37872315961	966.090026855469
1358.92532110398	961.369995117188
1361.47112671237	957.619995117188
1364.01614033024	952.570007324219
1366.56036230288	947.414978027344
1369.10379297537	944.405029296875
1371.64643269258	938.215026855469
1374.18828179921	936.414978027344
1376.72934063972	936.5
1379.2696095584	934.955017089844
1381.80908889932	933.580017089844
1384.34777900637	931.625
1386.88568022323	932.869995117188
1389.42279289337	932.919982910156
1391.95911736009	934.775024414063
1394.49465396645	939.570007324219
1397.02940305537	940.409973144531
1399.5633649695	940.570007324219
1402.09654005135	940.530029296875
1404.6289286432	942.914978027344
1407.16053108714	947.565002441406
1409.69134772507	949.530029296875
1412.22137889868	948.080017089844
1414.75062494947	945.580017089844
1417.27908621874	945.755004882813
1419.80676304759	947.400024414063
1422.33365577692	950.609985351563
1424.85976474744	954.75
1427.38509029967	956.424987792969
1429.90963277392	960.244995117188
1432.4333925103	966.580017089844
1434.95636984873	978.065002441406
1437.47856512894	988.809997558594
1439.99997869045	1005.26000976563
1442.5206108726	1018.63500976563
1445.04046201452	1031.25
1447.55953245515	1035.71496582031
1450.07782253323	1034.81005859375
1452.59533258731	1035.61499023438
1455.11206295574	1040.81005859375
1457.62801397668	1030.46496582031
1460.14318598809	1020.05499267578
1462.65757932774	1008.68499755859
1465.1711943332	997.460021972656
1467.68403134184	986.900024414063
1470.19609069085	971.635009765625
1472.70737271721	955.340026855469
1475.21787775772	939.445007324219
1477.72760614897	924.794982910156
1480.23655822738	913.799987792969
1482.74473432914	904.090026855469
1485.25213479029	894.719970703125
1487.75875994664	889.085021972656
1490.26461013382	882.724975585938
1492.76968568726	880.275024414063
1495.27398694222	877.789978027344
1497.77751423374	875.614990234375
1500.28026789667	875.335021972656
1502.78224826569	874.5
1505.28345567526	872.905029296875
1507.78389045967	872.405029296875
1510.28355295299	870.909973144531
1512.78244348913	871.804992675781
1515.28056240178	870.184997558594
1517.77791002445	870.450012207031
1520.27448669047	870.335021972656
1522.77029273296	870.650024414063
1525.26532848486	869.200012207031
1527.75959427889	870.565002441406
1530.25309044764	870.965026855469
1532.74581732344	871.789978027344
1535.23777523847	871.710021972656
1537.72896452471	872.965026855469
1540.21938551394	875.299987792969
1542.70903853778	877.885009765625
1545.19792392761	881.890014648438
1547.68604201466	883.590026855469
1550.17339312997	887.510009765625
1552.65997760434	889.034973144531
1555.14579576845	890.195007324219
1557.63084795275	890.015014648438
1560.11513448749	888.375
1562.59865570276	885.400024414063
1565.08141192845	884.539978027344
1567.56340349426	883.655029296875
1570.04463072969	885.284973144531
1572.52509396406	885.780029296875
1575.00479352652	886.60498046875
1577.48372974599	890.830017089844
1579.96190295124	892.309997558594
1582.43931347083	893.640014648438
1584.91596163314	895.030029296875
1587.39184776636	897.210021972656
1589.86697219849	899.119995117188
1592.34133525734	899.799987792969
1594.81493727054	903.695007324219
1597.28777856553	909.190002441406
1599.75985946955	914.919982910156
1602.23118030968	921.52001953125
1604.70174141278	925.125
1607.17154310555	930.219970703125
1609.64058571449	931.940002441406
1612.10886956591	931.844970703125
1614.57639498595	927.075012207031
1617.04316230054	925.570007324219
1619.50917183543	924.275024414063
1621.97442391621	923.414978027344
1624.43891886825	921.255004882813
1626.90265701674	918.934997558594
1629.36563868671	920.375
1631.82786420296	921.960021972656
1634.28933389016	926.484985351563
1636.75004807274	930.080017089844
1639.21000707498	937.010009765625
1641.66921122097	946.510009765625
1644.12766083459	957.030029296875
1646.58535623956	968.010009765625
1649.04229775941	978.244995117188
1651.4984857175	985.289978027344
1653.95392043697	991.25
1656.40860224079	994.179992675781
1658.86253145177	997.275024414063
1661.3157083925	994.674987792969
1663.76813338542	990.710021972656
1666.21980675275	986.469970703125
1668.67072881656	983.239990234375
1671.1208998987	977.840026855469
1673.57032032089	972.364990234375
1676.0189904046	964.330017089844
1678.46691047118	952.794982910156
1680.91408084174	940.760009765625
1683.36050183726	930.619995117188
1685.8061737785	920.169982910156
1688.25109698605	910.594970703125
1690.69527178032	900.534973144531
1693.13869848153	892.419982910156
1695.58137740972	886.195007324219
1698.02330888476	879.114990234375
1700.46449322631	870.659973144531
1702.90493075388	863.114990234375
1705.34462178678	859.650024414063
1707.78356664414	856.10498046875
1710.22176564492	853.210021972656
1712.65921910787	850.39501953125
1715.0959273516	848.099975585938
1717.53189069449	846.239990234375
1719.9671094548	845.840026855469
1722.40158395054	844.994995117188
1724.8353144996	843.544982910156
1727.26830141965	843.594970703125
1729.70054502819	844.635009765625
1732.13204564255	843.570007324219
1734.56280357987	843.260009765625
1736.99281915711	842.260009765625
1739.42209269106	841.140014648438
1741.85062449831	840.835021972656
1744.27841489529	841.594970703125
1746.70546419823	841.155029296875
1749.13177272321	841.875
1751.5573407861	840.635009765625
1753.98216870262	839.450012207031
1756.40625678828	840.820007324219
1758.82960535844	839.614990234375
1761.25221472825	839.099975585938
1763.67408521271	839.184997558594
1766.09521712663	839.210021972656
1768.51561078464	838.655029296875
1770.93526650119	838.030029296875
1773.35418459056	837.799987792969
1775.77236536684	838.934997558594
1778.18980914396	839.72998046875
1780.60651623565	838.315002441406
1783.02248695548	837.169982910156
1785.43772161684	838.039978027344
1787.85222053292	836.945007324219
1790.26598401677	838.409973144531
1792.67901238123	837.739990234375
1795.09130593899	838.539978027344
1797.50286500254	836.789978027344
1799.9136898842	836.244995117188
1802.32378089613	835.325012207031
1804.73313835028	836.429992675781
1807.14176255846	836.155029296875
1809.54965383228	836.244995117188
1811.95681248317	836.414978027344
1814.36323882242	834.445007324219
1816.76893316109	835.609985351563
1819.17389581011	835.200012207031
1821.57812708021	835.469970703125
1823.98162728196	834.525024414063
1826.38439672573	835.950012207031
1828.78643572174	835.815002441406
1831.18774458003	835.804992675781
1833.58832361045	834.719970703125
1835.98817312269	835.195007324219
1838.38729342625	834.184997558594
1840.78568483048	833.075012207031
1843.18334764454	832.734985351563
1845.58028217741	830.760009765625
1847.9764887379	832.255004882813
1850.37196763465	832.705017089844
1852.76671917613	833.760009765625
1855.16074367062	833.950012207031
1857.55404142624	834.52001953125
1859.94661275094	833.455017089844
1862.33845795247	833.190002441406
1864.72957733844	832.580017089844
1867.11997121627	832.710021972656
1869.5096398932	832.825012207031
1871.89858367631	833.549987792969
1874.28680287251	831.684997558594
1876.67429778851	831.905029296875
1879.06106873089	831.780029296875
1881.44711600601	832.570007324219
1883.8324399201	832.469970703125
1886.21704077919	831.510009765625
1888.60091888915	831.534973144531
1890.98407455567	832.299987792969
1893.36650808428	832.179992675781
1895.74821978033	832.655029296875
1898.12920994899	832.125
1900.50947889527	831.289978027344
1902.88902692401	831.684997558594
1905.26785433986	831.445007324219
1907.64596144734	832.484985351563
1910.02334855075	832.010009765625
1912.40001595424	832.849975585938
1914.7759639618	833.179992675781
1917.15119287724	833.315002441406
1919.52570300419	833.340026855469
1921.89949464611	833.445007324219
1924.27256810632	831.960021972656
1926.64492368793	832.315002441406
1929.0165616939	832.409973144531
1931.38748242701	831.969970703125
1933.75768618989	831.190002441406
1936.12717328497	831.780029296875
1938.49594401455	831.335021972656
1940.86399868071	831.534973144531
1943.23133758541	831.659973144531
1945.5979610304	830.984985351563
1947.96386931729	832.690002441406
1950.32906274751	833.47998046875
1952.69354162232	833.224975585938
1955.0573062428	832.655029296875
1957.42035690989	831.799987792969
1959.78269392434	830.900024414063
1962.14431758673	831.710021972656
1964.50522819748	830.765014648438
1966.86542605684	832.150024414063
1969.22491146488	832.705017089844
1971.58368472153	833.239990234375
1973.94174612654	831.690002441406
1976.29909597945	832.27001953125
1978.65573457971	832.715026855469
1981.01166222654	832.510009765625
1983.36687921902	831.280029296875
1985.72138585606	830.219970703125
1988.07518243639	830.60498046875
1990.42826925859	830.494995117188
1992.78064662106	831.47998046875
1995.13231482205	831.289978027344
1997.48327415961	830.875
1999.83352493167	831.35498046875
2002.18306743594	832.184997558594
2004.53190197002	830.780029296875
2006.8800288313	831.109985351563
2009.22744831703	831.505004882813
2011.57416072427	830.510009765625
2013.92016634993	830.619995117188
2016.26546549076	829.924987792969
2018.61005844332	830.150024414063
2020.95394550404	829.119995117188
2023.29712696915	829.325012207031
2025.63960313474	830.39501953125
2027.98137429672	829.47998046875
2030.32244075083	830.375
2032.66280279266	830.760009765625
2035.00246071763	830.219970703125
2037.34141482099	830.195007324219
2039.67966539784	830.450012207031
2042.01721274309	829.390014648438
2044.35405715151	831.099975585938
2046.69019891769	830.989990234375
2049.02563833606	831.184997558594
2051.3603757009	832.065002441406
2053.6944113063	831.994995117188
2056.0277454462	830.784973144531
2058.36037841439	829.455017089844
2060.69231050446	829.684997558594
2063.02354200988	830.099975585938
2065.35407322392	831.650024414063
2067.68390443971	833.010009765625
2070.01303595021	832.60498046875
2072.3414680482	832.599975585938
2074.66920102633	831.640014648438
2076.99623517706	830.815002441406
2079.32257079271	831.200012207031
2081.6482081654	832.090026855469
2083.97314758713	832.030029296875
2086.29738934971	832.335021972656
2088.62093374481	832.35498046875
2090.94378106391	833.905029296875
2093.26593159835	832.065002441406
2095.5873856393	832.184997558594
2097.90814347777	831.575012207031
2100.2282054046	832.659973144531
2102.54757171048	832.599975585938
2104.86624268594	833.119995117188
2107.18421862133	833.60498046875
2109.50149980686	832.544982910156
2111.81808653257	831.945007324219
2114.13397908834	831.875
2116.44917776388	831.864990234375
2118.76368284875	833.684997558594
2121.07749463235	834.159973144531
2123.39061340391	833.599975585938
2125.70303945252	834.864990234375
2128.01477306707	834.340026855469
2130.32581453634	833.549987792969
2132.63616414891	832.635009765625
2134.94582219322	833.030029296875
2137.25478895754	832.570007324219
2139.56306472999	831.875
2141.87064979851	833.734985351563
2144.17754445092	833.765014648438
2146.48374897484	834.510009765625
2148.78926365774	833.419982910156
2151.09408878695	833.380004882813
2153.39822464963	833.065002441406
2155.70167153277	833.02001953125
2158.00442972321	833.304992675781
2160.30649950763	833.325012207031
2162.60788117256	833.400024414063
2164.90857500436	833.875
2167.20858128923	834.534973144531
2169.50790031323	834.119995117188
2171.80653236223	833.599975585938
2174.10447772198	833.330017089844
2176.40173667804	832.760009765625
2178.69830951582	834.359985351563
2180.99419652058	833.844970703125
2183.28939797743	833.619995117188
2185.5839141713	833.184997558594
2187.87774538698	832.804992675781
2190.17089190908	833.950012207031
2192.46335402209	832.875
2194.75513201032	833.474975585938
2197.04622615791	833.5
2199.33663674886	833.150024414063
2201.62636406702	832.034973144531
2203.91540839606	831.534973144531
2206.20377001952	832.294982910156
2208.49144922077	830.385009765625
2210.77844628302	830.489990234375
2213.06476148933	831.280029296875
2215.3503951226	831.375
2217.63534746557	831.080017089844
2219.91961880085	831.125
2222.20320941085	832.755004882813
2224.48611957785	834.030029296875
2226.76834958399	832.125
2229.04989971122	830.950012207031
2231.33077024136	830.484985351563
2233.61096145607	830.804992675781
2235.89047363683	831.760009765625
2238.169307065	833.385009765625
2240.44746202178	832.549987792969
2242.72493878819	833.169982910156
2245.00173764511	832.594970703125
2247.27785887327	833.109985351563
2249.55330275324	831.950012207031
2251.82806956545	832.330017089844
2254.10215959014	832.030029296875
2256.37557310744	832.215026855469
2258.64831039729	831.880004882813
2260.92037173949	831.150024414063
2263.19175741368	831.549987792969
2265.46246769938	831.825012207031
2267.7325028759	831.919982910156
2270.00186322243	832.530029296875
2272.270549018	832.635009765625
2274.5385605415	833.044982910156
2276.80589807165	832.960021972656
2279.07256188702	834.385009765625
2281.33855226601	833.484985351563
2283.60386948691	833.25
2285.86851382782	834.125
2288.1324855667	834.210021972656
2290.39578498136	833.340026855469
2292.65841234945	832.080017089844
2294.92036794847	832.159973144531
2297.18165205578	830.760009765625
2299.44226494856	830.554992675781
2301.70220690387	832.700012207031
2303.96147819859	834.184997558594
2306.22007910947	834.239990234375
2308.47800991309	832.835021972656
2310.73527088589	833.059997558594
2312.99186230416	833.594970703125
2315.24778444403	833.929992675781
2317.50303758149	834.224975585938
2319.75762199235	835.174987792969
2322.01153795231	835.289978027344
2324.26478573689	836.27001953125
2326.51736562147	835.690002441406
2328.76927788127	836.265014648438
2331.02052279137	835.179992675781
2333.2711006267	835.294982910156
2335.52101166203	833.945007324219
2337.77025617198	833.755004882813
2340.01883443103	833.265014648438
2342.2667467135	833.380004882813
2344.51399329356	833.849975585938
2346.76057444525	833.599975585938
2349.00649044241	833.114990234375
2351.2517415588	834.72998046875
2353.49632806796	834.179992675781
2355.74025024334	833.835021972656
2357.98350835819	834
2360.22610268566	833.22998046875
2362.4680334987	832.179992675781
2364.70930107016	831.414978027344
2366.94990567269	830.344970703125
2369.18984757884	831.375
2371.42912706098	832.835021972656
2373.66774439134	833.390014648438
2375.90569984199	832.200012207031
2378.14299368488	832.135009765625
2380.37962619179	833.765014648438
2382.61559763435	832.099975585938
2384.85090828405	832.150024414063
2387.08555841222	831.815002441406
2389.31954829006	832.114990234375
2391.55287818861	832.869995117188
2393.78554837877	832.734985351563
2396.01755913128	833.39501953125
2398.24891071673	833.190002441406
2400.47960340558	833.405029296875
2402.70963746814	832.97998046875
2404.93901317456	832.724975585938
2407.16773079485	833.77001953125
2409.39579059887	834.22998046875
2411.62319285633	832.710021972656
2413.84993783681	832.474975585938
2416.07602580971	831.914978027344
2418.30145704432	833.030029296875
2420.52623180977	833.705017089844
2422.75035037503	833.265014648438
2424.97381300893	833.239990234375
2427.19661998017	834.094970703125
2429.41877155729	834
2431.64026800867	835.015014648438
2433.86110960257	834.635009765625
2436.08129660709	833.760009765625
2438.30082929019	832.97998046875
2440.51970791967	833.655029296875
2442.73793276321	833.950012207031
2444.95550408832	833.445007324219
2447.17242216237	832.900024414063
2449.38868725259	832.489990234375
2451.60429962607	833.364990234375
2453.81925954975	834.885009765625
2456.03356729041	832.719970703125
2458.2472231147	832.424987792969
2460.46022728913	833.065002441406
2462.67258008005	833.609985351563
2464.88428175368	833.989990234375
2467.09533257608	834.015014648438
2469.30573281318	834.085021972656
2471.51548273076	833.034973144531
2473.72458259445	833.414978027344
2475.93303266974	835.090026855469
2478.14083322198	835.614990234375
2480.34798451637	835.320007324219
2482.55448681797	834.784973144531
2484.76034039169	833.5
2486.96554550231	833.864990234375
2489.17010241445	833.494995117188
2491.37401139259	834.625
2493.57727270109	835.934997558594
2495.77988660412	835.60498046875
2497.98185336574	834.184997558594
2500.18317324987	834.825012207031
2502.38384652028	834.950012207031
2504.58387344058	834.364990234375
2506.78325427425	836.585021972656
2508.98198928465	835.135009765625
2511.18007873495	835.690002441406
2513.37752288821	836.25
2515.57432200735	836.554992675781
2517.77047635514	836.309997558594
2519.96598619419	833.974975585938
2522.16085178699	835.510009765625
2524.35507339589	837.155029296875
2526.54865128308	837.890014648438
2528.74158571062	837.724975585938
2530.93387694042	836.359985351563
2533.12552523427	837.234985351563
2535.31653085379	836.174987792969
2537.50689406046	836.719970703125
2539.69661511566	837.164978027344
2541.88569428057	836.590026855469
2544.07413181627	838.169982910156
2546.26192798368	837.400024414063
2548.44908304359	836.794982910156
2550.63559725664	836.114990234375
2552.82147088333	836.280029296875
2555.00670418402	839.039978027344
2557.19129741894	838.85498046875
2559.37525084817	838.159973144531
2561.55856473164	837.369995117188
2563.74123932917	836.994995117188
2565.92327490039	838.35498046875
2568.10467170484	838.409973144531
2570.28543000189	838.309997558594
2572.46555005079	837.864990234375
2574.64503211063	838.840026855469
2576.82387644036	839.994995117188
2579.00208329882	840.094970703125
2581.17965294468	839.559997558594
2583.35658563648	838.054992675781
2585.53288163263	837.554992675781
2587.70854119137	837.914978027344
2589.88356457084	839.534973144531
2592.05795202902	840.849975585938
2594.23170382376	840.780029296875
2596.40482021275	840.929992675781
2598.57730145356	841.015014648438
2600.74914780363	840.505004882813
2602.92035952023	840.140014648438
2605.09093686053	841
2607.26088008153	842.599975585938
2609.4301894401	844.369995117188
2611.59886519299	843.734985351563
2613.76690759678	844.52001953125
2615.93431690793	843.655029296875
2618.10109338277	843.375
2620.26723727748	843.739990234375
2622.4327488481	844.575012207031
2624.59762835054	844.575012207031
2626.76187604057	843.849975585938
2628.92549217382	845.5
2631.08847700579	845.825012207031
2633.25083079182	847.085021972656
2635.41255378715	846.934997558594
2637.57364624684	846.869995117188
2639.73410842586	845.945007324219
2641.893940579	846.859985351563
2644.05314296094	847.755004882813
2646.21171582621	847.344970703125
2648.36965942921	848.140014648438
2650.5269740242	849.515014648438
2652.6836598653	850.539978027344
2654.83971720651	850.030029296875
2656.99514630167	849.669982910156
2659.1499474045	847.294982910156
2661.30412076857	850.614990234375
2663.45766664734	851.664978027344
2665.61058529411	852.580017089844
2667.76287696204	852.424987792969
2669.91454190418	852.559997558594
2672.06558037342	853.184997558594
2674.21599262253	852.474975585938
2676.36577890413	853.474975585938
2678.51493947072	853.005004882813
2680.66347457466	851.039978027344
2682.81138446816	853.359985351563
2684.95866940332	854.5
2687.10532963209	854.960021972656
2689.25136540628	856.780029296875
2691.39677697757	857.265014648438
2693.54156459752	856.869995117188
2695.68572851753	855.515014648438
2697.82926898888	857.419982910156
2699.97218626272	859.544982910156
2702.11448059006	860.239990234375
2704.25615222175	861.659973144531
2706.39720140856	862.52001953125
2708.53762840109	862.390014648438
2710.67743344979	864.244995117188
2712.81661680503	865.47998046875
2714.95517871698	867.815002441406
2717.09311943574	869.880004882813
2719.23043921123	872.325012207031
2721.36713829325	874.700012207031
2723.50321693148	876.075012207031
2725.63867537545	876.255004882813
2727.77351387456	877.804992675781
2729.90773267809	878.594970703125
2732.04133203516	879.684997558594
2734.17431219478	878.315002441406
2736.30667340581	876.614990234375
2738.438415917	876.070007324219
2740.56953997695	874.630004882813
2742.70004583414	873.630004882813
2744.82993373688	873.10498046875
2746.9592039334	872.525024414063
2749.08785667177	870.260009765625
2751.21589219993	869.075012207031
2753.34331076568	868.849975585938
2755.4701126167	869.619995117188
2757.59629800054	870.094970703125
2759.7218671646	870.799987792969
2761.84682035617	869.450012207031
2763.9711578224	870.015014648438
2766.0948798103	871.14501953125
2768.21798656676	871.190002441406
2770.34047833852	869.960021972656
2772.46235537222	869.294982910156
2774.58361791434	869.469970703125
2776.70426621124	869.710021972656
2778.82430050915	868.205017089844
2780.94372105416	866.419982910156
2783.06252809224	865.080017089844
2785.18072186922	866.340026855469
2787.29830263081	868.135009765625
2789.41527062257	867.304992675781
2791.53162608996	866.909973144531
2793.64736927828	867.025024414063
2795.76250043271	866.919982910156
2797.8770197983	866.565002441406
2799.99092761997	869.820007324219
2802.10422414252	872.205017089844
2804.21690961059	872.580017089844
2806.32898426873	873.864990234375
2808.44044836132	877.875
2810.55130213264	878.700012207031
2812.66154582682	881.255004882813
2814.77117968788	882.510009765625
2816.8802039597	885.385009765625
2818.98861888601	887.674987792969
2821.09642471046	891.525024414063
2823.20362167653	895.275024414063
2825.31021002756	899.434997558594
2827.41619000682	905.065002441406
2829.52156185738	911.369995117188
2831.62632582224	917.234985351563
2833.73048214422	921.445007324219
2835.83403106606	928.489990234375
2837.93697283033	935.789978027344
2840.03930767951	947.114990234375
2842.1410358559	961.344970703125
2844.24215760173	974.630004882813
2846.34267315905	989.195007324219
2848.44258276982	1007.33001708984
2850.54188667585	1026.48498535156
2852.64058511883	1049.94995117188
2854.73867834032	1072.81994628906
2856.83616658175	1091.95495605469
2858.93305008443	1113.80004882813
2861.02932908952	1140.86499023438
2863.12500383809	1167.13500976563
2865.22007457104	1200.51501464844
2867.31454152918	1232.36499023438
2869.40840495316	1258.28503417969
2871.50166508353	1286.18505859375
2873.59432216069	1311.34997558594
2875.68637642493	1327.50500488281
2877.77782811641	1341.43994140625
2879.86867747515	1346.73999023438
2881.95892474105	1342.98999023438
2884.0485701539	1348.44494628906
2886.13761395333	1351.68005371094
2888.22605637886	1355.82995605469
2890.3138976699	1359.82995605469
2892.40113806571	1375.47998046875
2894.48777780544	1394.67504882813
2896.57381712808	1415.03002929688
2898.65925627254	1420.0849609375
2900.74409547758	1421.6650390625
2902.82833498183	1440.57495117188
2904.9119750238	1463.06994628906
2906.99501584188	1496.31494140625
2909.07745767432	1529.00500488281
2911.15930075925	1560.52001953125
2913.24054533469	1583.57995605469
2915.3211916385	1595.98498535156
2917.40123990846	1625.48999023438
2919.48069038217	1661.23999023438
2921.55954329716	1678.14001464844
2923.63779889079	1691.54504394531
2925.71545740033	1710.88500976563
2927.79251906289	1731.13000488281
2929.86898411548	1751.06494140625
2931.94485279498	1758.01000976563
2934.02012533815	1750.39501953125
2936.0948019816	1748.88500976563
2938.16888296184	1735.76501464844
2940.24236851525	1699.24499511719
2942.31525887809	1666.21496582031
2944.38755428648	1642.02502441406
2946.45925497643	1626.16003417969
2948.53036118382	1591.16003417969
2950.6008731444	1548.90002441406
2952.67079109381	1515.83996582031
2954.74011526755	1477.125
2956.80884590101	1453.42504882813
2958.87698322944	1449.73498535156
2960.94452748799	1441.65502929688
2963.01147891167	1423.90502929688
2965.07783773535	1406.44494628906
2967.14360419382	1384.60498046875
2969.2087785217	1364.56994628906
2971.27336095352	1355.625
2973.33735172366	1341.73999023438
2975.40075106641	1321.0849609375
2977.46355921591	1304.47998046875
2979.52577640618	1283.61499023438
2981.58740287112	1263.02502441406
2983.64843884452	1242.19494628906
2985.70888456003	1229.23498535156
2987.76874025117	1211.81994628906
2989.82800615137	1191.70495605469
2991.88668249391	1171.68505859375
2993.94476951194	1144.67004394531
2996.00226743852	1116.28503417969
2998.05917650657	1094.81994628906
3000.11549694887	1080.18005371094
3002.17122899812	1061.17004394531
3004.22637288685	1044.5400390625
3006.2809288475	1030.2900390625
3008.33489711238	1018.01000976563
3010.38827791368	1003.88000488281
3012.44107148345	991.380004882813
3014.49327805366	980.72998046875
3016.5448978561	973.059997558594
3018.59593112249	969.299987792969
3020.64637808441	961.905029296875
3022.6962389733	952.75
3024.74551402051	946.575012207031
3026.79420345725	944.669982910156
3028.84230751461	943.585021972656
3030.88982642357	942.630004882813
3032.93676041497	942.445007324219
3034.98310971955	943.434997558594
3037.02887456791	948.22998046875
3039.07405519054	953.679992675781
3041.11865181781	954.494995117188
3043.16266467996	956.015014648438
3045.20609400713	957.405029296875
3047.24894002932	960.700012207031
3049.2912029764	965.734985351563
3051.33288307815	972
3053.37398056421	979.205017089844
3055.41449566411	985.784973144531
3057.45442860725	991.97998046875
3059.49377962291	994.335021972656
3061.53254894026	995.684997558594
3063.57073678834	998.284973144531
3065.60834339607	993.565002441406
3067.64536899227	986.905029296875
3069.68181380561	978.549987792969
3071.71767806467	970.075012207031
3073.75296199788	960.554992675781
3075.78766583357	949.429992675781
3077.82178979997	938.294982910156
3079.85533412513	928.549987792969
3081.88829903705	922.75
3083.92068476356	919.635009765625
3085.95249153241	915.539978027344
3087.98371957119	911.994995117188
3090.01436910741	905.650024414063
3092.04444036844	901.840026855469
3094.07393358152	901.090026855469
3096.10284897381	901.994995117188
3098.13118677232	899.510009765625
3100.15894720395	899.440002441406
3102.18613049548	899.405029296875
3104.21273687357	898.025024414063
3106.23876656477	898.52001953125
3108.2642197955	897.080017089844
3110.28909679208	897.835021972656
3112.31339778069	897.489990234375
3114.33712298741	896.77001953125
3116.36027263819	896.789978027344
3118.38284695887	900.655029296875
3120.40484617516	902.47998046875
3122.42627051268	902.859985351563
3124.4471201969	902.849975585938
3126.46739545319	902.14501953125
3128.4870965068	901.840026855469
3130.50622358287	901.549987792969
3132.5247769064	900.969970703125
3134.54275670229	901.969970703125
3136.56016319534	901.125
3138.57699661019	900.934997558594
3140.59325717139	902.39501953125
3142.60894510338	904.809997558594
3144.62406063047	905.280029296875
3146.63860397686	904.099975585938
3148.65257536662	902.724975585938
3150.66597502371	903.840026855469
3152.67880317199	905.494995117188
3154.69106003518	903.635009765625
3156.70274583691	905.419982910156
3158.71386080065	908.710021972656
3160.72440514981	910.594970703125
3162.73437910763	912.14501953125
3164.74378289728	913.114990234375
3166.75261674179	912.934997558594
3168.76088086407	912.864990234375
3170.76857548692	914.335021972656
3172.77570083303	915.059997558594
3174.78225712498	916.325012207031
3176.78824458521	918
3178.79366343607	921.25
3180.79851389977	923.080017089844
3182.80279619844	923.044982910156
3184.80651055405	921.515014648438
3186.80965718849	923.02001953125
3188.81223632353	924.22998046875
3190.81424818081	926.239990234375
3192.81569298186	928.830017089844
3194.8165709481	930.664978027344
3196.81688230084	933.940002441406
3198.81662726126	934.679992675781
3200.81580605044	937.244995117188
3202.81441888933	936.119995117188
3204.81246599879	937.434997558594
3206.80994759954	941.880004882813
3208.80686391219	946.804992675781
3210.80321515726	947.390014648438
3212.79900155512	947.010009765625
3214.79422332605	947.054992675781
3216.78888069021	946.344970703125
3218.78297386765	949.960021972656
3220.77650307828	950.919982910156
3222.76946854195	953.72998046875
3224.76187047834	953.469970703125
3226.75370910705	956.775024414063
3228.74498464755	958.364990234375
3230.73569731921	956.434997558594
3232.72584734127	956.174987792969
3234.71543493287	957.585021972656
3236.70446031304	961.10498046875
3238.69292370068	963.914978027344
3240.68082531459	964.265014648438
3242.66816537345	964.5
3244.65494409583	966.460021972656
3246.6411617002	969.219970703125
3248.62681840488	973.335021972656
3250.61191442812	975.505004882813
3252.59644998804	978.544982910156
3254.58042530263	981.369995117188
3256.56384058979	982.385009765625
3258.54669606731	980.304992675781
3260.52899195285	980.594970703125
3262.51072846396	981.544982910156
3264.4919058181	986.109985351563
3266.47252423259	988.825012207031
3268.45258392464	992.469970703125
3270.43208511138	996.804992675781
3272.41102800978	999.64501953125
3274.38941283675	1002.27502441406
3276.36723980904	1002.76501464844
3278.34450914332	1006.59997558594
3280.32122105613	1009.10998535156
3282.29737576392	1009.96002197266
3284.272973483	1012.64001464844
3286.24801442958	1017.68499755859
3288.22249881978	1018.78497314453
3290.19642686957	1018.10498046875
3292.16979879485	1020.86499023438
3294.14261481136	1023.59002685547
3296.11487513478	1021.10498046875
3298.08657998065	1018.52001953125
3300.0577295644	1014.86499023438
3302.02832410136	1016.36499023438
3303.99836380673	1016.97998046875
3305.96784889563	1016.77001953125
3307.93677958303	1014.89001464844
3309.90515608383	1014.04998779297
3311.87297861278	1009.50500488281
3313.84024738456	1008.78497314453
3315.80696261371	1011.11499023438
3317.77312451466	1010.05999755859
3319.73873330175	1006.64501953125
3321.70378918919	1005.81500244141
3323.66829239109	1006.73999023438
3325.63224312145	1006.67999267578
3327.59564159416	1000.65997314453
3329.55848802299	995.284973144531
3331.52078262162	995.809997558594
3333.4825256036	996.119995117188
3335.44371718237	994.650024414063
3337.40435757128	994.349975585938
3339.36444698356	996.099975585938
3341.32398563232	994.784973144531
3343.28297373058	992.719970703125
3345.24141149124	990.599975585938
3347.19929912709	991.825012207031
3349.15663685081	995.940002441406
3351.11342487497	999.719970703125
3353.06966341204	997.429992675781
3355.02535267437	994.244995117188
3356.98049287421	991.075012207031
3358.9350842237	988.330017089844
3360.88912693486	988.119995117188
3362.84262121962	989.099975585938
3364.79556728978	988.030029296875
3366.74796535705	988.469970703125
3368.69981563302	986.265014648438
3370.65111832917	984.734985351563
3372.60187365689	985.005004882813
3374.55208182744	984.109985351563
3376.50174305198	981.494995117188
3378.45085754157	978.994995117188
3380.39942550714	978.715026855469
3382.34744715954	978.119995117188
3384.29492270949	975.974975585938
3386.24185236761	971.809997558594
3388.18823634442	968.554992675781
3390.13407485031	969.385009765625
3392.07936809559	969.739990234375
3394.02411629045	969.469970703125
3395.96831964496	971.210021972656
3397.91197836911	971.424987792969
3399.85509267275	969.169982910156
3401.79766276564	963.77001953125
3403.73968885745	960.77001953125
3405.68117115771	962.169982910156
3407.62210987586	964.179992675781
3409.56250522123	963.599975585938
3411.50235740305	961.64501953125
3413.44166663043	958.619995117188
3415.38043311238	952.989990234375
3417.3186570578	954.065002441406
3419.2563386755	959.030029296875
3421.19347817415	959.60498046875
3423.13007576235	957.830017089844
3425.06613164857	956.325012207031
3427.00164604118	957.070007324219
3428.93661914844	954.859985351563
3430.87105117852	951.364990234375
3432.80494233945	949.275024414063
3434.73829283919	948.974975585938
3436.67110288558	952.215026855469
3438.60337268634	952.484985351563
3440.53510244911	950.734985351563
3442.4662923814	949.510009765625
3444.39694269064	948.234985351563
3446.32705358412	946.715026855469
3448.25662526905	944.419982910156
3450.18565795254	942.679992675781
3452.11415184156	944.515014648438
3454.04210714302	941.599975585938
3455.96952406369	940.744995117188
3457.89640281024	937.724975585938
3459.82274358924	935.739990234375
3461.74854660717	935.25
3463.67381207038	933.005004882813
3465.59854018513	930.289978027344
3467.52273115756	927.494995117188
3469.44638519373	925.955017089844
3471.36950249956	925.044982910156
3473.29208328091	924.390014648438
3475.21412774349	923.590026855469
3477.13563609293	921.640014648438
3479.05660853476	919.885009765625
3480.97704527438	918.109985351563
3482.89694651712	916.369995117188
3484.81631246818	915.039978027344
3486.73514333266	912.47998046875
3488.65343931557	910.450012207031
3490.57120062179	908.125
3492.48842745612	904.059997558594
3494.40512002324	902.799987792969
3496.32127852773	900.174987792969
3498.23690317408	899.349975585938
3500.15199416666	899.205017089844
3502.06655170974	898.900024414063
3503.98057600749	897.14501953125
3505.89406726396	894.304992675781
3507.80702568312	893.320007324219
3509.71945146883	893.044982910156
3511.63134482483	889.804992675781
3513.54270595478	888.825012207031
3515.45353506222	886.440002441406
3517.3638323506	883.890014648438
3519.27359802324	882.344970703125
3521.1828322834	880.75
3523.09153533419	876.544982910156
3524.99970737866	875.695007324219
3526.90734861972	874.510009765625
3528.81445926021	875.155029296875
3530.72103950283	874.950012207031
3532.62708955022	871.440002441406
3534.53260960488	868.580017089844
3536.43759986923	865.544982910156
3538.34206054558	864.650024414063
3540.24599183613	862.434997558594
3542.149393943	862.190002441406
3544.05226706817	861.664978027344
3545.95461141357	858.325012207031
3547.85642718097	855.119995117188
3549.75771457208	852.385009765625
3551.6584737885	852.280029296875
3553.55870503171	853.840026855469
3555.4584085031	854.340026855469
3557.35758440396	851.929992675781
3559.25623293548	849.489990234375
3561.15435429874	847.72998046875
3563.05194869473	849.390014648438
3564.94901632432	847.344970703125
3566.84555738829	843.60498046875
3568.74157208732	842.375
3570.63706062199	840.804992675781
3572.53202319277	841.809997558594
3574.42646000003	842.025024414063
3576.32037124406	842.054992675781
3578.213757125	840.809997558594
3580.10661784295	838.844970703125
3581.99895359786	837.179992675781
3583.8907645896	836.695007324219
3585.78205101794	836.090026855469
3587.67281308254	835.994995117188
3589.56305098297	834.614990234375
3591.4527649187	833.025024414063
3593.34195508907	831.840026855469
3595.23062169338	831
3597.11876493075	828.325012207031
3599.00638500027	827.890014648438
3600.89348210089	827.075012207031
3602.78005643148	826.35498046875
3604.66610819078	825.919982910156
3606.55163757747	825.775024414063
3608.4366447901	824.174987792969
3610.32113002713	821.820007324219
3612.20509348693	821.359985351563
3614.08853536774	821.72998046875
3615.97145586773	820.940002441406
3617.85385518497	820.044982910156
3619.7357335174	818.534973144531
3621.61709106289	817.679992675781
3623.4979280192	816.929992675781
3625.37824458399	815.059997558594
3627.25804095482	813.909973144531
3629.13731732915	813.695007324219
3631.01607390435	812.974975585938
3632.89431087767	813.349975585938
3634.77202844629	813.015014648438
3636.64922680726	811.739990234375
3638.52590615754	811.484985351563
3640.40206669402	811.14501953125
3642.27770861344	810.525024414063
3644.15283211248	809.380004882813
3646.02743738771	809.739990234375
3647.90152463559	809.039978027344
3649.77509405251	807.179992675781
3651.64814583473	805.474975585938
3653.52068017842	805.585021972656
3655.39269727965	803.909973144531
3657.26419733442	804.744995117188
3659.13518053858	804.215026855469
3661.00564708793	803.974975585938
3662.87559717814	802.265014648438
3664.7450310048	801.130004882813
3666.61394876338	800.919982910156
3668.48235064928	800.840026855469
3670.35023685779	799.635009765625
3672.21760758409	798.864990234375
3674.08446302327	798.109985351563
3675.95080337033	798.039978027344
3677.81662882017	798.52001953125
3679.68193956758	797.934997558594
3681.54673580727	796.450012207031
3683.41101773383	795.835021972656
3685.27478554178	795.515014648438
3687.13803942551	796.044982910156
3689.00077957934	794.440002441406
3690.86300619748	794.815002441406
3692.72471947405	793.325012207031
3694.58591960306	792.054992675781
3696.44660677844	792.099975585938
3698.306781194	792.77001953125
3700.16644304348	791.945007324219
3702.02559252049	791.135009765625
3703.88422981859	790.174987792969
3705.74235513119	789.700012207031
3707.59996865164	789.864990234375
3709.45707057318	789.474975585938
3711.31366108895	789.414978027344
3713.16974039199	789.450012207031
3715.02530867527	789.030029296875
3716.88036613164	788.224975585938
3718.73491295385	787.294982910156
3720.58894933456	787.005004882813
3722.44247546634	786.960021972656
3724.29549154166	787.515014648438
3726.14799775289	786.585021972656
3727.9999942923	785.635009765625
3729.85148135209	784.724975585938
3731.70245912432	784.825012207031
3733.55292780098	784.169982910156
3735.40288757397	784.700012207031
3737.25233863509	784.465026855469
3739.10128117603	784.919982910156
3740.9497153884	785.190002441406
3742.7976414637	785.47998046875
3744.64505959335	785.364990234375
3746.49196996866	785.265014648438
3748.33837278086	785.25
3750.18426822108	784.364990234375
3752.02965648033	783.030029296875
3753.87453774956	783.945007324219
3755.7189122196	784.515014648438
3757.5627800812	785.515014648438
3759.40614152501	784.984985351563
3761.24899674159	784.234985351563
3763.09134592138	784.419982910156
3764.93318925476	784.684997558594
3766.77452693199	783.705017089844
3768.61535914325	783.710021972656
3770.45568607861	783.559997558594
3772.29550792807	782.820007324219
3774.1348248815	782.760009765625
3775.9736371287	782.35498046875
3777.81194485938	782.440002441406
