32.6816976106991	717.450012207031
35.6535599501435	717.42333984375
38.6244374909659	717.396667480469
41.5943306947054	717.369995117188
44.5632400226282	717.434997558594
47.5311659356917	717.400024414063
50.4981088945929	717.422485351563
53.4640693597127	717.445007324219
56.4290477911676	717.409973144531
59.3930446487746	717.460021972656
62.356060392067	717.505004882813
65.3180954802906	717.549987792969
68.2791503724084	717.414978027344
71.2392255270922	717.559997558594
74.1983214027271	717.510009765625
77.1564384574159	717.594970703125
80.113577148983	717.469970703125
83.0697379349549	717.467529296875
86.0249212725722	717.465026855469
88.9791276188058	717.489990234375
91.9323574303255	717.539978027344
94.8846111635238	717.544982910156
97.8358892745121	717.507446289063
100.786192219114	717.469970703125
103.73552045287	717.585021972656
106.683874431037	717.609985351563
109.631254608583	717.789978027344
112.577661440203	718.075012207031
115.523095380307	718.094970703125
118.467556883015	718.590026855469
121.411046402175	718.984985351563
124.353564391344	720.034973144531
127.295111303796	721.849975585938
130.235687592532	724.684997558594
133.175293710265	730.205017089844
136.113930109434	738.775024414063
139.051597242185	750.155029296875
141.98829556039	764.97998046875
144.92402551564	781.429992675781
147.858787559244	797.159973144531
150.792582142239	811.349975585938
153.725409715372	823.940002441406
156.65727072911	833.794982910156
159.588165633643	841.554992675781
162.518094878884	845.934997558594
165.447058914469	847.984985351563
168.375058189747	850.775024414063
171.302093153792	851.344970703125
174.228164255401	850.804992675781
177.153271943091	851.385009765625
180.077416665101	852.64501953125
183.000598869394	853.359985351563
185.922819003656	855.27001953125
188.84407751529	856.330017089844
191.764374851424	859.349975585938
194.683711458919	862.780029296875
197.60208778434	867.469970703125
200.519504273992	872.094970703125
203.435961373894	878.815002441406
206.351459529801	884.794982910156
209.265999187174	891.585021972656
212.179580791207	899.260009765625
215.092204786825	908.510009765625
218.003871618673	916.289978027344
220.914581731116	924.565002441406
223.824335568247	933.599975585938
226.733133573893	940.099975585938
229.640976191593	942.940002441406
232.547863864614	945.195007324219
235.453797035961	945.534973144531
238.358776148354	946.409973144531
241.26280164424	948.200012207031
244.1658739658	949.885009765625
247.067993554929	951.465026855469
249.969160853266	950.505004882813
252.869376302162	950.594970703125
255.768640342707	950.174987792969
258.666953415705	948.585021972656
261.564315961705	948.445007324219
264.46072842097	947.005004882813
267.356191233499	947.260009765625
270.25070483901	949.284973144531
273.144269676967	947.14501953125
276.036886186551	943.344970703125
278.928554806671	940.080017089844
281.819275975966	941.390014648438
284.709050132812	939.799987792969
287.597877715306	941.205017089844
290.485759161281	943.025024414063
293.372694908298	944.369995117188
296.258685393644	942.734985351563
299.143731054352	939.005004882813
302.027832327156	938.710021972656
304.910989648557	940.215026855469
307.79320345476	941.210021972656
310.674474181717	942.02001953125
313.554802265101	941.304992675781
316.434188140326	939.174987792969
319.312632242533	938.465026855469
322.190135006593	940.590026855469
325.066696867117	938.934997558594
327.942318258443	936.599975585938
330.816999614641	935.804992675781
333.690741369517	935.359985351563
336.56354395661	934.869995117188
339.435407809193	931.815002441406
342.306333360273	931.820007324219
345.176321042591	931.956665039063
348.045371288612	932.093322753906
350.913484530551	932.22998046875
353.78066120035	932.219970703125
356.64690172969	930.60498046875
359.512206549972	929.585021972656
362.376576092357	928.159973144531
365.240010787716	927.715026855469
368.102511066677	928.585021972656
370.964077359587	929.094970703125
373.82471009654	929.10498046875
376.684409707364	930.049987792969
379.543176621612	929.887451171875
382.401011268595	929.724975585938
385.257914077343	929.880004882813
388.113885476627	930.525024414063
390.968925894961	930.965026855469
393.823035760591	933.580017089844
396.676215501503	934.909973144531
399.528465545415	937.914978027344
402.379786319791	940.549987792969
405.230178251834	939.739990234375
408.079641768472	940.934997558594
410.928177296387	940.195007324219
413.775785261992	942.570007324219
416.622466091445	944.35498046875
419.468220210631	946.744995117188
422.313048045182	947.179992675781
425.156950020479	945.965026855469
427.999926561623	944.22998046875
430.841978093471	944
433.683105040613	944.275024414063
436.523307827384	943.650024414063
439.362586877851	943.265014648438
442.200942615829	940.539978027344
445.038375464876	942.554992675781
447.874885848283	945.099975585938
450.710474189089	944.580017089844
453.54514091007	944.099975585938
456.37888643375	942.190002441406
459.211711182386	940.635009765625
462.043615577986	938.885009765625
464.874600042297	938.530029296875
467.704664996804	937.429992675781
470.533810862741	938.664978027344
473.36203806108	938.22998046875
476.189347012547	940.049987792969
479.015738137594	940.075012207031
481.841211856432	940.47998046875
484.665768589008	940.784973144531
487.489408755009	941.840026855469
490.312132773878	944.27001953125
493.133941064796	944.989990234375
495.954834046683	946.469970703125
498.77481213821	946.815002441406
501.593875757797	949.989990234375
504.412025323601	950.599975585938
507.229261253524	949.679992675781
510.045583965226	949.140014648438
512.860993876093	947.989990234375
515.675491403271	946.905029296875
518.489076963649	948.585021972656
521.301750973863	950.265014648438
524.113513850293	946.044982910156
526.924366009065	941.64501953125
529.734307866052	939.625
532.543339836881	938.924987792969
535.35146233692	941.14501953125
538.158675781281	942.034973144531
540.964980584833	941.130004882813
543.770377162182	939.919982910156
546.574865927692	937.52001953125
549.378447295465	938.919982910156
552.181121679365	938.010009765625
554.982889492993	936.02001953125
557.783751149701	934.195007324219
560.583707062591	934.599975585938
563.38275764452	934.200012207031
566.180903308083	935.900024414063
568.978144465633	935.150024414063
571.774481529266	932.875
574.569914910839	931.280029296875
577.364445021949	930.335021972656
580.158072273946	930.859985351563
582.950797077926	930.234985351563
585.742619844752	929.780029296875
588.533540985018	929.789978027344
591.323560909078	929.054992675781
594.112680027034	929.909973144531
596.90089874875	928.075012207031
599.688217483828	927.195007324219
602.474636641629	927.869995117188
605.260156631263	927.619995117188
608.044777861596	926.054992675781
610.828500741241	925.960021972656
613.611325678567	928.515014648438
616.393253081697	931.700012207031
619.174283358506	931.849975585938
621.954416916616	930.674987792969
624.733654163414	929.849975585938
627.511995506029	929.349975585938
630.289441351351	928.099975585938
633.065992106022	928.140014648438
635.841648176434	928.179992675781
638.616409968744	928.015014648438
641.390277888847	929.679992675781
644.163252342408	929.530029296875
646.93533373484	931.544982910156
649.706522471307	933.075012207031
652.47681895674	931.265014648438
655.246223595811	931.440002441406
658.014736792957	931.760009765625
660.782358952371	932.784973144531
663.549090477999	933.224975585938
666.314931773542	933.460021972656
669.079883242452	933.734985351563
671.843945287955	935.474975585938
674.607118313019	935.739990234375
677.369402720366	935.900024414063
680.130798912488	936.390014648438
682.891307291627	935.807495117188
685.650928259784	935.224975585938
688.409662218708	933.950012207031
691.167509569927	934.840026855469
693.924470714705	935.445007324219
696.680546054078	935.059997558594
699.435735988832	935.130004882813
702.190040919516	934.988342285156
704.943461246442	934.8466796875
707.695997369667	934.705017089844
710.447649689022	935.414978027344
713.198418604088	935.094970703125
715.948304514206	935.539978027344
718.697307818481	935.984985351563
721.445428915779	938.125
724.192668204716	940.484985351563
726.93902608368	941.080017089844
729.684502950805	940.484985351563
732.429099204005	939.890014648438
735.172815240936	939.844970703125
737.915651459026	939.862487792969
740.657608255463	939.880004882813
743.398686027186	940.109985351563
746.13888517091	943.640014648438
748.878206083102	942.565002441406
751.616649159998	942.515014648438
754.354214797584	942.85498046875
757.09090339162	942.804992675781
759.826715337622	942.755004882813
762.561651030868	942.705017089844
765.295710866406	941.969970703125
768.028895239041	936.919982910156
770.761204543336	935.64501953125
773.492639173626	936.799987792969
776.223199524006	936.114990234375
778.952885988334	935.25
781.681698960235	933.559997558594
784.40963883309	932.789978027344
787.136706000052	933.515014648438
789.862900854037	932.827514648438
792.588223787721	932.140014648438
795.312675193549	932.179992675781
798.036255463728	933.159973144531
800.758964990228	934.690002441406
803.480804164792	936.424987792969
806.201773378919	937.590026855469
808.921873023884	937.75
811.641103490712	937.205017089844
814.359465170214	941.875
817.076958452946	945.72998046875
819.793583729246	951.35498046875
822.509341389214	953.594970703125
825.224231822712	955.494995117188
827.938255419375	958.934997558594
830.651412568596	962.164978027344
833.363703659544	962.830017089844
836.075129081157	962.534973144531
838.785689222127	962.864990234375
841.495384470928	962.974975585938
844.204215215788	965.260009765625
846.912181844721	967.789978027344
849.619284745491	970.210021972656
852.325524305638	973.575012207031
855.030900912475	977.755004882813
857.735414953079	976.10498046875
860.439066814289	974.655029296875
863.141856882725	972.349975585938
865.843785544769	970.315002441406
868.544853186571	969.179992675781
871.245060194063	970.304992675781
873.944406952925	969.780029296875
876.642893848625	969.840026855469
879.340521266398	968.965026855469
882.037289591241	969.549987792969
884.733199207927	969.085021972656
887.428250501001	971.255004882813
890.122443854778	973.525024414063
892.815779653335	974.989990234375
895.508258280534	976.205017089844
898.199880119997	978.445007324219
900.890645555129	978.809997558594
903.580554969094	978.864990234375
906.269608744832	976.794982910156
908.957807265056	976.419982910156
911.645150912257	976.044982910156
914.331640068689	976.114990234375
917.017275116375	974.375
919.702056437128	975.075012207031
922.385984412518	980.234985351563
925.069059423886	985.309997558594
927.751281852366	985.335021972656
930.432652078842	986.784973144531
933.113170483983	988.405029296875
935.79283744823	991.414978027344
938.471653351806	993.539978027344
941.149618574686	993.900024414063
943.826733496641	994.265014648438
946.502998497206	1000.15502929688
949.178413955689	998.130004882813
951.85298025118	1001.54998779297
954.526697762544	1000.70001220703
957.199566868403	999.765014648438
959.87158794718	1000.48999023438
962.542761377054	999.239990234375
965.213087535987	996.674987792969
967.882566801719	992.869995117188
970.551199551761	988.77001953125
973.218986163399	989.244995117188
975.885927013698	988.375
978.552022479501	987.5
981.217272937423	985.945007324219
983.88167876386	987.585021972656
986.545240334978	989.280029296875
989.207958026729	993.590026855469
991.869832214835	995.864990234375
994.530863274798	1003.40502929688
997.191051581895	1016.98498535156
999.850397511185	1032.58996582031
1002.50890143751	1042.35498046875
1005.16656373546	1053.66003417969
1007.82338477944	1053.73498535156
1010.47936494363	1043.89501953125
1013.13450460195	1026.04504394531
1015.78880412815	1009.75
1018.44226389572	999.960021972656
1021.09488427794	993.815002441406
1023.74666564789	990.609985351563
1026.3976083784	988.359985351563
1029.04771284208	991.034973144531
1031.69697941135	995.35498046875
1034.34540845838	998.455017089844
1036.99300035512	997.210021972656
1039.63975547333	996.799987792969
1042.28567418452	995.72998046875
1044.93075685998	994.585021972656
1047.57500387081	992.27001953125
1050.21841558786	992.315002441406
1052.86099238177	993.739990234375
1055.50273462297	995.820007324219
1058.14364268167	995.974975585938
1060.78371692784	997.255004882813
1063.42295773126	998.719970703125
1066.06136546148	1001.54498291016
1068.69894048781	1000.34997558594
1071.33568317939	1002.55999755859
1073.9715939051	1003.48999023438
1076.60667303362	1004.47998046875
1079.24092093341	1005.79498291016
1081.87433797271	1006.79498291016
1084.50692451954	1006.88000488281
1087.13868094172	1005.09002685547
1089.76960760684	998.710021972656
1092.39970488226	995.309997558594
1095.02897313516	992.10498046875
1097.65741273246	993.64501953125
1100.28502404089	994.97998046875
1102.91180742697	995.089965820313
1105.53776325698	995.200012207031
1108.16289189701	994.690002441406
1110.78719371291	994.679992675781
1113.41066907033	993.119995117188
1116.0333183347	990.085021972656
1118.65514187124	992.469970703125
1121.27614004495	994.114990234375
1123.89631322061	992.900024414063
1126.51566176279	994.864990234375
1129.13418603585	993.924987792969
1131.75188640394	992.369995117188
1134.36876323098	987.924987792969
1136.98481688069	983.275024414063
1139.60004771655	979.049987792969
1142.21445610187	976.5
1144.82804239972	977.494995117188
1147.44080697295	978.97998046875
1150.05275018421	987.059997558594
1152.66387239593	992.005004882813
1155.27417397034	996.244995117188
1157.88365526943	995.140014648438
1160.49231665502	994.034973144531
1163.10015848867	990.369995117188
1165.70718113176	990.054992675781
1168.31338494544	988.164978027344
1170.91877029067	987.304992675781
1173.52333752817	983.655029296875
1176.12708701847	982.679992675781
1178.73001912187	980.815002441406
1181.33213419848	980.934997558594
1183.93343260819	980.744995117188
1186.53391471068	979.150024414063
1189.13358086539	977.669982910156
1191.73243143161	976.205017089844
1194.33046676836	977.510009765625
1196.92768723449	978.510009765625
1199.52409318861	979.565002441406
1202.11968498915	981.044982910156
1204.7144629943	985.965026855469
1207.30842756206	990.10498046875
1209.90157905021	992.005004882813
1212.49391781634	991.859985351563
1215.08544421779	986.955017089844
1217.67615861174	985.390014648438
1220.26606135512	983.85498046875
1222.85515280468	984.580017089844
1225.44343331694	985.280029296875
1228.03090324823	987.27001953125
1230.61756295466	990.094970703125
1233.20341279213	994.755004882813
1235.78845311634	997.549987792969
1238.37268428278	998.969970703125
1240.95610664673	1003.49499511719
1243.53872056325	1003.47497558594
1246.12052638722	1002.89001464844
1248.70152447329	1002.11499023438
1251.28171517591	1003.23498535156
1253.86109884934	1006.48999023438
1256.43967584759	1006
1259.0174465245	1007.80999755859
1261.5944112337	1009.67999267578
1264.1705703286	1013.39501953125
1266.74592416241	1012.42004394531
1269.32047308814	1011.44500732422
1271.89421745858	1010.84997558594
1274.46715762633	1010.53997802734
1277.03929394377	1011.58001708984
1279.61062676308	1012.53497314453
1282.18115643624	1011.90002441406
1284.75088331502	1008.48999023438
1287.31980775098	1009.66497802734
1289.88793009548	1009.42498779297
1292.45525069969	1009.18499755859
1295.02176991454	1007.50500488281
1297.58748809078	1007.36999511719
1300.15240557897	1007.23498535156
1302.71652272942	1007.98498535156
1305.27983989229	1011.14001464844
1307.84235741749	1013.29998779297
1310.40407565475	1015.96502685547
1312.9649949536	1017.54498291016
1315.52511566335	1019.72497558594
1318.08443813311	1020.98498535156
1320.64296271181	1020.82501220703
1323.20068974815	1020.75
1325.75761959063	1020.35498046875
1328.31375258756	1020.75500488281
1330.86908908704	1021.15502929688
1333.42362943696	1020.78497314453
1335.97737398503	1021.5
1338.53032307874	1021.34002685547
1341.08247706537	1024.04504394531
1343.63383629202	1022.34997558594
1346.18440110558	1018.23498535156
1348.73417185274	1013.64001464844
1351.28314887997	1009.06500244141
1353.83133253357	1002.64001464844
1356.37872315961	996.525024414063
1358.92532110398	994.289978027344
1361.47112671237	991.905029296875
1364.01614033024	986.664978027344
1366.56036230288	985.049987792969
1369.10379297537	982.195007324219
1371.64643269258	976.049987792969
1374.18828179921	974.125
1376.72934063972	972.630004882813
1379.2696095584	972.244995117188
1381.80908889932	970.344970703125
1384.34777900637	967.635009765625
1386.88568022323	969.965026855469
1389.42279289337	972.059997558594
1391.95911736009	975.690002441406
1394.49465396645	978.755004882813
1397.02940305537	979.405029296875
1399.5633649695	978.340026855469
1402.09654005135	977.864990234375
1404.6289286432	981.25
1407.16053108714	985.164978027344
1409.69134772507	983.547485351563
1412.22137889868	981.929992675781
1414.75062494947	980.905029296875
1417.27908621874	982.14501953125
1419.80676304759	985.619995117188
1422.33365577692	986.994995117188
1424.85976474744	987.085021972656
1427.38509029967	990.130004882813
1429.90963277392	991.924987792969
1432.4333925103	993.794982910156
1434.95636984873	1002.63000488281
1437.47856512894	1009.42999267578
1439.99997869045	1017.46997070313
1442.5206108726	1024.7099609375
1445.04046201452	1030.04504394531
1447.55953245515	1036.15002441406
1450.07782253323	1043.93005371094
1452.59533258731	1043.26342773438
1455.11206295574	1042.5966796875
1457.62801397668	1041.93005371094
1460.14318598809	1031.59497070313
1462.65757932774	1022.53997802734
1465.1711943332	1017.20501708984
1467.68403134184	1010.83001708984
1470.19609069085	1002.57501220703
1472.70737271721	995.159973144531
1475.21787775772	984.684997558594
1477.72760614897	974.10498046875
1480.23655822738	967.880004882813
1482.74473432914	962.299987792969
1485.25213479029	956.85498046875
1487.75875994664	951.77001953125
1490.26461013382	948.125
1492.76968568726	945.585021972656
1495.27398694222	945.859985351563
1497.77751423374	946.950012207031
1500.28026789667	948.815002441406
1502.78224826569	949.224975585938
1505.28345567526	952.005004882813
1507.78389045967	954.059997558594
1510.28355295299	954.385009765625
1512.78244348913	959.219970703125
1515.28056240178	960.900024414063
1517.77791002445	959.825012207031
1520.27448669047	959.39501953125
1522.77029273296	959.705017089844
1525.26532848486	960.015014648438
1527.75959427889	959.494995117188
1530.25309044764	955.940002441406
1532.74581732344	951.534973144531
1535.23777523847	948.775024414063
1537.72896452471	946.335021972656
1540.21938551394	945.205017089844
1542.70903853778	945.585021972656
1545.19792392761	948.080017089844
1547.68604201466	949.72998046875
1550.17339312997	949.452514648438
1552.65997760434	949.174987792969
1555.14579576845	948.974975585938
1557.63084795275	949.872497558594
1560.11513448749	950.77001953125
1562.59865570276	950.130004882813
1565.08141192845	950.700012207031
1567.56340349426	949.724975585938
1570.04463072969	949.340026855469
1572.52509396406	950.75
1575.00479352652	951.364990234375
1577.48372974599	953.010009765625
1579.96190295124	954.684997558594
1582.43931347083	955.210021972656
1584.91596163314	954.5
1587.39184776636	957.715026855469
1589.86697219849	958.60498046875
1592.34133525734	957.619995117188
1594.81493727054	958.239990234375
1597.28777856553	961.969970703125
1599.75985946955	967.140014648438
1602.23118030968	972.289978027344
1604.70174141278	974.585021972656
1607.17154310555	976.919982910156
1609.64058571449	977.375
1612.10886956591	978.114990234375
1614.57639498595	974.875
1617.04316230054	976.244995117188
1619.50917183543	975.960021972656
1621.97442391621	975.559997558594
1624.43891886825	970.780029296875
1626.90265701674	969.260009765625
1629.36563868671	967.700012207031
1631.82786420296	970.984985351563
1634.28933389016	973.455017089844
1636.75004807274	976.25
1639.21000707498	979.015014648438
1641.66921122097	982.35498046875
1644.12766083459	989.5
1646.58535623956	995.715026855469
1649.04229775941	998.359985351563
1651.4984857175	1001.02001953125
1653.95392043697	1005.59497070313
1656.40860224079	1009.20501708984
1658.86253145177	1012.48999023438
1661.3157083925	1012.10498046875
1663.76813338542	1011.74499511719
1666.21980675275	1007.30499267578
1668.67072881656	1005.75500488281
1671.1208998987	1005.49499511719
1673.57032032089	1003.70501708984
1676.0189904046	996.695007324219
1678.46691047118	986.585021972656
1680.91408084174	978.559997558594
1683.36050183726	973.219970703125
1685.8061737785	970.10498046875
1688.25109698605	962.474975585938
1690.69527178032	958.429992675781
1693.13869848153	953.809997558594
1695.58137740972	952.869995117188
1698.02330888476	948.02001953125
1700.46449322631	941.690002441406
1702.90493075388	936.190002441406
1705.34462178678	932.530029296875
1707.78356664414	930.924987792969
1710.22176564492	929.580017089844
1712.65921910787	927.039978027344
1715.0959273516	924.804992675781
1717.53189069449	924.715026855469
1719.9671094548	924.719970703125
1722.40158395054	923.669982910156
1724.8353144996	924.494995117188
1727.26830141965	923.710021972656
1729.70054502819	924.679992675781
1732.13204564255	923.987487792969
1734.56280357987	923.294982910156
1736.99281915711	923.325012207031
1739.42209269106	920.934997558594
1741.85062449831	921.190002441406
1744.27841489529	920.969970703125
1746.70546419823	920.434997558594
1749.13177272321	920.152465820313
1751.5573407861	919.869995117188
1753.98216870262	920.065002441406
1756.40625678828	922.320007324219
1758.82960535844	922.530029296875
1761.25221472825	921.599975585938
1763.67408521271	923.174987792969
1766.09521712663	922.392456054688
1768.51561078464	921.609985351563
1770.93526650119	919.455017089844
1773.35418459056	920.775024414063
1775.77236536684	921.375
1778.18980914396	920.700012207031
1780.60651623565	920.025024414063
1783.02248695548	919.419982910156
1785.43772161684	921.809997558594
1787.85222053292	922.530029296875
1790.26598401677	922.272521972656
1792.67901238123	922.015014648438
1795.09130593899	920.809997558594
1797.50286500254	920.505004882813
1799.9136898842	918.659973144531
1802.32378089613	917.034973144531
1804.73313835028	919.815002441406
1807.14176255846	920.255004882813
1809.54965383228	919.780029296875
1811.95681248317	917.700012207031
1814.36323882242	918.14501953125
1816.76893316109	917.994995117188
1819.17389581011	918.344970703125
1821.57812708021	917.734985351563
1823.98162728196	917.390014648438
1826.38439672573	919.494995117188
1828.78643572174	919.284973144531
1831.18774458003	918.659973144531
1833.58832361045	918.239990234375
1835.98817312269	918.094970703125
1838.38729342625	916.619995117188
1840.78568483048	916.575012207031
1843.18334764454	916.010009765625
1845.58028217741	914.364990234375
1847.9764887379	913.184997558594
1850.37196763465	913.705017089844
1852.76671917613	915.505004882813
1855.16074367062	918.065002441406
1857.55404142624	919.054992675781
1859.94661275094	918.775024414063
1862.33845795247	916.35498046875
1864.72957733844	915.190002441406
1867.11997121627	915.635009765625
1869.5096398932	913.010009765625
1871.89858367631	914.190002441406
1874.28680287251	914.205017089844
1876.67429778851	914.283325195313
1879.06106873089	914.361694335938
1881.44711600601	914.440002441406
1883.8324399201	913.820007324219
1886.21704077919	914.934997558594
1888.60091888915	913.900024414063
1890.98407455567	915.405029296875
1893.36650808428	914.945007324219
1895.74821978033	914.262512207031
1898.12920994899	913.580017089844
1900.50947889527	914.025024414063
1902.88902692401	915.515014648438
1905.26785433986	916.484985351563
1907.64596144734	916.10498046875
1910.02334855075	915.174987792969
1912.40001595424	914.284973144531
1914.7759639618	914.969970703125
1917.15119287724	915.070007324219
1919.52570300419	915.169982910156
1921.89949464611	915.27001953125
1924.27256810632	914.955017089844
1926.64492368793	914.916687011719
1929.0165616939	914.878356933594
1931.38748242701	914.840026855469
1933.75768618989	913.010009765625
1936.12717328497	913.119995117188
1938.49594401455	914.89501953125
1940.86399868071	916.289978027344
1943.23133758541	918.130004882813
1945.5979610304	918.184997558594
1947.96386931729	917.375
1950.32906274751	916.174987792969
1952.69354162232	916.630004882813
1955.0573062428	916.929992675781
1957.42035690989	915.034973144531
1959.78269392434	914.179992675781
1962.14431758673	915.364990234375
1964.50522819748	915.909973144531
1966.86542605684	916.344970703125
1969.22491146488	916.380004882813
1971.58368472153	916.280029296875
1973.94174612654	916.945007324219
1976.29909597945	917.669982910156
1978.65573457971	917.340026855469
1981.01166222654	917.380004882813
1983.36687921902	915.914978027344
1985.72138585606	914.190002441406
1988.07518243639	913.950012207031
1990.42826925859	913.544982910156
1992.78064662106	913.580017089844
1995.13231482205	914.919982910156
1997.48327415961	915.724975585938
1999.83352493167	915.400024414063
2002.18306743594	915.585021972656
2004.53190197002	915.784973144531
2006.8800288313	917.445007324219
2009.22744831703	915.994995117188
2011.57416072427	912.594970703125
2013.92016634993	912.330017089844
2016.26546549076	913.830017089844
2018.61005844332	914.570007324219
2020.95394550404	913.955017089844
2023.29712696915	913.914978027344
2025.63960313474	914.515014648438
2027.98137429672	916.364990234375
2030.32244075083	916.054992675781
2032.66280279266	915.585021972656
2035.00246071763	915.169982910156
2037.34141482099	913.090026855469
2039.67966539784	912.794982910156
2042.01721274309	913.890014648438
2044.35405715151	914.544982910156
2046.69019891769	914.419982910156
2049.02563833606	914.294982910156
2051.3603757009	914.516662597656
2053.6944113063	914.738342285156
2056.0277454462	914.960021972656
2058.36037841439	914
2060.69231050446	912.885009765625
2063.02354200988	914.39501953125
2065.35407322392	914.955017089844
2067.68390443971	914.580017089844
2070.01303595021	915.215026855469
2072.3414680482	917.169982910156
2074.66920102633	917.099975585938
2076.99623517706	916.094970703125
2079.32257079271	914.755004882813
2081.6482081654	916.140014648438
2083.97314758713	915.505004882813
2086.29738934971	916.14501953125
2088.62093374481	917.844970703125
2090.94378106391	918.77001953125
2093.26593159835	918.544982910156
2095.5873856393	917.215026855469
2097.90814347777	915.890014648438
2100.2282054046	916.585021972656
2102.54757171048	917.585021972656
2104.86624268594	918.27001953125
2107.18421862133	918.900024414063
2109.50149980686	916.705017089844
2111.81808653257	916.059997558594
2114.13397908834	917.905029296875
2116.44917776388	917.299987792969
2118.76368284875	918.5
2121.07749463235	918.919982910156
2123.39061340391	919.455017089844
2125.70303945252	919.468322753906
2128.01477306707	919.481689453125
2130.32581453634	919.494995117188
2132.63616414891	919.739990234375
2134.94582219322	918.200012207031
2137.25478895754	919.109985351563
2139.56306472999	919.450012207031
2141.87064979851	920.369995117188
2144.17754445092	921.169982910156
2146.48374897484	920.715026855469
2148.78926365774	920.455017089844
2151.09408878695	918.885009765625
2153.39822464963	919.755004882813
2155.70167153277	919.179992675781
2158.00442972321	920.400024414063
2160.30649950763	920.224975585938
2162.60788117256	920.460021972656
2164.90857500436	919.719970703125
2167.20858128923	919.929992675781
2169.50790031323	920.139953613281
2171.80653236223	920.349975585938
2174.10447772198	919.005004882813
2176.40173667804	919.440002441406
2178.69830951582	919.64501953125
2180.99419652058	918.380004882813
2183.28939797743	919.375
2185.5839141713	918.607543945313
2187.87774538698	917.840026855469
2190.17089190908	918.440002441406
2192.46335402209	918.044982910156
2194.75513201032	919.330017089844
2197.04622615791	919.450012207031
2199.33663674886	919.330017089844
2201.62636406702	918.210021972656
2203.91540839606	917.155029296875
2206.20377001952	916.835021972656
2208.49144922077	916.22998046875
2210.77844628302	916.849975585938
2213.06476148933	917.424987792969
2215.3503951226	917.215026855469
2217.63534746557	917.140014648438
2219.91961880085	916.919982910156
2222.20320941085	918.77001953125
2224.48611957785	918.52001953125
2226.76834958399	919.059997558594
2229.04989971122	917.510009765625
2231.33077024136	917.299987792969
2233.61096145607	916.369995117188
2235.89047363683	917.575012207031
2238.169307065	917.67333984375
2240.44746202178	917.771667480469
2242.72493878819	917.869995117188
2245.00173764511	917.945007324219
2247.27785887327	918.890014648438
2249.55330275324	918.914978027344
2251.82806956545	918.97998046875
2254.10215959014	919.219970703125
2256.37557310744	920.794982910156
2258.64831039729	920.224975585938
2260.92037173949	916.974975585938
2263.19175741368	916.585021972656
2265.46246769938	919.789978027344
2267.7325028759	921.635009765625
2270.00186322243	921.799987792969
2272.270549018	921.692504882813
2274.5385605415	921.585021972656
2276.80589807165	921.815002441406
2279.07256188702	921.619995117188
2281.33855226601	922.150024414063
2283.60386948691	920.575012207031
2285.86851382782	921.109985351563
2288.1324855667	921.570007324219
2290.39578498136	920.840026855469
2292.65841234945	921.534973144531
2294.92036794847	921.844970703125
2297.18165205578	918.844970703125
2299.44226494856	919.205017089844
2301.70220690387	921.755004882813
2303.96147819859	924.460021972656
2306.22007910947	923.512512207031
2308.47800991309	922.565002441406
2310.73527088589	921.965026855469
2312.99186230416	924.539978027344
2315.24778444403	926.385009765625
2317.50303758149	924.5
2319.75762199235	924.835021972656
2322.01153795231	925.030029296875
2324.26478573689	924.724975585938
2326.51736562147	921.794982910156
2328.76927788127	921.652465820313
2331.02052279137	921.510009765625
2333.2711006267	922.22998046875
2335.52101166203	921.765014648438
2337.77025617198	921.299987792969
2340.01883443103	921.075012207031
2342.2667467135	921.396667480469
2344.51399329356	921.718322753906
2346.76057444525	922.039978027344
2349.00649044241	921.169982910156
2351.2517415588	922.460021972656
2353.49632806796	922.0625
2355.74025024334	921.664978027344
2357.98350835819	920.215026855469
2360.22610268566	920.47998046875
2362.4680334987	919
2364.70930107016	919.294982910156
2366.94990567269	919.724975585938
2369.18984757884	919.881652832031
2371.42912706098	920.038330078125
2373.66774439134	920.195007324219
2375.90569984199	919.719970703125
2378.14299368488	919.585021972656
2380.37962619179	919.70751953125
2382.61559763435	919.830017089844
2384.85090828405	919.619995117188
2387.08555841222	920.080017089844
2389.31954829006	920.27001953125
2391.55287818861	920.309997558594
2393.78554837877	920.350036621094
2396.01755913128	920.390014648438
2398.24891071673	921.125
2400.47960340558	921.955017089844
2402.70963746814	922.090026855469
2404.93901317456	922.799987792969
2407.16773079485	923.005004882813
2409.39579059887	922.494995117188
2411.62319285633	920.390014648438
2413.84993783681	919.960021972656
2416.07602580971	920.710021972656
2418.30145704432	923.005004882813
2420.52623180977	922.289978027344
2422.75035037503	922.14501953125
2424.97381300893	922.222534179688
2427.19661998017	922.299987792969
2429.41877155729	923.515014648438
2431.64026800867	924.700012207031
2433.86110960257	924.349975585938
2436.08129660709	922.875
2438.30082929019	922.195007324219
2440.51970791967	921.799987792969
2442.73793276321	922.169982910156
2444.95550408832	922.015014648438
2447.17242216237	921.859985351563
2449.38868725259	920.539978027344
2451.60429962607	921.385009765625
2453.81925954975	921.804992675781
2456.03356729041	919.510009765625
2458.2472231147	919.010009765625
2460.46022728913	921.135009765625
2462.67258008005	920.890014648438
2464.88428175368	920.64501953125
2467.09533257608	920.409973144531
2469.30573281318	920.034973144531
2471.51548273076	921.614990234375
2473.72458259445	922.575012207031
2475.93303266974	922.671691894531
2478.14083322198	922.768310546875
2480.34798451637	922.864990234375
2482.55448681797	921.205017089844
2484.76034039169	921.669982910156
2486.96554550231	918.47998046875
2489.17010241445	921.580017089844
2491.37401139259	924.085021972656
2493.57727270109	924.429992675781
2495.77988660412	924.585021972656
2497.98185336574	922.52001953125
2500.18317324987	921.335021972656
2502.38384652028	923.030029296875
2504.58387344058	924.554992675781
2506.78325427425	923.815002441406
2508.98198928465	923.075012207031
2511.18007873495	923.515014648438
2513.37752288821	925.080017089844
2515.57432200735	925.114990234375
2517.77047635514	925.255004882813
2519.96598619419	922.049987792969
2522.16085178699	923.575012207031
2524.35507339589	924.565002441406
2526.54865128308	924.070007324219
2528.74158571062	924.525024414063
2530.93387694042	923.890014648438
2533.12552523427	922.820007324219
2535.31653085379	923.122497558594
2537.50689406046	923.424987792969
2539.69661511566	923.434997558594
2541.88569428057	923.085021972656
2544.07413181627	922.255004882813
2546.26192798368	922.262512207031
2548.44908304359	922.27001953125
2550.63559725664	921.780029296875
2552.82147088333	922.140014648438
2555.00670418402	921.974975585938
2557.19129741894	921.809997558594
2559.37525084817	920.914978027344
2561.55856473164	919.804992675781
2563.74123932917	919.924987792969
2565.92327490039	920.484985351563
2568.10467170484	921.719970703125
2570.28543000189	923.039978027344
2572.46555005079	923.340026855469
2574.64503211063	922.530029296875
2576.82387644036	923.424987792969
2579.00208329882	924.174987792969
2581.17965294468	923.934997558594
2583.35658563648	923.179992675781
2585.53288163263	921.690002441406
2587.70854119137	922.034973144531
2589.88356457084	922.830017089844
2592.05795202902	923.465026855469
2594.23170382376	923.434997558594
2596.40482021275	923.380004882813
2598.57730145356	921.844970703125
2600.74914780363	922.505004882813
2602.92035952023	921.734985351563
2605.09093686053	921.070007324219
2607.26088008153	922.505004882813
2609.4301894401	925.614990234375
2611.59886519299	924.719970703125
2613.76690759678	923.825012207031
2615.93431690793	922.890014648438
2618.10109338277	924.119995117188
2620.26723727748	924.030029296875
2622.4327488481	923.619995117188
2624.59762835054	924.460021972656
2626.76187604057	924.885009765625
2628.92549217382	926.184997558594
2631.08847700579	926.85498046875
2633.25083079182	926.402465820313
2635.41255378715	925.950012207031
2637.57364624684	926.525024414063
2639.73410842586	927.465026855469
2641.893940579	929.890014648438
2644.05314296094	929.077514648438
2646.21171582621	928.265014648438
2648.36965942921	928.219970703125
2650.5269740242	929.405029296875
2652.6836598653	930.909973144531
2654.83971720651	930.960021972656
2656.99514630167	931.369995117188
2659.1499474045	930.450012207031
2661.30412076857	931.02001953125
2663.45766664734	931.372497558594
2665.61058529411	931.724975585938
2667.76287696204	930.914978027344
2669.91454190418	930.075012207031
2672.06558037342	930.825012207031
2674.21599262253	928.830017089844
2676.36577890413	931.260009765625
2678.51493947072	929.534973144531
2680.66347457466	927.539978027344
2682.81138446816	927.590026855469
2684.95866940332	928.89501953125
2687.10532963209	928.799987792969
2689.25136540628	929.909973144531
2691.39677697757	930.559997558594
2693.54156459752	930.625
2695.68572851753	928.75
2697.82926898888	931.599975585938
2699.97218626272	932.25
2702.11448059006	930.940002441406
2704.25615222175	930.410034179688
2706.39720140856	929.880004882813
2708.53762840109	930.780029296875
2710.67743344979	931.434997558594
2712.81661680503	931.690002441406
2714.95517871698	932.280029296875
2717.09311943574	934.840026855469
2719.23043921123	937.090026855469
2721.36713829325	935.419982910156
2723.50321693148	936.890014648438
2725.63867537545	937.179992675781
2727.77351387456	936.544982910156
2729.90773267809	938.955017089844
2732.04133203516	938.625
2734.17431219478	938.224975585938
2736.30667340581	936.135009765625
2738.438415917	935.880004882813
2740.56953997695	934.849975585938
2742.70004583414	934.455017089844
2744.82993373688	934.094970703125
2746.9592039334	932.97998046875
2749.08785667177	933.349975585938
2751.21589219993	933.544982910156
2753.34331076568	934.015014648438
2755.4701126167	934.109985351563
2757.59629800054	934.205017089844
2759.7218671646	934.294982910156
2761.84682035617	934.424987792969
2763.9711578224	934.554992675781
2766.0948798103	933.380004882813
2768.21798656676	932.484985351563
2770.34047833852	931.505004882813
2772.46235537222	932.47998046875
2774.58361791434	932.429992675781
2776.70426621124	932.955017089844
2778.82430050915	930.650024414063
2780.94372105416	930.900024414063
2783.06252809224	931.405029296875
2785.18072186922	932.864990234375
2787.29830263081	932.986633300781
2789.41527062257	933.108337402344
2791.53162608996	933.22998046875
2793.64736927828	933.005004882813
2795.76250043271	932.705017089844
2797.8770197983	932.409973144531
2799.99092761997	935.625
2802.10422414252	935.669982910156
2804.21690961059	934.35498046875
2806.32898426873	934.794982910156
2808.44044836132	935.715026855469
2810.55130213264	938.070007324219
2812.66154582682	936.775024414063
2814.77117968788	937.64501953125
2816.8802039597	939.390014648438
2818.98861888601	941.885009765625
2821.09642471046	942.969970703125
2823.20362167653	944.510009765625
2825.31021002756	945.27001953125
2827.41619000682	947.330017089844
2829.52156185738	948.640014648438
2831.62632582224	952.594970703125
2833.73048214422	952.820007324219
2835.83403106606	955.739990234375
2837.93697283033	957.150024414063
2840.03930767951	961.705017089844
2842.1410358559	964.929992675781
2844.24215760173	967.02001953125
2846.34267315905	971.765014648438
2848.44258276982	979.969970703125
2850.54188667585	988.989990234375
2852.64058511883	999.364990234375
2854.73867834032	1005.40002441406
2856.83616658175	1011.91497802734
2858.93305008443	1018.33001708984
2861.02932908952	1028.56994628906
2863.12500383809	1040.61999511719
2865.22007457104	1051.67004394531
2867.31454152918	1066.9150390625
2869.40840495316	1075.5400390625
2871.50166508353	1084.93505859375
2873.59432216069	1095.61999511719
2875.68637642493	1102.28503417969
2877.77782811641	1109.78002929688
2879.86867747515	1116.15502929688
2881.95892474105	1109.92504882813
2884.0485701539	1109.46997070313
2886.13761395333	1109.19995117188
2888.22605637886	1112.14001464844
2890.3138976699	1113.25500488281
2892.40113806571	1116.56494140625
2894.48777780544	1126.43005371094
2896.57381712808	1135.89501953125
2898.65925627254	1138.7099609375
2900.74409547758	1139.125
2902.82833498183	1143.2900390625
2904.9119750238	1151.45495605469
2906.99501584188	1163.56994628906
2909.07745767432	1177.36499023438
2911.15930075925	1187.86999511719
2913.24054533469	1199.73999023438
2915.3211916385	1210.33996582031
2917.40123990846	1224.46496582031
2919.48069038217	1241.92504882813
2921.55954329716	1243.5400390625
2923.63779889079	1245.76000976563
2925.71545740033	1253.93005371094
2927.79251906289	1258.53503417969
2929.86898411548	1263.18505859375
2931.94485279498	1272.56994628906
2934.02012533815	1280.06994628906
2936.0948019816	1284.42504882813
2938.16888296184	1279.67004394531
2940.24236851525	1263.89001464844
2942.31525887809	1250.875
2944.38755428648	1239.59997558594
2946.45925497643	1228.06994628906
2948.53036118382	1215.20495605469
2950.6008731444	1204.68994140625
2952.67079109381	1191.7900390625
2954.74011526755	1178.06994628906
2956.80884590101	1165.19995117188
2958.87698322944	1157.98498535156
2960.94452748799	1159.14001464844
2963.01147891167	1155.19995117188
2965.07783773535	1145.17504882813
2967.14360419382	1139.17504882813
2969.2087785217	1134.7900390625
2971.27336095352	1128.09997558594
2973.33735172366	1121.43505859375
2975.40075106641	1114.73999023438
2977.46355921591	1106.91003417969
2979.52577640618	1099.80505371094
2981.58740287112	1093.30004882813
2983.64843884452	1088.56494140625
2985.70888456003	1083.22998046875
2987.76874025117	1077.02001953125
2989.82800615137	1071.30004882813
2991.88668249391	1062.94995117188
2993.94476951194	1053.4599609375
2996.00226743852	1042.95495605469
2998.05917650657	1037.71997070313
3000.11549694887	1030.18005371094
3002.17122899812	1021.55999755859
3004.22637288685	1013.73999023438
3006.2809288475	1011.08001708984
3008.33489711238	1007.51000976563
3010.38827791368	1001.86499023438
3012.44107148345	995.549987792969
3014.49327805366	990.424987792969
3016.5448978561	987.705017089844
3018.59593112249	987.619995117188
3020.64637808441	986.869995117188
3022.6962389733	984.309997558594
3024.74551402051	980.155029296875
3026.79420345725	978.755004882813
3028.84230751461	978.97998046875
3030.88982642357	976.35498046875
3032.93676041497	975.784973144531
3034.98310971955	974.39501953125
3037.02887456791	977.559997558594
3039.07405519054	981.669982910156
3041.11865181781	984.325012207031
3043.16266467996	983.327514648438
3045.20609400713	982.330017089844
3047.24894002932	981.469970703125
3049.2912029764	984.344970703125
3051.33288307815	986.190002441406
3053.37398056421	986.424987792969
3055.41449566411	990.75
3057.45442860725	995.599975585938
3059.49377962291	996.219970703125
3061.53254894026	996.655029296875
3063.57073678834	996.696716308594
3065.60834339607	996.738342285156
3067.64536899227	996.780029296875
3069.68181380561	995.02001953125
3071.71767806467	991.97998046875
3073.75296199788	987.409973144531
3075.78766583357	983.77001953125
3077.82178979997	980.590026855469
3079.85533412513	975.090026855469
3081.88829903705	971.89501953125
3083.92068476356	970.640014648438
3085.95249153241	969.525024414063
3087.98371957119	967.630004882813
3090.01436910741	963.219970703125
3092.04444036844	960.244995117188
3094.07393358152	961.349975585938
3096.10284897381	961.375
3098.13118677232	961.400024414063
3100.15894720395	960.960021972656
3102.18613049548	958.97998046875
3104.21273687357	957.539978027344
3106.23876656477	957.174987792969
3108.2642197955	958.325012207031
3110.28909679208	956.179992675781
3112.31339778069	958.224975585938
3114.33712298741	958.669982910156
3116.36027263819	958.059997558594
3118.38284695887	958.585021972656
3120.40484617516	959.920043945313
3122.42627051268	961.255004882813
3124.4471201969	958.969970703125
3126.46739545319	960
3128.4870965068	960.080017089844
3130.50622358287	958.265014648438
3132.5247769064	955.080017089844
3134.54275670229	956.455017089844
3136.56016319534	957.890014648438
3138.57699661019	959.179992675781
3140.59325717139	959.075012207031
3142.60894510338	959.030029296875
3144.62406063047	958.984985351563
3146.63860397686	958.940002441406
3148.65257536662	959.219970703125
3150.66597502371	960.85498046875
3152.67880317199	961.02001953125
3154.69106003518	960.265014648438
3156.70274583691	961.369995117188
3158.71386080065	963.205017089844
3160.72440514981	962.580017089844
3162.73437910763	963.565002441406
3164.74378289728	962.512512207031
3166.75261674179	961.460021972656
3168.76088086407	962.255004882813
3170.76857548692	962.880004882813
3172.77570083303	961.815002441406
3174.78225712498	963.114990234375
3176.78824458521	964.409973144531
3178.79366343607	965.659973144531
3180.79851389977	964.81494140625
3182.80279619844	963.969970703125
3184.80651055405	962.775024414063
3186.80965718849	963.114990234375
3188.81223632353	965.35498046875
3190.81424818081	965.094970703125
3192.81569298186	966.059997558594
3194.8165709481	967.119995117188
3196.81688230084	967.590026855469
3198.81662726126	969.380004882813
3200.81580605044	969.357543945313
3202.81441888933	969.335021972656
3204.81246599879	970.090026855469
3206.80994759954	970.630004882813
3208.80686391219	970.429992675781
3210.80321515726	970.22998046875
3212.79900155512	970.820007324219
3214.79422332605	973.030029296875
3216.78888069021	973.599975585938
3218.78297386765	972.824951171875
3220.77650307828	972.049987792969
3222.76946854195	975.22998046875
3224.76187047834	976.164978027344
3226.75370910705	976.455017089844
3228.74498464755	975.590026855469
3230.73569731921	974.5
3232.72584734127	974.984985351563
3234.71543493287	976.89501953125
3236.70446031304	977.39501953125
3238.69292370068	977.320007324219
3240.68082531459	976.849975585938
3242.66816537345	975.455017089844
3244.65494409583	976.280029296875
3246.6411617002	975.609985351563
3248.62681840488	974.905029296875
3250.61191442812	978.760009765625
3252.59644998804	981.900024414063
3254.58042530263	983.349975585938
3256.56384058979	982.994995117188
3258.54669606731	979.039978027344
3260.52899195285	978.565002441406
3262.51072846396	978.695007324219
3264.4919058181	980.825012207031
3266.47252423259	980.700012207031
3268.45258392464	980.234985351563
3270.43208511138	983.914978027344
3272.41102800978	987.650024414063
3274.38941283675	988.684997558594
3276.36723980904	988.525024414063
3278.34450914332	988.364990234375
3280.32122105613	987.734985351563
3282.29737576392	988.289978027344
3284.272973483	990.994995117188
3286.24801442958	991.051635742188
3288.22249881978	991.108337402344
3290.19642686957	991.164978027344
3292.16979879485	989.299987792969
3294.14261481136	991.825012207031
3296.11487513478	990.714965820313
3298.08657998065	989.60498046875
3300.0577295644	987.789978027344
3302.02832410136	987.200012207031
3303.99836380673	987.190002441406
3305.96784889563	989.239990234375
3307.93677958303	987.849975585938
3309.90515608383	984.674987792969
3311.87297861278	980.619995117188
3313.84024738456	982.119995117188
3315.80696261371	984.804992675781
3317.77312451466	983.950012207031
3319.73873330175	983.609985351563
3321.70378918919	982.820007324219
3323.66829239109	982.385009765625
3325.63224312145	979.744995117188
3327.59564159416	975.280029296875
3329.55848802299	975.590026855469
3331.52078262162	975.465026855469
3333.4825256036	975.799987792969
3335.44371718237	974.919982910156
3337.40435757128	975.960021972656
3339.36444698356	976.785034179688
3341.32398563232	977.609985351563
3343.28297373058	976.405029296875
3345.24141149124	974.099975585938
3347.19929912709	973.155029296875
3349.15663685081	975
3351.11342487497	973.929992675781
3353.06966341204	973.880004882813
3355.02535267437	973.830017089844
3356.98049287421	972.655029296875
3358.9350842237	971.244995117188
3360.88912693486	971.22998046875
3362.84262121962	973.585021972656
3364.79556728978	975.864990234375
3366.74796535705	974.549987792969
3368.69981563302	970.705017089844
3370.65111832917	968.489990234375
3372.60187365689	967.640014648438
3374.55208182744	966.64501953125
3376.50174305198	966.390014648438
3378.45085754157	966.60498046875
3380.39942550714	966.135009765625
3382.34744715954	967.820007324219
3384.29492270949	965.02001953125
3386.24185236761	961.47998046875
3388.18823634442	958.304992675781
3390.13407485031	960.044982910156
3392.07936809559	961.390014648438
3394.02411629045	962.39501953125
3395.96831964496	962.4375
3397.91197836911	962.47998046875
3399.85509267275	961.640014648438
3401.79766276564	958.724975585938
3403.73968885745	958.025024414063
3405.68117115771	959.215026855469
3407.62210987586	958.407470703125
3409.56250522123	957.599975585938
3411.50235740305	957.22998046875
3413.44166663043	954.344970703125
3415.38043311238	952.830017089844
3417.3186570578	954.489990234375
3419.2563386755	956.554992675781
3421.19347817415	958.239990234375
3423.13007576235	956.60498046875
3425.06613164857	954.450012207031
3427.00164604118	952.840026855469
3428.93661914844	955.794982910156
3430.87105117852	953.794982910156
3432.80494233945	951.72998046875
3434.73829283919	950.02001953125
3436.67110288558	953.335021972656
3438.60337268634	952.930053710938
3440.53510244911	952.525024414063
3442.4662923814	950.734985351563
3444.39694269064	950.955017089844
3446.32705358412	951.094970703125
3448.25662526905	949.64501953125
3450.18565795254	950.900024414063
3452.11415184156	948.994995117188
3454.04210714302	947.755004882813
3455.96952406369	945.955017089844
3457.89640281024	943.799987792969
3459.82274358924	944.674987792969
3461.74854660717	944.330017089844
3463.67381207038	942.739990234375
3465.59854018513	940.445007324219
3467.52273115756	940.440002441406
3469.44638519373	939.280029296875
3471.36950249956	937.72998046875
3473.29208328091	938.047485351563
3475.21412774349	938.364990234375
3477.13563609293	937.780029296875
3479.05660853476	937.164978027344
3480.97704527438	937.52001953125
3482.89694651712	936.974975585938
3484.81631246818	935.804992675781
3486.73514333266	933.299987792969
3488.65343931557	932.474975585938
3490.57120062179	930.765014648438
3492.48842745612	929.809997558594
3494.40512002324	928.815002441406
3496.32127852773	927.070007324219
3498.23690317408	925.650024414063
3500.15199416666	926.534973144531
3502.06655170974	927.849975585938
3503.98057600749	927.5
3505.89406726396	927.150024414063
3507.80702568312	927.090026855469
3509.71945146883	926.599975585938
3511.63134482483	926.655029296875
3513.54270595478	924.344970703125
3515.45353506222	922.619995117188
3517.3638323506	921.10498046875
3519.27359802324	920.674987792969
3521.1828322834	918.674987792969
3523.09153533419	916.655029296875
3524.99970737866	916.515014648438
3526.90734861972	915.465026855469
3528.81445926021	917.52001953125
3530.72103950283	916.859985351563
3532.62708955022	916.200012207031
3534.53260960488	915.135009765625
3536.43759986923	914.849975585938
3538.34206054558	911.375
3540.24599183613	910.744995117188
3542.149393943	911.510009765625
3544.05226706817	911.390014648438
3545.95461141357	910.460021972656
3547.85642718097	907.760009765625
3549.75771457208	903.515014648438
3551.6584737885	904.054992675781
3553.55870503171	907.215026855469
3555.4584085031	907.585021972656
3557.35758440396	906.174987792969
3559.25623293548	905.150024414063
3561.15435429874	902.945007324219
3563.05194869473	902.434997558594
3564.94901632432	902.219970703125
3566.84555738829	900.794982910156
3568.74157208732	900.375
3570.63706062199	900.869995117188
3572.53202319277	900.789978027344
3574.42646000003	902.135009765625
3576.32037124406	902.909973144531
3578.213757125	903.184997558594
3580.10661784295	900.234985351563
3581.99895359786	898.950012207031
3583.8907645896	898.575012207031
3585.78205101794	900.619995117188
3587.67281308254	900.755004882813
3589.56305098297	900.890014648438
3591.4527649187	901.025024414063
3593.34195508907	899.289978027344
3595.23062169338	898.359985351563
3597.11876493075	897.875
3599.00638500027	896.510009765625
3600.89348210089	895.960021972656
3602.78005643148	895.650024414063
3604.66610819078	896.950012207031
3606.55163757747	896.375
3608.4366447901	894.565002441406
3610.32113002713	892.150024414063
3612.20509348693	892.14501953125
3614.08853536774	892.919982910156
3615.97145586773	893.525024414063
3617.85385518497	893.994995117188
3619.7357335174	891.539978027344
3621.61709106289	889.450012207031
3623.4979280192	889.4150390625
3625.37824458399	889.380004882813
3627.25804095482	889.385009765625
3629.13731732915	888.015014648438
3631.01607390435	887.155029296875
3632.89431087767	888.534973144531
3634.77202844629	886.969970703125
3636.64922680726	885.719970703125
3638.52590615754	886.820007324219
3640.40206669402	887.614990234375
3642.27770861344	887.669982910156
3644.15283211248	887.890014648438
3646.02743738771	887.700012207031
3647.90152463559	886.989990234375
3649.77509405251	886.059997558594
3651.64814583473	885.184997558594
3653.52068017842	885.434997558594
3655.39269727965	884.914978027344
3657.26419733442	884.809997558594
3659.13518053858	883.440002441406
3661.00564708793	882.97998046875
3662.87559717814	879.75
3664.7450310048	879.85498046875
3666.61394876338	879.871643066406
3668.48235064928	879.888366699219
3670.35023685779	879.905029296875
3672.21760758409	879.909973144531
3674.08446302327	881.164978027344
3675.95080337033	880.859985351563
3677.81662882017	880.554992675781
3679.68193956758	881.10498046875
3681.54673580727	878.984985351563
3683.41101773383	877.609985351563
3685.27478554178	877.205017089844
3687.13803942551	877.510009765625
3689.00077957934	877.494995117188
3690.86300619748	877.945007324219
3692.72471947405	875.390014648438
3694.58591960306	874.539978027344
3696.44660677844	874.135009765625
3698.306781194	874.125
3700.16644304348	873.575012207031
3702.02559252049	872.864990234375
3703.88422981859	873.164978027344
3705.74235513119	872.424987792969
3707.59996865164	871.85498046875
3709.45707057318	872.494995117188
3711.31366108895	871.39501953125
3713.16974039199	870.544982910156
3715.02530867527	871.184997558594
3716.88036613164	869.85498046875
3718.73491295385	869.525024414063
3720.58894933456	866.640014648438
3722.44247546634	866.275024414063
3724.29549154166	866.234985351563
3726.14799775289	867.044982910156
3727.9999942923	866.989990234375
3729.85148135209	867.244995117188
3731.70245912432	866.140014648438
3733.55292780098	864.835021972656
3735.40288757397	865.179992675781
3737.25233863509	866.330017089844
3739.10128117603	866.369995117188
3740.9497153884	866.960021972656
3742.7976414637	867.369995117188
3744.64505959335	867.794982910156
3746.49196996866	868.065002441406
3748.33837278086	867.75
3750.18426822108	865.700012207031
3752.02965648033	864.234985351563
3753.87453774956	863.239990234375
3755.7189122196	864.815002441406
3757.5627800812	866.919982910156
3759.40614152501	866.039978027344
3761.24899674159	865.080017089844
3763.09134592138	865.844970703125
3764.93318925476	865.630004882813
3766.77452693199	865.414978027344
3768.61535914325	864.765014648438
3770.45568607861	863.554992675781
3772.29550792807	861.869995117188
3774.1348248815	861.294982910156
3775.9736371287	861.765014648438
3777.81194485938	861.765014648438
