32.6816976106991	715.450012207031
35.6535599501435	715.364990234375
38.6244374909659	715.349975585938
41.5943306947054	715.414978027344
44.5632400226282	715.164978027344
47.5311659356917	715.320007324219
50.4981088945929	715.340026855469
53.4640693597127	715.429992675781
56.4290477911676	715.244995117188
59.3930446487746	715.280029296875
62.356060392067	715.260009765625
65.3180954802906	715.25
68.2791503724084	715.239990234375
71.2392255270922	715.445007324219
74.1983214027271	715.184997558594
77.1564384574159	715.469970703125
80.113577148983	715.330017089844
83.0697379349549	715.330017089844
86.0249212725722	715.25
88.9791276188058	715.309997558594
91.9323574303255	715.469970703125
94.8846111635238	715.409973144531
97.8358892745121	715.349975585938
100.786192219114	715.489990234375
103.73552045287	715.5
106.683874431037	715.460021972656
109.631254608583	715.804992675781
112.577661440203	715.89501953125
115.523095380307	716.065002441406
118.467556883015	716.234985351563
121.411046402175	717.054992675781
124.353564391344	718.419982910156
127.295111303796	720.690002441406
130.235687592532	724.780029296875
133.175293710265	731.294982910156
136.113930109434	740.965026855469
139.051597242185	754.10498046875
141.98829556039	769.299987792969
144.92402551564	788.210021972656
147.858787559244	805.474975585938
150.792582142239	819.299987792969
153.725409715372	830.059997558594
156.65727072911	837.960021972656
159.588165633643	842.864990234375
162.518094878884	846.659973144531
165.447058914469	850.375
168.375058189747	851.835021972656
171.302093153792	850.469970703125
174.228164255401	849.025024414063
177.153271943091	848.864990234375
180.077416665101	848.565002441406
183.000598869394	850.080017089844
185.922819003656	851.575012207031
188.84407751529	851.609985351563
191.764374851424	855.075012207031
194.683711458919	858.14501953125
197.60208778434	862.325012207031
200.519504273992	869.015014648438
203.435961373894	874.765014648438
206.351459529801	881.414978027344
209.265999187174	888.075012207031
212.179580791207	896.195007324219
215.092204786825	904.505004882813
218.003871618673	912.440002441406
220.914581731116	920.844970703125
223.824335568247	928.419982910156
226.733133573893	934.280029296875
229.640976191593	939.974975585938
232.547863864614	941.375
235.453797035961	943.880004882813
238.358776148354	944.809997558594
241.26280164424	943.554992675781
244.1658739658	943.135009765625
247.067993554929	943.130004882813
249.969160853266	944.025024414063
252.869376302162	944.200012207031
255.768640342707	943.340026855469
258.666953415705	944.049987792969
261.564315961705	945.010009765625
264.46072842097	943.440002441406
267.356191233499	941.900024414063
270.25070483901	941.484985351563
273.144269676967	937.929992675781
276.036886186551	936.135009765625
278.928554806671	936.760009765625
281.819275975966	936.625
284.709050132812	935.054992675781
287.597877715306	935.14501953125
290.485759161281	935.809997558594
293.372694908298	936.25
296.258685393644	938.219970703125
299.143731054352	934.75
302.027832327156	933.335021972656
304.910989648557	934.710021972656
307.79320345476	936.794982910156
310.674474181717	938.739990234375
313.554802265101	938.239990234375
316.434188140326	935.575012207031
319.312632242533	934.385009765625
322.190135006593	935.090026855469
325.066696867117	934.919982910156
327.942318258443	932.859985351563
330.816999614641	930.77001953125
333.690741369517	930.119995117188
336.56354395661	930.304992675781
339.435407809193	928.609985351563
342.306333360273	928.080017089844
345.176321042591	927.265014648438
348.045371288612	926.640014648438
350.913484530551	926.994995117188
353.78066120035	927.025024414063
356.64690172969	924.885009765625
359.512206549972	924.179992675781
362.376576092357	925.049987792969
365.240010787716	924.315002441406
368.102511066677	925.380004882813
370.964077359587	925.164978027344
373.82471009654	924.804992675781
376.684409707364	926.015014648438
379.543176621612	925.265014648438
382.401011268595	925.22998046875
385.257914077343	925.755004882813
388.113885476627	927.070007324219
390.968925894961	928.784973144531
393.823035760591	931.390014648438
396.676215501503	933.909973144531
399.528465545415	938.679992675781
402.379786319791	942.059997558594
405.230178251834	943.375
408.079641768472	943.325012207031
410.928177296387	946.640014648438
413.775785261992	949.460021972656
416.622466091445	949.755004882813
419.468220210631	949.505004882813
422.313048045182	949.335021972656
425.156950020479	950.234985351563
427.999926561623	948.789978027344
430.841978093471	947.799987792969
433.683105040613	944.619995117188
436.523307827384	944.559997558594
439.362586877851	944.125
442.200942615829	942.72998046875
445.038375464876	942.554992675781
447.874885848283	944.445007324219
450.710474189089	943.25
453.54514091007	940.934997558594
456.37888643375	939.840026855469
459.211711182386	938.025024414063
462.043615577986	934.5
464.874600042297	934.385009765625
467.704664996804	931.710021972656
470.533810862741	929.200012207031
473.36203806108	932.934997558594
476.189347012547	936.405029296875
479.015738137594	937.409973144531
481.841211856432	936.710021972656
484.665768589008	937.825012207031
487.489408755009	940.929992675781
490.312132773878	944.02001953125
493.133941064796	942.794982910156
495.954834046683	940.179992675781
498.77481213821	938.419982910156
501.593875757797	938.869995117188
504.412025323601	937.690002441406
507.229261253524	934.330017089844
510.045583965226	930.695007324219
512.860993876093	927.025024414063
515.675491403271	924.940002441406
518.489076963649	922.385009765625
521.301750973863	921.390014648438
524.113513850293	919.304992675781
526.924366009065	914.594970703125
529.734307866052	911.950012207031
532.543339836881	910.77001953125
535.35146233692	908.284973144531
538.158675781281	906.554992675781
540.964980584833	905.885009765625
543.770377162182	903.659973144531
546.574865927692	902.849975585938
549.378447295465	901.044982910156
552.181121679365	899.309997558594
554.982889492993	897
557.783751149701	895.515014648438
560.583707062591	895.539978027344
563.38275764452	895.190002441406
566.180903308083	894.97998046875
568.978144465633	894.304992675781
571.774481529266	892.434997558594
574.569914910839	889.844970703125
577.364445021949	889.960021972656
580.158072273946	888.409973144531
582.950797077926	888.265014648438
585.742619844752	887.599975585938
588.533540985018	886.799987792969
591.323560909078	886.700012207031
594.112680027034	884.809997558594
596.90089874875	884.85498046875
599.688217483828	883.47998046875
602.474636641629	883.679992675781
605.260156631263	883.799987792969
608.044777861596	881.994995117188
610.828500741241	882.335021972656
613.611325678567	884.909973144531
616.393253081697	886.760009765625
619.174283358506	887.549987792969
621.954416916616	886.885009765625
624.733654163414	885.179992675781
627.511995506029	882.155029296875
630.289441351351	879.840026855469
633.065992106022	879.85498046875
635.841648176434	881.450012207031
638.616409968744	882.359985351563
641.390277888847	884.190002441406
644.163252342408	885.690002441406
646.93533373484	885.344970703125
649.706522471307	884.515014648438
652.47681895674	883.489990234375
655.246223595811	882.900024414063
658.014736792957	883.695007324219
660.782358952371	884.400024414063
663.549090477999	885.549987792969
666.314931773542	885.02001953125
669.079883242452	884.575012207031
671.843945287955	885.655029296875
674.607118313019	885.969970703125
677.369402720366	886.169982910156
680.130798912488	885.909973144531
682.891307291627	886.614990234375
685.650928259784	885.489990234375
688.409662218708	883.934997558594
691.167509569927	883.434997558594
693.924470714705	882.484985351563
696.680546054078	883.200012207031
699.435735988832	883.724975585938
702.190040919516	885.465026855469
704.943461246442	885.005004882813
707.695997369667	883.460021972656
710.447649689022	884.510009765625
713.198418604088	886.510009765625
715.948304514206	886.015014648438
718.697307818481	885.784973144531
721.445428915779	887.429992675781
724.192668204716	888.690002441406
726.93902608368	890.140014648438
729.684502950805	889.650024414063
732.429099204005	889.424987792969
735.172815240936	889.344970703125
737.915651459026	892.059997558594
740.657608255463	892.455017089844
743.398686027186	894.335021972656
746.13888517091	894.614990234375
748.878206083102	893.965026855469
751.616649159998	894.969970703125
754.354214797584	896.429992675781
757.09090339162	900.25
759.826715337622	898.830017089844
762.561651030868	895.224975585938
765.295710866406	893.025024414063
768.028895239041	890.715026855469
770.761204543336	887.784973144531
773.492639173626	886.684997558594
776.223199524006	886.150024414063
778.952885988334	888.684997558594
781.681698960235	887.635009765625
784.40963883309	887.244995117188
787.136706000052	886.60498046875
789.862900854037	887.210021972656
792.588223787721	887.559997558594
795.312675193549	886.299987792969
798.036255463728	888.64501953125
800.758964990228	890.380004882813
803.480804164792	890.469970703125
806.201773378919	891.890014648438
808.921873023884	894.835021972656
811.641103490712	897.690002441406
814.359465170214	899.885009765625
817.076958452946	904.809997558594
819.793583729246	910.875
822.509341389214	917.234985351563
825.224231822712	920.960021972656
827.938255419375	925.505004882813
830.651412568596	928.039978027344
833.363703659544	928.179992675781
836.075129081157	928.02001953125
838.785689222127	927.844970703125
841.495384470928	929.47998046875
844.204215215788	935.114990234375
846.912181844721	941.10498046875
849.619284745491	946
852.325524305638	949.390014648438
855.030900912475	947.89501953125
857.735414953079	944.335021972656
860.439066814289	940.534973144531
863.141856882725	936.265014648438
865.843785544769	934.205017089844
868.544853186571	932.900024414063
871.245060194063	931.539978027344
873.944406952925	929.400024414063
876.642893848625	928.799987792969
879.340521266398	928.47998046875
882.037289591241	929.015014648438
884.733199207927	930.244995117188
887.428250501001	933.530029296875
890.122443854778	933.47998046875
892.815779653335	935.070007324219
895.508258280534	934.14501953125
898.199880119997	938.164978027344
900.890645555129	940.005004882813
903.580554969094	940.695007324219
906.269608744832	939.585021972656
908.957807265056	936.474975585938
911.645150912257	936.35498046875
914.331640068689	938.474975585938
917.017275116375	939.070007324219
919.702056437128	937.955017089844
922.385984412518	944.280029296875
925.069059423886	949.275024414063
927.751281852366	951.445007324219
930.432652078842	951.719970703125
933.113170483983	952.450012207031
935.79283744823	954.919982910156
938.471653351806	958.184997558594
941.149618574686	957.265014648438
943.826733496641	957.510009765625
946.502998497206	964.559997558594
949.178413955689	959.650024414063
951.85298025118	958.085021972656
954.526697762544	958.739990234375
957.199566868403	957.804992675781
959.87158794718	956.27001953125
962.542761377054	954.325012207031
965.213087535987	953.669982910156
967.882566801719	951.989990234375
970.551199551761	949.275024414063
973.218986163399	947.820007324219
975.885927013698	946.974975585938
978.552022479501	947.294982910156
981.217272937423	949.174987792969
983.88167876386	953.375
986.545240334978	955.97998046875
989.207958026729	959.47998046875
991.869832214835	967.125
994.530863274798	979.830017089844
997.191051581895	1002.96002197266
999.850397511185	1024.43994140625
1002.50890143751	1038.44494628906
1005.16656373546	1042.77502441406
1007.82338477944	1033.0849609375
1010.47936494363	1013.38500976563
1013.13450460195	992.085021972656
1015.78880412815	970.294982910156
1018.44226389572	959.570007324219
1021.09488427794	954.260009765625
1023.74666564789	953.369995117188
1026.3976083784	952.75
1029.04771284208	955.705017089844
1031.69697941135	963.890014648438
1034.34540845838	965.205017089844
1036.99300035512	963.049987792969
1039.63975547333	961.340026855469
1042.28567418452	961.14501953125
1044.93075685998	960.150024414063
1047.57500387081	962.275024414063
1050.21841558786	964.640014648438
1052.86099238177	966.224975585938
1055.50273462297	969.539978027344
1058.14364268167	973.159973144531
1060.78371692784	976.205017089844
1063.42295773126	980.460021972656
1066.06136546148	984.284973144531
1068.69894048781	987.224975585938
1071.33568317939	986.39501953125
1073.9715939051	987.530029296875
1076.60667303362	988.960021972656
1079.24092093341	989.934997558594
1081.87433797271	990.179992675781
1084.50692451954	989.080017089844
1087.13868094172	987.460021972656
1089.76960760684	982.344970703125
1092.39970488226	977.275024414063
1095.02897313516	974.150024414063
1097.65741273246	971.155029296875
1100.28502404089	970.554992675781
1102.91180742697	970.89501953125
1105.53776325698	969.434997558594
1108.16289189701	969.434997558594
1110.78719371291	966.940002441406
1113.41066907033	965.934997558594
1116.0333183347	965.015014648438
1118.65514187124	968.97998046875
1121.27614004495	970.580017089844
1123.89631322061	969.755004882813
1126.51566176279	969.434997558594
1129.13418603585	966.530029296875
1131.75188640394	959.039978027344
1134.36876323098	948.299987792969
1136.98481688069	939.419982910156
1139.60004771655	929.914978027344
1142.21445610187	924.929992675781
1144.82804239972	924.530029296875
1147.44080697295	924.484985351563
1150.05275018421	928.409973144531
1152.66387239593	931.114990234375
1155.27417397034	932.900024414063
1157.88365526943	934.554992675781
1160.49231665502	934.130004882813
1163.10015848867	932.14501953125
1165.70718113176	933.215026855469
1168.31338494544	933.945007324219
1170.91877029067	934.510009765625
1173.52333752817	932.034973144531
1176.12708701847	932.335021972656
1178.73001912187	933.294982910156
1181.33213419848	932.195007324219
1183.93343260819	931.025024414063
1186.53391471068	927.284973144531
1189.13358086539	926.179992675781
1191.73243143161	926.309997558594
1194.33046676836	928.085021972656
1196.92768723449	931
1199.52409318861	936.434997558594
1202.11968498915	943.669982910156
1204.7144629943	948.14501953125
1207.30842756206	953.5
1209.90157905021	956.059997558594
1212.49391781634	955.469970703125
1215.08544421779	952.35498046875
1217.67615861174	949.905029296875
1220.26606135512	947.909973144531
1222.85515280468	949.119995117188
1225.44343331694	954.215026855469
1228.03090324823	960.349975585938
1230.61756295466	968.760009765625
1233.20341279213	974.284973144531
1235.78845311634	976.924987792969
1238.37268428278	979.150024414063
1240.95610664673	982.224975585938
1243.53872056325	986.429992675781
1246.12052638722	986.10498046875
1248.70152447329	987.010009765625
1251.28171517591	985.02001953125
1253.86109884934	986.385009765625
1256.43967584759	987.984985351563
1259.0174465245	992.484985351563
1261.5944112337	993.919982910156
1264.1705703286	993.575012207031
1266.74592416241	990.27001953125
1269.32047308814	990.755004882813
1271.89421745858	990.169982910156
1274.46715762633	988.565002441406
1277.03929394377	993.155029296875
1279.61062676308	996.010009765625
1282.18115643624	991.039978027344
1284.75088331502	989.530029296875
1287.31980775098	989.684997558594
1289.88793009548	988.280029296875
1292.45525069969	984.905029296875
1295.02176991454	982.804992675781
1297.58748809078	983.164978027344
1300.15240557897	987.114990234375
1302.71652272942	992.734985351563
1305.27983989229	994.150024414063
1307.84235741749	997.265014648438
1310.40407565475	1001.41998291016
1312.9649949536	1003.73498535156
1315.52511566335	1006.04498291016
1318.08443813311	1008.91497802734
1320.64296271181	1008.72998046875
1323.20068974815	1008.29498291016
1325.75761959063	1007.60498046875
1328.31375258756	1007.78497314453
1330.86908908704	1007.11999511719
1333.42362943696	1004.31500244141
1335.97737398503	1009.15997314453
1338.53032307874	1012.65997314453
1341.08247706537	1015.35498046875
1343.63383629202	1012.27502441406
1346.18440110558	1002.84002685547
1348.73417185274	996.114990234375
1351.28314887997	986.39501953125
1353.83133253357	975.215026855469
1356.37872315961	971.330017089844
1358.92532110398	968.010009765625
1361.47112671237	961.72998046875
1364.01614033024	956.575012207031
1366.56036230288	951.340026855469
1369.10379297537	947.349975585938
1371.64643269258	941.799987792969
1374.18828179921	939.234985351563
1376.72934063972	940.469970703125
1379.2696095584	937.070007324219
1381.80908889932	935.75
1384.34777900637	934.690002441406
1386.88568022323	935.22998046875
1389.42279289337	935.195007324219
1391.95911736009	938.989990234375
1394.49465396645	944.159973144531
1397.02940305537	945.02001953125
1399.5633649695	945.5
1402.09654005135	944.934997558594
1404.6289286432	947.184997558594
1407.16053108714	951.349975585938
1409.69134772507	953.799987792969
1412.22137889868	951.77001953125
1414.75062494947	948.409973144531
1417.27908621874	950.554992675781
1419.80676304759	952.419982910156
1422.33365577692	955.369995117188
1424.85976474744	960.02001953125
1427.38509029967	961.650024414063
1429.90963277392	965.710021972656
1432.4333925103	971.505004882813
1434.95636984873	982.969970703125
1437.47856512894	996.469970703125
1439.99997869045	1011.55499267578
1442.5206108726	1026.88500976563
1445.04046201452	1040.03503417969
1447.55953245515	1044.53503417969
1450.07782253323	1044.97497558594
1452.59533258731	1043.67504882813
1455.11206295574	1049.01501464844
1457.62801397668	1038.89501953125
1460.14318598809	1030.09497070313
1462.65757932774	1015.27502441406
1465.1711943332	1004.26000976563
1467.68403134184	994.585021972656
1470.19609069085	976.674987792969
1472.70737271721	960.125
1475.21787775772	941.969970703125
1477.72760614897	926.294982910156
1480.23655822738	916.35498046875
1482.74473432914	904.080017089844
1485.25213479029	896.22998046875
1487.75875994664	888.614990234375
1490.26461013382	883.190002441406
1492.76968568726	879.114990234375
1495.27398694222	876.02001953125
1497.77751423374	874.195007324219
1500.28026789667	875.070007324219
1502.78224826569	873.609985351563
1505.28345567526	872.14501953125
1507.78389045967	870.14501953125
1510.28355295299	869.859985351563
1512.78244348913	870.60498046875
1515.28056240178	870.434997558594
1517.77791002445	869.885009765625
1520.27448669047	869.570007324219
1522.77029273296	867.715026855469
1525.26532848486	866.780029296875
1527.75959427889	869.614990234375
1530.25309044764	868.804992675781
1532.74581732344	870.150024414063
1535.23777523847	870.309997558594
1537.72896452471	872.385009765625
1540.21938551394	874.309997558594
1542.70903853778	877.585021972656
1545.19792392761	881.200012207031
1547.68604201466	883.465026855469
1550.17339312997	887.984985351563
1552.65997760434	890.434997558594
1555.14579576845	890.434997558594
1557.63084795275	890.724975585938
1560.11513448749	889.575012207031
1562.59865570276	887.14501953125
1565.08141192845	885.390014648438
1567.56340349426	884.89501953125
1570.04463072969	885.304992675781
1572.52509396406	886.364990234375
1575.00479352652	887.549987792969
1577.48372974599	891.215026855469
1579.96190295124	893.809997558594
1582.43931347083	894.445007324219
1584.91596163314	894.780029296875
1587.39184776636	897.97998046875
1589.86697219849	898.5
1592.34133525734	901.054992675781
1594.81493727054	903.580017089844
1597.28777856553	910.929992675781
1599.75985946955	917.150024414063
1602.23118030968	924.655029296875
1604.70174141278	930.030029296875
1607.17154310555	932.47998046875
1609.64058571449	934.460021972656
1612.10886956591	935.984985351563
1614.57639498595	929.700012207031
1617.04316230054	928.140014648438
1619.50917183543	928.150024414063
1621.97442391621	926.094970703125
1624.43891886825	923.344970703125
1626.90265701674	921.070007324219
1629.36563868671	922.25
1631.82786420296	924.344970703125
1634.28933389016	928.544982910156
1636.75004807274	933.590026855469
1639.21000707498	942.289978027344
1641.66921122097	950.890014648438
1644.12766083459	961.72998046875
1646.58535623956	972.719970703125
1649.04229775941	982.940002441406
1651.4984857175	991.309997558594
1653.95392043697	997.830017089844
1656.40860224079	1000.84002685547
1658.86253145177	1003.42498779297
1661.3157083925	1002.41998291016
1663.76813338542	999.275024414063
1666.21980675275	995.869995117188
1668.67072881656	992.099975585938
1671.1208998987	986.179992675781
1673.57032032089	979.700012207031
1676.0189904046	970.89501953125
1678.46691047118	958.900024414063
1680.91408084174	945.60498046875
1683.36050183726	933.525024414063
1685.8061737785	923.039978027344
1688.25109698605	911.525024414063
1690.69527178032	901.25
1693.13869848153	894.114990234375
1695.58137740972	886.494995117188
1698.02330888476	878.64501953125
1700.46449322631	870.164978027344
1702.90493075388	862.515014648438
1705.34462178678	857.679992675781
1707.78356664414	854.575012207031
1710.22176564492	850.875
1712.65921910787	847.969970703125
1715.0959273516	844.669982910156
1717.53189069449	842.909973144531
1719.9671094548	842.294982910156
1722.40158395054	841.539978027344
1724.8353144996	841.375
1727.26830141965	839.989990234375
1729.70054502819	841.559997558594
1732.13204564255	841.005004882813
1734.56280357987	840.155029296875
1736.99281915711	839.880004882813
1739.42209269106	837.580017089844
1741.85062449831	837.669982910156
1744.27841489529	838.465026855469
1746.70546419823	837.14501953125
1749.13177272321	837.919982910156
1751.5573407861	836.85498046875
1753.98216870262	836.575012207031
1756.40625678828	836.554992675781
1758.82960535844	835.700012207031
1761.25221472825	835.309997558594
1763.67408521271	835.780029296875
1766.09521712663	836
1768.51561078464	834.945007324219
1770.93526650119	833.820007324219
1773.35418459056	834.179992675781
1775.77236536684	835.325012207031
1778.18980914396	835.359985351563
1780.60651623565	835.304992675781
1783.02248695548	833.815002441406
1785.43772161684	834.190002441406
1787.85222053292	834.905029296875
1790.26598401677	834.924987792969
1792.67901238123	835.715026855469
1795.09130593899	835.155029296875
1797.50286500254	833.940002441406
1799.9136898842	832.900024414063
1802.32378089613	832.14501953125
1804.73313835028	832.650024414063
1807.14176255846	833.380004882813
1809.54965383228	832.840026855469
1811.95681248317	832.239990234375
1814.36323882242	831.705017089844
1816.76893316109	831.390014648438
1819.17389581011	831.72998046875
1821.57812708021	831.255004882813
1823.98162728196	830.924987792969
1826.38439672573	832.919982910156
1828.78643572174	831.575012207031
1831.18774458003	831.684997558594
1833.58832361045	831.659973144531
1835.98817312269	831.375
1838.38729342625	830.599975585938
1840.78568483048	829.97998046875
1843.18334764454	829.734985351563
1845.58028217741	828.085021972656
1847.9764887379	828.544982910156
1850.37196763465	828.929992675781
1852.76671917613	829.684997558594
1855.16074367062	830.580017089844
1857.55404142624	830.364990234375
1859.94661275094	830.429992675781
1862.33845795247	829.234985351563
1864.72957733844	828.390014648438
1867.11997121627	828.155029296875
1869.5096398932	828.184997558594
1871.89858367631	829.015014648438
1874.28680287251	827.630004882813
1876.67429778851	828.974975585938
1879.06106873089	828.309997558594
1881.44711600601	827.960021972656
1883.8324399201	828.570007324219
1886.21704077919	827.97998046875
1888.60091888915	828.330017089844
1890.98407455567	828.419982910156
1893.36650808428	828.705017089844
1895.74821978033	829.294982910156
1898.12920994899	828.195007324219
1900.50947889527	827.349975585938
1902.88902692401	828.169982910156
1905.26785433986	828.440002441406
1907.64596144734	828.190002441406
1910.02334855075	829.429992675781
1912.40001595424	829.330017089844
1914.7759639618	828.719970703125
1917.15119287724	829.590026855469
1919.52570300419	829.710021972656
1921.89949464611	829.815002441406
1924.27256810632	829.359985351563
1926.64492368793	828.909973144531
1929.0165616939	828.760009765625
1931.38748242701	827.455017089844
1933.75768618989	827.150024414063
1936.12717328497	827.52001953125
1938.49594401455	828.210021972656
1940.86399868071	827.885009765625
1943.23133758541	828.619995117188
1945.5979610304	828.679992675781
1947.96386931729	829.190002441406
1950.32906274751	829.465026855469
1952.69354162232	828.869995117188
1955.0573062428	828.169982910156
1957.42035690989	828.710021972656
1959.78269392434	827.52001953125
1962.14431758673	828.244995117188
1964.50522819748	827.755004882813
1966.86542605684	828.960021972656
1969.22491146488	828.784973144531
1971.58368472153	829.179992675781
1973.94174612654	828.575012207031
1976.29909597945	828.224975585938
1978.65573457971	828.330017089844
1981.01166222654	829.015014648438
1983.36687921902	827.744995117188
1985.72138585606	827.765014648438
1988.07518243639	826.974975585938
1990.42826925859	826.585021972656
1992.78064662106	827.460021972656
1995.13231482205	827.125
1997.48327415961	827.330017089844
1999.83352493167	827.469970703125
2002.18306743594	828.044982910156
2004.53190197002	826.900024414063
2006.8800288313	827.650024414063
2009.22744831703	827.734985351563
2011.57416072427	826.515014648438
2013.92016634993	827.255004882813
2016.26546549076	826.359985351563
2018.61005844332	826.155029296875
2020.95394550404	825.809997558594
2023.29712696915	825.799987792969
2025.63960313474	826.369995117188
2027.98137429672	826.619995117188
2030.32244075083	826.875
2032.66280279266	827.75
2035.00246071763	826.965026855469
2037.34141482099	827.190002441406
2039.67966539784	826.190002441406
2042.01721274309	826.044982910156
2044.35405715151	827.924987792969
2046.69019891769	827.52001953125
2049.02563833606	826.255004882813
2051.3603757009	827.619995117188
2053.6944113063	827.875
2056.0277454462	826.289978027344
2058.36037841439	826.094970703125
2060.69231050446	826.14501953125
2063.02354200988	827.179992675781
2065.35407322392	827.419982910156
2067.68390443971	828.700012207031
2070.01303595021	828.174987792969
2072.3414680482	828.359985351563
2074.66920102633	827.534973144531
2076.99623517706	826.780029296875
2079.32257079271	827.059997558594
2081.6482081654	828.070007324219
2083.97314758713	827.549987792969
2086.29738934971	828.099975585938
2088.62093374481	828.719970703125
2090.94378106391	828.945007324219
2093.26593159835	828.924987792969
2095.5873856393	828.599975585938
2097.90814347777	828.174987792969
2100.2282054046	828.934997558594
2102.54757171048	828.679992675781
2104.86624268594	829.60498046875
2107.18421862133	829.195007324219
2109.50149980686	829.275024414063
2111.81808653257	828.635009765625
2114.13397908834	828.559997558594
2116.44917776388	828.174987792969
2118.76368284875	829.294982910156
2121.07749463235	830.224975585938
2123.39061340391	829.734985351563
2125.70303945252	830.599975585938
2128.01477306707	829.960021972656
2130.32581453634	829.650024414063
2132.63616414891	829.315002441406
2134.94582219322	828.905029296875
2137.25478895754	829.044982910156
2139.56306472999	828.880004882813
2141.87064979851	829.695007324219
2144.17754445092	829.960021972656
2146.48374897484	830.234985351563
2148.78926365774	829.765014648438
2151.09408878695	829.109985351563
2153.39822464963	828.919982910156
2155.70167153277	829.02001953125
2158.00442972321	829.695007324219
2160.30649950763	829.60498046875
2162.60788117256	829.97998046875
2164.90857500436	829.22998046875
2167.20858128923	830.669982910156
2169.50790031323	830.869995117188
2171.80653236223	830.429992675781
2174.10447772198	829.200012207031
2176.40173667804	829.695007324219
2178.69830951582	829.549987792969
2180.99419652058	829.844970703125
2183.28939797743	830.25
2185.5839141713	829.525024414063
2187.87774538698	828.640014648438
2190.17089190908	829.625
2192.46335402209	830.070007324219
2194.75513201032	828.52001953125
2197.04622615791	829.445007324219
2199.33663674886	829.739990234375
2201.62636406702	827.619995117188
2203.91540839606	828.505004882813
2206.20377001952	828.684997558594
2208.49144922077	827.690002441406
2210.77844628302	827.505004882813
2213.06476148933	827.984985351563
2215.3503951226	827.260009765625
2217.63534746557	827.664978027344
2219.91961880085	828.080017089844
2222.20320941085	829.075012207031
2224.48611957785	829.744995117188
2226.76834958399	828.234985351563
2229.04989971122	827.315002441406
2231.33077024136	827.900024414063
2233.61096145607	828.005004882813
2235.89047363683	827.950012207031
2238.169307065	829.544982910156
2240.44746202178	829.35498046875
2242.72493878819	828.799987792969
2245.00173764511	829.544982910156
2247.27785887327	828.815002441406
2249.55330275324	828.440002441406
2251.82806956545	827.630004882813
2254.10215959014	829
2256.37557310744	828.875
2258.64831039729	828.039978027344
2260.92037173949	826.320007324219
2263.19175741368	827.099975585938
2265.46246769938	828.815002441406
2267.7325028759	828.570007324219
2270.00186322243	828.080017089844
2272.270549018	829.719970703125
2274.5385605415	829.340026855469
2276.80589807165	829.280029296875
2279.07256188702	829.570007324219
2281.33855226601	830.549987792969
2283.60386948691	829.119995117188
2285.86851382782	830.469970703125
2288.1324855667	830.065002441406
2290.39578498136	828.890014648438
2292.65841234945	827.484985351563
2294.92036794847	828.775024414063
2297.18165205578	828.005004882813
2299.44226494856	827.195007324219
2301.70220690387	828.35498046875
2303.96147819859	829.929992675781
2306.22007910947	830.219970703125
2308.47800991309	829.5
2310.73527088589	830.065002441406
2312.99186230416	829.960021972656
2315.24778444403	830.234985351563
2317.50303758149	829.565002441406
2319.75762199235	830.859985351563
2322.01153795231	831.140014648438
2324.26478573689	831.114990234375
2326.51736562147	831.924987792969
2328.76927788127	831.054992675781
2331.02052279137	831.510009765625
2333.2711006267	830.799987792969
2335.52101166203	830.22998046875
2337.77025617198	829.469970703125
2340.01883443103	829.554992675781
2342.2667467135	830.044982910156
2344.51399329356	829.760009765625
2346.76057444525	828.679992675781
2349.00649044241	829.155029296875
2351.2517415588	829.469970703125
2353.49632806796	829.974975585938
2355.74025024334	829.984985351563
2357.98350835819	829.64501953125
2360.22610268566	828.880004882813
2362.4680334987	828.424987792969
2364.70930107016	827.340026855469
2366.94990567269	826.375
2369.18984757884	828.294982910156
2371.42912706098	828.919982910156
2373.66774439134	828.85498046875
2375.90569984199	827.715026855469
2378.14299368488	828.369995117188
2380.37962619179	828.684997558594
2382.61559763435	828.284973144531
2384.85090828405	827.669982910156
2387.08555841222	827.844970703125
2389.31954829006	828.27001953125
2391.55287818861	827.474975585938
2393.78554837877	829.054992675781
2396.01755913128	828.369995117188
2398.24891071673	828.994995117188
2400.47960340558	829.375
2402.70963746814	828.224975585938
2404.93901317456	828.905029296875
2407.16773079485	829.955017089844
2409.39579059887	828.849975585938
2411.62319285633	828.010009765625
2413.84993783681	829.080017089844
2416.07602580971	828.219970703125
2418.30145704432	829.224975585938
2420.52623180977	829.099975585938
2422.75035037503	828.465026855469
2424.97381300893	829.755004882813
2427.19661998017	828.755004882813
2429.41877155729	829.734985351563
2431.64026800867	830.609985351563
2433.86110960257	829.385009765625
2436.08129660709	829.690002441406
2438.30082929019	828.77001953125
2440.51970791967	829.414978027344
2442.73793276321	829.97998046875
2444.95550408832	829.409973144531
2447.17242216237	828.950012207031
2449.38868725259	828.47998046875
2451.60429962607	829.099975585938
2453.81925954975	830.085021972656
2456.03356729041	829.294982910156
2458.2472231147	827.445007324219
2460.46022728913	828.619995117188
2462.67258008005	829.669982910156
2464.88428175368	829.710021972656
2467.09533257608	829.909973144531
2469.30573281318	829.900024414063
2471.51548273076	829.724975585938
2473.72458259445	829.35498046875
2475.93303266974	830.809997558594
2478.14083322198	831.64501953125
2480.34798451637	831.034973144531
2482.55448681797	830.585021972656
2484.76034039169	829.289978027344
2486.96554550231	828.549987792969
2489.17010241445	829.614990234375
2491.37401139259	831.820007324219
2493.57727270109	832.174987792969
2495.77988660412	831.380004882813
2497.98185336574	830.815002441406
2500.18317324987	830.85498046875
2502.38384652028	830.825012207031
2504.58387344058	831.195007324219
2506.78325427425	832.885009765625
2508.98198928465	832.419982910156
2511.18007873495	830.864990234375
2513.37752288821	832.130004882813
2515.57432200735	832.609985351563
2517.77047635514	831.85498046875
2519.96598619419	830.664978027344
2522.16085178699	831.190002441406
2524.35507339589	832.309997558594
2526.54865128308	833.169982910156
2528.74158571062	833.5
2530.93387694042	833.10498046875
2533.12552523427	832.260009765625
2535.31653085379	832.030029296875
2537.50689406046	831.734985351563
2539.69661511566	833.275024414063
2541.88569428057	833.400024414063
2544.07413181627	833.515014648438
2546.26192798368	832.85498046875
2548.44908304359	832.844970703125
2550.63559725664	832.465026855469
2552.82147088333	832.859985351563
2555.00670418402	834.659973144531
2557.19129741894	834.309997558594
2559.37525084817	834.070007324219
2561.55856473164	833.465026855469
2563.74123932917	834.179992675781
2565.92327490039	834.614990234375
2568.10467170484	834.460021972656
2570.28543000189	834.275024414063
2572.46555005079	834.710021972656
2574.64503211063	835.364990234375
2576.82387644036	835.635009765625
2579.00208329882	835.215026855469
2581.17965294468	836.304992675781
2583.35658563648	834.909973144531
2585.53288163263	833.955017089844
2587.70854119137	834.534973144531
2589.88356457084	835.914978027344
2592.05795202902	836.25
2594.23170382376	836.674987792969
2596.40482021275	836.590026855469
2598.57730145356	836.650024414063
2600.74914780363	836.349975585938
2602.92035952023	837.190002441406
2605.09093686053	837.864990234375
2607.26088008153	839.474975585938
2609.4301894401	840.349975585938
2611.59886519299	840.664978027344
2613.76690759678	839.515014648438
2615.93431690793	840.330017089844
2618.10109338277	839.609985351563
2620.26723727748	840.284973144531
2622.4327488481	840.260009765625
2624.59762835054	840.919982910156
2626.76187604057	840.484985351563
2628.92549217382	841.25
2631.08847700579	842.27001953125
2633.25083079182	843.445007324219
2635.41255378715	843.190002441406
2637.57364624684	842.784973144531
2639.73410842586	842.940002441406
2641.893940579	843.630004882813
2644.05314296094	843.700012207031
2646.21171582621	843.815002441406
2648.36965942921	844.515014648438
2650.5269740242	845.924987792969
2652.6836598653	847.409973144531
2654.83971720651	846.25
2656.99514630167	845.184997558594
2659.1499474045	844.864990234375
2661.30412076857	846.690002441406
2663.45766664734	848.775024414063
2665.61058529411	848.090026855469
2667.76287696204	848.844970703125
2669.91454190418	848.599975585938
2672.06558037342	848.869995117188
2674.21599262253	849.034973144531
2676.36577890413	849.239990234375
2678.51493947072	849.52001953125
2680.66347457466	848.965026855469
2682.81138446816	850.400024414063
2684.95866940332	851.400024414063
2687.10532963209	851.72998046875
2689.25136540628	853.344970703125
2691.39677697757	853.515014648438
2693.54156459752	854.445007324219
2695.68572851753	853.315002441406
2697.82926898888	853.525024414063
2699.97218626272	855.119995117188
2702.11448059006	856.909973144531
2704.25615222175	859.349975585938
2706.39720140856	858.85498046875
2708.53762840109	860.215026855469
2710.67743344979	861.054992675781
2712.81661680503	862.280029296875
2714.95517871698	864.125
2717.09311943574	867.919982910156
2719.23043921123	871.150024414063
2721.36713829325	872.585021972656
2723.50321693148	873.864990234375
2725.63867537545	874.585021972656
2727.77351387456	876.109985351563
2729.90773267809	876.719970703125
2732.04133203516	877.304992675781
2734.17431219478	876.700012207031
2736.30667340581	873.89501953125
2738.438415917	872.614990234375
2740.56953997695	872.375
2742.70004583414	871.35498046875
2744.82993373688	870.640014648438
2746.9592039334	869.684997558594
2749.08785667177	867.664978027344
2751.21589219993	867.434997558594
2753.34331076568	866.414978027344
2755.4701126167	866.554992675781
2757.59629800054	867.880004882813
2759.7218671646	868.065002441406
2761.84682035617	869.344970703125
2763.9711578224	868.429992675781
2766.0948798103	869.140014648438
2768.21798656676	868.445007324219
2770.34047833852	868.505004882813
2772.46235537222	867.830017089844
2774.58361791434	866.984985351563
2776.70426621124	866.994995117188
2778.82430050915	865.72998046875
2780.94372105416	864.695007324219
2783.06252809224	862.885009765625
2785.18072186922	862.809997558594
2787.29830263081	865.489990234375
2789.41527062257	864.265014648438
2791.53162608996	864.575012207031
2793.64736927828	864.809997558594
2795.76250043271	863.89501953125
2797.8770197983	864.820007324219
2799.99092761997	868.085021972656
2802.10422414252	869.429992675781
2804.21690961059	869.700012207031
2806.32898426873	872.364990234375
2808.44044836132	874.869995117188
2810.55130213264	876.844970703125
2812.66154582682	879.35498046875
2814.77117968788	880.195007324219
2816.8802039597	882.994995117188
2818.98861888601	887.244995117188
2821.09642471046	890.349975585938
2823.20362167653	893.530029296875
2825.31021002756	898.474975585938
2827.41619000682	904.239990234375
2829.52156185738	909.984985351563
2831.62632582224	914.710021972656
2833.73048214422	920.700012207031
2835.83403106606	927.414978027344
2837.93697283033	936.065002441406
2840.03930767951	948.52001953125
2842.1410358559	960.965026855469
2844.24215760173	977.455017089844
2846.34267315905	992.765014648438
2848.44258276982	1009.95001220703
2850.54188667585	1031.99499511719
2852.64058511883	1055.92504882813
2854.73867834032	1079.81994628906
2856.83616658175	1101.10998535156
2858.93305008443	1123.50500488281
2861.02932908952	1151.69995117188
2863.12500383809	1180.43994140625
2865.22007457104	1213.0849609375
2867.31454152918	1247.18994140625
2869.40840495316	1274.43994140625
2871.50166508353	1308.44995117188
2873.59432216069	1334.18994140625
2875.68637642493	1353.2900390625
2877.77782811641	1363.31494140625
2879.86867747515	1366.91003417969
2881.95892474105	1364.67004394531
2884.0485701539	1368.32495117188
2886.13761395333	1374.53503417969
2888.22605637886	1378.63500976563
2890.3138976699	1382.69995117188
2892.40113806571	1394.79504394531
2894.48777780544	1422.26000976563
2896.57381712808	1442.92504882813
2898.65925627254	1444.86999511719
2900.74409547758	1450.13000488281
2902.82833498183	1468.68005371094
2904.9119750238	1498.17004394531
2906.99501584188	1528.05505371094
2909.07745767432	1562.11999511719
2911.15930075925	1598.3349609375
2913.24054533469	1619.60498046875
2915.3211916385	1637.01000976563
2917.40123990846	1667.10498046875
2919.48069038217	1701.31494140625
2921.55954329716	1724.2099609375
2923.63779889079	1738.0400390625
2925.71545740033	1759.6650390625
2927.79251906289	1781.61999511719
2929.86898411548	1801.68005371094
2931.94485279498	1805.68005371094
2934.02012533815	1803.18994140625
2936.0948019816	1805.34997558594
2938.16888296184	1781.24499511719
2940.24236851525	1744.90502929688
2942.31525887809	1711.16003417969
2944.38755428648	1689.63000488281
2946.45925497643	1670.78503417969
2948.53036118382	1628.53503417969
2950.6008731444	1587.20495605469
2952.67079109381	1549.39001464844
2954.74011526755	1513.68994140625
2956.80884590101	1488
2958.87698322944	1481.28002929688
2960.94452748799	1472.7900390625
2963.01147891167	1460.64001464844
2965.07783773535	1439.39001464844
2967.14360419382	1414.11999511719
2969.2087785217	1391.98999023438
2971.27336095352	1380.96997070313
2973.33735172366	1368.38500976563
2975.40075106641	1350.10998535156
2977.46355921591	1331.14501953125
2979.52577640618	1312.59997558594
2981.58740287112	1286.71997070313
2983.64843884452	1263.56005859375
2985.70888456003	1249.22998046875
2987.76874025117	1230.99499511719
2989.82800615137	1208.77502441406
2991.88668249391	1188.63500976563
2993.94476951194	1159.28002929688
2996.00226743852	1131.2900390625
2998.05917650657	1108.51501464844
3000.11549694887	1092.5400390625
3002.17122899812	1070.70495605469
3004.22637288685	1053.30004882813
3006.2809288475	1040.125
3008.33489711238	1024.29504394531
3010.38827791368	1010.45001220703
3012.44107148345	997.950012207031
3014.49327805366	984.614990234375
3016.5448978561	976.015014648438
3018.59593112249	972.544982910156
3020.64637808441	962.905029296875
3022.6962389733	953.525024414063
3024.74551402051	948.320007324219
3026.79420345725	945.924987792969
3028.84230751461	944.89501953125
3030.88982642357	943.960021972656
3032.93676041497	944.309997558594
3034.98310971955	944.914978027344
3037.02887456791	951.294982910156
3039.07405519054	955.215026855469
3041.11865181781	956.72998046875
3043.16266467996	960.289978027344
3045.20609400713	960.794982910156
3047.24894002932	963.219970703125
3049.2912029764	967.414978027344
3051.33288307815	975.674987792969
3053.37398056421	982.530029296875
3055.41449566411	990.614990234375
3057.45442860725	998.835021972656
3059.49377962291	1001.36999511719
3061.53254894026	1003.01501464844
3063.57073678834	1003.95501708984
3065.60834339607	997.760009765625
3067.64536899227	990.830017089844
3069.68181380561	984.380004882813
3071.71767806467	973.260009765625
3073.75296199788	962.419982910156
3075.78766583357	951.445007324219
3077.82178979997	940.525024414063
3079.85533412513	929.820007324219
3081.88829903705	925.075012207031
3083.92068476356	921.390014648438
3085.95249153241	915.419982910156
3087.98371957119	910.580017089844
3090.01436910741	904.679992675781
3092.04444036844	901.429992675781
3094.07393358152	900.960021972656
3096.10284897381	901.294982910156
3098.13118677232	899.650024414063
3100.15894720395	899.890014648438
3102.18613049548	897.674987792969
3104.21273687357	896.940002441406
3106.23876656477	898.184997558594
3108.2642197955	897.75
3110.28909679208	896.590026855469
3112.31339778069	896.390014648438
3114.33712298741	896.330017089844
3116.36027263819	897.364990234375
3118.38284695887	899.775024414063
3120.40484617516	901.659973144531
3122.42627051268	900.090026855469
3124.4471201969	902.780029296875
3126.46739545319	902.294982910156
3128.4870965068	902.715026855469
3130.50622358287	903.280029296875
3132.5247769064	900.914978027344
3134.54275670229	900.505004882813
3136.56016319534	900.539978027344
3138.57699661019	900.840026855469
3140.59325717139	902.039978027344
3142.60894510338	905.304992675781
3144.62406063047	906
3146.63860397686	904.164978027344
3148.65257536662	903.005004882813
3150.66597502371	904.135009765625
3152.67880317199	904.659973144531
3154.69106003518	903.974975585938
3156.70274583691	905.97998046875
3158.71386080065	908.77001953125
3160.72440514981	911.205017089844
3162.73437910763	912.655029296875
3164.74378289728	913.724975585938
3166.75261674179	913.169982910156
3168.76088086407	914.744995117188
3170.76857548692	915.934997558594
3172.77570083303	916.174987792969
3174.78225712498	917.655029296875
3176.78824458521	920.25
3178.79366343607	920.424987792969
3180.79851389977	922.989990234375
3182.80279619844	924.330017089844
3184.80651055405	923.034973144531
3186.80965718849	925.945007324219
3188.81223632353	926.929992675781
3190.81424818081	928.349975585938
3192.81569298186	929.705017089844
3194.8165709481	933.955017089844
3196.81688230084	936.184997558594
3198.81662726126	938.140014648438
3200.81580605044	940.784973144531
3202.81441888933	939.614990234375
3204.81246599879	940.325012207031
3206.80994759954	944.260009765625
3208.80686391219	949.330017089844
3210.80321515726	949.359985351563
3212.79900155512	950.205017089844
3214.79422332605	951.909973144531
3216.78888069021	952.650024414063
3218.78297386765	954.054992675781
3220.77650307828	955.10498046875
3222.76946854195	956.35498046875
3224.76187047834	958.210021972656
3226.75370910705	962.625
3228.74498464755	963.239990234375
3230.73569731921	960.780029296875
3232.72584734127	959.780029296875
3234.71543493287	963.989990234375
3236.70446031304	964.969970703125
3238.69292370068	969.114990234375
3240.68082531459	969.544982910156
3242.66816537345	968.755004882813
3244.65494409583	972.890014648438
3246.6411617002	976.219970703125
3248.62681840488	978.265014648438
3250.61191442812	981.554992675781
3252.59644998804	984.625
3254.58042530263	987.684997558594
3256.56384058979	990.10498046875
3258.54669606731	989.955017089844
3260.52899195285	991.119995117188
3262.51072846396	991.554992675781
3264.4919058181	993.005004882813
3266.47252423259	996.075012207031
3268.45258392464	998.780029296875
3270.43208511138	1005.24499511719
3272.41102800978	1009.51501464844
3274.38941283675	1011.88500976563
3276.36723980904	1012.49499511719
3278.34450914332	1016.10498046875
3280.32122105613	1017.46002197266
3282.29737576392	1017.96002197266
3284.272973483	1021.375
3286.24801442958	1028.44494628906
3288.22249881978	1028.44494628906
3290.19642686957	1027.54504394531
3292.16979879485	1029.28002929688
3294.14261481136	1031.5400390625
3296.11487513478	1030.28503417969
3298.08657998065	1024.4150390625
3300.0577295644	1023.42999267578
3302.02832410136	1024.14501953125
3303.99836380673	1026.46496582031
3305.96784889563	1025.77502441406
3307.93677958303	1023.95001220703
3309.90515608383	1021.84997558594
3311.87297861278	1019.30999755859
3313.84024738456	1018.81500244141
3315.80696261371	1021.51000976563
3317.77312451466	1020.44500732422
3319.73873330175	1016.40502929688
3321.70378918919	1015.90002441406
3323.66829239109	1016.09497070313
3325.63224312145	1014.61499023438
3327.59564159416	1007.31500244141
3329.55848802299	1002.25500488281
3331.52078262162	1005.29498291016
3333.4825256036	1005.71502685547
3335.44371718237	1002.85498046875
3337.40435757128	1003.40502929688
3339.36444698356	1003.73999023438
3341.32398563232	1002.52502441406
3343.28297373058	999.690002441406
3345.24141149124	997.950012207031
3347.19929912709	998.015014648438
3349.15663685081	1004.27001953125
3351.11342487497	1008.26501464844
3353.06966341204	1007.05499267578
3355.02535267437	1001.53002929688
3356.98049287421	998.969970703125
3358.9350842237	995.890014648438
3360.88912693486	995.234985351563
3362.84262121962	996.299987792969
3364.79556728978	996.835021972656
3366.74796535705	995.97998046875
3368.69981563302	993.984985351563
3370.65111832917	994.195007324219
3372.60187365689	993.72998046875
3374.55208182744	991.159973144531
3376.50174305198	988.775024414063
3378.45085754157	986.455017089844
3380.39942550714	986.465026855469
3382.34744715954	985.650024414063
3384.29492270949	985.304992675781
3386.24185236761	980.575012207031
3388.18823634442	977.10498046875
3390.13407485031	976.135009765625
3392.07936809559	976.945007324219
3394.02411629045	977.630004882813
3395.96831964496	977.780029296875
3397.91197836911	978.049987792969
3399.85509267275	975.14501953125
3401.79766276564	971.390014648438
3403.73968885745	966.414978027344
3405.68117115771	969.335021972656
3407.62210987586	972.244995117188
3409.56250522123	971.364990234375
3411.50235740305	967.775024414063
3413.44166663043	964.150024414063
3415.38043311238	960.049987792969
3417.3186570578	961.130004882813
3419.2563386755	966.47998046875
3421.19347817415	966.820007324219
3423.13007576235	964.984985351563
3425.06613164857	963.47998046875
3427.00164604118	963.489990234375
3428.93661914844	961.130004882813
3430.87105117852	959.35498046875
3432.80494233945	956.825012207031
3434.73829283919	956.965026855469
3436.67110288558	958.065002441406
3438.60337268634	958.244995117188
3440.53510244911	956.130004882813
3442.4662923814	955.445007324219
3444.39694269064	953.205017089844
3446.32705358412	953.609985351563
3448.25662526905	950.244995117188
3450.18565795254	949.969970703125
3452.11415184156	949.409973144531
3454.04210714302	948.169982910156
3455.96952406369	945.239990234375
3457.89640281024	943.530029296875
3459.82274358924	940.965026855469
3461.74854660717	940.054992675781
3463.67381207038	938.385009765625
3465.59854018513	934.974975585938
3467.52273115756	932.159973144531
3469.44638519373	931.210021972656
3471.36950249956	927.47998046875
3473.29208328091	927.565002441406
3475.21412774349	926.765014648438
3477.13563609293	927.820007324219
3479.05660853476	926.125
3480.97704527438	922.590026855469
3482.89694651712	920.030029296875
3484.81631246818	918.590026855469
3486.73514333266	916.994995117188
3488.65343931557	913.005004882813
3490.57120062179	911.099975585938
3492.48842745612	907.989990234375
3494.40512002324	906.294982910156
3496.32127852773	904.080017089844
3498.23690317408	900.97998046875
3500.15199416666	901.960021972656
3502.06655170974	900.945007324219
3503.98057600749	899.724975585938
3505.89406726396	897.825012207031
3507.80702568312	896.164978027344
3509.71945146883	894.994995117188
3511.63134482483	892.739990234375
3513.54270595478	890.260009765625
3515.45353506222	888.585021972656
3517.3638323506	886.385009765625
3519.27359802324	884.674987792969
3521.1828322834	881.10498046875
3523.09153533419	877.494995117188
3524.99970737866	877.010009765625
3526.90734861972	875.710021972656
3528.81445926021	877.674987792969
3530.72103950283	875.460021972656
3532.62708955022	871.844970703125
3534.53260960488	868.739990234375
3536.43759986923	867.044982910156
3538.34206054558	864.400024414063
3540.24599183613	863.215026855469
3542.149393943	862.080017089844
3544.05226706817	860.640014648438
3545.95461141357	857.989990234375
3547.85642718097	853.97998046875
3549.75771457208	851.585021972656
3551.6584737885	851.659973144531
3553.55870503171	853.534973144531
3555.4584085031	853.619995117188
3557.35758440396	852.159973144531
3559.25623293548	850.309997558594
3561.15435429874	846.804992675781
3563.05194869473	846.340026855469
3564.94901632432	843.919982910156
3566.84555738829	842.590026855469
3568.74157208732	840.97998046875
3570.63706062199	839.215026855469
3572.53202319277	840.760009765625
3574.42646000003	840.330017089844
3576.32037124406	840.130004882813
3578.213757125	839.830017089844
3580.10661784295	836.820007324219
3581.99895359786	835.630004882813
3583.8907645896	834.570007324219
3585.78205101794	834.455017089844
3587.67281308254	833.974975585938
3589.56305098297	832.679992675781
3591.4527649187	831.445007324219
3593.34195508907	828.89501953125
3595.23062169338	827.484985351563
3597.11876493075	826.5
3599.00638500027	825.515014648438
3600.89348210089	824.765014648438
3602.78005643148	823.619995117188
3604.66610819078	823.909973144531
3606.55163757747	823.205017089844
3608.4366447901	820.594970703125
3610.32113002713	820.10498046875
3612.20509348693	819.265014648438
3614.08853536774	818.380004882813
3615.97145586773	817.614990234375
3617.85385518497	816.440002441406
3619.7357335174	815.965026855469
3621.61709106289	815.364990234375
3623.4979280192	813.934997558594
3625.37824458399	812.375
3627.25804095482	810.974975585938
3629.13731732915	809.659973144531
3631.01607390435	810.025024414063
3632.89431087767	810.409973144531
3634.77202844629	809.679992675781
3636.64922680726	808.789978027344
3638.52590615754	807.114990234375
3640.40206669402	807.135009765625
3642.27770861344	806.135009765625
3644.15283211248	805.465026855469
3646.02743738771	806.14501953125
3647.90152463559	805.554992675781
3649.77509405251	803.284973144531
3651.64814583473	801.919982910156
3653.52068017842	800.174987792969
3655.39269727965	801.070007324219
3657.26419733442	800.469970703125
3659.13518053858	799.390014648438
3661.00564708793	798.960021972656
3662.87559717814	798.27001953125
3664.7450310048	797.179992675781
3666.61394876338	796.784973144531
3668.48235064928	795.664978027344
3670.35023685779	795.830017089844
3672.21760758409	794.765014648438
3674.08446302327	793.765014648438
3675.95080337033	793.27001953125
3677.81662882017	794.239990234375
3679.68193956758	793.760009765625
3681.54673580727	792.965026855469
3683.41101773383	792.155029296875
3685.27478554178	791.599975585938
3687.13803942551	791.429992675781
3689.00077957934	790.780029296875
3690.86300619748	790.164978027344
3692.72471947405	789.109985351563
3694.58591960306	788.429992675781
3696.44660677844	788.224975585938
3698.306781194	788.099975585938
3700.16644304348	787.809997558594
3702.02559252049	786.929992675781
3703.88422981859	785.844970703125
3705.74235513119	784.690002441406
3707.59996865164	785.14501953125
3709.45707057318	785.234985351563
3711.31366108895	784.700012207031
3713.16974039199	784.320007324219
3715.02530867527	784.325012207031
3716.88036613164	783.474975585938
3718.73491295385	783.525024414063
3720.58894933456	782.429992675781
3722.44247546634	781.52001953125
3724.29549154166	782.804992675781
3726.14799775289	781.809997558594
3727.9999942923	781.619995117188
3729.85148135209	780.919982910156
3731.70245912432	780.969970703125
3733.55292780098	779.965026855469
3735.40288757397	779.820007324219
3737.25233863509	779.994995117188
3739.10128117603	781.164978027344
3740.9497153884	780.869995117188
3742.7976414637	780.364990234375
3744.64505959335	780.974975585938
3746.49196996866	781.049987792969
3748.33837278086	780.409973144531
3750.18426822108	779.159973144531
3752.02965648033	779.440002441406
3753.87453774956	778.450012207031
3755.7189122196	779.109985351563
3757.5627800812	779.945007324219
3759.40614152501	779.924987792969
3761.24899674159	779.5
3763.09134592138	780.02001953125
3764.93318925476	779.914978027344
3766.77452693199	779.099975585938
3768.61535914325	779.030029296875
3770.45568607861	779.304992675781
3772.29550792807	778.85498046875
3774.1348248815	777.994995117188
3775.9736371287	777.775024414063
3777.81194485938	778.140014648438
