32.6816976106991	715.409973144531
35.6535599501435	715.409973144531
38.6244374909659	715.424987792969
41.5943306947054	715.299987792969
44.5632400226282	715.325012207031
47.5311659356917	715.309997558594
50.4981088945929	715.239990234375
53.4640693597127	715.375
56.4290477911676	715.359985351563
59.3930446487746	715.205017089844
62.356060392067	715.304992675781
65.3180954802906	715.284973144531
68.2791503724084	715.294982910156
71.2392255270922	715.284973144531
74.1983214027271	715.244995117188
77.1564384574159	715.25
80.113577148983	715.255004882813
83.0697379349549	715.400024414063
86.0249212725722	715.445007324219
88.9791276188058	715.315002441406
91.9323574303255	715.390014648438
94.8846111635238	715.344970703125
97.8358892745121	715.340026855469
100.786192219114	715.35498046875
103.73552045287	715.575012207031
106.683874431037	715.455017089844
109.631254608583	715.700012207031
112.577661440203	715.700012207031
115.523095380307	715.679992675781
118.467556883015	716.135009765625
121.411046402175	716.530029296875
124.353564391344	717.575012207031
127.295111303796	719.210021972656
130.235687592532	721.804992675781
133.175293710265	726.650024414063
136.113930109434	733.27001953125
139.051597242185	742.429992675781
141.98829556039	753.315002441406
144.92402551564	765.994995117188
147.858787559244	778.434997558594
150.792582142239	787.989990234375
153.725409715372	795.315002441406
156.65727072911	800.525024414063
159.588165633643	804.034973144531
162.518094878884	806.864990234375
165.447058914469	807.025024414063
168.375058189747	809.525024414063
171.302093153792	808.289978027344
174.228164255401	808.390014648438
177.153271943091	807.659973144531
180.077416665101	807.825012207031
183.000598869394	809.60498046875
185.922819003656	809.460021972656
188.84407751529	810.140014648438
191.764374851424	813.260009765625
194.683711458919	815.10498046875
197.60208778434	819.210021972656
200.519504273992	823.525024414063
203.435961373894	828.409973144531
206.351459529801	833.255004882813
209.265999187174	838.164978027344
212.179580791207	844.724975585938
215.092204786825	851.094970703125
218.003871618673	856.619995117188
220.914581731116	863.635009765625
223.824335568247	868.614990234375
226.733133573893	873.955017089844
229.640976191593	878.39501953125
232.547863864614	880.14501953125
235.453797035961	882.484985351563
238.358776148354	882.747497558594
241.26280164424	883.010009765625
244.1658739658	883.044982910156
247.067993554929	884.22998046875
249.969160853266	884.255004882813
252.869376302162	884.159973144531
255.768640342707	884.315002441406
258.666953415705	885.034973144531
261.564315961705	885.549987792969
264.46072842097	885.419982910156
267.356191233499	885.289978027344
270.25070483901	885.47998046875
273.144269676967	883.724975585938
276.036886186551	883.234985351563
278.928554806671	883.320007324219
281.819275975966	882.869995117188
284.709050132812	883.515014648438
287.597877715306	884.140014648438
290.485759161281	883.780029296875
293.372694908298	884.710021972656
296.258685393644	885.815002441406
299.143731054352	883.885009765625
302.027832327156	883.075012207031
304.910989648557	885.869995117188
307.79320345476	885.875
310.674474181717	887.825012207031
313.554802265101	888.335021972656
316.434188140326	886.984985351563
319.312632242533	886.034973144531
322.190135006593	886.179992675781
325.066696867117	886.130004882813
327.942318258443	886.080017089844
330.816999614641	885.344970703125
333.690741369517	883.924987792969
336.56354395661	883.859985351563
339.435407809193	883.794982910156
342.306333360273	883.414978027344
345.176321042591	883.510009765625
348.045371288612	882.934997558594
350.913484530551	884.065002441406
353.78066120035	884.195007324219
356.64690172969	883.609985351563
359.512206549972	884.260009765625
362.376576092357	884.294982910156
365.240010787716	882.39501953125
368.102511066677	884.210021972656
370.964077359587	884.599975585938
373.82471009654	884.405029296875
376.684409707364	885.719970703125
379.543176621612	885.284973144531
382.401011268595	885.364990234375
385.257914077343	886.205017089844
388.113885476627	887.599975585938
390.968925894961	888.739990234375
393.823035760591	890.775024414063
396.676215501503	894.130004882813
399.528465545415	896.640014648438
402.379786319791	899.885009765625
405.230178251834	900.330017089844
408.079641768472	901.025024414063
410.928177296387	904.140014648438
413.775785261992	906.580017089844
416.622466091445	906.320007324219
419.468220210631	905.900024414063
422.313048045182	905.89501953125
425.156950020479	906.094970703125
427.999926561623	907.349975585938
430.841978093471	905.405029296875
433.683105040613	903.445007324219
436.523307827384	902.465026855469
439.362586877851	901.549987792969
442.200942615829	900.02001953125
445.038375464876	900.159973144531
447.874885848283	901.775024414063
450.710474189089	901.099975585938
453.54514091007	898.940002441406
456.37888643375	898.565002441406
459.211711182386	895.445007324219
462.043615577986	893.344970703125
464.874600042297	891.724975585938
467.704664996804	890.440002441406
470.533810862741	889.125
473.36203806108	891.455017089844
476.189347012547	895.179992675781
479.015738137594	894.289978027344
481.841211856432	893.234985351563
484.665768589008	896.405029296875
487.489408755009	896.64501953125
490.312132773878	896.737548828125
493.133941064796	896.830017089844
495.954834046683	893.200012207031
498.77481213821	890.940002441406
501.593875757797	889.094970703125
504.412025323601	885.140014648438
507.229261253524	880.799987792969
510.045583965226	876.570007324219
512.860993876093	872.405029296875
515.675491403271	869.575012207031
518.489076963649	866.885009765625
521.301750973863	865.844970703125
524.113513850293	862.994995117188
526.924366009065	860.289978027344
529.734307866052	857.965026855469
532.543339836881	856.510009765625
535.35146233692	854.344970703125
538.158675781281	851.424987792969
540.964980584833	850.184997558594
543.770377162182	848.47998046875
546.574865927692	846.85498046875
549.378447295465	845.794982910156
552.181121679365	844.335021972656
554.982889492993	842.640014648438
557.783751149701	841.330017089844
560.583707062591	841.164978027344
563.38275764452	841.190002441406
566.180903308083	840.284973144531
568.978144465633	839.580017089844
571.774481529266	838.034973144531
574.569914910839	836.614990234375
577.364445021949	836.14501953125
580.158072273946	835.945007324219
582.950797077926	834.655029296875
585.742619844752	835.075012207031
588.533540985018	835.224975585938
591.323560909078	834.614990234375
594.112680027034	834.114990234375
596.90089874875	834.195007324219
599.688217483828	833.434997558594
602.474636641629	833.140014648438
605.260156631263	832.515014648438
608.044777861596	831.484985351563
610.828500741241	831.190002441406
613.611325678567	833.015014648438
616.393253081697	834.385009765625
619.174283358506	833.994995117188
621.954416916616	831.965026855469
624.733654163414	830.744995117188
627.511995506029	828.945007324219
630.289441351351	827.27001953125
633.065992106022	826.575012207031
635.841648176434	827.565002441406
638.616409968744	827.580017089844
641.390277888847	829.294982910156
644.163252342408	829.835021972656
646.93533373484	829.692504882813
649.706522471307	829.549987792969
652.47681895674	828.244995117188
655.246223595811	827.309997558594
658.014736792957	828.140014648438
660.782358952371	828.775024414063
663.549090477999	828.460021972656
666.314931773542	828.594970703125
669.079883242452	828.72998046875
671.843945287955	830.794982910156
674.607118313019	830.674987792969
677.369402720366	829.945007324219
680.130798912488	830.585021972656
682.891307291627	830.544982910156
685.650928259784	829.669982910156
688.409662218708	828.580017089844
691.167509569927	827.544982910156
693.924470714705	827.059997558594
696.680546054078	827.015014648438
699.435735988832	827.510009765625
702.190040919516	828.969970703125
704.943461246442	828.385009765625
707.695997369667	828.234985351563
710.447649689022	828.474975585938
713.198418604088	829.164978027344
715.948304514206	828.950012207031
718.697307818481	829.114990234375
721.445428915779	830.469970703125
724.192668204716	830.859985351563
726.93902608368	831.690002441406
729.684502950805	832.164978027344
732.429099204005	831.419982910156
735.172815240936	832.090026855469
737.915651459026	832.125
740.657608255463	832.570007324219
743.398686027186	833.900024414063
746.13888517091	834.215026855469
748.878206083102	835.205017089844
751.616649159998	835.650024414063
754.354214797584	837.780029296875
757.09090339162	837.927490234375
759.826715337622	838.075012207031
762.561651030868	836.674987792969
765.295710866406	834.909973144531
768.028895239041	833.590026855469
770.761204543336	833.109985351563
773.492639173626	832.530029296875
776.223199524006	833.184997558594
778.952885988334	835.234985351563
781.681698960235	835.195007324219
784.40963883309	835.150024414063
787.136706000052	835.594970703125
789.862900854037	836.234985351563
792.588223787721	834.494995117188
795.312675193549	834.765014648438
798.036255463728	836.715026855469
800.758964990228	837.594970703125
803.480804164792	838.299987792969
806.201773378919	839.005004882813
808.921873023884	841.27001953125
811.641103490712	843.219970703125
814.359465170214	844.369995117188
817.076958452946	848.969970703125
819.793583729246	852.47998046875
822.509341389214	855.700012207031
825.224231822712	858.320007324219
827.938255419375	861.280029296875
830.651412568596	861.442504882813
833.363703659544	861.60498046875
836.075129081157	861.184997558594
838.785689222127	862.549987792969
841.495384470928	864.484985351563
844.204215215788	867.265014648438
846.912181844721	872.210021972656
849.619284745491	876.340026855469
852.325524305638	876.232543945313
855.030900912475	876.125
857.735414953079	874.390014648438
860.439066814289	870.349975585938
863.141856882725	867.10498046875
865.843785544769	865.335021972656
868.544853186571	864.174987792969
871.245060194063	862.195007324219
873.944406952925	859.494995117188
876.642893848625	858.869995117188
879.340521266398	857.844970703125
882.037289591241	857.094970703125
884.733199207927	858.210021972656
887.428250501001	860.059997558594
890.122443854778	860.174987792969
892.815779653335	860.739990234375
895.508258280534	861.515014648438
898.199880119997	863.849975585938
900.890645555129	865.429992675781
903.580554969094	865.580017089844
906.269608744832	863.650024414063
908.957807265056	862.669982910156
911.645150912257	861.405029296875
914.331640068689	862.784973144531
917.017275116375	863.739990234375
919.702056437128	863.924987792969
922.385984412518	869.025024414063
925.069059423886	870.570007324219
927.751281852366	872.375
930.432652078842	872.585021972656
933.113170483983	872.919982910156
935.79283744823	874.169982910156
938.471653351806	875.525024414063
941.149618574686	875.280029296875
943.826733496641	875.405029296875
946.502998497206	875.657470703125
949.178413955689	875.909973144531
951.85298025118	875.835021972656
954.526697762544	876.940002441406
957.199566868403	876.85498046875
959.87158794718	875.265014648438
962.542761377054	874.734985351563
965.213087535987	874.27001953125
967.882566801719	872.789978027344
970.551199551761	870.549987792969
973.218986163399	868.994995117188
975.885927013698	871.494995117188
978.552022479501	871.405029296875
981.217272937423	873.994995117188
983.88167876386	878.054992675781
986.545240334978	880.864990234375
989.207958026729	884.359985351563
991.869832214835	892.450012207031
994.530863274798	903.710021972656
997.191051581895	918.385009765625
999.850397511185	935.320007324219
1002.50890143751	943.705017089844
1005.16656373546	945.955017089844
1007.82338477944	939.265014648438
1010.47936494363	925.265014648438
1013.13450460195	909.025024414063
1015.78880412815	893.219970703125
1018.44226389572	884.630004882813
1021.09488427794	880.080017089844
1023.74666564789	878.364990234375
1026.3976083784	878.599975585938
1029.04771284208	880.27001953125
1031.69697941135	885.35498046875
1034.34540845838	885.362487792969
1036.99300035512	885.369995117188
1039.63975547333	884.799987792969
1042.28567418452	884.8349609375
1044.93075685998	884.869995117188
1047.57500387081	887.385009765625
1050.21841558786	889.375
1052.86099238177	891.97998046875
1055.50273462297	892.820007324219
1058.14364268167	896.869995117188
1060.78371692784	900.109985351563
1063.42295773126	903.599975585938
1066.06136546148	908.005004882813
1068.69894048781	907.830017089844
1071.33568317939	907.299987792969
1073.9715939051	907.409973144531
1076.60667303362	906.234985351563
1079.24092093341	907.289978027344
1081.87433797271	905.659973144531
1084.50692451954	905.070007324219
1087.13868094172	903.265014648438
1089.76960760684	898.289978027344
1092.39970488226	894.330017089844
1095.02897313516	890.52001953125
1097.65741273246	888.590026855469
1100.28502404089	889.554992675781
1102.91180742697	889.025024414063
1105.53776325698	888.075012207031
1108.16289189701	887.525024414063
1110.78719371291	886.559997558594
1113.41066907033	886.119995117188
1116.0333183347	885.325012207031
1118.65514187124	887.210021972656
1121.27614004495	888.465026855469
1123.89631322061	886.465026855469
1126.51566176279	886.375
1129.13418603585	884.659973144531
1131.75188640394	879.090026855469
1134.36876323098	872.775024414063
1136.98481688069	865.445007324219
1139.60004771655	861.625
1142.21445610187	857.965026855469
1144.82804239972	855.164978027344
1147.44080697295	855.385009765625
1150.05275018421	858.075012207031
1152.66387239593	859.375
1155.27417397034	861.525024414063
1157.88365526943	861.570007324219
1160.49231665502	861.614990234375
1163.10015848867	860.150024414063
1165.70718113176	860.664978027344
1168.31338494544	861.390014648438
1170.91877029067	860.97998046875
1173.52333752817	860.695007324219
1176.12708701847	860.119995117188
1178.73001912187	860
1181.33213419848	860.340026855469
1183.93343260819	858.005004882813
1186.53391471068	856.880004882813
1189.13358086539	855.690002441406
1191.73243143161	855.135009765625
1194.33046676836	856.344970703125
1196.92768723449	859.275024414063
1199.52409318861	863.275024414063
1202.11968498915	867.875
1204.7144629943	870.505004882813
1207.30842756206	873.515014648438
1209.90157905021	876.445007324219
1212.49391781634	875.590026855469
1215.08544421779	873.705017089844
1217.67615861174	871.255004882813
1220.26606135512	870.155029296875
1222.85515280468	871.469970703125
1225.44343331694	875.559997558594
1228.03090324823	879.039978027344
1230.61756295466	885.119995117188
1233.20341279213	889.10498046875
1235.78845311634	891.955017089844
1238.37268428278	893.205017089844
1240.95610664673	894.640014648438
1243.53872056325	897.419982910156
1246.12052638722	898.10498046875
1248.70152447329	897.054992675781
1251.28171517591	897.005004882813
1253.86109884934	896.219970703125
1256.43967584759	898.294982910156
1259.0174465245	900.760009765625
1261.5944112337	902.210021972656
1264.1705703286	901.445007324219
1266.74592416241	899.794982910156
1269.32047308814	899.090026855469
1271.89421745858	898.900024414063
1274.46715762633	897.955017089844
1277.03929394377	901.275024414063
1279.61062676308	902.424987792969
1282.18115643624	900.515014648438
1284.75088331502	897.875
1287.31980775098	898.585021972656
1289.88793009548	896.924987792969
1292.45525069969	894.900024414063
1295.02176991454	894.294982910156
1297.58748809078	893.674987792969
1300.15240557897	895.789978027344
1302.71652272942	898.695007324219
1305.27983989229	900.880004882813
1307.84235741749	901.400024414063
1310.40407565475	905.594970703125
1312.9649949536	906.784973144531
1315.52511566335	909.679992675781
1318.08443813311	909.950012207031
1320.64296271181	910.390014648438
1323.20068974815	910.815002441406
1325.75761959063	909.159973144531
1328.31375258756	908.429992675781
1330.86908908704	908.010009765625
1333.42362943696	907.400024414063
1335.97737398503	909.715026855469
1338.53032307874	912.835021972656
1341.08247706537	912.967529296875
1343.63383629202	913.099975585938
1346.18440110558	907.414978027344
1348.73417185274	901
1351.28314887997	896.414978027344
1353.83133253357	889.474975585938
1356.37872315961	886.594970703125
1358.92532110398	884.52001953125
1361.47112671237	881.344970703125
1364.01614033024	877.215026855469
1366.56036230288	873.349975585938
1369.10379297537	871.309997558594
1371.64643269258	867.460021972656
1374.18828179921	866.919982910156
1376.72934063972	866.344970703125
1379.2696095584	865.359985351563
1381.80908889932	865.210021972656
1384.34777900637	863.760009765625
1386.88568022323	863.304992675781
1389.42279289337	863.64501953125
1391.95911736009	866.474975585938
1394.49465396645	870.450012207031
1397.02940305537	871.375
1399.5633649695	869.530029296875
1402.09654005135	870.659973144531
1404.6289286432	872.02001953125
1407.16053108714	874.890014648438
1409.69134772507	875.015014648438
1412.22137889868	875.140014648438
1414.75062494947	872.594970703125
1417.27908621874	874.22998046875
1419.80676304759	874.849975585938
1422.33365577692	877.460021972656
1424.85976474744	880.530029296875
1427.38509029967	881.469970703125
1429.90963277392	884.679992675781
1432.4333925103	888.39501953125
1434.95636984873	895.02001953125
1437.47856512894	902.650024414063
1439.99997869045	913.409973144531
1442.5206108726	923.594970703125
1445.04046201452	930.594970703125
1447.55953245515	934.804992675781
1450.07782253323	936.494995117188
1452.59533258731	936.690002441406
1455.11206295574	935.807495117188
1457.62801397668	934.924987792969
1460.14318598809	928.585021972656
1462.65757932774	918.619995117188
1465.1711943332	913.434997558594
1467.68403134184	904.849975585938
1470.19609069085	894.190002441406
1472.70737271721	882.244995117188
1475.21787775772	871.005004882813
1477.72760614897	859.890014648438
1480.23655822738	851.369995117188
1482.74473432914	843.585021972656
1485.25213479029	837
1487.75875994664	831.85498046875
1490.26461013382	827.695007324219
1492.76968568726	824.739990234375
1495.27398694222	822.52001953125
1497.77751423374	821.200012207031
1500.28026789667	820.434997558594
1502.78224826569	820.030029296875
1505.28345567526	818.340026855469
1507.78389045967	817.75
1510.28355295299	816.515014648438
1512.78244348913	816.577514648438
1515.28056240178	816.640014648438
1517.77791002445	815.445007324219
1520.27448669047	815.659973144531
1522.77029273296	814.955017089844
1525.26532848486	815.820007324219
1527.75959427889	816.429992675781
1530.25309044764	816.505004882813
1532.74581732344	817.294982910156
1535.23777523847	818.335021972656
1537.72896452471	819.215026855469
1540.21938551394	820.989990234375
1542.70903853778	821.72998046875
1545.19792392761	825.054992675781
1547.68604201466	828.025024414063
1550.17339312997	830.739990234375
1552.65997760434	832.869995117188
1555.14579576845	832.89501953125
1557.63084795275	832
1560.11513448749	831.255004882813
1562.59865570276	829.094970703125
1565.08141192845	827.409973144531
1567.56340349426	827.669982910156
1570.04463072969	828.994995117188
1572.52509396406	829.539978027344
1575.00479352652	830.775024414063
1577.48372974599	833.190002441406
1579.96190295124	834.724975585938
1582.43931347083	834.304992675781
1584.91596163314	835.434997558594
1587.39184776636	837.924987792969
1589.86697219849	839.219970703125
1592.34133525734	840.890014648438
1594.81493727054	842.059997558594
1597.28777856553	846.289978027344
1599.75985946955	851.119995117188
1602.23118030968	855.885009765625
1604.70174141278	859
1607.17154310555	861.919982910156
1609.64058571449	862.674987792969
1612.10886956591	862.244995117188
1614.57639498595	858.724975585938
1617.04316230054	858.35498046875
1619.50917183543	857.205017089844
1621.97442391621	855.549987792969
1624.43891886825	854.109985351563
1626.90265701674	852.640014648438
1629.36563868671	852.940002441406
1631.82786420296	855.5
1634.28933389016	856.924987792969
1636.75004807274	859.880004882813
1639.21000707498	865.565002441406
1641.66921122097	871.515014648438
1644.12766083459	878.489990234375
1646.58535623956	886.47998046875
1649.04229775941	892.849975585938
1651.4984857175	896.969970703125
1653.95392043697	900.494995117188
1656.40860224079	903.679992675781
1658.86253145177	905.625
1661.3157083925	905.710021972656
1663.76813338542	903.515014648438
1666.21980675275	899.960021972656
1668.67072881656	898.809997558594
1671.1208998987	897.02001953125
1673.57032032089	893.070007324219
1676.0189904046	886.275024414063
1678.46691047118	878.155029296875
1680.91408084174	870.195007324219
1683.36050183726	861
1685.8061737785	853.549987792969
1688.25109698605	846.815002441406
1690.69527178032	838.914978027344
1693.13869848153	832.905029296875
1695.58137740972	829.385009765625
1698.02330888476	823.869995117188
1700.46449322631	817.52001953125
1702.90493075388	813.179992675781
1705.34462178678	810.215026855469
1707.78356664414	807.320007324219
1710.22176564492	805.405029296875
1712.65921910787	803.635009765625
1715.0959273516	801.335021972656
1717.53189069449	800.659973144531
1719.9671094548	800.359985351563
1722.40158395054	800.174987792969
1724.8353144996	799.054992675781
1727.26830141965	799.079956054688
1729.70054502819	799.10498046875
1732.13204564255	798.77001953125
1734.56280357987	797.885009765625
1736.99281915711	797.885009765625
1739.42209269106	797.289978027344
1741.85062449831	796.945007324219
1744.27841489529	796.929992675781
1746.70546419823	796.400024414063
1749.13177272321	796.469970703125
1751.5573407861	795.890014648438
1753.98216870262	795.530029296875
1756.40625678828	795.094970703125
1758.82960535844	795.200012207031
1761.25221472825	795.14501953125
1763.67408521271	795.440002441406
1766.09521712663	795.625
1768.51561078464	795.10498046875
1770.93526650119	794.955017089844
1773.35418459056	794.940002441406
1775.77236536684	794.484985351563
1778.18980914396	794.859985351563
1780.60651623565	794.659973144531
1783.02248695548	794.469970703125
1785.43772161684	793.72998046875
1787.85222053292	794.830017089844
1790.26598401677	794.965026855469
1792.67901238123	794.099975585938
1795.09130593899	794.109985351563
1797.50286500254	793.760009765625
1799.9136898842	792.429992675781
1802.32378089613	792.940002441406
1804.73313835028	792.945007324219
1807.14176255846	793.099975585938
1809.54965383228	793.700012207031
1811.95681248317	792.724975585938
1814.36323882242	792.364990234375
1816.76893316109	792.330017089844
1819.17389581011	792.455017089844
1821.57812708021	791.599975585938
1823.98162728196	791.830017089844
1826.38439672573	792.780029296875
1828.78643572174	793.224975585938
1831.18774458003	792.375
1833.58832361045	792.080017089844
1835.98817312269	792.530029296875
1838.38729342625	791.099975585938
1840.78568483048	790.445007324219
1843.18334764454	790.614990234375
1845.58028217741	790.22998046875
1847.9764887379	790.330017089844
1850.37196763465	791.27001953125
1852.76671917613	791.320007324219
1855.16074367062	791.864990234375
1857.55404142624	791.544982910156
1859.94661275094	792.059997558594
1862.33845795247	790.919982910156
1864.72957733844	790.205017089844
1867.11997121627	791.309997558594
1869.5096398932	791.070007324219
1871.89858367631	790.205017089844
1874.28680287251	790.224975585938
1876.67429778851	790.244995117188
1879.06106873089	790.222534179688
1881.44711600601	790.200012207031
1883.8324399201	789.755004882813
1886.21704077919	789.765014648438
1888.60091888915	789.695007324219
1890.98407455567	789.625
1893.36650808428	790.705017089844
1895.74821978033	790.724975585938
1898.12920994899	790.275024414063
1900.50947889527	789.965026855469
1902.88902692401	789.210021972656
1905.26785433986	790.780029296875
1907.64596144734	790.424987792969
1910.02334855075	790.794982910156
1912.40001595424	790.965026855469
1914.7759639618	791.804992675781
1917.15119287724	791.534973144531
1919.52570300419	791.299987792969
1921.89949464611	791.14501953125
1924.27256810632	790.984985351563
1926.64492368793	791.169982910156
1929.0165616939	790.734985351563
1931.38748242701	789.349975585938
1933.75768618989	789.614990234375
1936.12717328497	790.265014648438
1938.49594401455	789.914978027344
1940.86399868071	790.695007324219
1943.23133758541	790.364990234375
1945.5979610304	790.859985351563
1947.96386931729	791.169982910156
1950.32906274751	791.619995117188
1952.69354162232	790.455017089844
1955.0573062428	790.450012207031
1957.42035690989	790.085021972656
1959.78269392434	790.109985351563
1962.14431758673	789.47998046875
1964.50522819748	789.015014648438
1966.86542605684	790.219970703125
1969.22491146488	791.35498046875
1971.58368472153	790.789978027344
1973.94174612654	790.580017089844
1976.29909597945	790.924987792969
1978.65573457971	790.910034179688
1981.01166222654	790.89501953125
1983.36687921902	789.640014648438
1985.72138585606	789.570007324219
1988.07518243639	789.455017089844
1990.42826925859	789.534973144531
1992.78064662106	789.505004882813
1995.13231482205	790.109985351563
1997.48327415961	789.984985351563
1999.83352493167	789.905029296875
2002.18306743594	789.815002441406
2004.53190197002	789.359985351563
2006.8800288313	789.320007324219
2009.22744831703	789.114990234375
2011.57416072427	789.25
2013.92016634993	789.419982910156
2016.26546549076	789.049987792969
2018.61005844332	789.239990234375
2020.95394550404	789.344970703125
2023.29712696915	789.275024414063
2025.63960313474	789.510009765625
2027.98137429672	789.455017089844
2030.32244075083	789.419982910156
2032.66280279266	790.044982910156
2035.00246071763	789.909973144531
2037.34141482099	788.989990234375
2039.67966539784	789.505004882813
2042.01721274309	789.994995117188
2044.35405715151	789.89501953125
2046.69019891769	790.119995117188
2049.02563833606	790.215026855469
2051.3603757009	790.27001953125
2053.6944113063	790.325012207031
2056.0277454462	789.695007324219
2058.36037841439	789.10498046875
2060.69231050446	789.039978027344
2063.02354200988	789.419982910156
2065.35407322392	789.614990234375
2067.68390443971	791.010009765625
2070.01303595021	790.635009765625
2072.3414680482	790.429992675781
2074.66920102633	789.409973144531
2076.99623517706	789.630004882813
2079.32257079271	789.955017089844
2081.6482081654	790.195007324219
2083.97314758713	790.544982910156
2086.29738934971	790.534973144531
2088.62093374481	791.265014648438
2090.94378106391	790.994995117188
2093.26593159835	791.150024414063
2095.5873856393	790.849975585938
2097.90814347777	791
2100.2282054046	790.710021972656
2102.54757171048	791.205017089844
2104.86624268594	791.159973144531
2107.18421862133	791.215026855469
2109.50149980686	791.465026855469
2111.81808653257	790.445007324219
2114.13397908834	791.390014648438
2116.44917776388	790.780029296875
2118.76368284875	792.184997558594
2121.07749463235	791.380004882813
2123.39061340391	791.690002441406
2125.70303945252	791.817504882813
2128.01477306707	791.945007324219
2130.32581453634	791.174987792969
2132.63616414891	791.659973144531
2134.94582219322	791.5
2137.25478895754	790.52001953125
2139.56306472999	791.284973144531
2141.87064979851	791.859985351563
2144.17754445092	792.27001953125
2146.48374897484	791.400024414063
2148.78926365774	791.364990234375
2151.09408878695	791.369995117188
2153.39822464963	791.375
2155.70167153277	791.534973144531
2158.00442972321	791.815002441406
2160.30649950763	791.880004882813
2162.60788117256	791.315002441406
2164.90857500436	791.400024414063
2167.20858128923	791.5
2169.50790031323	791.599975585938
2171.80653236223	791.60498046875
2174.10447772198	791.559997558594
2176.40173667804	791.39501953125
2178.69830951582	791.575012207031
2180.99419652058	791.184997558594
2183.28939797743	791.304992675781
2185.5839141713	790.934997558594
2187.87774538698	791.299987792969
2190.17089190908	791.72998046875
2192.46335402209	791.780029296875
2194.75513201032	791.005004882813
2197.04622615791	791.015014648438
2199.33663674886	791.070007324219
2201.62636406702	791.125
2203.91540839606	790.784973144531
2206.20377001952	790.875
2208.49144922077	790.5
2210.77844628302	789.815002441406
2213.06476148933	790.14501953125
2215.3503951226	790.109985351563
2217.63534746557	790.075012207031
2219.91961880085	790.039978027344
2222.20320941085	790.919982910156
2224.48611957785	790.777465820313
2226.76834958399	790.635009765625
2229.04989971122	789.705017089844
2231.33077024136	789.655029296875
2233.61096145607	789.820007324219
2235.89047363683	790.830017089844
2238.169307065	791.280029296875
2240.44746202178	791.114990234375
2242.72493878819	790.934997558594
2245.00173764511	790.9375
2247.27785887327	790.940002441406
2249.55330275324	790.875
2251.82806956545	790.835021972656
2254.10215959014	790.72998046875
2256.37557310744	790.674987792969
2258.64831039729	790.469970703125
2260.92037173949	790.265014648438
2263.19175741368	790.034973144531
2265.46246769938	790.169982910156
2267.7325028759	790.72998046875
2270.00186322243	790.844970703125
2272.270549018	791.005004882813
2274.5385605415	790.924987792969
2276.80589807165	791.60498046875
2279.07256188702	791.674987792969
2281.33855226601	791.405029296875
2283.60386948691	791.22998046875
2285.86851382782	791.934997558594
2288.1324855667	790.794982910156
2290.39578498136	790.859985351563
2292.65841234945	790.700012207031
2294.92036794847	790.260009765625
2297.18165205578	789.515014648438
2299.44226494856	788.880004882813
2301.70220690387	791
2303.96147819859	791.544982910156
2306.22007910947	791.804992675781
2308.47800991309	791.635009765625
2310.73527088589	791.557495117188
2312.99186230416	791.47998046875
2315.24778444403	792.049987792969
2317.50303758149	792.219970703125
2319.75762199235	792.455017089844
2322.01153795231	792.940002441406
2324.26478573689	794.135009765625
2326.51736562147	793.724975585938
2328.76927788127	793.599975585938
2331.02052279137	793.434997558594
2333.2711006267	792.494995117188
2335.52101166203	791.984985351563
2337.77025617198	791.804992675781
2340.01883443103	791.755004882813
2342.2667467135	791.349975585938
2344.51399329356	791.364990234375
2346.76057444525	790.75
2349.00649044241	791.304992675781
2351.2517415588	791.150024414063
2353.49632806796	791.549987792969
2355.74025024334	790.669982910156
2357.98350835819	791.260009765625
2360.22610268566	790.945007324219
2362.4680334987	790.47998046875
2364.70930107016	789.960021972656
2366.94990567269	789.525024414063
2369.18984757884	789.924987792969
2371.42912706098	791.015014648438
2373.66774439134	790.969970703125
2375.90569984199	790.924987792969
2378.14299368488	791.114990234375
2380.37962619179	791.179992675781
2382.61559763435	790.815002441406
2384.85090828405	790.515014648438
2387.08555841222	790.974975585938
2389.31954829006	790.280029296875
2391.55287818861	790.64501953125
2393.78554837877	790.619995117188
2396.01755913128	790.960021972656
2398.24891071673	791.525024414063
2400.47960340558	791.340026855469
2402.70963746814	790.429992675781
2404.93901317456	791.094970703125
2407.16773079485	791.375
2409.39579059887	791.690002441406
2411.62319285633	791.489990234375
2413.84993783681	790.974975585938
2416.07602580971	790.580017089844
2418.30145704432	790.719970703125
2420.52623180977	790.859985351563
2422.75035037503	791.594970703125
2424.97381300893	791.35498046875
2427.19661998017	791.315002441406
2429.41877155729	792.039978027344
2431.64026800867	792.065002441406
2433.86110960257	792.340026855469
2436.08129660709	791.494995117188
2438.30082929019	791.284973144531
2440.51970791967	791.280029296875
2442.73793276321	791.275024414063
2444.95550408832	791.25
2447.17242216237	791.224975585938
2449.38868725259	791.174987792969
2451.60429962607	791.385009765625
2453.81925954975	791.512512207031
2456.03356729041	791.640014648438
2458.2472231147	790.815002441406
2460.46022728913	791.130004882813
2462.67258008005	792.075012207031
2464.88428175368	791.880004882813
2467.09533257608	791.89501953125
2469.30573281318	792.010009765625
2471.51548273076	791.179992675781
2473.72458259445	791.590026855469
2475.93303266974	792.924987792969
2478.14083322198	792.974975585938
2480.34798451637	792.679992675781
2482.55448681797	791.469970703125
2484.76034039169	791.864990234375
2486.96554550231	791.195007324219
2489.17010241445	791.414978027344
2491.37401139259	792.184997558594
2493.57727270109	792.3125
2495.77988660412	792.440002441406
2497.98185336574	792.919982910156
2500.18317324987	792.664978027344
2502.38384652028	792.265014648438
2504.58387344058	792.909973144531
2506.78325427425	792.887451171875
2508.98198928465	792.864990234375
2511.18007873495	793.380004882813
2513.37752288821	793.085021972656
2515.57432200735	793.625
2517.77047635514	793.635009765625
2519.96598619419	793.075012207031
2522.16085178699	792.760009765625
2524.35507339589	793.875
2526.54865128308	794.260009765625
2528.74158571062	794.450012207031
2530.93387694042	794.695007324219
2533.12552523427	793.544982910156
2535.31653085379	793.765014648438
2537.50689406046	794.359985351563
2539.69661511566	794.599975585938
2541.88569428057	793.565002441406
2544.07413181627	794.164978027344
2546.26192798368	793.940002441406
2548.44908304359	793.640014648438
2550.63559725664	793.909973144531
2552.82147088333	794.184997558594
2555.00670418402	794.909973144531
2557.19129741894	794.830017089844
2559.37525084817	794.385009765625
2561.55856473164	794.265014648438
2563.74123932917	794.494995117188
2565.92327490039	794.599975585938
2568.10467170484	794.705017089844
2570.28543000189	795.284973144531
2572.46555005079	795.297485351563
2574.64503211063	795.309997558594
2576.82387644036	795.515014648438
2579.00208329882	795.570007324219
2581.17965294468	795.875
2583.35658563648	795.39501953125
2585.53288163263	795.010009765625
2587.70854119137	794.294982910156
2589.88356457084	795.494995117188
2592.05795202902	796.190002441406
2594.23170382376	796.465026855469
2596.40482021275	796.482543945313
2598.57730145356	796.5
2600.74914780363	796.405029296875
2602.92035952023	796.309997558594
2605.09093686053	797.02001953125
2607.26088008153	797.794982910156
2609.4301894401	798.114990234375
2611.59886519299	798.074951171875
2613.76690759678	798.034973144531
2615.93431690793	798.159973144531
2618.10109338277	797.919982910156
2620.26723727748	798.780029296875
2622.4327488481	798.554992675781
2624.59762835054	799.260009765625
2626.76187604057	799.190002441406
2628.92549217382	800.135009765625
2631.08847700579	801.349975585938
2633.25083079182	801.585021972656
2635.41255378715	801.169982910156
2637.57364624684	800.77001953125
2639.73410842586	800.880004882813
2641.893940579	800.580017089844
2644.05314296094	801.525024414063
2646.21171582621	801.335021972656
2648.36965942921	802.080017089844
2650.5269740242	802.549987792969
2652.6836598653	802.789978027344
2654.83971720651	803.179992675781
2656.99514630167	801.960021972656
2659.1499474045	802.280029296875
2661.30412076857	803.044982910156
2663.45766664734	804.64501953125
2665.61058529411	804.864990234375
2667.76287696204	804.515014648438
2669.91454190418	804.739990234375
2672.06558037342	805.284973144531
2674.21599262253	805.215026855469
2676.36577890413	805.160034179688
2678.51493947072	805.10498046875
2680.66347457466	804.184997558594
2682.81138446816	805.260009765625
2684.95866940332	806.64501953125
2687.10532963209	808.030029296875
2689.25136540628	807.599975585938
2691.39677697757	808.825012207031
2693.54156459752	808.924987792969
2695.68572851753	807.760009765625
2697.82926898888	809.375
2699.97218626272	810.184997558594
2702.11448059006	810.974975585938
2704.25615222175	812.109985351563
2706.39720140856	813.244995117188
2708.53762840109	813.664978027344
2710.67743344979	813.89501953125
2712.81661680503	814.97998046875
2714.95517871698	816.469970703125
2717.09311943574	817.955017089844
2719.23043921123	820.559997558594
2721.36713829325	821.335021972656
2723.50321693148	822.950012207031
2725.63867537545	823.809997558594
2727.77351387456	824.109985351563
2729.90773267809	824.080017089844
2732.04133203516	824.554992675781
2734.17431219478	823.340026855469
2736.30667340581	823.205017089844
2738.438415917	822.695007324219
2740.56953997695	822.174987792969
2742.70004583414	820.919982910156
2744.82993373688	820.799987792969
2746.9592039334	820.39501953125
2749.08785667177	819.335021972656
2751.21589219993	818.255004882813
2753.34331076568	817.434997558594
2755.4701126167	817.919982910156
2757.59629800054	819.025024414063
2759.7218671646	819.52001953125
2761.84682035617	819.609985351563
2763.9711578224	818.679992675781
2766.0948798103	820.130004882813
2768.21798656676	819.239990234375
2770.34047833852	819.1875
2772.46235537222	819.135009765625
2774.58361791434	818.885009765625
2776.70426621124	818.119995117188
2778.82430050915	816.710021972656
2780.94372105416	816.22998046875
2783.06252809224	815.484985351563
2785.18072186922	817.119995117188
2787.29830263081	817.440002441406
2789.41527062257	817.35498046875
2791.53162608996	817.239990234375
2793.64736927828	816.710021972656
2795.76250043271	817.015014648438
2797.8770197983	817.375
2799.99092761997	819.724975585938
2802.10422414252	821.049987792969
2804.21690961059	821.184997558594
2806.32898426873	821.710021972656
2808.44044836132	824.715026855469
2810.55130213264	826.044982910156
2812.66154582682	827.239990234375
2814.77117968788	828.544982910156
2816.8802039597	830.705017089844
2818.98861888601	833.700012207031
2821.09642471046	835.919982910156
2823.20362167653	838
2825.31021002756	841.205017089844
2827.41619000682	845.789978027344
2829.52156185738	849.465026855469
2831.62632582224	853.549987792969
2833.73048214422	857.554992675781
2835.83403106606	862.35498046875
2837.93697283033	868.070007324219
2840.03930767951	876.289978027344
2842.1410358559	885.924987792969
2844.24215760173	895.924987792969
2846.34267315905	906.85498046875
2848.44258276982	918.780029296875
2850.54188667585	931.89501953125
2852.64058511883	949.75
2854.73867834032	966.380004882813
2856.83616658175	981.034973144531
2858.93305008443	997.034973144531
2861.02932908952	1015.21997070313
2863.12500383809	1036.08996582031
2865.22007457104	1059.58996582031
2867.31454152918	1082.86999511719
2869.40840495316	1100.93994140625
2871.50166508353	1123.15002441406
2873.59432216069	1143.02502441406
2875.68637642493	1157.06005859375
2877.77782811641	1165.48999023438
2879.86867747515	1167.59997558594
2881.95892474105	1167.125
2884.0485701539	1171.27001953125
2886.13761395333	1175.61999511719
2888.22605637886	1179.73498535156
2890.3138976699	1181.98999023438
2892.40113806571	1191.3349609375
2894.48777780544	1209.875
2896.57381712808	1223.15002441406
2898.65925627254	1221.5
2900.74409547758	1224.94995117188
2902.82833498183	1239.80004882813
2904.9119750238	1256.08996582031
2906.99501584188	1274.39501953125
2909.07745767432	1298.55004882813
2911.15930075925	1321.51000976563
2913.24054533469	1338.08996582031
2915.3211916385	1343.27502441406
2917.40123990846	1362.28503417969
2919.48069038217	1388.51000976563
2921.55954329716	1402.30505371094
2923.63779889079	1414.6650390625
2925.71545740033	1431.32995605469
2927.79251906289	1448.43505859375
2929.86898411548	1462.7900390625
2931.94485279498	1462.57995605469
2934.02012533815	1459.85498046875
2936.0948019816	1460.61499023438
2938.16888296184	1449.03002929688
2940.24236851525	1424.18994140625
2942.31525887809	1399.06494140625
2944.38755428648	1389.92504882813
2946.45925497643	1375.65502929688
2948.53036118382	1346.56005859375
2950.6008731444	1313.77502441406
2952.67079109381	1291.83996582031
2954.74011526755	1266.03002929688
2956.80884590101	1247.27001953125
2958.87698322944	1242.19494628906
2960.94452748799	1238.36499023438
2963.01147891167	1227.97998046875
2965.07783773535	1213.48999023438
2967.14360419382	1197.875
2969.2087785217	1180.40502929688
2971.27336095352	1172.96997070313
2973.33735172366	1164.875
2975.40075106641	1151.64001464844
2977.46355921591	1138.45495605469
2979.52577640618	1124.28002929688
2981.58740287112	1106.47497558594
2983.64843884452	1090.9150390625
2985.70888456003	1080.43005371094
2987.76874025117	1069.27502441406
2989.82800615137	1052.17504882813
2991.88668249391	1037.17004394531
2993.94476951194	1017.49499511719
2996.00226743852	997.710021972656
2998.05917650657	984.510009765625
3000.11549694887	972.690002441406
3002.17122899812	958.219970703125
3004.22637288685	946.049987792969
3006.2809288475	935.734985351563
3008.33489711238	924.755004882813
3010.38827791368	914.700012207031
3012.44107148345	906.380004882813
3014.49327805366	897.515014648438
3016.5448978561	892.864990234375
3018.59593112249	888.715026855469
3020.64637808441	881.760009765625
3022.6962389733	875.859985351563
3024.74551402051	873.125
3026.79420345725	870.794982910156
3028.84230751461	870.150024414063
3030.88982642357	869.455017089844
3032.93676041497	868.909973144531
3034.98310971955	871.280029296875
3037.02887456791	873.909973144531
3039.07405519054	876.460021972656
3041.11865181781	877.864990234375
3043.16266467996	880.409973144531
3045.20609400713	880.820007324219
3047.24894002932	882.299987792969
3049.2912029764	886.515014648438
3051.33288307815	891.200012207031
3053.37398056421	895.380004882813
3055.41449566411	898.974975585938
3057.45442860725	905.080017089844
3059.49377962291	906.015014648438
3061.53254894026	907.905029296875
3063.57073678834	907.849975585938
3065.60834339607	903.955017089844
3067.64536899227	899.609985351563
3069.68181380561	895.429992675781
3071.71767806467	889.409973144531
3073.75296199788	881.640014648438
3075.78766583357	875.315002441406
3077.82178979997	867.380004882813
3079.85533412513	860.835021972656
3081.88829903705	856.994995117188
3083.92068476356	854.864990234375
3085.95249153241	851.525024414063
3087.98371957119	847.830017089844
3090.01436910741	844.065002441406
3092.04444036844	842.039978027344
3094.07393358152	841.864990234375
3096.10284897381	842.179992675781
3098.13118677232	842.47998046875
3100.15894720395	840.909973144531
3102.18613049548	841.109985351563
3104.21273687357	840.030029296875
3106.23876656477	839.77001953125
3108.2642197955	840.025024414063
3110.28909679208	840.059997558594
3112.31339778069	840.390014648438
3114.33712298741	839.184997558594
3116.36027263819	839.294982910156
3118.38284695887	842.14501953125
3120.40484617516	844.440002441406
3122.42627051268	843.534973144531
3124.4471201969	843.224975585938
3126.46739545319	844.284973144531
3128.4870965068	844.289978027344
3130.50622358287	844.294982910156
3132.5247769064	843.275024414063
3134.54275670229	843.880004882813
3136.56016319534	844.054992675781
3138.57699661019	844.585021972656
3140.59325717139	845.140014648438
3142.60894510338	846.825012207031
3144.62406063047	847.929992675781
3146.63860397686	845.97998046875
3148.65257536662	846.030029296875
3150.66597502371	847.14501953125
3152.67880317199	847.900024414063
3154.69106003518	846.715026855469
3156.70274583691	848.815002441406
3158.71386080065	850.804992675781
3160.72440514981	852.215026855469
3162.73437910763	853.065002441406
3164.74378289728	853.489990234375
3166.75261674179	854.744995117188
3168.76088086407	854.179992675781
3170.76857548692	856.25
3172.77570083303	856.284973144531
3174.78225712498	859.294982910156
3176.78824458521	860.325012207031
3178.79366343607	861.594970703125
3180.79851389977	862.75
3182.80279619844	863.359985351563
3184.80651055405	863.184997558594
3186.80965718849	864.184997558594
3188.81223632353	865.429992675781
3190.81424818081	866.179992675781
3192.81569298186	869.494995117188
3194.8165709481	870.994995117188
3196.81688230084	872.015014648438
3198.81662726126	873.619995117188
3200.81580605044	876.534973144531
3202.81441888933	875.164978027344
3204.81246599879	876.5
3206.80994759954	879.375
3208.80686391219	883.679992675781
3210.80321515726	882.52001953125
3212.79900155512	884.260009765625
3214.79422332605	885.489990234375
3216.78888069021	884.929992675781
3218.78297386765	886.034973144531
3220.77650307828	886.724975585938
3222.76946854195	888.525024414063
3224.76187047834	890.179992675781
3226.75370910705	893.64501953125
3228.74498464755	893.64501953125
3230.73569731921	891.539978027344
3232.72584734127	892.679992675781
3234.71543493287	893.840026855469
3236.70446031304	895.614990234375
3238.69292370068	898.945007324219
3240.68082531459	898.219970703125
3242.66816537345	897.799987792969
3244.65494409583	901.5
3246.6411617002	904.119995117188
3248.62681840488	905.059997558594
3250.61191442812	905.455017089844
3252.59644998804	908.710021972656
3254.58042530263	912.030029296875
3256.56384058979	912.055053710938
3258.54669606731	912.080017089844
3260.52899195285	911.775024414063
3262.51072846396	913.309997558594
3264.4919058181	914.244995117188
3266.47252423259	916.385009765625
3268.45258392464	918.565002441406
3270.43208511138	921.940002441406
3272.41102800978	926.200012207031
3274.38941283675	927.710021972656
3276.36723980904	927.150024414063
3278.34450914332	930.125
3280.32122105613	931.244995117188
3282.29737576392	931.530029296875
3284.272973483	934.174987792969
3286.24801442958	938.820007324219
3288.22249881978	939.130004882813
3290.19642686957	939.674987792969
3292.16979879485	940.320007324219
3294.14261481136	940.359985351563
3296.11487513478	940.400024414063
3298.08657998065	937.330017089844
3300.0577295644	936.39501953125
3302.02832410136	936.940002441406
3303.99836380673	937.190002441406
3305.96784889563	937.549987792969
3307.93677958303	936.655029296875
3309.90515608383	935.375
3311.87297861278	934.585021972656
3313.84024738456	932.554992675781
3315.80696261371	934.164978027344
3317.77312451466	934.565002441406
3319.73873330175	933.030029296875
3321.70378918919	932.820007324219
3323.66829239109	932.039978027344
3325.63224312145	931.669982910156
3327.59564159416	925.994995117188
3329.55848802299	924.625
3331.52078262162	926.469970703125
3333.4825256036	926.015014648438
3335.44371718237	924.440002441406
3337.40435757128	925.304992675781
3339.36444698356	925.142456054688
3341.32398563232	924.97998046875
3343.28297373058	923.234985351563
3345.24141149124	921.349975585938
3347.19929912709	922
3349.15663685081	925.940002441406
3351.11342487497	928.164978027344
3353.06966341204	928.734985351563
3355.02535267437	925.155029296875
3356.98049287421	922.760009765625
3358.9350842237	922.39501953125
3360.88912693486	922
3362.84262121962	922.265014648438
3364.79556728978	922.344970703125
3366.74796535705	922.75
3368.69981563302	921.315002441406
3370.65111832917	920.640014648438
3372.60187365689	921.085021972656
3374.55208182744	919.640014648438
3376.50174305198	917.690002441406
3378.45085754157	916.380004882813
3380.39942550714	916.52001953125
3382.34744715954	915.815002441406
3384.29492270949	914.35498046875
3386.24185236761	910.695007324219
3388.18823634442	909.099975585938
3390.13407485031	907.619995117188
3392.07936809559	908.840026855469
3394.02411629045	910.179992675781
3395.96831964496	909.625
3397.91197836911	910.080017089844
3399.85509267275	908.505004882813
3401.79766276564	903.114990234375
3403.73968885745	901.215026855469
3405.68117115771	904.010009765625
3407.62210987586	905.409973144531
3409.56250522123	905.159973144531
3411.50235740305	902.625
3413.44166663043	899.234985351563
3415.38043311238	896.02001953125
3417.3186570578	897.010009765625
3419.2563386755	899.844970703125
3421.19347817415	900.359985351563
3423.13007576235	899.114990234375
3425.06613164857	898.609985351563
3427.00164604118	898.534973144531
3428.93661914844	896.859985351563
3430.87105117852	895.549987792969
3432.80494233945	893.794982910156
3434.73829283919	893.25
3436.67110288558	894.22998046875
3438.60337268634	894.755004882813
3440.53510244911	893.734985351563
3442.4662923814	892.304992675781
3444.39694269064	891.284973144531
3446.32705358412	890.955017089844
3448.25662526905	889.080017089844
3450.18565795254	889.775024414063
3452.11415184156	888.015014648438
3454.04210714302	887.755004882813
3455.96952406369	884.734985351563
3457.89640281024	883.044982910156
3459.82274358924	882.47998046875
3461.74854660717	881.125
3463.67381207038	879.22998046875
3465.59854018513	877.169982910156
3467.52273115756	875.625
3469.44638519373	873.905029296875
3471.36950249956	872.974975585938
3473.29208328091	871.885009765625
3475.21412774349	871.565002441406
3477.13563609293	869.719970703125
3479.05660853476	869.530029296875
3480.97704527438	867.835021972656
3482.89694651712	866.234985351563
3484.81631246818	864.809997558594
3486.73514333266	863.450012207031
3488.65343931557	861.47998046875
3490.57120062179	858.094970703125
3492.48842745612	855.565002441406
3494.40512002324	854.224975585938
3496.32127852773	852.830017089844
3498.23690317408	851.710021972656
3500.15199416666	850.965026855469
3502.06655170974	850.484985351563
3503.98057600749	848.534973144531
3505.89406726396	847.39501953125
3507.80702568312	846.109985351563
3509.71945146883	845.599975585938
3511.63134482483	843.039978027344
3513.54270595478	842.450012207031
3515.45353506222	840.424987792969
3517.3638323506	838.875
3519.27359802324	836.885009765625
3521.1828322834	834.125
3523.09153533419	831.244995117188
3524.99970737866	830.804992675781
3526.90734861972	830.97998046875
3528.81445926021	830.599975585938
3530.72103950283	829.094970703125
3532.62708955022	826.455017089844
3534.53260960488	824.695007324219
3536.43759986923	823.195007324219
3538.34206054558	821.530029296875
3540.24599183613	820.739990234375
3542.149393943	819.14501953125
3544.05226706817	818.034973144531
3545.95461141357	816.890014648438
3547.85642718097	813.35498046875
3549.75771457208	811.794982910156
3551.6584737885	812.304992675781
3553.55870503171	812.710021972656
3555.4584085031	812.909973144531
3557.35758440396	812.14501953125
3559.25623293548	809.344970703125
3561.15435429874	807.400024414063
3563.05194869473	806.599975585938
3564.94901632432	806.135009765625
3566.84555738829	803.950012207031
3568.74157208732	802.419982910156
3570.63706062199	802.375
3572.53202319277	802.385009765625
3574.42646000003	802.39501953125
3576.32037124406	801.815002441406
3578.213757125	801.525024414063
3580.10661784295	799.505004882813
3581.99895359786	797.744995117188
3583.8907645896	798.075012207031
3585.78205101794	797.325012207031
3587.67281308254	797.262512207031
3589.56305098297	797.200012207031
3591.4527649187	795.820007324219
3593.34195508907	794.125
3595.23062169338	792.515014648438
3597.11876493075	792.195007324219
3599.00638500027	791.445007324219
3600.89348210089	790.700012207031
3602.78005643148	789.724975585938
3604.66610819078	789.919982910156
3606.55163757747	788.885009765625
3608.4366447901	787.85498046875
3610.32113002713	786.690002441406
3612.20509348693	786.234985351563
3614.08853536774	785.789978027344
3615.97145586773	784.815002441406
3617.85385518497	784.284973144531
3619.7357335174	784.255004882813
3621.61709106289	783.5
3623.4979280192	782.60498046875
3625.37824458399	781.364990234375
3627.25804095482	780.469970703125
3629.13731732915	779.880004882813
3631.01607390435	779.775024414063
3632.89431087767	779.085021972656
3634.77202844629	778.739990234375
3636.64922680726	777.580017089844
3638.52590615754	777.52001953125
3640.40206669402	776.950012207031
3642.27770861344	775.994995117188
3644.15283211248	775.760009765625
3646.02743738771	776.239990234375
3647.90152463559	775.309997558594
3649.77509405251	774.015014648438
3651.64814583473	773.445007324219
3653.52068017842	773.724975585938
3655.39269727965	772.940002441406
3657.26419733442	771.989990234375
3659.13518053858	771.539978027344
3661.00564708793	770.909973144531
3662.87559717814	770.294982910156
3664.7450310048	769.35498046875
3666.61394876338	769.22998046875
3668.48235064928	768.909973144531
3670.35023685779	768.114990234375
3672.21760758409	767.460021972656
3674.08446302327	767.410034179688
3675.95080337033	767.359985351563
3677.81662882017	767.25
3679.68193956758	766.809997558594
3681.54673580727	766.195007324219
3683.41101773383	765.450012207031
3685.27478554178	765.215026855469
3687.13803942551	765.10498046875
3689.00077957934	765.164978027344
3690.86300619748	764.710021972656
3692.72471947405	763.570007324219
3694.58591960306	762.955017089844
3696.44660677844	762.960021972656
3698.306781194	762.967529296875
3700.16644304348	762.974975585938
3702.02559252049	762.210021972656
3703.88422981859	761.669982910156
3705.74235513119	760.789978027344
3707.59996865164	760.554992675781
3709.45707057318	760.364990234375
3711.31366108895	760.409973144531
3713.16974039199	760.465026855469
3715.02530867527	760.210021972656
3716.88036613164	759.585021972656
3718.73491295385	759.594970703125
3720.58894933456	758.890014648438
3722.44247546634	758.880004882813
3724.29549154166	758.575012207031
3726.14799775289	758.150024414063
3727.9999942923	757.35498046875
3729.85148135209	757.400024414063
3731.70245912432	757.505004882813
3733.55292780098	756.799987792969
3735.40288757397	757.114990234375
3737.25233863509	757.039978027344
3739.10128117603	757.419982910156
3740.9497153884	757.530029296875
3742.7976414637	757.14501953125
3744.64505959335	757.172485351563
3746.49196996866	757.200012207031
3748.33837278086	756.869995117188
3750.18426822108	756.565002441406
3752.02965648033	756.905029296875
3753.87453774956	755.695007324219
3755.7189122196	756.775024414063
3757.5627800812	757.130004882813
3759.40614152501	756.950012207031
3761.24899674159	756.070007324219
3763.09134592138	756.914978027344
3764.93318925476	756.784973144531
3766.77452693199	756.224975585938
3768.61535914325	756.239990234375
3770.45568607861	756.255004882813
3772.29550792807	755.674987792969
3774.1348248815	755.744995117188
3775.9736371287	755.284973144531
3777.81194485938	755.590026855469
