32.6816976106991	714.559997558594
35.6535599501435	714.674987792969
38.6244374909659	714.700012207031
41.5943306947054	714.570007324219
44.5632400226282	714.52001953125
47.5311659356917	714.719970703125
50.4981088945929	714.484985351563
53.4640693597127	714.554992675781
56.4290477911676	714.510009765625
59.3930446487746	714.609985351563
62.356060392067	714.47998046875
65.3180954802906	714.739990234375
68.2791503724084	714.690002441406
71.2392255270922	714.64501953125
74.1983214027271	714.705017089844
77.1564384574159	714.890014648438
80.113577148983	714.60498046875
83.0697379349549	714.724975585938
86.0249212725722	714.655029296875
88.9791276188058	714.75
91.9323574303255	714.859985351563
94.8846111635238	714.924987792969
97.8358892745121	714.97998046875
100.786192219114	714.940002441406
103.73552045287	715
106.683874431037	715.075012207031
109.631254608583	715.575012207031
112.577661440203	715.869995117188
115.523095380307	716.255004882813
118.467556883015	717.429992675781
121.411046402175	719.599975585938
124.353564391344	722.830017089844
127.295111303796	728.655029296875
130.235687592532	739.184997558594
133.175293710265	756.465026855469
136.113930109434	779.630004882813
139.051597242185	812.625
141.98829556039	852.455017089844
144.92402551564	894.340026855469
147.858787559244	935.114990234375
150.792582142239	972.799987792969
153.725409715372	1002.07501220703
156.65727072911	1018.17999267578
159.588165633643	1031.68994140625
162.518094878884	1038.27502441406
165.447058914469	1040.85998535156
168.375058189747	1040.0849609375
171.302093153792	1041.13000488281
174.228164255401	1041.40002441406
177.153271943091	1042.97497558594
180.077416665101	1041.98999023438
183.000598869394	1043.55004882813
185.922819003656	1046.39501953125
188.84407751529	1050.16003417969
191.764374851424	1052.82495117188
194.683711458919	1058.86499023438
197.60208778434	1064.30505371094
200.519504273992	1077.40002441406
203.435961373894	1094.21997070313
206.351459529801	1108.81005859375
209.265999187174	1124.13500976563
212.179580791207	1146.07995605469
215.092204786825	1165.82995605469
218.003871618673	1183.29504394531
220.914581731116	1192.94995117188
223.824335568247	1209.69494628906
226.733133573893	1226.88500976563
229.640976191593	1237.42504882813
232.547863864614	1237.01501464844
235.453797035961	1242.14501953125
238.358776148354	1244.81494140625
241.26280164424	1239.66003417969
244.1658739658	1236.9599609375
247.067993554929	1238.36499023438
249.969160853266	1234.51000976563
252.869376302162	1232.1650390625
255.768640342707	1226.72497558594
258.666953415705	1224.64001464844
261.564315961705	1222.32995605469
264.46072842097	1221.20495605469
267.356191233499	1218.07995605469
270.25070483901	1213.38000488281
273.144269676967	1209.9150390625
276.036886186551	1205.85998535156
278.928554806671	1202.98498535156
281.819275975966	1199.41003417969
284.709050132812	1201.77001953125
287.597877715306	1198.03002929688
290.485759161281	1194.82995605469
293.372694908298	1194.97497558594
296.258685393644	1190.63000488281
299.143731054352	1187.56005859375
302.027832327156	1186.90502929688
304.910989648557	1190.46997070313
307.79320345476	1192.61999511719
310.674474181717	1193.81494140625
313.554802265101	1189.41003417969
316.434188140326	1185.41003417969
319.312632242533	1180.93505859375
322.190135006593	1178.96997070313
325.066696867117	1180.3349609375
327.942318258443	1182.51501464844
330.816999614641	1180.99499511719
333.690741369517	1175.89501953125
336.56354395661	1173.5400390625
339.435407809193	1168.09997558594
342.306333360273	1164.69995117188
345.176321042591	1163.38500976563
348.045371288612	1162.56994628906
350.913484530551	1159.21496582031
353.78066120035	1153.35998535156
356.64690172969	1151.56005859375
359.512206549972	1148.26000976563
362.376576092357	1149.26501464844
365.240010787716	1151.27001953125
368.102511066677	1150.01501464844
370.964077359587	1148.40002441406
373.82471009654	1146.97998046875
376.684409707364	1151.03503417969
379.543176621612	1150.82995605469
382.401011268595	1148.05004882813
385.257914077343	1149.60998535156
388.113885476627	1149.57495117188
390.968925894961	1155.58996582031
393.823035760591	1160.2900390625
396.676215501503	1162.4599609375
399.528465545415	1167.27502441406
402.379786319791	1174.99499511719
405.230178251834	1182.38000488281
408.079641768472	1187.48498535156
410.928177296387	1189.39001464844
413.775785261992	1193.74499511719
416.622466091445	1199.07495117188
419.468220210631	1199.18005371094
422.313048045182	1194.67504882813
425.156950020479	1197.13500976563
427.999926561623	1195.72497558594
430.841978093471	1186.24499511719
433.683105040613	1184.56994628906
436.523307827384	1180.27001953125
439.362586877851	1177.41003417969
442.200942615829	1177.61999511719
445.038375464876	1179.31994628906
447.874885848283	1183.22497558594
450.710474189089	1183.25500488281
453.54514091007	1176.55505371094
456.37888643375	1172.56494140625
459.211711182386	1169.71997070313
462.043615577986	1164.97497558594
464.874600042297	1164.41003417969
467.704664996804	1164.56005859375
470.533810862741	1160.5
473.36203806108	1158.34497070313
476.189347012547	1164.26501464844
479.015738137594	1169.47998046875
481.841211856432	1168.06005859375
484.665768589008	1171.23999023438
487.489408755009	1179.375
490.312132773878	1184.52502441406
493.133941064796	1190.55505371094
495.954834046683	1193.14001464844
498.77481213821	1186.71496582031
501.593875757797	1181.45495605469
504.412025323601	1186.05004882813
507.229261253524	1188.61499023438
510.045583965226	1191.65502929688
512.860993876093	1192.73498535156
515.675491403271	1193.73498535156
518.489076963649	1187.91003417969
521.301750973863	1188.00500488281
524.113513850293	1183.01501464844
526.924366009065	1176.96997070313
529.734307866052	1175.53002929688
532.543339836881	1174.07495117188
535.35146233692	1170.51000976563
538.158675781281	1165.91003417969
540.964980584833	1162.82995605469
543.770377162182	1157.17004394531
546.574865927692	1152.06005859375
549.378447295465	1154.07495117188
552.181121679365	1157.05505371094
554.982889492993	1148.18994140625
557.783751149701	1148.01000976563
560.583707062591	1147.06494140625
563.38275764452	1144.3349609375
566.180903308083	1144.07995605469
568.978144465633	1141.48498535156
571.774481529266	1139.64001464844
574.569914910839	1135.29504394531
577.364445021949	1131.85998535156
580.158072273946	1129.14001464844
582.950797077926	1124.44494628906
585.742619844752	1126.19995117188
588.533540985018	1126.97497558594
591.323560909078	1126.13500976563
594.112680027034	1121.36499023438
596.90089874875	1119.56994628906
599.688217483828	1116.76501464844
602.474636641629	1114.96496582031
605.260156631263	1113.67504882813
608.044777861596	1112.36999511719
610.828500741241	1115.7099609375
613.611325678567	1124.28503417969
616.393253081697	1130.63000488281
619.174283358506	1132.00500488281
621.954416916616	1127.93005371094
624.733654163414	1122.49499511719
627.511995506029	1120.67504882813
630.289441351351	1120.07495117188
633.065992106022	1116.22998046875
635.841648176434	1118.44494628906
638.616409968744	1120.53503417969
641.390277888847	1124.97998046875
644.163252342408	1132.625
646.93533373484	1132.84497070313
649.706522471307	1132.98999023438
652.47681895674	1129.42504882813
655.246223595811	1122.3349609375
658.014736792957	1119.84997558594
660.782358952371	1126.32995605469
663.549090477999	1129.38500976563
666.314931773542	1130.06494140625
669.079883242452	1127.17004394531
671.843945287955	1129.9599609375
674.607118313019	1131.41003417969
677.369402720366	1130.59497070313
680.130798912488	1131.73498535156
682.891307291627	1133.46997070313
685.650928259784	1132.6650390625
688.409662218708	1128.84997558594
691.167509569927	1129.69995117188
693.924470714705	1130.19995117188
696.680546054078	1131.0849609375
699.435735988832	1135.44494628906
702.190040919516	1134.86499023438
704.943461246442	1135.81494140625
707.695997369667	1131.36499023438
710.447649689022	1135.88500976563
713.198418604088	1141.94995117188
715.948304514206	1139.93505859375
718.697307818481	1140.18505859375
721.445428915779	1139.39001464844
724.192668204716	1135.09997558594
726.93902608368	1135.19995117188
729.684502950805	1139.81494140625
732.429099204005	1142.80004882813
735.172815240936	1144.56994628906
737.915651459026	1149.26501464844
740.657608255463	1151.47998046875
743.398686027186	1156.19995117188
746.13888517091	1161.36499023438
748.878206083102	1162.22998046875
751.616649159998	1162.89501953125
754.354214797584	1162.77502441406
757.09090339162	1159.07495117188
759.826715337622	1159.17504882813
762.561651030868	1152.96997070313
765.295710866406	1146.55004882813
768.028895239041	1137.61999511719
770.761204543336	1134.19494628906
773.492639173626	1129.36499023438
776.223199524006	1125.41003417969
778.952885988334	1125.92504882813
781.681698960235	1123.52502441406
784.40963883309	1122.84997558594
787.136706000052	1120.32495117188
789.862900854037	1116.78002929688
792.588223787721	1117.7900390625
795.312675193549	1119.7900390625
798.036255463728	1119.77001953125
800.758964990228	1121.19995117188
803.480804164792	1126.90002441406
806.201773378919	1131.98498535156
808.921873023884	1139.46496582031
811.641103490712	1143.85998535156
814.359465170214	1155.75500488281
817.076958452946	1166.58996582031
819.793583729246	1179.75
822.509341389214	1188.76000976563
825.224231822712	1198.16003417969
827.938255419375	1203.00500488281
830.651412568596	1206.90502929688
833.363703659544	1205.57995605469
836.075129081157	1205.14501953125
838.785689222127	1208.96496582031
841.495384470928	1221.32495117188
844.204215215788	1229.06994628906
846.912181844721	1239.11999511719
849.619284745491	1246.35498046875
852.325524305638	1253.40002441406
855.030900912475	1255.75500488281
857.735414953079	1255.3349609375
860.439066814289	1241.40002441406
863.141856882725	1229.69494628906
865.843785544769	1221.70495605469
868.544853186571	1219.75
871.245060194063	1228.52001953125
873.944406952925	1232.76501464844
876.642893848625	1227.11499023438
879.340521266398	1227.08996582031
882.037289591241	1232
884.733199207927	1236.61999511719
887.428250501001	1242.0849609375
890.122443854778	1248.47497558594
892.815779653335	1246.77502441406
895.508258280534	1242.97998046875
898.199880119997	1253.27001953125
900.890645555129	1261.72998046875
903.580554969094	1257.20495605469
906.269608744832	1246.88500976563
908.957807265056	1241.94494628906
911.645150912257	1243.70495605469
914.331640068689	1244.79504394531
917.017275116375	1249.25500488281
919.702056437128	1253.6650390625
922.385984412518	1257.34497070313
925.069059423886	1265.38500976563
927.751281852366	1278.19995117188
930.432652078842	1287.99499511719
933.113170483983	1292.82995605469
935.79283744823	1297.38000488281
938.471653351806	1296.02001953125
941.149618574686	1296.91003417969
943.826733496641	1303.27001953125
946.502998497206	1305.49499511719
949.178413955689	1299.01501464844
951.85298025118	1304.03002929688
954.526697762544	1304.82995605469
957.199566868403	1304.55505371094
959.87158794718	1300.5
962.542761377054	1295.11499023438
965.213087535987	1288.07995605469
967.882566801719	1287.26501464844
970.551199551761	1282.47497558594
973.218986163399	1274.71997070313
975.885927013698	1270.67504882813
978.552022479501	1274.32495117188
981.217272937423	1276.7099609375
983.88167876386	1288.35998535156
986.545240334978	1297.89501953125
989.207958026729	1306.06994628906
991.869832214835	1323.96496582031
994.530863274798	1353
997.191051581895	1395.89001464844
999.850397511185	1435.77502441406
1002.50890143751	1462.55505371094
1005.16656373546	1471.63500976563
1007.82338477944	1461.42004394531
1010.47936494363	1425.26000976563
1013.13450460195	1369.80004882813
1015.78880412815	1324.36999511719
1018.44226389572	1298.59497070313
1021.09488427794	1279.26501464844
1023.74666564789	1275.79504394531
1026.3976083784	1279.77502441406
1029.04771284208	1290.63000488281
1031.69697941135	1297.75500488281
1034.34540845838	1295.80004882813
1036.99300035512	1293.17004394531
1039.63975547333	1299.42504882813
1042.28567418452	1294.46496582031
1044.93075685998	1287.27502441406
1047.57500387081	1284.13000488281
1050.21841558786	1285.18505859375
1052.86099238177	1293.73498535156
1055.50273462297	1302.3349609375
1058.14364268167	1306.01501464844
1060.78371692784	1309.42504882813
1063.42295773126	1311.875
1066.06136546148	1324.67004394531
1068.69894048781	1331.78002929688
1071.33568317939	1330.96496582031
1073.9715939051	1333.71496582031
1076.60667303362	1332.63500976563
1079.24092093341	1335.60498046875
1081.87433797271	1344.65002441406
1084.50692451954	1343.46496582031
1087.13868094172	1333.07495117188
1089.76960760684	1328.06494140625
1092.39970488226	1322.81494140625
1095.02897313516	1312.60998535156
1097.65741273246	1311.57495117188
1100.28502404089	1311.93005371094
1102.91180742697	1305.34497070313
1105.53776325698	1306.44995117188
1108.16289189701	1308.66003417969
1110.78719371291	1305.44494628906
1113.41066907033	1306.5
1116.0333183347	1308.94494628906
1118.65514187124	1316.34997558594
1121.27614004495	1316.21496582031
1123.89631322061	1312.77001953125
1126.51566176279	1314.72497558594
1129.13418603585	1314.68994140625
1131.75188640394	1306.28503417969
1134.36876323098	1281.8349609375
1136.98481688069	1261.31005859375
1139.60004771655	1245.03503417969
1142.21445610187	1231.875
1144.82804239972	1230.79504394531
1147.44080697295	1238.71997070313
1150.05275018421	1247.82495117188
1152.66387239593	1254.75500488281
1155.27417397034	1261.51501464844
1157.88365526943	1265.75500488281
1160.49231665502	1262.61499023438
1163.10015848867	1256.14001464844
1165.70718113176	1250.78002929688
1168.31338494544	1248.67504882813
1170.91877029067	1247.43994140625
1173.52333752817	1241.2099609375
1176.12708701847	1240.80004882813
1178.73001912187	1238.25
1181.33213419848	1231.5400390625
1183.93343260819	1225.9150390625
1186.53391471068	1222.06494140625
1189.13358086539	1222.43505859375
1191.73243143161	1224.5849609375
1194.33046676836	1225.63000488281
1196.92768723449	1236.78503417969
1199.52409318861	1248.5400390625
1202.11968498915	1259.23498535156
1204.7144629943	1268.01501464844
1207.30842756206	1278.00500488281
1209.90157905021	1276.7900390625
1212.49391781634	1271.71997070313
1215.08544421779	1270.36499023438
1217.67615861174	1270.73498535156
1220.26606135512	1272.09997558594
1222.85515280468	1277.50500488281
1225.44343331694	1284.2900390625
1228.03090324823	1296.84497070313
1230.61756295466	1303.38500976563
1233.20341279213	1317.13500976563
1235.78845311634	1328.44995117188
1238.37268428278	1333.99499511719
1240.95610664673	1341.92004394531
1243.53872056325	1348.06494140625
1246.12052638722	1349.23999023438
1248.70152447329	1355.86499023438
1251.28171517591	1351.6650390625
1253.86109884934	1351.47497558594
1256.43967584759	1349.46496582031
1259.0174465245	1350.79504394531
1261.5944112337	1355.875
1264.1705703286	1361.18994140625
1266.74592416241	1361.14001464844
1269.32047308814	1362.0400390625
1271.89421745858	1363.67004394531
1274.46715762633	1360.13500976563
1277.03929394377	1359.31994628906
1279.61062676308	1355.20495605469
1282.18115643624	1351.375
1284.75088331502	1349.63000488281
1287.31980775098	1350.00500488281
1289.88793009548	1353.50500488281
1292.45525069969	1351.35998535156
1295.02176991454	1350.47497558594
1297.58748809078	1351.17004394531
1300.15240557897	1354.33996582031
1302.71652272942	1357.43005371094
1305.27983989229	1377.80004882813
1307.84235741749	1384.01000976563
1310.40407565475	1392.45495605469
1312.9649949536	1396.11499023438
1315.52511566335	1397.36999511719
1318.08443813311	1403.35998535156
1320.64296271181	1406.27001953125
1323.20068974815	1401.32995605469
1325.75761959063	1395.05004882813
1328.31375258756	1402.31994628906
1330.86908908704	1411.375
1333.42362943696	1415.82495117188
1335.97737398503	1406.50500488281
1338.53032307874	1403.1650390625
1341.08247706537	1408.93005371094
1343.63383629202	1400.18005371094
1346.18440110558	1390.26501464844
1348.73417185274	1375.34997558594
1351.28314887997	1351.2900390625
1353.83133253357	1330.55505371094
1356.37872315961	1323.69494628906
1358.92532110398	1322.19995117188
1361.47112671237	1309.81994628906
1364.01614033024	1291.92004394531
1366.56036230288	1281.36499023438
1369.10379297537	1271.46496582031
1371.64643269258	1261.42004394531
1374.18828179921	1248.31005859375
1376.72934063972	1244.18505859375
1379.2696095584	1246.40502929688
1381.80908889932	1250.01000976563
1384.34777900637	1246.63000488281
1386.88568022323	1249.30004882813
1389.42279289337	1252.22497558594
1391.95911736009	1253.23999023438
1394.49465396645	1257.52001953125
1397.02940305537	1261.47497558594
1399.5633649695	1264.44995117188
1402.09654005135	1262.96997070313
1404.6289286432	1261.79504394531
1407.16053108714	1274.40502929688
1409.69134772507	1277.01000976563
1412.22137889868	1275.93505859375
1414.75062494947	1271.43994140625
1417.27908621874	1271.85998535156
1419.80676304759	1273.82995605469
1422.33365577692	1275.66003417969
1424.85976474744	1283.03002929688
1427.38509029967	1295.30505371094
1429.90963277392	1307.64501953125
1432.4333925103	1320.73999023438
1434.95636984873	1346.64001464844
1437.47856512894	1374.2900390625
1439.99997869045	1405.23498535156
1442.5206108726	1433.0849609375
1445.04046201452	1452.77502441406
1447.55953245515	1475.68994140625
1450.07782253323	1482.57495117188
1452.59533258731	1474.35498046875
1455.11206295574	1456
1457.62801397668	1444.375
1460.14318598809	1414.65502929688
1462.65757932774	1383.68505859375
1465.1711943332	1363.27502441406
1467.68403134184	1338.31994628906
1470.19609069085	1302.86499023438
1472.70737271721	1269.06994628906
1475.21787775772	1230.56005859375
1477.72760614897	1199.54504394531
1480.23655822738	1177.46496582031
1482.74473432914	1157.26000976563
1485.25213479029	1137.33996582031
1487.75875994664	1124.17504882813
1490.26461013382	1118.25500488281
1492.76968568726	1115.0400390625
1495.27398694222	1110.76000976563
1497.77751423374	1108.7900390625
1500.28026789667	1111.15502929688
1502.78224826569	1109.39501953125
1505.28345567526	1105.43994140625
1507.78389045967	1104.09497070313
1510.28355295299	1105.86499023438
1512.78244348913	1109.26501464844
1515.28056240178	1113.53002929688
1517.77791002445	1114.10498046875
1520.27448669047	1114.24499511719
1522.77029273296	1110.72497558594
1525.26532848486	1108.05004882813
1527.75959427889	1113.11499023438
1530.25309044764	1110.14501953125
1532.74581732344	1107.94494628906
1535.23777523847	1112.15502929688
1537.72896452471	1117.54504394531
1540.21938551394	1121.56005859375
1542.70903853778	1124.38500976563
1545.19792392761	1132.52001953125
1547.68604201466	1140.94995117188
1550.17339312997	1147.44494628906
1552.65997760434	1151.57495117188
1555.14579576845	1152.04504394531
1557.63084795275	1149.01501464844
1560.11513448749	1143.82995605469
1562.59865570276	1142.15002441406
1565.08141192845	1138.94995117188
1567.56340349426	1137.76501464844
1570.04463072969	1143.73999023438
1572.52509396406	1144.77001953125
1575.00479352652	1143.82495117188
1577.48372974599	1149.55004882813
1579.96190295124	1154.09497070313
1582.43931347083	1162.36499023438
1584.91596163314	1167.89501953125
1587.39184776636	1175.1650390625
1589.86697219849	1177.0849609375
1592.34133525734	1179.01501464844
1594.81493727054	1185.56994628906
1597.28777856553	1192.18005371094
1599.75985946955	1202.73999023438
1602.23118030968	1219.26000976563
1604.70174141278	1233.73498535156
1607.17154310555	1238.17004394531
1609.64058571449	1238.86999511719
1612.10886956591	1245.31494140625
1614.57639498595	1236.35998535156
1617.04316230054	1230.05004882813
1619.50917183543	1223.93994140625
1621.97442391621	1212.93994140625
1624.43891886825	1203.78503417969
1626.90265701674	1199.22497558594
1629.36563868671	1200.99499511719
1631.82786420296	1202.85998535156
1634.28933389016	1213.50500488281
1636.75004807274	1228.04504394531
1639.21000707498	1241.13000488281
1641.66921122097	1257.80505371094
1644.12766083459	1274.02502441406
1646.58535623956	1298.3349609375
1649.04229775941	1319.375
1651.4984857175	1336.80505371094
1653.95392043697	1351.94494628906
1656.40860224079	1355.40502929688
1658.86253145177	1358.22497558594
1661.3157083925	1358.18505859375
1663.76813338542	1355.09997558594
1666.21980675275	1337.44995117188
1668.67072881656	1322.14501953125
1671.1208998987	1307.77001953125
1673.57032032089	1296.2099609375
1676.0189904046	1281.18005371094
1678.46691047118	1255.32995605469
1680.91408084174	1232.09497070313
1683.36050183726	1210.91003417969
1685.8061737785	1189.02502441406
1688.25109698605	1166.73498535156
1690.69527178032	1143.9599609375
1693.13869848153	1126.28002929688
1695.58137740972	1110.39501953125
1698.02330888476	1096.875
1700.46449322631	1083.18505859375
1702.90493075388	1067.43005371094
1705.34462178678	1058.86999511719
1707.78356664414	1050.03002929688
1710.22176564492	1040.68994140625
1712.65921910787	1035.95495605469
1715.0959273516	1031.56494140625
1717.53189069449	1027.82995605469
1719.9671094548	1027.10998535156
1722.40158395054	1025.51000976563
1724.8353144996	1023.71502685547
1727.26830141965	1022.21997070313
1729.70054502819	1019.46502685547
1732.13204564255	1020.02502441406
1734.56280357987	1017.52001953125
1736.99281915711	1013.96002197266
1739.42209269106	1013.00500488281
1741.85062449831	1013.34997558594
1744.27841489529	1012.46502685547
1746.70546419823	1010.82000732422
1749.13177272321	1010.53002929688
1751.5573407861	1010.22998046875
1753.98216870262	1007.89001464844
1756.40625678828	1009.02502441406
1758.82960535844	1012.75500488281
1761.25221472825	1012.78497314453
1763.67408521271	1010.57000732422
1766.09521712663	1008.06500244141
1768.51561078464	1005.31500244141
1770.93526650119	1005.01501464844
1773.35418459056	1007.28997802734
1775.77236536684	1007.60998535156
1778.18980914396	1005.40502929688
1780.60651623565	1002.94500732422
1783.02248695548	1002.03002929688
1785.43772161684	1003.91998291016
1787.85222053292	1005.90002441406
1790.26598401677	1006.48999023438
1792.67901238123	1005.75500488281
1795.09130593899	1004.51000976563
1797.50286500254	1003.60498046875
1799.9136898842	1002.64501953125
1802.32378089613	1004.07000732422
1804.73313835028	1005.82000732422
1807.14176255846	1004.03002929688
1809.54965383228	1002.90502929688
1811.95681248317	1000.63000488281
1814.36323882242	999.155029296875
1816.76893316109	997.844970703125
1819.17389581011	997.005004882813
1821.57812708021	998.664978027344
1823.98162728196	997.195007324219
1826.38439672573	996.635009765625
1828.78643572174	996.275024414063
1831.18774458003	999.960021972656
1833.58832361045	997.164978027344
1835.98817312269	997.695007324219
1838.38729342625	996.369995117188
1840.78568483048	994.015014648438
1843.18334764454	994.559997558594
1845.58028217741	993.469970703125
1847.9764887379	991.174987792969
1850.37196763465	993.989990234375
1852.76671917613	994.369995117188
1855.16074367062	995.450012207031
1857.55404142624	996.059997558594
1859.94661275094	996.674987792969
1862.33845795247	995.674987792969
1864.72957733844	994.830017089844
1867.11997121627	994.820007324219
1869.5096398932	992.294982910156
1871.89858367631	993.275024414063
1874.28680287251	991.174987792969
1876.67429778851	991.320007324219
1879.06106873089	992.799987792969
1881.44711600601	991.325012207031
1883.8324399201	993.169982910156
1886.21704077919	990.130004882813
1888.60091888915	990.179992675781
1890.98407455567	992.049987792969
1893.36650808428	993.715026855469
1895.74821978033	992.125
1898.12920994899	989.799987792969
1900.50947889527	990.72998046875
1902.88902692401	992.309997558594
1905.26785433986	991.434997558594
1907.64596144734	989.969970703125
1910.02334855075	987.119995117188
1912.40001595424	990.409973144531
1914.7759639618	991.554992675781
1917.15119287724	991.469970703125
1919.52570300419	993.799987792969
1921.89949464611	995.530029296875
1924.27256810632	994.679992675781
1926.64492368793	994.950012207031
1929.0165616939	994.445007324219
1931.38748242701	991.669982910156
1933.75768618989	991.419982910156
1936.12717328497	991.325012207031
1938.49594401455	991.52001953125
1940.86399868071	993.309997558594
1943.23133758541	992.210021972656
1945.5979610304	991.260009765625
1947.96386931729	990.734985351563
1950.32906274751	992.390014648438
1952.69354162232	994.659973144531
1955.0573062428	993.409973144531
1957.42035690989	991.690002441406
1959.78269392434	989.614990234375
1962.14431758673	990.869995117188
1964.50522819748	989.784973144531
1966.86542605684	990.830017089844
1969.22491146488	991.484985351563
1971.58368472153	993.5
1973.94174612654	994.734985351563
1976.29909597945	993.900024414063
1978.65573457971	990.594970703125
1981.01166222654	991.625
1983.36687921902	991.390014648438
1985.72138585606	989.815002441406
1988.07518243639	988.22998046875
1990.42826925859	988.059997558594
1992.78064662106	988.35498046875
1995.13231482205	991.445007324219
1997.48327415961	991.309997558594
1999.83352493167	990.640014648438
2002.18306743594	988.965026855469
2004.53190197002	987.799987792969
2006.8800288313	988.984985351563
2009.22744831703	990
2011.57416072427	987.700012207031
2013.92016634993	988.974975585938
2016.26546549076	988.35498046875
2018.61005844332	989.325012207031
2020.95394550404	988.364990234375
2023.29712696915	987.010009765625
2025.63960313474	987.320007324219
2027.98137429672	988.489990234375
2030.32244075083	990.27001953125
2032.66280279266	989.650024414063
2035.00246071763	988.070007324219
2037.34141482099	987.775024414063
2039.67966539784	988.60498046875
2042.01721274309	986.890014648438
2044.35405715151	987.539978027344
2046.69019891769	988.164978027344
2049.02563833606	990.77001953125
2051.3603757009	991.150024414063
2053.6944113063	993.400024414063
2056.0277454462	992.10498046875
2058.36037841439	989.5
2060.69231050446	989.434997558594
2063.02354200988	988.914978027344
2065.35407322392	988.205017089844
2067.68390443971	990.609985351563
2070.01303595021	991.955017089844
2072.3414680482	989.380004882813
2074.66920102633	989.22998046875
2076.99623517706	990.674987792969
2079.32257079271	992.565002441406
2081.6482081654	991.760009765625
2083.97314758713	993.265014648438
2086.29738934971	990.424987792969
2088.62093374481	990.650024414063
2090.94378106391	992.89501953125
2093.26593159835	993.309997558594
2095.5873856393	990.200012207031
2097.90814347777	990.065002441406
2100.2282054046	993.97998046875
2102.54757171048	994.309997558594
2104.86624268594	994.344970703125
2107.18421862133	995.765014648438
2109.50149980686	996.320007324219
2111.81808653257	994.864990234375
2114.13397908834	991.664978027344
2116.44917776388	991.60498046875
2118.76368284875	994.534973144531
2121.07749463235	998.184997558594
2123.39061340391	999.090026855469
2125.70303945252	997.890014648438
2128.01477306707	996.914978027344
2130.32581453634	995.695007324219
2132.63616414891	996.47998046875
2134.94582219322	995.539978027344
2137.25478895754	995.835021972656
2139.56306472999	996.39501953125
2141.87064979851	994.835021972656
2144.17754445092	998.02001953125
2146.48374897484	997.914978027344
2148.78926365774	997.875
2151.09408878695	997.034973144531
2153.39822464963	996.969970703125
2155.70167153277	996.929992675781
2158.00442972321	997.364990234375
2160.30649950763	997.765014648438
2162.60788117256	997.909973144531
2164.90857500436	994.195007324219
2167.20858128923	994.484985351563
2169.50790031323	995.414978027344
2171.80653236223	995.940002441406
2174.10447772198	993.75
2176.40173667804	994.385009765625
2178.69830951582	992.169982910156
2180.99419652058	992.869995117188
2183.28939797743	995.174987792969
2185.5839141713	997.494995117188
2187.87774538698	997.474975585938
2190.17089190908	996.494995117188
2192.46335402209	996.984985351563
2194.75513201032	993.875
2197.04622615791	993.784973144531
2199.33663674886	995.359985351563
2201.62636406702	996.950012207031
2203.91540839606	997.739990234375
2206.20377001952	996.700012207031
2208.49144922077	993.465026855469
2210.77844628302	989.244995117188
2213.06476148933	989.909973144531
2215.3503951226	989.77001953125
2217.63534746557	991.890014648438
2219.91961880085	992.385009765625
2222.20320941085	994.130004882813
2224.48611957785	996.309997558594
2226.76834958399	995.77001953125
2229.04989971122	992.179992675781
2231.33077024136	990.294982910156
2233.61096145607	987.614990234375
2235.89047363683	990.530029296875
2238.169307065	993.924987792969
2240.44746202178	994.159973144531
2242.72493878819	993.744995117188
2245.00173764511	994.684997558594
2247.27785887327	996.799987792969
2249.55330275324	997.030029296875
2251.82806956545	996.099975585938
2254.10215959014	995.109985351563
2256.37557310744	994.090026855469
2258.64831039729	992.340026855469
2260.92037173949	992.934997558594
2263.19175741368	996.304992675781
2265.46246769938	999.489990234375
2267.7325028759	996.010009765625
2270.00186322243	993.794982910156
2272.270549018	994.330017089844
2274.5385605415	993.950012207031
2276.80589807165	994.010009765625
2279.07256188702	995.424987792969
2281.33855226601	997.054992675781
2283.60386948691	1000.26000976563
2285.86851382782	1000.69500732422
2288.1324855667	1002.09002685547
2290.39578498136	998.739990234375
2292.65841234945	998.809997558594
2294.92036794847	997.724975585938
2297.18165205578	996.260009765625
2299.44226494856	998.484985351563
2301.70220690387	998.049987792969
2303.96147819859	998.219970703125
2306.22007910947	998.344970703125
2308.47800991309	997.325012207031
2310.73527088589	999.109985351563
2312.99186230416	1001.21002197266
2315.24778444403	1001.48498535156
2317.50303758149	1000.84497070313
2319.75762199235	1001.19500732422
2322.01153795231	998.705017089844
2324.26478573689	999.940002441406
2326.51736562147	999.210021972656
2328.76927788127	998.690002441406
2331.02052279137	1000.45001220703
2333.2711006267	1002.64501953125
2335.52101166203	1002.57501220703
2337.77025617198	1001.29498291016
2340.01883443103	998.809997558594
2342.2667467135	998.705017089844
2344.51399329356	998.469970703125
2346.76057444525	998.89501953125
2349.00649044241	999.585021972656
2351.2517415588	997.22998046875
2353.49632806796	994.614990234375
2355.74025024334	995.789978027344
2357.98350835819	995.640014648438
2360.22610268566	996.030029296875
2362.4680334987	995.010009765625
2364.70930107016	995.195007324219
2366.94990567269	993.880004882813
2369.18984757884	993.125
2371.42912706098	994.445007324219
2373.66774439134	994.760009765625
2375.90569984199	995.049987792969
2378.14299368488	995
2380.37962619179	994.164978027344
2382.61559763435	993.515014648438
2384.85090828405	994.809997558594
2387.08555841222	996.929992675781
2389.31954829006	995.974975585938
2391.55287818861	994.549987792969
2393.78554837877	994.02001953125
2396.01755913128	996.489990234375
2398.24891071673	998
2400.47960340558	995.969970703125
2402.70963746814	994.119995117188
2404.93901317456	993.85498046875
2407.16773079485	994.825012207031
2409.39579059887	995.614990234375
2411.62319285633	995.460021972656
2413.84993783681	996.614990234375
2416.07602580971	997.150024414063
2418.30145704432	996.080017089844
2420.52623180977	994.405029296875
2422.75035037503	995.700012207031
2424.97381300893	996.835021972656
2427.19661998017	999.724975585938
2429.41877155729	999.455017089844
2431.64026800867	998.525024414063
2433.86110960257	997.155029296875
2436.08129660709	998.320007324219
2438.30082929019	997.784973144531
2440.51970791967	996.549987792969
2442.73793276321	995.60498046875
2444.95550408832	997.664978027344
2447.17242216237	997.599975585938
2449.38868725259	996.924987792969
2451.60429962607	995.465026855469
2453.81925954975	996.929992675781
2456.03356729041	995.614990234375
2458.2472231147	995.335021972656
2460.46022728913	994.119995117188
2462.67258008005	996.900024414063
2464.88428175368	997.974975585938
2467.09533257608	998.039978027344
2469.30573281318	998.60498046875
2471.51548273076	997.614990234375
2473.72458259445	998.934997558594
2475.93303266974	1000.28997802734
2478.14083322198	999.325012207031
2480.34798451637	999.174987792969
2482.55448681797	998
2484.76034039169	998.159973144531
2486.96554550231	997.864990234375
2489.17010241445	999.330017089844
2491.37401139259	1000.93499755859
2493.57727270109	1001.29998779297
2495.77988660412	1001.27502441406
2497.98185336574	999.77001953125
2500.18317324987	1002.64501953125
2502.38384652028	1004.13000488281
2504.58387344058	1005.47998046875
2506.78325427425	1002.52001953125
2508.98198928465	1001.82000732422
2511.18007873495	999.789978027344
2513.37752288821	998.059997558594
2515.57432200735	999.919982910156
2517.77047635514	1003.36999511719
2519.96598619419	1004.50500488281
2522.16085178699	1003.08502197266
2524.35507339589	1005.375
2526.54865128308	1006.14501953125
2528.74158571062	1005.40997314453
2530.93387694042	1002.03002929688
2533.12552523427	1000.01000976563
2535.31653085379	1001.19500732422
2537.50689406046	1002.80499267578
2539.69661511566	1002.40002441406
2541.88569428057	1004.27001953125
2544.07413181627	1007.53997802734
2546.26192798368	1007.53497314453
2548.44908304359	1004.16497802734
2550.63559725664	1001.64501953125
2552.82147088333	1003.16998291016
2555.00670418402	1007.35498046875
2557.19129741894	1009.60998535156
2559.37525084817	1008.09997558594
2561.55856473164	1005.21502685547
2563.74123932917	1006.30999755859
2565.92327490039	1006.73999023438
2568.10467170484	1007.53002929688
2570.28543000189	1006.85998535156
2572.46555005079	1008.40502929688
2574.64503211063	1006.96997070313
2576.82387644036	1009.35498046875
2579.00208329882	1007.08502197266
2581.17965294468	1005.57501220703
2583.35658563648	1004.61499023438
2585.53288163263	1001.875
2587.70854119137	1005.19500732422
2589.88356457084	1008.02001953125
2592.05795202902	1009.01501464844
2594.23170382376	1011.64001464844
2596.40482021275	1013.66497802734
2598.57730145356	1013.52502441406
2600.74914780363	1010.40502929688
2602.92035952023	1008.05999755859
2605.09093686053	1006.65002441406
2607.26088008153	1007.63000488281
2609.4301894401	1010.72998046875
2611.59886519299	1012.01501464844
2613.76690759678	1016.39501953125
2615.93431690793	1018.34497070313
2618.10109338277	1019.04498291016
2620.26723727748	1017.85998535156
2622.4327488481	1016.40502929688
2624.59762835054	1012.94000244141
2626.76187604057	1014.56500244141
2628.92549217382	1018.71002197266
2631.08847700579	1020.78002929688
2633.25083079182	1022.54998779297
2635.41255378715	1022.08001708984
2637.57364624684	1019.57000732422
2639.73410842586	1019.64001464844
2641.893940579	1021.30499267578
2644.05314296094	1023.09497070313
2646.21171582621	1022.96502685547
2648.36965942921	1024.13000488281
2650.5269740242	1026.22998046875
2652.6836598653	1027.375
2654.83971720651	1028.75500488281
2656.99514630167	1028.32495117188
2659.1499474045	1027.38000488281
2661.30412076857	1029.13000488281
2663.45766664734	1032.07995605469
2665.61058529411	1031.18505859375
2667.76287696204	1031.39501953125
2669.91454190418	1033.43505859375
2672.06558037342	1036.05004882813
2674.21599262253	1035.44995117188
2676.36577890413	1034.5
2678.51493947072	1034.22497558594
2680.66347457466	1030.81994628906
2682.81138446816	1029.16003417969
2684.95866940332	1032.03503417969
2687.10532963209	1036.66003417969
2689.25136540628	1040.13500976563
2691.39677697757	1040.09997558594
2693.54156459752	1039.41003417969
2695.68572851753	1041.52502441406
2697.82926898888	1043.65502929688
2699.97218626272	1043.27502441406
2702.11448059006	1042
2704.25615222175	1044.57495117188
2706.39720140856	1048.06005859375
2708.53762840109	1051.43994140625
2710.67743344979	1052.58996582031
2712.81661680503	1055.43505859375
2714.95517871698	1059.59497070313
2717.09311943574	1061.30004882813
2719.23043921123	1065.33996582031
2721.36713829325	1069.61999511719
2723.50321693148	1073.55004882813
2725.63867537545	1073.55004882813
2727.77351387456	1073.97497558594
2729.90773267809	1072.17004394531
2732.04133203516	1073.26000976563
2734.17431219478	1073.23999023438
2736.30667340581	1073.10498046875
2738.438415917	1067.99499511719
2740.56953997695	1063.84997558594
2742.70004583414	1062.21496582031
2744.82993373688	1062.04504394531
2746.9592039334	1062.59997558594
2749.08785667177	1059.59497070313
2751.21589219993	1058.42004394531
2753.34331076568	1058.28503417969
2755.4701126167	1057.72998046875
2757.59629800054	1060.84497070313
2759.7218671646	1059.5
2761.84682035617	1058.82495117188
2763.9711578224	1057.10998535156
2766.0948798103	1059.10498046875
2768.21798656676	1060.09497070313
2770.34047833852	1056.98498535156
2772.46235537222	1052.1650390625
2774.58361791434	1052.02502441406
2776.70426621124	1055.35498046875
2778.82430050915	1056.31494140625
2780.94372105416	1055.65002441406
2783.06252809224	1052.9599609375
2785.18072186922	1051.45495605469
2787.29830263081	1052.19494628906
2789.41527062257	1049.89001464844
2791.53162608996	1046.05004882813
2793.64736927828	1047.39501953125
2795.76250043271	1052.17004394531
2797.8770197983	1056.14501953125
2799.99092761997	1061.93505859375
2802.10422414252	1060.39501953125
2804.21690961059	1058.28002929688
2806.32898426873	1063.375
2808.44044836132	1070.57495117188
2810.55130213264	1072.33996582031
2812.66154582682	1072.31994628906
2814.77117968788	1080.82995605469
2816.8802039597	1086.83996582031
2818.98861888601	1088.41003417969
2821.09642471046	1096.55505371094
2823.20362167653	1103.64501953125
2825.31021002756	1107.93505859375
2827.41619000682	1112.11499023438
2829.52156185738	1121.80505371094
2831.62632582224	1133.98999023438
2833.73048214422	1152.05505371094
2835.83403106606	1168.82495117188
2837.93697283033	1182.14501953125
2840.03930767951	1195.70495605469
2842.1410358559	1225.68005371094
2844.24215760173	1259.58996582031
2846.34267315905	1290.52001953125
2848.44258276982	1323.23498535156
2850.54188667585	1355.50500488281
2852.64058511883	1382.29504394531
2854.73867834032	1419.06994628906
2856.83616658175	1464.08996582031
2858.93305008443	1504.21997070313
2861.02932908952	1546.53503417969
2863.12500383809	1600.56005859375
2865.22007457104	1647.35998535156
2867.31454152918	1699.21997070313
2869.40840495316	1740.40002441406
2871.50166508353	1776.99499511719
2873.59432216069	1818.06494140625
2875.68637642493	1841.5400390625
2877.77782811641	1856.51000976563
2879.86867747515	1884.65002441406
2881.95892474105	1903.99499511719
2884.0485701539	1909.69494628906
2886.13761395333	1901.90502929688
2888.22605637886	1901.30505371094
2890.3138976699	1915.96496582031
2892.40113806571	1939.125
2894.48777780544	1976.58996582031
2896.57381712808	2008.53503417969
2898.65925627254	2022.70495605469
2900.74409547758	2039.7099609375
2902.82833498183	2056.419921875
2904.9119750238	2075.64501953125
2906.99501584188	2120.2900390625
2909.07745767432	2193.955078125
2911.15930075925	2254.42993164063
2913.24054533469	2297.23999023438
2915.3211916385	2337.01489257813
2917.40123990846	2388.8701171875
2919.48069038217	2442.580078125
2921.55954329716	2480.0048828125
2923.63779889079	2500.23999023438
2925.71545740033	2527.77001953125
2927.79251906289	2553.14501953125
2929.86898411548	2577.36499023438
2931.94485279498	2608.90991210938
2934.02012533815	2609.55004882813
2936.0948019816	2582.53002929688
2938.16888296184	2558.68994140625
2940.24236851525	2508.27490234375
2942.31525887809	2444.96997070313
2944.38755428648	2384.52001953125
2946.45925497643	2329.48999023438
2948.53036118382	2281.84497070313
2950.6008731444	2237.68505859375
2952.67079109381	2202.35498046875
2954.74011526755	2146.955078125
2956.80884590101	2090.35498046875
2958.87698322944	2061.48510742188
2960.94452748799	2046.39501953125
2963.01147891167	2003.28002929688
2965.07783773535	1977.40002441406
2967.14360419382	1962.48999023438
2969.2087785217	1926.73498535156
2971.27336095352	1886.31005859375
2973.33735172366	1854.58996582031
2975.40075106641	1827.63000488281
2977.46355921591	1800.85498046875
2979.52577640618	1767.48999023438
2981.58740287112	1735.86499023438
2983.64843884452	1715.61499023438
2985.70888456003	1691.93005371094
2987.76874025117	1654.15502929688
2989.82800615137	1611.59997558594
2991.88668249391	1575.09997558594
2993.94476951194	1536.15502929688
2996.00226743852	1502.98498535156
2998.05917650657	1463.46496582031
3000.11549694887	1427.45495605469
3002.17122899812	1391.42504882813
3004.22637288685	1359.72497558594
3006.2809288475	1338.9599609375
3008.33489711238	1323.44494628906
3010.38827791368	1301.08996582031
3012.44107148345	1280.13000488281
3014.49327805366	1262.44995117188
3016.5448978561	1243.53503417969
3018.59593112249	1232.48498535156
3020.64637808441	1222.39001464844
3022.6962389733	1209.08996582031
3024.74551402051	1197.70495605469
3026.79420345725	1197.48498535156
3028.84230751461	1201.01501464844
3030.88982642357	1198.36499023438
3032.93676041497	1193.80004882813
3034.98310971955	1192.03002929688
3037.02887456791	1199.15002441406
3039.07405519054	1208.76501464844
3041.11865181781	1220.90002441406
3043.16266467996	1222.32995605469
3045.20609400713	1222.36999511719
3047.24894002932	1227.01000976563
3049.2912029764	1231.02502441406
3051.33288307815	1234.34497070313
3053.37398056421	1247.76000976563
3055.41449566411	1265.82495117188
3057.45442860725	1277.89501953125
3059.49377962291	1281.67004394531
3061.53254894026	1282.06494140625
3063.57073678834	1278.875
3065.60834339607	1270.92004394531
3067.64536899227	1255.30004882813
3069.68181380561	1239.76501464844
3071.71767806467	1228.2099609375
3073.75296199788	1214.48498535156
3075.78766583357	1196.39001464844
3077.82178979997	1177.98498535156
3079.85533412513	1163.48999023438
3081.88829903705	1157.44995117188
3083.92068476356	1149.17004394531
3085.95249153241	1142.07995605469
3087.98371957119	1139.93994140625
3090.01436910741	1134.60498046875
3092.04444036844	1126.02502441406
3094.07393358152	1117.79504394531
3096.10284897381	1118.05004882813
3098.13118677232	1120.31994628906
3100.15894720395	1120.09497070313
3102.18613049548	1116.73999023438
3104.21273687357	1112.28002929688
3106.23876656477	1108.67004394531
3108.2642197955	1107.76000976563
3110.28909679208	1108.06494140625
3112.31339778069	1109.59497070313
3114.33712298741	1113.99499511719
3116.36027263819	1117.43994140625
3118.38284695887	1117.63500976563
3120.40484617516	1118.00500488281
3122.42627051268	1119.27502441406
3124.4471201969	1117.84997558594
3126.46739545319	1113.22497558594
3128.4870965068	1113.17004394531
3130.50622358287	1111.98498535156
3132.5247769064	1111.4599609375
3134.54275670229	1116.90002441406
3136.56016319534	1118.51000976563
3138.57699661019	1115.45495605469
3140.59325717139	1115.23498535156
3142.60894510338	1114.92004394531
3144.62406063047	1114.54504394531
3146.63860397686	1118.73498535156
3148.65257536662	1121.5849609375
3150.66597502371	1125.84997558594
3152.67880317199	1125.44995117188
3154.69106003518	1125.45495605469
3156.70274583691	1126.46496582031
3158.71386080065	1126.71496582031
3160.72440514981	1126.89501953125
3162.73437910763	1130.7099609375
3164.74378289728	1132.69494628906
3166.75261674179	1135.56994628906
3168.76088086407	1134.625
3170.76857548692	1136.21997070313
3172.77570083303	1136.84497070313
3174.78225712498	1137.10998535156
3176.78824458521	1135.71496582031
3178.79366343607	1137.57995605469
3180.79851389977	1143.94494628906
3182.80279619844	1149.95495605469
3184.80651055405	1151.63000488281
3186.80965718849	1147.88000488281
3188.81223632353	1146.22998046875
3190.81424818081	1146.81005859375
3192.81569298186	1154.68994140625
3194.8165709481	1161.97998046875
3196.81688230084	1166.92004394531
3198.81662726126	1164.53002929688
3200.81580605044	1165.05505371094
3202.81441888933	1166.18994140625
3204.81246599879	1163.34497070313
3206.80994759954	1161.85998535156
3208.80686391219	1173.02502441406
3210.80321515726	1186.34497070313
3212.79900155512	1189.68994140625
3214.79422332605	1185.09497070313
3216.78888069021	1185.7099609375
3218.78297386765	1187.125
3220.77650307828	1186.45495605469
3222.76946854195	1191.35498046875
3224.76187047834	1192.39501953125
3226.75370910705	1197.04504394531
3228.74498464755	1200.4599609375
3230.73569731921	1199.97998046875
3232.72584734127	1198.99499511719
3234.71543493287	1199.57495117188
3236.70446031304	1199.125
3238.69292370068	1205.44995117188
3240.68082531459	1203.55505371094
3242.66816537345	1204.20495605469
3244.65494409583	1209.25
3246.6411617002	1217.9599609375
3248.62681840488	1221.72497558594
3250.61191442812	1228.97497558594
3252.59644998804	1233.33996582031
3254.58042530263	1229.60498046875
3256.56384058979	1233.13000488281
3258.54669606731	1236.93994140625
3260.52899195285	1238.40002441406
3262.51072846396	1233.94494628906
3264.4919058181	1236.27502441406
3266.47252423259	1244.39001464844
3268.45258392464	1254.89501953125
3270.43208511138	1264.5849609375
3272.41102800978	1266.28503417969
3274.38941283675	1268.41003417969
3276.36723980904	1273.375
3278.34450914332	1269.40502929688
3280.32122105613	1268.79504394531
3282.29737576392	1268.43505859375
3284.272973483	1270.92004394531
3286.24801442958	1279.81005859375
3288.22249881978	1283.73999023438
3290.19642686957	1279.67504882813
3292.16979879485	1282.81994628906
3294.14261481136	1292.96997070313
3296.11487513478	1300.93005371094
3298.08657998065	1296.4599609375
3300.0577295644	1294.39501953125
3302.02832410136	1290.71997070313
3303.99836380673	1285.18005371094
3305.96784889563	1283.69494628906
3307.93677958303	1281.94995117188
3309.90515608383	1279.84497070313
3311.87297861278	1273.34497070313
3313.84024738456	1270.24499511719
3315.80696261371	1270.28503417969
3317.77312451466	1271.42004394531
3319.73873330175	1268.05004882813
3321.70378918919	1264.35498046875
3323.66829239109	1259.30004882813
3325.63224312145	1257.05505371094
3327.59564159416	1252.22998046875
3329.55848802299	1246.34497070313
3331.52078262162	1246.46496582031
3333.4825256036	1251.19995117188
3335.44371718237	1250.57995605469
3337.40435757128	1247.9599609375
3339.36444698356	1240.84997558594
3341.32398563232	1237.96997070313
3343.28297373058	1240.38500976563
3345.24141149124	1236.4599609375
3347.19929912709	1236.39001464844
3349.15663685081	1239.46997070313
3351.11342487497	1239.55505371094
3353.06966341204	1240.875
3355.02535267437	1239.26501464844
3356.98049287421	1231.17004394531
3358.9350842237	1229.64001464844
3360.88912693486	1230.56005859375
3362.84262121962	1231.66003417969
3364.79556728978	1233.43505859375
3366.74796535705	1232.125
3368.69981563302	1228.84997558594
3370.65111832917	1227.50500488281
3372.60187365689	1228.21496582031
3374.55208182744	1227.3349609375
3376.50174305198	1223.61499023438
3378.45085754157	1221.21997070313
3380.39942550714	1212.65502929688
3382.34744715954	1204.59997558594
3384.29492270949	1209.2099609375
3386.24185236761	1207.97998046875
3388.18823634442	1199.26000976563
3390.13407485031	1196.375
3392.07936809559	1201.2900390625
3394.02411629045	1202.31494140625
3395.96831964496	1197.27001953125
3397.91197836911	1198.72497558594
3399.85509267275	1202.97998046875
3401.79766276564	1197.68005371094
3403.73968885745	1193.67504882813
3405.68117115771	1191.00500488281
3407.62210987586	1189.39501953125
3409.56250522123	1186.33996582031
3411.50235740305	1185.86499023438
3413.44166663043	1180.00500488281
3415.38043311238	1173.98498535156
3417.3186570578	1175.23498535156
3419.2563386755	1175.84497070313
3421.19347817415	1175.66003417969
3423.13007576235	1175.28002929688
3425.06613164857	1176.51000976563
3427.00164604118	1175.26000976563
3428.93661914844	1177.44995117188
3430.87105117852	1171.02502441406
3432.80494233945	1169.78002929688
3434.73829283919	1168.625
3436.67110288558	1165.84997558594
3438.60337268634	1164.77502441406
3440.53510244911	1166.23498535156
3442.4662923814	1165.77001953125
3444.39694269064	1167.19995117188
3446.32705358412	1166.56005859375
3448.25662526905	1159.51501464844
3450.18565795254	1152.05505371094
3452.11415184156	1148.48498535156
3454.04210714302	1149.5400390625
3455.96952406369	1149.81005859375
3457.89640281024	1147.54504394531
3459.82274358924	1147.41003417969
3461.74854660717	1144.93005371094
3463.67381207038	1140.8349609375
3465.59854018513	1136.34497070313
3467.52273115756	1130.46496582031
3469.44638519373	1126.77001953125
3471.36950249956	1120.72497558594
3473.29208328091	1114.22497558594
3475.21412774349	1111.46997070313
3477.13563609293	1116.36999511719
3479.05660853476	1118.42504882813
3480.97704527438	1113.81005859375
3482.89694651712	1109.5
3484.81631246818	1104.15002441406
3486.73514333266	1102
3488.65343931557	1096.71496582031
3490.57120062179	1090.48498535156
3492.48842745612	1088.49499511719
3494.40512002324	1086.03503417969
3496.32127852773	1080.95495605469
3498.23690317408	1081.22497558594
3500.15199416666	1079.90502929688
3502.06655170974	1080.63500976563
3503.98057600749	1079.30004882813
3505.89406726396	1075.81005859375
3507.80702568312	1071.43005371094
3509.71945146883	1067.95495605469
3511.63134482483	1066.66003417969
3513.54270595478	1061.97998046875
3515.45353506222	1058.61499023438
3517.3638323506	1056.63500976563
3519.27359802324	1053.71496582031
3521.1828322834	1051.90002441406
3523.09153533419	1046.60998535156
3524.99970737866	1043.77502441406
3526.90734861972	1041.52502441406
3528.81445926021	1040.22497558594
3530.72103950283	1037.55004882813
3532.62708955022	1035.3349609375
3534.53260960488	1033.79504394531
3536.43759986923	1027.90002441406
3538.34206054558	1022.03497314453
3540.24599183613	1021.33502197266
3542.149393943	1019.61499023438
3544.05226706817	1019.59497070313
3545.95461141357	1016.29998779297
3547.85642718097	1012.86499023438
3549.75771457208	1006.625
3551.6584737885	1003.94000244141
3553.55870503171	1003.34997558594
3555.4584085031	1002.72998046875
3557.35758440396	997.760009765625
3559.25623293548	995.929992675781
3561.15435429874	997.539978027344
3563.05194869473	997.950012207031
3564.94901632432	997.010009765625
3566.84555738829	995.710021972656
3568.74157208732	991.044982910156
3570.63706062199	986.950012207031
3572.53202319277	985.344970703125
3574.42646000003	986.380004882813
3576.32037124406	985.815002441406
3578.213757125	986.484985351563
3580.10661784295	984.10498046875
3581.99895359786	980.344970703125
3583.8907645896	977.450012207031
3585.78205101794	977.914978027344
3587.67281308254	978.549987792969
3589.56305098297	976.575012207031
3591.4527649187	975.474975585938
3593.34195508907	971.719970703125
3595.23062169338	969.549987792969
3597.11876493075	968.635009765625
3599.00638500027	968.719970703125
3600.89348210089	964.039978027344
3602.78005643148	963.554992675781
3604.66610819078	961.719970703125
3606.55163757747	961.155029296875
3608.4366447901	960.22998046875
3610.32113002713	958.219970703125
3612.20509348693	956.710021972656
3614.08853536774	958.174987792969
3615.97145586773	958.380004882813
3617.85385518497	953.849975585938
3619.7357335174	949.599975585938
3621.61709106289	947.179992675781
3623.4979280192	947.64501953125
3625.37824458399	946.614990234375
3627.25804095482	943.094970703125
3629.13731732915	939.349975585938
3631.01607390435	939.320007324219
3632.89431087767	940.099975585938
3634.77202844629	938.820007324219
3636.64922680726	938.744995117188
3638.52590615754	936.544982910156
3640.40206669402	939.75
3642.27770861344	941.200012207031
3644.15283211248	939.5
3646.02743738771	935.304992675781
3647.90152463559	931.969970703125
3649.77509405251	929.835021972656
3651.64814583473	927.784973144531
3653.52068017842	926.234985351563
3655.39269727965	926.969970703125
3657.26419733442	926.14501953125
3659.13518053858	925.174987792969
3661.00564708793	924.010009765625
3662.87559717814	924.260009765625
3664.7450310048	920.880004882813
3666.61394876338	919.684997558594
3668.48235064928	919.094970703125
3670.35023685779	918.309997558594
3672.21760758409	917.340026855469
3674.08446302327	919.039978027344
3675.95080337033	918.195007324219
3677.81662882017	915.950012207031
3679.68193956758	914.52001953125
3681.54673580727	914.215026855469
3683.41101773383	911.72998046875
3685.27478554178	909.369995117188
3687.13803942551	908.825012207031
3689.00077957934	909.599975585938
3690.86300619748	909.934997558594
3692.72471947405	909.190002441406
3694.58591960306	905.72998046875
3696.44660677844	905.419982910156
3698.306781194	905.364990234375
3700.16644304348	902.89501953125
3702.02559252049	900.549987792969
3703.88422981859	900.364990234375
3705.74235513119	900.325012207031
3707.59996865164	899.484985351563
3709.45707057318	901.075012207031
3711.31366108895	901.619995117188
3713.16974039199	899.765014648438
3715.02530867527	897.125
3716.88036613164	895.469970703125
3718.73491295385	894.659973144531
3720.58894933456	893.570007324219
3722.44247546634	894.724975585938
3724.29549154166	896.960021972656
3726.14799775289	895.75
3727.9999942923	893.950012207031
3729.85148135209	891.859985351563
3731.70245912432	892.044982910156
3733.55292780098	890.984985351563
3735.40288757397	889.780029296875
3737.25233863509	887.325012207031
3739.10128117603	887.289978027344
3740.9497153884	889.224975585938
3742.7976414637	892.140014648438
3744.64505959335	892.140014648438
3746.49196996866	891.830017089844
3748.33837278086	890.780029296875
3750.18426822108	889.864990234375
3752.02965648033	889.684997558594
3753.87453774956	888.469970703125
3755.7189122196	888.570007324219
3757.5627800812	888.349975585938
3759.40614152501	888.224975585938
3761.24899674159	890.304992675781
3763.09134592138	891.049987792969
3764.93318925476	890.530029296875
3766.77452693199	890.534973144531
3768.61535914325	888.900024414063
3770.45568607861	886.835021972656
3772.29550792807	885.215026855469
3774.1348248815	884.734985351563
3775.9736371287	885.135009765625
3777.81194485938	886.525024414063
