32.6816976106991	715.505004882813
35.6535599501435	715.635009765625
38.6244374909659	715.619995117188
41.5943306947054	715.39501953125
44.5632400226282	715.325012207031
47.5311659356917	715.47998046875
50.4981088945929	715.450012207031
53.4640693597127	715.465026855469
56.4290477911676	715.405029296875
59.3930446487746	715.429992675781
62.356060392067	715.445007324219
65.3180954802906	715.344970703125
68.2791503724084	715.375
71.2392255270922	715.369995117188
74.1983214027271	715.325012207031
77.1564384574159	715.29248046875
80.113577148983	715.260009765625
83.0697379349549	715.335021972656
86.0249212725722	715.325012207031
88.9791276188058	715.359985351563
91.9323574303255	715.400024414063
94.8846111635238	715.445007324219
97.8358892745121	715.510009765625
100.786192219114	715.52001953125
103.73552045287	715.359985351563
106.683874431037	715.450012207031
109.631254608583	715.580017089844
112.577661440203	715.570007324219
115.523095380307	715.89501953125
118.467556883015	715.974975585938
121.411046402175	716.695007324219
124.353564391344	717.594970703125
127.295111303796	718.950012207031
130.235687592532	721.984985351563
133.175293710265	725.890014648438
136.113930109434	732.380004882813
139.051597242185	741.155029296875
141.98829556039	751.460021972656
144.92402551564	763.695007324219
147.858787559244	775.054992675781
150.792582142239	784.765014648438
153.725409715372	792.114990234375
156.65727072911	796.090026855469
159.588165633643	799.97998046875
162.518094878884	801.950012207031
165.447058914469	803.804992675781
168.375058189747	804.97998046875
171.302093153792	804.820007324219
174.228164255401	803.900024414063
177.153271943091	804.119995117188
180.077416665101	804.719970703125
183.000598869394	805.059997558594
185.922819003656	806.880004882813
188.84407751529	807.534973144531
191.764374851424	809.719970703125
194.683711458919	811.77001953125
197.60208778434	815.64501953125
200.519504273992	819.409973144531
203.435961373894	824.179992675781
206.351459529801	829.265014648438
209.265999187174	835.5
212.179580791207	840.565002441406
215.092204786825	847.765014648438
218.003871618673	852.864990234375
220.914581731116	860.065002441406
223.824335568247	865.875
226.733133573893	869.969970703125
229.640976191593	874.265014648438
232.547863864614	874.969970703125
235.453797035961	877.945007324219
238.358776148354	878.35498046875
241.26280164424	878.224975585938
244.1658739658	878.109985351563
247.067993554929	879.205017089844
249.969160853266	879.414978027344
252.869376302162	879.54248046875
255.768640342707	879.669982910156
258.666953415705	879.244995117188
261.564315961705	881.380004882813
264.46072842097	881.315002441406
267.356191233499	880.75
270.25070483901	879.739990234375
273.144269676967	879.090026855469
276.036886186551	877.465026855469
278.928554806671	877.765014648438
281.819275975966	877.527465820313
284.709050132812	877.289978027344
287.597877715306	877.85498046875
290.485759161281	879.239990234375
293.372694908298	879.090026855469
296.258685393644	879.410034179688
299.143731054352	879.72998046875
302.027832327156	877.869995117188
304.910989648557	878.919982910156
307.79320345476	881.219970703125
310.674474181717	881.625
313.554802265101	881.662475585938
316.434188140326	881.700012207031
319.312632242533	880.244995117188
322.190135006593	881.630004882813
325.066696867117	881.760009765625
327.942318258443	880.825012207031
330.816999614641	878.875
333.690741369517	878.734985351563
336.56354395661	878.984985351563
339.435407809193	879.234985351563
342.306333360273	877.465026855469
345.176321042591	878.085021972656
348.045371288612	878.664978027344
350.913484530551	878.622497558594
353.78066120035	878.580017089844
356.64690172969	879.309997558594
359.512206549972	879.530029296875
362.376576092357	878.965026855469
365.240010787716	878.169982910156
368.102511066677	878.85498046875
370.964077359587	878.434997558594
373.82471009654	879.924987792969
376.684409707364	880.5
379.543176621612	880.825012207031
382.401011268595	879.784973144531
385.257914077343	881.869995117188
388.113885476627	883.130004882813
390.968925894961	883.700012207031
393.823035760591	885.690002441406
396.676215501503	888.344970703125
399.528465545415	891.265014648438
402.379786319791	894.304992675781
405.230178251834	894.530029296875
408.079641768472	894.989990234375
410.928177296387	897.984985351563
413.775785261992	901.284973144531
416.622466091445	901.114990234375
419.468220210631	900.594970703125
422.313048045182	900.390014648438
425.156950020479	900.909973144531
427.999926561623	900.619995117188
430.841978093471	900.585021972656
433.683105040613	898.859985351563
436.523307827384	897.294982910156
439.362586877851	896.869995117188
442.200942615829	895.325012207031
445.038375464876	895.184997558594
447.874885848283	895.484985351563
450.710474189089	894.869995117188
453.54514091007	894.184997558594
456.37888643375	891.859985351563
459.211711182386	889.929992675781
462.043615577986	887.304992675781
464.874600042297	888.625
467.704664996804	885.215026855469
470.533810862741	884.344970703125
473.36203806108	887.22998046875
476.189347012547	889.640014648438
479.015738137594	889.169982910156
481.841211856432	888.059997558594
484.665768589008	889.875
487.489408755009	891.02001953125
490.312132773878	891.057495117188
493.133941064796	891.094970703125
495.954834046683	887.455017089844
498.77481213821	884.794982910156
501.593875757797	882.335021972656
504.412025323601	879.380004882813
507.229261253524	874.159973144531
510.045583965226	869.825012207031
512.860993876093	867.585021972656
515.675491403271	863.299987792969
518.489076963649	860.210021972656
521.301750973863	860.280029296875
524.113513850293	856.804992675781
526.924366009065	854.25
529.734307866052	851.599975585938
532.543339836881	850.835021972656
535.35146233692	848.594970703125
538.158675781281	847.150024414063
540.964980584833	845.609985351563
543.770377162182	844.205017089844
546.574865927692	843.039978027344
549.378447295465	841.52001953125
552.181121679365	839.684997558594
554.982889492993	838.244995117188
557.783751149701	837.280029296875
560.583707062591	837.304992675781
563.38275764452	838.190002441406
566.180903308083	836.599975585938
568.978144465633	836.364990234375
571.774481529266	834.695007324219
574.569914910839	833.27001953125
577.364445021949	832.39501953125
580.158072273946	833.284973144531
582.950797077926	831.799987792969
585.742619844752	831.734985351563
588.533540985018	831.674987792969
591.323560909078	830.815002441406
594.112680027034	830.705017089844
596.90089874875	830.320007324219
599.688217483828	830.385009765625
602.474636641629	830.450012207031
605.260156631263	829.664978027344
608.044777861596	828.544982910156
610.828500741241	828.405029296875
613.611325678567	829.72998046875
616.393253081697	829.385009765625
619.174283358506	829.530029296875
621.954416916616	829.674987792969
624.733654163414	827.375
627.511995506029	825.525024414063
630.289441351351	823.875
633.065992106022	823.080017089844
635.841648176434	823.89501953125
638.616409968744	823.794982910156
641.390277888847	825.690002441406
644.163252342408	826.549987792969
646.93533373484	826.335021972656
649.706522471307	825.450012207031
652.47681895674	825.049987792969
655.246223595811	823.5
658.014736792957	824.960021972656
660.782358952371	825.950012207031
663.549090477999	825.575012207031
666.314931773542	825.075012207031
669.079883242452	825.330017089844
671.843945287955	826.445007324219
674.607118313019	827.210021972656
677.369402720366	826.960021972656
680.130798912488	827.929992675781
682.891307291627	827.599975585938
685.650928259784	827.39501953125
688.409662218708	825.205017089844
691.167509569927	825.16748046875
693.924470714705	825.130004882813
696.680546054078	824.109985351563
699.435735988832	824.455017089844
702.190040919516	825.034973144531
704.943461246442	825.0224609375
707.695997369667	825.010009765625
710.447649689022	825.849975585938
713.198418604088	826.054992675781
715.948304514206	825.934997558594
718.697307818481	825.710021972656
721.445428915779	826.705017089844
724.192668204716	828.130004882813
726.93902608368	828.052490234375
729.684502950805	827.974975585938
732.429099204005	827.984985351563
735.172815240936	828.190002441406
737.915651459026	829.025024414063
740.657608255463	829.570007324219
743.398686027186	830.14501953125
746.13888517091	831.10498046875
748.878206083102	831.455017089844
751.616649159998	831.934997558594
754.354214797584	833.299987792969
757.09090339162	834.515014648438
759.826715337622	835.135009765625
762.561651030868	833.849975585938
765.295710866406	832.64501953125
768.028895239041	829.890014648438
770.761204543336	830.005004882813
773.492639173626	829.315002441406
776.223199524006	830.255004882813
778.952885988334	831.784973144531
781.681698960235	831.780029296875
784.40963883309	831.775024414063
787.136706000052	832.344970703125
789.862900854037	832.929992675781
792.588223787721	832.635009765625
795.312675193549	831.674987792969
798.036255463728	833.440002441406
800.758964990228	834.030029296875
803.480804164792	835.150024414063
806.201773378919	835.565002441406
808.921873023884	837.155029296875
811.641103490712	838.765014648438
814.359465170214	840.710021972656
817.076958452946	843.77001953125
819.793583729246	848.450012207031
822.509341389214	851.325012207031
825.224231822712	853.030029296875
827.938255419375	854.960021972656
830.651412568596	857.169982910156
833.363703659544	857.094970703125
836.075129081157	855.844970703125
838.785689222127	856.10498046875
841.495384470928	858.47998046875
844.204215215788	860.77001953125
846.912181844721	865.739990234375
849.619284745491	869.275024414063
852.325524305638	870.570007324219
855.030900912475	870.369995117188
857.735414953079	867.909973144531
860.439066814289	863.484985351563
863.141856882725	861.674987792969
865.843785544769	860.015014648438
868.544853186571	857.52001953125
871.245060194063	855.585021972656
873.944406952925	855.179992675781
876.642893848625	853.35498046875
879.340521266398	852.400024414063
882.037289591241	852.184997558594
884.733199207927	852.955017089844
887.428250501001	855.200012207031
890.122443854778	855.375
892.815779653335	854.820007324219
895.508258280534	854.825012207031
898.199880119997	857.409973144531
900.890645555129	859.094970703125
903.580554969094	858.825012207031
906.269608744832	858.809997558594
908.957807265056	857.039978027344
911.645150912257	857.325012207031
914.331640068689	857.809997558594
917.017275116375	858.190002441406
919.702056437128	858.340026855469
922.385984412518	862.294982910156
925.069059423886	865.530029296875
927.751281852366	866.820007324219
930.432652078842	867.405029296875
933.113170483983	868.075012207031
935.79283744823	869.375
938.471653351806	870.434997558594
941.149618574686	870.994995117188
943.826733496641	872.349975585938
946.502998497206	873.217529296875
949.178413955689	874.085021972656
951.85298025118	874.419982910156
954.526697762544	873.875
957.199566868403	874.320007324219
959.87158794718	874.219970703125
962.542761377054	872.210021972656
965.213087535987	871.875
967.882566801719	870.679992675781
970.551199551761	868.830017089844
973.218986163399	867.989990234375
975.885927013698	868.025024414063
978.552022479501	868.059997558594
981.217272937423	870.22998046875
983.88167876386	873.460021972656
986.545240334978	876.929992675781
989.207958026729	879.309997558594
991.869832214835	884.390014648438
994.530863274798	894.47998046875
997.191051581895	911.14501953125
999.850397511185	924.044982910156
1002.50890143751	932.580017089844
1005.16656373546	936.02001953125
1007.82338477944	927.734985351563
1010.47936494363	916.280029296875
1013.13450460195	901.674987792969
1015.78880412815	886.025024414063
1018.44226389572	878.780029296875
1021.09488427794	874.489990234375
1023.74666564789	873.065002441406
1026.3976083784	873.010009765625
1029.04771284208	873.809997558594
1031.69697941135	877.724975585938
1034.34540845838	880.284973144531
1036.99300035512	879.784973144531
1039.63975547333	878.219970703125
1042.28567418452	879.484985351563
1044.93075685998	880.539978027344
1047.57500387081	882.869995117188
1050.21841558786	885.25
1052.86099238177	886.554992675781
1055.50273462297	889.440002441406
1058.14364268167	893.150024414063
1060.78371692784	898.015014648438
1063.42295773126	903.239990234375
1066.06136546148	908.484985351563
1068.69894048781	909.97998046875
1071.33568317939	909.89501953125
1073.9715939051	910.669982910156
1076.60667303362	910.739990234375
1079.24092093341	911.429992675781
1081.87433797271	912.075012207031
1084.50692451954	909.335021972656
1087.13868094172	908.325012207031
1089.76960760684	904.109985351563
1092.39970488226	897.505004882813
1095.02897313516	893.739990234375
1097.65741273246	889.844970703125
1100.28502404089	889.114990234375
1102.91180742697	887
1105.53776325698	885.830017089844
1108.16289189701	882.775024414063
1110.78719371291	883.075012207031
1113.41066907033	881.315002441406
1116.0333183347	880.070007324219
1118.65514187124	881.875
1121.27614004495	882.049987792969
1123.89631322061	880.484985351563
1126.51566176279	880.505004882813
1129.13418603585	877.559997558594
1131.75188640394	872.47998046875
1134.36876323098	867.505004882813
1136.98481688069	860.669982910156
1139.60004771655	854.390014648438
1142.21445610187	852.534973144531
1144.82804239972	851
1147.44080697295	850.64501953125
1150.05275018421	853.510009765625
1152.66387239593	855.909973144531
1155.27417397034	855.719970703125
1157.88365526943	856.859985351563
1160.49231665502	856.744995117188
1163.10015848867	855.924987792969
1165.70718113176	855.719970703125
1168.31338494544	855.929992675781
1170.91877029067	855.572509765625
1173.52333752817	855.215026855469
1176.12708701847	855.065002441406
1178.73001912187	855.885009765625
1181.33213419848	855.60498046875
1183.93343260819	853.97998046875
1186.53391471068	851.599975585938
1189.13358086539	851.590026855469
1191.73243143161	852.289978027344
1194.33046676836	852.344970703125
1196.92768723449	854.195007324219
1199.52409318861	858.924987792969
1202.11968498915	862.690002441406
1204.7144629943	865.465026855469
1207.30842756206	868.559997558594
1209.90157905021	870.809997558594
1212.49391781634	870.695007324219
1215.08544421779	868.469970703125
1217.67615861174	866.369995117188
1220.26606135512	865.210021972656
1222.85515280468	866.375
1225.44343331694	870.275024414063
1228.03090324823	872.840026855469
1230.61756295466	878.25
1233.20341279213	881.669982910156
1235.78845311634	884.760009765625
1238.37268428278	885.945007324219
1240.95610664673	887.984985351563
1243.53872056325	889.340026855469
1246.12052638722	890.465026855469
1248.70152447329	890.739990234375
1251.28171517591	890.085021972656
1253.86109884934	889.815002441406
1256.43967584759	891.320007324219
1259.0174465245	894.190002441406
1261.5944112337	894.684997558594
1264.1705703286	894.190002441406
1266.74592416241	892.275024414063
1269.32047308814	890.77001953125
1271.89421745858	891.215026855469
1274.46715762633	890.135009765625
1277.03929394377	892.880004882813
1279.61062676308	893.775024414063
1282.18115643624	891.75
1284.75088331502	890.784973144531
1287.31980775098	890.75
1289.88793009548	888.940002441406
1292.45525069969	887.39501953125
1295.02176991454	886.070007324219
1297.58748809078	886.989990234375
1300.15240557897	888.919982910156
1302.71652272942	891.539978027344
1305.27983989229	893.580017089844
1307.84235741749	893.674987792969
1310.40407565475	896.099975585938
1312.9649949536	899.335021972656
1315.52511566335	900.359985351563
1318.08443813311	900.205017089844
1320.64296271181	901.094970703125
1323.20068974815	901.484985351563
1325.75761959063	899.510009765625
1328.31375258756	899.239990234375
1330.86908908704	900.174987792969
1333.42362943696	899.940002441406
1335.97737398503	901.52001953125
1338.53032307874	904.044982910156
1341.08247706537	903.844970703125
1343.63383629202	903.64501953125
1346.18440110558	898.594970703125
1348.73417185274	893.489990234375
1351.28314887997	889.015014648438
1353.83133253357	882.544982910156
1356.37872315961	880.234985351563
1358.92532110398	877.640014648438
1361.47112671237	874.780029296875
1364.01614033024	872.275024414063
1366.56036230288	868.794982910156
1369.10379297537	866.700012207031
1371.64643269258	862.809997558594
1374.18828179921	861.969970703125
1376.72934063972	862.719970703125
1379.2696095584	860.419982910156
1381.80908889932	859.934997558594
1384.34777900637	859.599975585938
1386.88568022323	859.364990234375
1389.42279289337	859.630004882813
1391.95911736009	862.405029296875
1394.49465396645	865.505004882813
1397.02940305537	866.034973144531
1399.5633649695	865.164978027344
1402.09654005135	865.965026855469
1404.6289286432	867.47998046875
1407.16053108714	870.010009765625
1409.69134772507	870.155029296875
1412.22137889868	870.299987792969
1414.75062494947	868.414978027344
1417.27908621874	868.684997558594
1419.80676304759	870.47998046875
1422.33365577692	872.424987792969
1424.85976474744	876.005004882813
1427.38509029967	876.125
1429.90963277392	879.039978027344
1432.4333925103	882.059997558594
1434.95636984873	889.070007324219
1437.47856512894	897.099975585938
1439.99997869045	905.474975585938
1442.5206108726	915.489990234375
1445.04046201452	922.994995117188
1447.55953245515	925.494995117188
1450.07782253323	926.679992675781
1452.59533258731	926.325012207031
1455.11206295574	925.392517089844
1457.62801397668	924.460021972656
1460.14318598809	918.349975585938
1462.65757932774	911.184997558594
1465.1711943332	903.684997558594
1467.68403134184	898.690002441406
1470.19609069085	886.554992675781
1472.70737271721	877.400024414063
1475.21787775772	866.414978027344
1477.72760614897	855.125
1480.23655822738	848.460021972656
1482.74473432914	840.700012207031
1485.25213479029	834.210021972656
1487.75875994664	830.659973144531
1490.26461013382	827.255004882813
1492.76968568726	823.880004882813
1495.27398694222	821.724975585938
1497.77751423374	819.325012207031
1500.28026789667	820.219970703125
1502.78224826569	819.914978027344
1505.28345567526	818.380004882813
1507.78389045967	817.224975585938
1510.28355295299	816.789978027344
1512.78244348913	816.659973144531
1515.28056240178	815.724975585938
1517.77791002445	816.150024414063
1520.27448669047	815.994995117188
1522.77029273296	814.809997558594
1525.26532848486	814.914978027344
1527.75959427889	815.424987792969
1530.25309044764	816.799987792969
1532.74581732344	817.119995117188
1535.23777523847	817.034973144531
1537.72896452471	818.715026855469
1540.21938551394	819.599975585938
1542.70903853778	821.969970703125
1545.19792392761	825.505004882813
1547.68604201466	826.799987792969
1550.17339312997	829.390014648438
1552.65997760434	831.039978027344
1555.14579576845	831.195007324219
1557.63084795275	831.169982910156
1560.11513448749	829.325012207031
1562.59865570276	827.77001953125
1565.08141192845	827.474975585938
1567.56340349426	827.150024414063
1570.04463072969	827.530029296875
1572.52509396406	828.619995117188
1575.00479352652	829.265014648438
1577.48372974599	832.169982910156
1579.96190295124	833.960021972656
1582.43931347083	833.710021972656
1584.91596163314	834.27001953125
1587.39184776636	835.64501953125
1589.86697219849	836.969970703125
1592.34133525734	837.760009765625
1594.81493727054	840.77001953125
1597.28777856553	844.075012207031
1599.75985946955	848.64501953125
1602.23118030968	853.385009765625
1604.70174141278	856.510009765625
1607.17154310555	858.614990234375
1609.64058571449	859.169982910156
1612.10886956591	858.109985351563
1614.57639498595	856.015014648438
1617.04316230054	854.97998046875
1619.50917183543	853.780029296875
1621.97442391621	852.390014648438
1624.43891886825	852.385009765625
1626.90265701674	849.150024414063
1629.36563868671	849.465026855469
1631.82786420296	851.97998046875
1634.28933389016	853.64501953125
1636.75004807274	856.219970703125
1639.21000707498	861.765014648438
1641.66921122097	866.369995117188
1644.12766083459	873.190002441406
1646.58535623956	880.265014648438
1649.04229775941	886.284973144531
1651.4984857175	890.080017089844
1653.95392043697	893.929992675781
1656.40860224079	896.900024414063
1658.86253145177	899.059997558594
1661.3157083925	899.825012207031
1663.76813338542	897.094970703125
1666.21980675275	894.575012207031
1668.67072881656	893.299987792969
1671.1208998987	891.544982910156
1673.57032032089	887.590026855469
1676.0189904046	881.210021972656
1678.46691047118	873.655029296875
1680.91408084174	865.599975585938
1683.36050183726	857.960021972656
1685.8061737785	851.049987792969
1688.25109698605	843.875
1690.69527178032	837.239990234375
1693.13869848153	831.809997558594
1695.58137740972	828.27001953125
1698.02330888476	823.114990234375
1700.46449322631	818.400024414063
1702.90493075388	813.14501953125
1705.34462178678	809.5
1707.78356664414	808.150024414063
1710.22176564492	805.835021972656
1712.65921910787	804.760009765625
1715.0959273516	801.619995117188
1717.53189069449	801.14501953125
1719.9671094548	800.875
1722.40158395054	800.489990234375
1724.8353144996	800.284973144531
1727.26830141965	800.455017089844
1729.70054502819	799.655029296875
1732.13204564255	800.10498046875
1734.56280357987	800.155029296875
1736.99281915711	799.044982910156
1739.42209269106	797.734985351563
1741.85062449831	797.340026855469
1744.27841489529	797.630004882813
1746.70546419823	797.469970703125
1749.13177272321	797.625
1751.5573407861	797.369995117188
1753.98216870262	796.864990234375
1756.40625678828	797.125
1758.82960535844	796.955017089844
1761.25221472825	796.955017089844
1763.67408521271	796.715026855469
1766.09521712663	797.159973144531
1768.51561078464	796.890014648438
1770.93526650119	796.119995117188
1773.35418459056	795.830017089844
1775.77236536684	797.054992675781
1778.18980914396	797
1780.60651623565	796.445007324219
1783.02248695548	796.289978027344
1785.43772161684	795.070007324219
1787.85222053292	796.465026855469
1790.26598401677	795.97998046875
1792.67901238123	795.659973144531
1795.09130593899	795.830017089844
1797.50286500254	794.934997558594
1799.9136898842	794.380004882813
1802.32378089613	794.650024414063
1804.73313835028	794.719970703125
1807.14176255846	794.75
1809.54965383228	794.960021972656
1811.95681248317	793.585021972656
1814.36323882242	794.094970703125
1816.76893316109	793.885009765625
1819.17389581011	793.830017089844
1821.57812708021	793.184997558594
1823.98162728196	793.369995117188
1826.38439672573	794.244995117188
1828.78643572174	793.835021972656
1831.18774458003	793.804992675781
1833.58832361045	793.875
1835.98817312269	793.969970703125
1838.38729342625	792.049987792969
1840.78568483048	792.25
1843.18334764454	792.304992675781
1845.58028217741	792.099975585938
1847.9764887379	791.630004882813
1850.37196763465	792.734985351563
1852.76671917613	793.385009765625
1855.16074367062	793.625
1857.55404142624	793.534973144531
1859.94661275094	793.309997558594
1862.33845795247	792.900024414063
1864.72957733844	792.744995117188
1867.11997121627	791.900024414063
1869.5096398932	791.64501953125
1871.89858367631	791.39501953125
1874.28680287251	791.625
1876.67429778851	792.590026855469
1879.06106873089	792.080017089844
1881.44711600601	791.744995117188
1883.8324399201	791.739990234375
1886.21704077919	791.64501953125
1888.60091888915	792.070007324219
1890.98407455567	791.25
1893.36650808428	792.315002441406
1895.74821978033	791.864990234375
1898.12920994899	791.859985351563
1900.50947889527	791.85498046875
1902.88902692401	791.859985351563
1905.26785433986	792.280029296875
1907.64596144734	792.64501953125
1910.02334855075	792.054992675781
1912.40001595424	792.22998046875
1914.7759639618	792.72998046875
1917.15119287724	793.205017089844
1919.52570300419	793.400024414063
1921.89949464611	791.835021972656
1924.27256810632	791.85498046875
1926.64492368793	792.325012207031
1929.0165616939	792.419982910156
1931.38748242701	791.35498046875
1933.75768618989	791.030029296875
1936.12717328497	791.385009765625
1938.49594401455	791.575012207031
1940.86399868071	791.674987792969
1943.23133758541	791.299987792969
1945.5979610304	792.325012207031
1947.96386931729	793.284973144531
1950.32906274751	792.700012207031
1952.69354162232	792.445007324219
1955.0573062428	791.690002441406
1957.42035690989	791.924987792969
1959.78269392434	791.465026855469
1962.14431758673	791.575012207031
1964.50522819748	791.840026855469
1966.86542605684	792.099975585938
1969.22491146488	792.494995117188
1971.58368472153	792.330017089844
1973.94174612654	791.929992675781
1976.29909597945	791.905029296875
1978.65573457971	791.635009765625
1981.01166222654	791.637512207031
1983.36687921902	791.640014648438
1985.72138585606	791.200012207031
1988.07518243639	791.109985351563
1990.42826925859	790.914978027344
1992.78064662106	791.080017089844
1995.13231482205	791.830017089844
1997.48327415961	791.914978027344
1999.83352493167	791.510009765625
2002.18306743594	791.424987792969
2004.53190197002	791.690002441406
2006.8800288313	791.044982910156
2009.22744831703	790.984985351563
2011.57416072427	791.099975585938
2013.92016634993	790.825012207031
2016.26546549076	791.025024414063
2018.61005844332	790.914978027344
2020.95394550404	790.460021972656
2023.29712696915	790.059997558594
2025.63960313474	791.234985351563
2027.98137429672	790.679992675781
2030.32244075083	791.424987792969
2032.66280279266	791.52001953125
2035.00246071763	791.929992675781
2037.34141482099	791.309997558594
2039.67966539784	790.64501953125
2042.01721274309	790.900024414063
2044.35405715151	791.219970703125
2046.69019891769	791.35498046875
2049.02563833606	791.739990234375
2051.3603757009	791.632507324219
2053.6944113063	791.525024414063
2056.0277454462	791.744995117188
2058.36037841439	791.275024414063
2060.69231050446	791.005004882813
2063.02354200988	790.494995117188
2065.35407322392	792.219970703125
2067.68390443971	792.570007324219
2070.01303595021	791.684997558594
2072.3414680482	792.034973144531
2074.66920102633	791.460021972656
2076.99623517706	791.664978027344
2079.32257079271	791.950012207031
2081.6482081654	791.839965820313
2083.97314758713	791.72998046875
2086.29738934971	792.219970703125
2088.62093374481	792.075012207031
2090.94378106391	792.924987792969
2093.26593159835	792.700012207031
2095.5873856393	791.969970703125
2097.90814347777	791.525024414063
2100.2282054046	792.179992675781
2102.54757171048	792.190002441406
2104.86624268594	792.724975585938
2107.18421862133	792.697509765625
2109.50149980686	792.669982910156
2111.81808653257	792.099975585938
2114.13397908834	792.445007324219
2116.44917776388	792.525024414063
2118.76368284875	793.635009765625
2121.07749463235	793.6474609375
2123.39061340391	793.659973144531
2125.70303945252	793.429992675781
2128.01477306707	793.539978027344
2130.32581453634	792.859985351563
2132.63616414891	792.760009765625
2134.94582219322	792.72998046875
2137.25478895754	793.065002441406
2139.56306472999	792.5
2141.87064979851	793.474975585938
2144.17754445092	793.820007324219
2146.48374897484	793.789978027344
2148.78926365774	793.765014648438
2151.09408878695	793.260009765625
2153.39822464963	792.674987792969
2155.70167153277	792.5
2158.00442972321	793.090026855469
2160.30649950763	792.849975585938
2162.60788117256	792.859985351563
2164.90857500436	793.515014648438
2167.20858128923	793.830017089844
2169.50790031323	793.905029296875
2171.80653236223	793.414978027344
2174.10447772198	793.155029296875
2176.40173667804	793.015014648438
2178.69830951582	793.474975585938
2180.99419652058	792.544982910156
2183.28939797743	793.239990234375
2185.5839141713	793.10498046875
2187.87774538698	793.664978027344
2190.17089190908	793.914978027344
2192.46335402209	792.929992675781
2194.75513201032	793
2197.04622615791	792.489990234375
2199.33663674886	792.674987792969
2201.62636406702	792.64501953125
2203.91540839606	792.614990234375
2206.20377001952	792.414978027344
2208.49144922077	791.184997558594
2210.77844628302	791.614990234375
2213.06476148933	791.849975585938
2215.3503951226	791.369995117188
2217.63534746557	791.434997558594
2219.91961880085	791.559997558594
2222.20320941085	792.510009765625
2224.48611957785	792.547485351563
2226.76834958399	792.585021972656
2229.04989971122	791.679992675781
2231.33077024136	791.815002441406
2233.61096145607	791.594970703125
2235.89047363683	792.130004882813
2238.169307065	792.684997558594
2240.44746202178	792.580017089844
2242.72493878819	792.440002441406
2245.00173764511	792.284973144531
2247.27785887327	792.174987792969
2249.55330275324	791.700012207031
2251.82806956545	791.817504882813
2254.10215959014	791.934997558594
2256.37557310744	792.695007324219
2258.64831039729	792.205017089844
2260.92037173949	791.89501953125
2263.19175741368	792.525024414063
2265.46246769938	792.335021972656
2267.7325028759	792.804992675781
2270.00186322243	792.080017089844
2272.270549018	792.684997558594
2274.5385605415	792.5
2276.80589807165	792.530029296875
2279.07256188702	792.789978027344
2281.33855226601	792.349975585938
2283.60386948691	792.195007324219
2285.86851382782	793.405029296875
2288.1324855667	792.994995117188
2290.39578498136	792.965026855469
2292.65841234945	792.330017089844
2294.92036794847	792.640014648438
2297.18165205578	791.455017089844
2299.44226494856	791.664978027344
2301.70220690387	792.390014648438
2303.96147819859	793.830017089844
2306.22007910947	793.080017089844
2308.47800991309	793.280029296875
2310.73527088589	793.200012207031
2312.99186230416	793.525024414063
2315.24778444403	793.465026855469
2317.50303758149	793.482543945313
2319.75762199235	793.5
2322.01153795231	794.474975585938
2324.26478573689	794.695007324219
2326.51736562147	795.140014648438
2328.76927788127	794.864990234375
2331.02052279137	794.919982910156
2333.2711006267	793.849975585938
2335.52101166203	793.820007324219
2337.77025617198	792.710021972656
2340.01883443103	792.594970703125
2342.2667467135	793.304992675781
2344.51399329356	792.885009765625
2346.76057444525	792.590026855469
2349.00649044241	792.974975585938
2351.2517415588	793.150024414063
2353.49632806796	792.835021972656
2355.74025024334	792.955017089844
2357.98350835819	793.304992675781
2360.22610268566	792.385009765625
2362.4680334987	791.539978027344
2364.70930107016	791.205017089844
2366.94990567269	791.049987792969
2369.18984757884	792.090026855469
2371.42912706098	792.549987792969
2373.66774439134	792.609985351563
2375.90569984199	791.809997558594
2378.14299368488	792.280029296875
2380.37962619179	792.47998046875
2382.61559763435	792.375
2384.85090828405	792.424987792969
2387.08555841222	792.22998046875
2389.31954829006	792.280029296875
2391.55287818861	792.544982910156
2393.78554837877	792.280029296875
2396.01755913128	792.950012207031
2398.24891071673	792.890014648438
2400.47960340558	792.905029296875
2402.70963746814	792.505004882813
2404.93901317456	792.659973144531
2407.16773079485	793.445007324219
2409.39579059887	793.52001953125
2411.62319285633	793.364990234375
2413.84993783681	791.97998046875
2416.07602580971	792.919982910156
2418.30145704432	792.940002441406
2420.52623180977	792.960021972656
2422.75035037503	793.474975585938
2424.97381300893	793.174987792969
2427.19661998017	792.659973144531
2429.41877155729	793.155029296875
2431.64026800867	793.619995117188
2433.86110960257	792.905029296875
2436.08129660709	792.719970703125
2438.30082929019	792.534973144531
2440.51970791967	792.22998046875
2442.73793276321	793.445007324219
2444.95550408832	793.119995117188
2447.17242216237	792.580017089844
2449.38868725259	792.75
2451.60429962607	793.059997558594
2453.81925954975	793.08251953125
2456.03356729041	793.10498046875
2458.2472231147	791.794982910156
2460.46022728913	791.840026855469
2462.67258008005	793.224975585938
2464.88428175368	793.875
2467.09533257608	792.864990234375
2469.30573281318	792.239990234375
2471.51548273076	792.260009765625
2473.72458259445	792.489990234375
2475.93303266974	794.119995117188
2478.14083322198	793.744995117188
2480.34798451637	793.765014648438
2482.55448681797	793.52001953125
2484.76034039169	792.674987792969
2486.96554550231	792.875
2489.17010241445	792.825012207031
2491.37401139259	794.174987792969
2493.57727270109	794.39501953125
2495.77988660412	793.640014648438
2497.98185336574	793.724975585938
2500.18317324987	793.682495117188
2502.38384652028	793.640014648438
2504.58387344058	793.554992675781
2506.78325427425	794.405029296875
2508.98198928465	794.27001953125
2511.18007873495	793.760009765625
2513.37752288821	795.114990234375
2515.57432200735	794.369995117188
2517.77047635514	793.789978027344
2519.96598619419	793.414978027344
2522.16085178699	794.299987792969
2524.35507339589	795.724975585938
2526.54865128308	795.657470703125
2528.74158571062	795.590026855469
2530.93387694042	795.10498046875
2533.12552523427	794.5
2535.31653085379	795.02001953125
2537.50689406046	795.179992675781
2539.69661511566	795.275024414063
2541.88569428057	794.984985351563
2544.07413181627	795.159973144531
2546.26192798368	795.674987792969
2548.44908304359	794.690002441406
2550.63559725664	794.934997558594
2552.82147088333	795.344970703125
2555.00670418402	796.094970703125
2557.19129741894	795.984985351563
2559.37525084817	794.934997558594
2561.55856473164	795.289978027344
2563.74123932917	795.429992675781
2565.92327490039	796.210021972656
2568.10467170484	796.215026855469
2570.28543000189	796.159973144531
2572.46555005079	795.765014648438
2574.64503211063	795.807495117188
2576.82387644036	795.849975585938
2579.00208329882	796.469970703125
2581.17965294468	796.119995117188
2583.35658563648	796.190002441406
2585.53288163263	795.755004882813
2587.70854119137	796.234985351563
2589.88356457084	796.705017089844
2592.05795202902	796.914978027344
2594.23170382376	797.424987792969
2596.40482021275	797.400024414063
2598.57730145356	797.445007324219
2600.74914780363	797.260009765625
2602.92035952023	797.614990234375
2605.09093686053	797.405029296875
2607.26088008153	798.820007324219
2609.4301894401	799.094970703125
2611.59886519299	799.474975585938
2613.76690759678	799.705017089844
2615.93431690793	798.695007324219
2618.10109338277	799.190002441406
2620.26723727748	799.034973144531
2622.4327488481	799.840026855469
2624.59762835054	799.469970703125
2626.76187604057	800.075012207031
2628.92549217382	800.094970703125
2631.08847700579	802.155029296875
2633.25083079182	801.880004882813
2635.41255378715	801.655029296875
2637.57364624684	800.849975585938
2639.73410842586	800.14501953125
2641.893940579	800.47998046875
2644.05314296094	801.304992675781
2646.21171582621	801.330017089844
2648.36965942921	802.080017089844
2650.5269740242	803.35498046875
2652.6836598653	803.262451171875
2654.83971720651	803.169982910156
2656.99514630167	803.114990234375
2659.1499474045	803.125
2661.30412076857	803.244995117188
2663.45766664734	804.390014648438
2665.61058529411	805.465026855469
2667.76287696204	805.085021972656
2669.91454190418	805.047485351563
2672.06558037342	805.010009765625
2674.21599262253	805.820007324219
2676.36577890413	805.950012207031
2678.51493947072	805.594970703125
2680.66347457466	804.275024414063
2682.81138446816	805.280029296875
2684.95866940332	806.635009765625
2687.10532963209	806.984985351563
2689.25136540628	808.130004882813
2691.39677697757	808.445007324219
2693.54156459752	808.280029296875
2695.68572851753	807.690002441406
2697.82926898888	808.784973144531
2699.97218626272	810.434997558594
2702.11448059006	810.609985351563
2704.25615222175	812.265014648438
2706.39720140856	812.684997558594
2708.53762840109	812.655029296875
2710.67743344979	813.065002441406
2712.81661680503	814.97998046875
2714.95517871698	816.010009765625
2717.09311943574	817.380004882813
2719.23043921123	819.489990234375
2721.36713829325	820.830017089844
2723.50321693148	821.965026855469
2725.63867537545	822.469970703125
2727.77351387456	823.244995117188
2729.90773267809	823.664978027344
2732.04133203516	823.672485351563
2734.17431219478	823.679992675781
2736.30667340581	822.739990234375
2738.438415917	821.080017089844
2740.56953997695	821.719970703125
2742.70004583414	820.515014648438
2744.82993373688	819.609985351563
2746.9592039334	819.674987792969
2749.08785667177	819.109985351563
2751.21589219993	818.690002441406
2753.34331076568	817.465026855469
2755.4701126167	817.695007324219
2757.59629800054	818.114990234375
2759.7218671646	817.47998046875
2761.84682035617	818.455017089844
2763.9711578224	818.174987792969
2766.0948798103	818.405029296875
2768.21798656676	818.710021972656
2770.34047833852	818.054992675781
2772.46235537222	818.049987792969
2774.58361791434	818.125
2776.70426621124	818.200012207031
2778.82430050915	816.674987792969
2780.94372105416	815.929992675781
2783.06252809224	814.724975585938
2785.18072186922	815.984985351563
2787.29830263081	817.344970703125
2789.41527062257	816.669982910156
2791.53162608996	816.489990234375
2793.64736927828	816.760009765625
2795.76250043271	816.090026855469
2797.8770197983	816.440002441406
2799.99092761997	819.215026855469
2802.10422414252	819.539978027344
2804.21690961059	820.094970703125
2806.32898426873	821.755004882813
2808.44044836132	823.684997558594
2810.55130213264	824.640014648438
2812.66154582682	825.804992675781
2814.77117968788	827.429992675781
2816.8802039597	829.255004882813
2818.98861888601	831.47998046875
2821.09642471046	834.325012207031
2823.20362167653	836.174987792969
2825.31021002756	840.005004882813
2827.41619000682	843.775024414063
2829.52156185738	847.275024414063
2831.62632582224	851.64501953125
2833.73048214422	854.510009765625
2835.83403106606	858.844970703125
2837.93697283033	863.710021972656
2840.03930767951	871.820007324219
2842.1410358559	881.065002441406
2844.24215760173	890.635009765625
2846.34267315905	902.049987792969
2848.44258276982	911.534973144531
2850.54188667585	925.309997558594
2852.64058511883	941.099975585938
2854.73867834032	957.739990234375
2856.83616658175	972.434997558594
2858.93305008443	986.155029296875
2861.02932908952	1006.05499267578
2863.12500383809	1024.47998046875
2865.22007457104	1045.84997558594
2867.31454152918	1069.06994628906
2869.40840495316	1086.26000976563
2871.50166508353	1107.24499511719
2873.59432216069	1125
2875.68637642493	1136.07495117188
2877.77782811641	1144.61499023438
2879.86867747515	1148.98999023438
2881.95892474105	1149.14001464844
2884.0485701539	1153.82995605469
2886.13761395333	1155.93994140625
2888.22605637886	1161.19995117188
2890.3138976699	1163.18994140625
2892.40113806571	1172.56005859375
2894.48777780544	1188.32495117188
2896.57381712808	1196.91003417969
2898.65925627254	1197.40502929688
2900.74409547758	1202.63500976563
2902.82833498183	1215.97998046875
2904.9119750238	1232.52502441406
2906.99501584188	1250.5400390625
2909.07745767432	1275.04504394531
2911.15930075925	1295.94995117188
2913.24054533469	1309.20495605469
2915.3211916385	1317.17504882813
2917.40123990846	1337.88000488281
2919.48069038217	1359.46496582031
2921.55954329716	1375.2099609375
2923.63779889079	1385.02502441406
2925.71545740033	1400.125
2927.79251906289	1416.77001953125
2929.86898411548	1428.97998046875
2931.94485279498	1426.64001464844
2934.02012533815	1425.99499511719
2936.0948019816	1429.97497558594
2938.16888296184	1420.97497558594
2940.24236851525	1393.18505859375
2942.31525887809	1373.35498046875
2944.38755428648	1360.42004394531
2946.45925497643	1346.2900390625
2948.53036118382	1317.13000488281
2950.6008731444	1290.55004882813
2952.67079109381	1268.89501953125
2954.74011526755	1242.375
2956.80884590101	1226.97998046875
2958.87698322944	1224.09497070313
2960.94452748799	1217.84497070313
2963.01147891167	1207.38000488281
2965.07783773535	1195.36499023438
2967.14360419382	1176.7099609375
2969.2087785217	1165.97497558594
2971.27336095352	1155.94995117188
2973.33735172366	1148.1650390625
2975.40075106641	1137.84997558594
2977.46355921591	1125.68005371094
2979.52577640618	1111.30004882813
2981.58740287112	1092.76501464844
2983.64843884452	1079.34997558594
2985.70888456003	1068.38500976563
2987.76874025117	1055.5849609375
2989.82800615137	1040.73999023438
2991.88668249391	1026.2099609375
2993.94476951194	1007.31500244141
2996.00226743852	989.635009765625
2998.05917650657	975.10498046875
3000.11549694887	964.359985351563
3002.17122899812	950.890014648438
3004.22637288685	939.789978027344
3006.2809288475	929.580017089844
3008.33489711238	918.924987792969
3010.38827791368	909.900024414063
3012.44107148345	901.570007324219
3014.49327805366	894.35498046875
3016.5448978561	888.030029296875
3018.59593112249	884.299987792969
3020.64637808441	879.669982910156
3022.6962389733	873.799987792969
3024.74551402051	870.575012207031
3026.79420345725	868.409973144531
3028.84230751461	867.815002441406
3030.88982642357	867.27001953125
3032.93676041497	866.205017089844
3034.98310971955	867.955017089844
3037.02887456791	871.400024414063
3039.07405519054	875.164978027344
3041.11865181781	875.284973144531
3043.16266467996	876.945007324219
3045.20609400713	877.599975585938
3047.24894002932	879.119995117188
3049.2912029764	882.400024414063
3051.33288307815	888.085021972656
3053.37398056421	891.484985351563
3055.41449566411	896.655029296875
3057.45442860725	900.85498046875
3059.49377962291	902.825012207031
3061.53254894026	903.099975585938
3063.57073678834	904.784973144531
3065.60834339607	901.625
3067.64536899227	897.119995117188
3069.68181380561	893.510009765625
3071.71767806467	887.590026855469
3073.75296199788	878.940002441406
3075.78766583357	872.174987792969
3077.82178979997	865.744995117188
3079.85533412513	859.315002441406
3081.88829903705	855.590026855469
3083.92068476356	852.325012207031
3085.95249153241	850.539978027344
3087.98371957119	847.585021972656
3090.01436910741	843.554992675781
3092.04444036844	840.830017089844
3094.07393358152	841.309997558594
3096.10284897381	841.445007324219
3098.13118677232	841.164978027344
3100.15894720395	840.755004882813
3102.18613049548	839.695007324219
3104.21273687357	839.714965820313
3106.23876656477	839.734985351563
3108.2642197955	839.919982910156
3110.28909679208	840.224975585938
3112.31339778069	839.440002441406
3114.33712298741	838.755004882813
3116.36027263819	839.635009765625
3118.38284695887	841.724975585938
3120.40484617516	842.609985351563
3122.42627051268	843.679992675781
3124.4471201969	843.594970703125
3126.46739545319	843.585021972656
3128.4870965068	843.364990234375
3130.50622358287	843.174987792969
3132.5247769064	842.984985351563
3134.54275670229	843.015014648438
3136.56016319534	843.044982910156
3138.57699661019	843.215026855469
3140.59325717139	844.719970703125
3142.60894510338	846.710021972656
3144.62406063047	846.660034179688
3146.63860397686	846.609985351563
3148.65257536662	846.22998046875
3150.66597502371	846.315002441406
3152.67880317199	846.410034179688
3154.69106003518	846.505004882813
3156.70274583691	847.640014648438
3158.71386080065	850.02001953125
3160.72440514981	851.179992675781
3162.73437910763	852.664978027344
3164.74378289728	853.934997558594
3166.75261674179	853.815002441406
3168.76088086407	854.984985351563
3170.76857548692	854.994995117188
3172.77570083303	856.390014648438
3174.78225712498	857.114990234375
3176.78824458521	858.335021972656
3178.79366343607	860.789978027344
3180.79851389977	861.969970703125
3182.80279619844	862.474975585938
3184.80651055405	862.335021972656
3186.80965718849	864.130004882813
3188.81223632353	865.419982910156
3190.81424818081	866.590026855469
3192.81569298186	867.489990234375
3194.8165709481	870.174987792969
3196.81688230084	871.099975585938
3198.81662726126	872.724975585938
3200.81580605044	874.984985351563
3202.81441888933	873.885009765625
3204.81246599879	874.760009765625
3206.80994759954	878.640014648438
3208.80686391219	880.474975585938
3210.80321515726	882.429992675781
3212.79900155512	883.210021972656
3214.79422332605	883.197509765625
3216.78888069021	883.184997558594
3218.78297386765	884.609985351563
3220.77650307828	886
3222.76946854195	887.700012207031
3224.76187047834	888.775024414063
3226.75370910705	890.690002441406
3228.74498464755	890.575012207031
3230.73569731921	890.460021972656
3232.72584734127	888.984985351563
3234.71543493287	891.27001953125
3236.70446031304	894.440002441406
3238.69292370068	896.864990234375
3240.68082531459	896.619995117188
3242.66816537345	897.409973144531
3244.65494409583	899.515014648438
3246.6411617002	901.494995117188
3248.62681840488	902.400024414063
3250.61191442812	903.630004882813
3252.59644998804	906.640014648438
3254.58042530263	907.52001953125
3256.56384058979	907.387512207031
3258.54669606731	907.255004882813
3260.52899195285	909.539978027344
3262.51072846396	910.695007324219
3264.4919058181	914.030029296875
3266.47252423259	913.130004882813
3268.45258392464	915.794982910156
3270.43208511138	920.39501953125
3272.41102800978	922.179992675781
3274.38941283675	924.054992675781
3276.36723980904	924.690002441406
3278.34450914332	927.789978027344
3280.32122105613	928.340026855469
3282.29737576392	928.434997558594
3284.272973483	930.719970703125
3286.24801442958	936.315002441406
3288.22249881978	935.710021972656
3290.19642686957	935.169982910156
3292.16979879485	936.909973144531
3294.14261481136	938.375
3296.11487513478	937.804992675781
3298.08657998065	934.304992675781
3300.0577295644	931.945007324219
3302.02832410136	932.955017089844
3303.99836380673	934.525024414063
3305.96784889563	934.530029296875
3307.93677958303	934.239990234375
3309.90515608383	931.224975585938
3311.87297861278	930.909973144531
3313.84024738456	929.484985351563
3315.80696261371	930.619995117188
3317.77312451466	930.414978027344
3319.73873330175	928.760009765625
3321.70378918919	927.614990234375
3323.66829239109	927.75
3325.63224312145	928.065002441406
3327.59564159416	923.690002441406
3329.55848802299	921.739990234375
3331.52078262162	922.244995117188
3333.4825256036	922.030029296875
3335.44371718237	921.815002441406
3337.40435757128	922.02001953125
3339.36444698356	921.955017089844
3341.32398563232	921.890014648438
3343.28297373058	919.705017089844
3345.24141149124	919.340026855469
3347.19929912709	919.034973144531
3349.15663685081	922.72998046875
3351.11342487497	924.965026855469
3353.06966341204	925.065002441406
3355.02535267437	923.659973144531
3356.98049287421	920.700012207031
3358.9350842237	918.450012207031
3360.88912693486	918.724975585938
3362.84262121962	919.044982910156
3364.79556728978	919.344970703125
3366.74796535705	919.820007324219
3368.69981563302	917.594970703125
3370.65111832917	917.25
3372.60187365689	917.364990234375
3374.55208182744	916.155029296875
3376.50174305198	914.534973144531
3378.45085754157	914.505004882813
3380.39942550714	914.804992675781
3382.34744715954	913.010009765625
3384.29492270949	912.005004882813
3386.24185236761	909.445007324219
3388.18823634442	907.075012207031
3390.13407485031	906.090026855469
3392.07936809559	907.244995117188
3394.02411629045	907.155029296875
3395.96831964496	907.065002441406
3397.91197836911	907.255004882813
3399.85509267275	905.900024414063
3401.79766276564	901.674987792969
3403.73968885745	900.77001953125
3405.68117115771	902.614990234375
3407.62210987586	902.552490234375
3409.56250522123	902.489990234375
3411.50235740305	900.39501953125
3413.44166663043	898.164978027344
3415.38043311238	894.190002441406
3417.3186570578	894.974975585938
3419.2563386755	898.575012207031
3421.19347817415	898.255004882813
3423.13007576235	897.715026855469
3425.06613164857	896.765014648438
3427.00164604118	896.140014648438
3428.93661914844	894.859985351563
3430.87105117852	893.710021972656
3432.80494233945	891.244995117188
3434.73829283919	892.080017089844
3436.67110288558	892.575012207031
3438.60337268634	892.684997558594
3440.53510244911	891.789978027344
3442.4662923814	890.965026855469
3444.39694269064	891.215026855469
3446.32705358412	890.47998046875
3448.25662526905	888.140014648438
3450.18565795254	887.409973144531
3452.11415184156	886.780029296875
3454.04210714302	886.255004882813
3455.96952406369	883.565002441406
3457.89640281024	883.10498046875
3459.82274358924	880.440002441406
3461.74854660717	880.609985351563
3463.67381207038	878.340026855469
3465.59854018513	875.924987792969
3467.52273115756	873.974975585938
3469.44638519373	872.505004882813
3471.36950249956	870.909973144531
3473.29208328091	870.414978027344
3475.21412774349	869.919982910156
3477.13563609293	869.380004882813
3479.05660853476	868.630004882813
3480.97704527438	867.109985351563
3482.89694651712	864.130004882813
3484.81631246818	862.650024414063
3486.73514333266	861.025024414063
3488.65343931557	859.77001953125
3490.57120062179	856.775024414063
3492.48842745612	855.260009765625
3494.40512002324	854.840026855469
3496.32127852773	852.075012207031
3498.23690317408	851.494995117188
3500.15199416666	850.099975585938
3502.06655170974	849.700012207031
3503.98057600749	848.534973144531
3505.89406726396	847.794982910156
3507.80702568312	845.994995117188
3509.71945146883	843.905029296875
3511.63134482483	842.265014648438
3513.54270595478	841.789978027344
3515.45353506222	839.669982910156
3517.3638323506	837.909973144531
3519.27359802324	835.799987792969
3521.1828322834	833.755004882813
3523.09153533419	832.739990234375
3524.99970737866	830.799987792969
3526.90734861972	829.765014648438
3528.81445926021	829.484985351563
3530.72103950283	828.60498046875
3532.62708955022	826.75
3534.53260960488	824.344970703125
3536.43759986923	821.955017089844
3538.34206054558	820.955017089844
3540.24599183613	820.950012207031
3542.149393943	819.325012207031
3544.05226706817	818.739990234375
3545.95461141357	815.885009765625
3547.85642718097	813.484985351563
3549.75771457208	811.789978027344
3551.6584737885	811.575012207031
3553.55870503171	812.950012207031
3555.4584085031	812.429992675781
3557.35758440396	811.200012207031
3559.25623293548	809.335021972656
3561.15435429874	807.114990234375
3563.05194869473	806.494995117188
3564.94901632432	805.900024414063
3566.84555738829	804.429992675781
3568.74157208732	802.375
3570.63706062199	802.150024414063
3572.53202319277	802.594970703125
3574.42646000003	802.784973144531
3576.32037124406	802.294982910156
3578.213757125	801.280029296875
3580.10661784295	799.989990234375
3581.99895359786	798.434997558594
3583.8907645896	798.125
3585.78205101794	797.780029296875
3587.67281308254	797.224975585938
3589.56305098297	796.719970703125
3591.4527649187	796.075012207031
3593.34195508907	794.070007324219
3595.23062169338	793.190002441406
3597.11876493075	791.669982910156
3599.00638500027	791.380004882813
3600.89348210089	790.700012207031
3602.78005643148	790.085021972656
3604.66610819078	790.400024414063
3606.55163757747	789.25
3608.4366447901	787.955017089844
3610.32113002713	786.780029296875
3612.20509348693	786.140014648438
3614.08853536774	785.909973144531
3615.97145586773	784.984985351563
3617.85385518497	784.700012207031
3619.7357335174	783.205017089844
3621.61709106289	783.159973144531
3623.4979280192	782.690002441406
3625.37824458399	780.890014648438
3627.25804095482	780.599975585938
3629.13731732915	779.97998046875
3631.01607390435	779.359985351563
3632.89431087767	779.984985351563
3634.77202844629	778.804992675781
3636.64922680726	777.840026855469
3638.52590615754	777.890014648438
3640.40206669402	777.27001953125
3642.27770861344	776.424987792969
3644.15283211248	776.369995117188
3646.02743738771	776.315002441406
3647.90152463559	775.234985351563
3649.77509405251	774.289978027344
3651.64814583473	772.77001953125
3653.52068017842	772.695007324219
3655.39269727965	772.294982910156
3657.26419733442	772.419982910156
3659.13518053858	771.590026855469
3661.00564708793	771.169982910156
3662.87559717814	769.835021972656
3664.7450310048	769.405029296875
3666.61394876338	769.169982910156
3668.48235064928	768.169982910156
3670.35023685779	767.880004882813
3672.21760758409	767.375
3674.08446302327	767.510009765625
3675.95080337033	767.190002441406
3677.81662882017	766.364990234375
3679.68193956758	766.575012207031
3681.54673580727	765.755004882813
3683.41101773383	765.224975585938
3685.27478554178	764.89501953125
3687.13803942551	764.989990234375
3689.00077957934	765.080017089844
3690.86300619748	764.205017089844
3692.72471947405	763.150024414063
3694.58591960306	762.469970703125
3696.44660677844	762.599975585938
3698.306781194	762.625
3700.16644304348	762.650024414063
3702.02559252049	761.885009765625
3703.88422981859	761.575012207031
3705.74235513119	761.244995117188
3707.59996865164	760.719970703125
3709.45707057318	760.489990234375
3711.31366108895	759.530029296875
3713.16974039199	759.85498046875
3715.02530867527	760.025024414063
3716.88036613164	759.294982910156
3718.73491295385	758.885009765625
3720.58894933456	758.780029296875
3722.44247546634	758.190002441406
3724.29549154166	758.554992675781
3726.14799775289	757.914978027344
3727.9999942923	757.164978027344
3729.85148135209	757.414978027344
3731.70245912432	757.265014648438
3733.55292780098	756.684997558594
3735.40288757397	756.820007324219
3737.25233863509	756.809997558594
3739.10128117603	756.804992675781
3740.9497153884	757.309997558594
3742.7976414637	757.190002441406
3744.64505959335	756.679992675781
3746.49196996866	757.60498046875
3748.33837278086	757.054992675781
3750.18426822108	756.809997558594
3752.02965648033	756.125
3753.87453774956	756.150024414063
3755.7189122196	756.815002441406
3757.5627800812	757.039978027344
3759.40614152501	756.35498046875
3761.24899674159	756.284973144531
3763.09134592138	756.594970703125
3764.93318925476	756.005004882813
3766.77452693199	755.974975585938
3768.61535914325	756.094970703125
3770.45568607861	755.780029296875
3772.29550792807	755.804992675781
3774.1348248815	755.10498046875
3775.9736371287	755.539978027344
3777.81194485938	754.835021972656
