32.6816976106991	715.190002441406
35.6535599501435	715.210021972656
38.6244374909659	715.099975585938
41.5943306947054	715.075012207031
44.5632400226282	715.059997558594
47.5311659356917	715.070007324219
50.4981088945929	714.890014648438
53.4640693597127	715.080017089844
56.4290477911676	715.099975585938
59.3930446487746	715.005004882813
62.356060392067	715.090026855469
65.3180954802906	714.919982910156
68.2791503724084	714.994995117188
71.2392255270922	715.184997558594
74.1983214027271	715.059997558594
77.1564384574159	715.159973144531
80.113577148983	714.994995117188
83.0697379349549	714.950012207031
86.0249212725722	715.315002441406
88.9791276188058	714.950012207031
91.9323574303255	714.914978027344
94.8846111635238	715.059997558594
97.8358892745121	715.244995117188
100.786192219114	715.080017089844
103.73552045287	715.205017089844
106.683874431037	715.244995117188
109.631254608583	715.434997558594
112.577661440203	715.380004882813
115.523095380307	715.510009765625
118.467556883015	715.650024414063
121.411046402175	716.489990234375
124.353564391344	717.820007324219
127.295111303796	719.859985351563
130.235687592532	723.755004882813
133.175293710265	729.174987792969
136.113930109434	737.77001953125
139.051597242185	749.630004882813
141.98829556039	763.445007324219
144.92402551564	780.460021972656
147.858787559244	795.885009765625
150.792582142239	808.494995117188
153.725409715372	818.159973144531
156.65727072911	823.539978027344
159.588165633643	829.22998046875
162.518094878884	831.565002441406
165.447058914469	833.594970703125
168.375058189747	834.809997558594
171.302093153792	833.409973144531
174.228164255401	831.130004882813
177.153271943091	832.72998046875
180.077416665101	832.244995117188
183.000598869394	833.320007324219
185.922819003656	833.52001953125
188.84407751529	834.950012207031
191.764374851424	837.940002441406
194.683711458919	841.265014648438
197.60208778434	844.929992675781
200.519504273992	851.844970703125
203.435961373894	857.940002441406
206.351459529801	863.484985351563
209.265999187174	870.239990234375
212.179580791207	877.554992675781
215.092204786825	884.054992675781
218.003871618673	890.114990234375
220.914581731116	896.150024414063
223.824335568247	902.585021972656
226.733133573893	907.809997558594
229.640976191593	912.710021972656
232.547863864614	911.89501953125
235.453797035961	913.215026855469
238.358776148354	912.614990234375
241.26280164424	911.10498046875
244.1658739658	910.234985351563
247.067993554929	909.575012207031
249.969160853266	909.179992675781
252.869376302162	909.409973144531
255.768640342707	908.289978027344
258.666953415705	907.515014648438
261.564315961705	907.659973144531
264.46072842097	907.859985351563
267.356191233499	907.804992675781
270.25070483901	905.515014648438
273.144269676967	901.929992675781
276.036886186551	899.619995117188
278.928554806671	900.419982910156
281.819275975966	900.734985351563
284.709050132812	900.234985351563
287.597877715306	899.590026855469
290.485759161281	898.864990234375
293.372694908298	899.044982910156
296.258685393644	900.155029296875
299.143731054352	898.77001953125
302.027832327156	897.255004882813
304.910989648557	897.679992675781
307.79320345476	899.359985351563
310.674474181717	900.724975585938
313.554802265101	901.039978027344
316.434188140326	899.125
319.312632242533	898.494995117188
322.190135006593	898.905029296875
325.066696867117	898.294982910156
327.942318258443	896.664978027344
330.816999614641	894.299987792969
333.690741369517	894.669982910156
336.56354395661	895.835021972656
339.435407809193	892.799987792969
342.306333360273	893.614990234375
345.176321042591	890.625
348.045371288612	890.885009765625
350.913484530551	891.905029296875
353.78066120035	892.669982910156
356.64690172969	890.974975585938
359.512206549972	890.919982910156
362.376576092357	891.914978027344
365.240010787716	890.10498046875
368.102511066677	890.244995117188
370.964077359587	890.940002441406
373.82471009654	891.969970703125
376.684409707364	890.364990234375
379.543176621612	891.059997558594
382.401011268595	889.409973144531
385.257914077343	892.869995117188
388.113885476627	894.265014648438
390.968925894961	894.844970703125
393.823035760591	896.140014648438
396.676215501503	898.869995117188
399.528465545415	901.599975585938
402.379786319791	903.739990234375
405.230178251834	905.799987792969
408.079641768472	905.905029296875
410.928177296387	909.364990234375
413.775785261992	911.090026855469
416.622466091445	911.549987792969
419.468220210631	910.434997558594
422.313048045182	910.474975585938
425.156950020479	911.099975585938
427.999926561623	910.549987792969
430.841978093471	908.655029296875
433.683105040613	906.429992675781
436.523307827384	905.164978027344
439.362586877851	907.210021972656
442.200942615829	905.344970703125
445.038375464876	905.60498046875
447.874885848283	906.380004882813
450.710474189089	905.434997558594
453.54514091007	902.789978027344
456.37888643375	901.309997558594
459.211711182386	900.205017089844
462.043615577986	897.775024414063
464.874600042297	897.950012207031
467.704664996804	895.335021972656
470.533810862741	895.065002441406
473.36203806108	895.715026855469
476.189347012547	899.130004882813
479.015738137594	901.304992675781
481.841211856432	900.299987792969
484.665768589008	900.880004882813
487.489408755009	902.289978027344
490.312132773878	904.585021972656
493.133941064796	903.544982910156
495.954834046683	900.969970703125
498.77481213821	898.994995117188
501.593875757797	898.075012207031
504.412025323601	896.47998046875
507.229261253524	892.919982910156
510.045583965226	889.195007324219
512.860993876093	885.794982910156
515.675491403271	884.494995117188
518.489076963649	881.950012207031
521.301750973863	880.85498046875
524.113513850293	879.289978027344
526.924366009065	875.809997558594
529.734307866052	873.469970703125
532.543339836881	872.719970703125
535.35146233692	870.289978027344
538.158675781281	868.614990234375
540.964980584833	867.344970703125
543.770377162182	865.820007324219
546.574865927692	864.025024414063
549.378447295465	862.174987792969
552.181121679365	861.844970703125
554.982889492993	860.809997558594
557.783751149701	858.909973144531
560.583707062591	857.955017089844
563.38275764452	858.640014648438
566.180903308083	858.715026855469
568.978144465633	858.804992675781
571.774481529266	856.609985351563
574.569914910839	854.710021972656
577.364445021949	854.445007324219
580.158072273946	853.159973144531
582.950797077926	852.39501953125
585.742619844752	853.515014648438
588.533540985018	851.75
591.323560909078	851.455017089844
594.112680027034	851.205017089844
596.90089874875	850.690002441406
599.688217483828	850.469970703125
602.474636641629	849.445007324219
605.260156631263	849.27001953125
608.044777861596	848.89501953125
610.828500741241	848.119995117188
613.611325678567	850.565002441406
616.393253081697	852.5
619.174283358506	853.400024414063
621.954416916616	852.135009765625
624.733654163414	850.674987792969
627.511995506029	849.679992675781
630.289441351351	846.955017089844
633.065992106022	845.77001953125
635.841648176434	846.434997558594
638.616409968744	848.945007324219
641.390277888847	851.14501953125
644.163252342408	851.974975585938
646.93533373484	852.60498046875
649.706522471307	852.440002441406
652.47681895674	851.375
655.246223595811	850.244995117188
658.014736792957	851.205017089844
660.782358952371	852.840026855469
663.549090477999	852.900024414063
666.314931773542	851.815002441406
669.079883242452	852.664978027344
671.843945287955	853.054992675781
674.607118313019	853.640014648438
677.369402720366	853.60498046875
680.130798912488	854.400024414063
682.891307291627	856.090026855469
685.650928259784	854.140014648438
688.409662218708	854.414978027344
691.167509569927	854.284973144531
693.924470714705	853.679992675781
696.680546054078	853.695007324219
699.435735988832	853.950012207031
702.190040919516	854.549987792969
704.943461246442	853.539978027344
707.695997369667	851.700012207031
710.447649689022	851.174987792969
713.198418604088	851.864990234375
715.948304514206	850.844970703125
718.697307818481	850.575012207031
721.445428915779	852.325012207031
724.192668204716	854.330017089844
726.93902608368	855.119995117188
729.684502950805	853.594970703125
732.429099204005	853.880004882813
735.172815240936	853.369995117188
737.915651459026	855.380004882813
740.657608255463	855.989990234375
743.398686027186	856.059997558594
746.13888517091	856.994995117188
748.878206083102	856.710021972656
751.616649159998	858.655029296875
754.354214797584	859.799987792969
757.09090339162	861.440002441406
759.826715337622	860.744995117188
762.561651030868	859.494995117188
765.295710866406	857.195007324219
768.028895239041	854.72998046875
770.761204543336	853.440002441406
773.492639173626	852.989990234375
776.223199524006	852.375
778.952885988334	853.200012207031
781.681698960235	853.210021972656
784.40963883309	852.825012207031
787.136706000052	852.034973144531
789.862900854037	852.905029296875
792.588223787721	852.614990234375
795.312675193549	852.780029296875
798.036255463728	854.47998046875
800.758964990228	856.205017089844
803.480804164792	856.809997558594
806.201773378919	858.359985351563
808.921873023884	859.25
811.641103490712	861.429992675781
814.359465170214	863.320007324219
817.076958452946	867.809997558594
819.793583729246	872.075012207031
822.509341389214	876.47998046875
825.224231822712	880.684997558594
827.938255419375	884.559997558594
830.651412568596	886.419982910156
833.363703659544	888.255004882813
836.075129081157	886.090026855469
838.785689222127	886.450012207031
841.495384470928	888.97998046875
844.204215215788	891.534973144531
846.912181844721	896.494995117188
849.619284745491	899.5
852.325524305638	901.47998046875
855.030900912475	900.760009765625
857.735414953079	898.705017089844
860.439066814289	894.739990234375
863.141856882725	892.375
865.843785544769	889.724975585938
868.544853186571	888.299987792969
871.245060194063	887.025024414063
873.944406952925	886.059997558594
876.642893848625	884.719970703125
879.340521266398	884.989990234375
882.037289591241	885.909973144531
884.733199207927	886.39501953125
887.428250501001	888.255004882813
890.122443854778	890.015014648438
892.815779653335	888.89501953125
895.508258280534	890.405029296875
898.199880119997	892.890014648438
900.890645555129	894.005004882813
903.580554969094	895.325012207031
906.269608744832	893.89501953125
908.957807265056	890.989990234375
911.645150912257	891.97998046875
914.331640068689	893.405029296875
917.017275116375	892.914978027344
919.702056437128	893.385009765625
922.385984412518	897.219970703125
925.069059423886	901.010009765625
927.751281852366	902.315002441406
930.432652078842	904.375
933.113170483983	905.289978027344
935.79283744823	907.080017089844
938.471653351806	909.184997558594
941.149618574686	909.835021972656
943.826733496641	909.674987792969
946.502998497206	915.070007324219
949.178413955689	909.950012207031
951.85298025118	909.77001953125
954.526697762544	909.299987792969
957.199566868403	909.315002441406
959.87158794718	909.419982910156
962.542761377054	907.484985351563
965.213087535987	905.775024414063
967.882566801719	904.955017089844
970.551199551761	901.359985351563
973.218986163399	901.034973144531
975.885927013698	900.690002441406
978.552022479501	901.075012207031
981.217272937423	902.799987792969
983.88167876386	906.794982910156
986.545240334978	910.469970703125
989.207958026729	913.359985351563
991.869832214835	920.219970703125
994.530863274798	930.710021972656
997.191051581895	948.494995117188
999.850397511185	968.784973144531
1002.50890143751	981.554992675781
1005.16656373546	988.090026855469
1007.82338477944	982.75
1010.47936494363	969.659973144531
1013.13450460195	954.289978027344
1015.78880412815	940.544982910156
1018.44226389572	935.590026855469
1021.09488427794	933.169982910156
1023.74666564789	934.005004882813
1026.3976083784	935.460021972656
1029.04771284208	940.244995117188
1031.69697941135	944.924987792969
1034.34540845838	946.640014648438
1036.99300035512	943.890014648438
1039.63975547333	943.929992675781
1042.28567418452	942.700012207031
1044.93075685998	941.455017089844
1047.57500387081	944.059997558594
1050.21841558786	945.335021972656
1052.86099238177	949.945007324219
1055.50273462297	954.77001953125
1058.14364268167	960.044982910156
1060.78371692784	968.445007324219
1063.42295773126	971.224975585938
1066.06136546148	972.85498046875
1068.69894048781	968.744995117188
1071.33568317939	960.710021972656
1073.9715939051	953.505004882813
1076.60667303362	948.164978027344
1079.24092093341	942.955017089844
1081.87433797271	940.664978027344
1084.50692451954	936.244995117188
1087.13868094172	935.034973144531
1089.76960760684	930.445007324219
1092.39970488226	925.340026855469
1095.02897313516	919.510009765625
1097.65741273246	917.72998046875
1100.28502404089	918.599975585938
1102.91180742697	918.989990234375
1105.53776325698	917.510009765625
1108.16289189701	916.929992675781
1110.78719371291	915.054992675781
1113.41066907033	915.190002441406
1116.0333183347	913.940002441406
1118.65514187124	916.885009765625
1121.27614004495	918.625
1123.89631322061	916.835021972656
1126.51566176279	916.655029296875
1129.13418603585	915.965026855469
1131.75188640394	909.969970703125
1134.36876323098	901.695007324219
1136.98481688069	894.575012207031
1139.60004771655	887.72998046875
1142.21445610187	883.900024414063
1144.82804239972	883.159973144531
1147.44080697295	882.835021972656
1150.05275018421	886.39501953125
1152.66387239593	888.760009765625
1155.27417397034	889.75
1157.88365526943	890.044982910156
1160.49231665502	888.809997558594
1163.10015848867	888.875
1165.70718113176	888.594970703125
1168.31338494544	890.065002441406
1170.91877029067	889.385009765625
1173.52333752817	888.989990234375
1176.12708701847	888.539978027344
1178.73001912187	890.030029296875
1181.33213419848	889.590026855469
1183.93343260819	888.125
1186.53391471068	886.284973144531
1189.13358086539	885.739990234375
1191.73243143161	884.219970703125
1194.33046676836	888.080017089844
1196.92768723449	890.440002441406
1199.52409318861	894.559997558594
1202.11968498915	899.565002441406
1204.7144629943	904.080017089844
1207.30842756206	905.919982910156
1209.90157905021	909.619995117188
1212.49391781634	909.594970703125
1215.08544421779	906.934997558594
1217.67615861174	904.739990234375
1220.26606135512	902.330017089844
1222.85515280468	903.655029296875
1225.44343331694	907.385009765625
1228.03090324823	913.109985351563
1230.61756295466	920.744995117188
1233.20341279213	923.390014648438
1235.78845311634	926.984985351563
1238.37268428278	928.760009765625
1240.95610664673	931.544982910156
1243.53872056325	934.544982910156
1246.12052638722	935.119995117188
1248.70152447329	933.969970703125
1251.28171517591	931.909973144531
1253.86109884934	933.049987792969
1256.43967584759	934.780029296875
1259.0174465245	937.775024414063
1261.5944112337	940.400024414063
1264.1705703286	940.284973144531
1266.74592416241	939.724975585938
1269.32047308814	938.815002441406
1271.89421745858	938.664978027344
1274.46715762633	937.034973144531
1277.03929394377	940.484985351563
1279.61062676308	942.190002441406
1282.18115643624	938.869995117188
1284.75088331502	938.885009765625
1287.31980775098	938.530029296875
1289.88793009548	937.450012207031
1292.45525069969	935.830017089844
1295.02176991454	934.849975585938
1297.58748809078	937.5
1300.15240557897	938.724975585938
1302.71652272942	943.049987792969
1305.27983989229	945.090026855469
1307.84235741749	946.890014648438
1310.40407565475	950.719970703125
1312.9649949536	952.359985351563
1315.52511566335	954.289978027344
1318.08443813311	955.590026855469
1320.64296271181	955.489990234375
1323.20068974815	955.570007324219
1325.75761959063	954.784973144531
1328.31375258756	953.984985351563
1330.86908908704	954.244995117188
1333.42362943696	952.984985351563
1335.97737398503	955.664978027344
1338.53032307874	958.715026855469
1341.08247706537	961.625
1343.63383629202	958.974975585938
1346.18440110558	951.969970703125
1348.73417185274	944.679992675781
1351.28314887997	937.594970703125
1353.83133253357	928.554992675781
1356.37872315961	925.200012207031
1358.92532110398	923.174987792969
1361.47112671237	919.559997558594
1364.01614033024	914.919982910156
1366.56036230288	910.580017089844
1369.10379297537	907.77001953125
1371.64643269258	903.030029296875
1374.18828179921	901.565002441406
1376.72934063972	900.440002441406
1379.2696095584	900.304992675781
1381.80908889932	899.755004882813
1384.34777900637	896.77001953125
1386.88568022323	897.630004882813
1389.42279289337	898.719970703125
1391.95911736009	901.405029296875
1394.49465396645	904.590026855469
1397.02940305537	905.835021972656
1399.5633649695	904.989990234375
1402.09654005135	903.945007324219
1404.6289286432	906.60498046875
1407.16053108714	910.335021972656
1409.69134772507	912.77001953125
1412.22137889868	910.494995117188
1414.75062494947	908.755004882813
1417.27908621874	910.969970703125
1419.80676304759	911.52001953125
1422.33365577692	913.044982910156
1424.85976474744	916.965026855469
1427.38509029967	917.390014648438
1429.90963277392	922.35498046875
1432.4333925103	926.97998046875
1434.95636984873	935.125
1437.47856512894	944.804992675781
1439.99997869045	956.224975585938
1442.5206108726	969.919982910156
1445.04046201452	979.804992675781
1447.55953245515	982.590026855469
1450.07782253323	981.929992675781
1452.59533258731	981.489990234375
1455.11206295574	980.294982910156
1457.62801397668	975.534973144531
1460.14318598809	967.849975585938
1462.65757932774	955.994995117188
1465.1711943332	948.719970703125
1467.68403134184	938.684997558594
1470.19609069085	926.539978027344
1472.70737271721	913.005004882813
1475.21787775772	899.890014648438
1477.72760614897	887.179992675781
1480.23655822738	877.590026855469
1482.74473432914	869.794982910156
1485.25213479029	862.859985351563
1487.75875994664	857.510009765625
1490.26461013382	853.799987792969
1492.76968568726	850.190002441406
1495.27398694222	847.465026855469
1497.77751423374	846.070007324219
1500.28026789667	845.414978027344
1502.78224826569	845.094970703125
1505.28345567526	843.385009765625
1507.78389045967	842.164978027344
1510.28355295299	841.304992675781
1512.78244348913	841.414978027344
1515.28056240178	841.960021972656
1517.77791002445	842.015014648438
1520.27448669047	842.065002441406
1522.77029273296	841.52001953125
1525.26532848486	840.929992675781
1527.75959427889	842.315002441406
1530.25309044764	841.294982910156
1532.74581732344	843.075012207031
1535.23777523847	842.984985351563
1537.72896452471	845.414978027344
1540.21938551394	846.280029296875
1542.70903853778	847.734985351563
1545.19792392761	851.549987792969
1547.68604201466	853.275024414063
1550.17339312997	856.619995117188
1552.65997760434	858.219970703125
1555.14579576845	858.75
1557.63084795275	858.539978027344
1560.11513448749	857.364990234375
1562.59865570276	855.669982910156
1565.08141192845	854.625
1567.56340349426	854.119995117188
1570.04463072969	855.52001953125
1572.52509396406	855.164978027344
1575.00479352652	856.929992675781
1577.48372974599	859.10498046875
1579.96190295124	862.125
1582.43931347083	863.25
1584.91596163314	864.164978027344
1587.39184776636	864.539978027344
1589.86697219849	866.094970703125
1592.34133525734	866.890014648438
1594.81493727054	869.674987792969
1597.28777856553	874.515014648438
1599.75985946955	879.799987792969
1602.23118030968	884.114990234375
1604.70174141278	888.650024414063
1607.17154310555	891.489990234375
1609.64058571449	893.450012207031
1612.10886956591	893.655029296875
1614.57639498595	889.455017089844
1617.04316230054	888.659973144531
1619.50917183543	888.219970703125
1621.97442391621	887.684997558594
1624.43891886825	885.599975585938
1626.90265701674	883.054992675781
1629.36563868671	883.539978027344
1631.82786420296	886.934997558594
1634.28933389016	890.005004882813
1636.75004807274	893.35498046875
1639.21000707498	899.655029296875
1641.66921122097	906.89501953125
1644.12766083459	915.690002441406
1646.58535623956	924.099975585938
1649.04229775941	932.405029296875
1651.4984857175	939.590026855469
1653.95392043697	944.054992675781
1656.40860224079	945.955017089844
1658.86253145177	948.684997558594
1661.3157083925	946.325012207031
1663.76813338542	944.10498046875
1666.21980675275	941.10498046875
1668.67072881656	938.650024414063
1671.1208998987	935.309997558594
1673.57032032089	931.044982910156
1676.0189904046	924.099975585938
1678.46691047118	914.799987792969
1680.91408084174	904.510009765625
1683.36050183726	894.765014648438
1685.8061737785	887.330017089844
1688.25109698605	877.5
1690.69527178032	870.010009765625
1693.13869848153	863.085021972656
1695.58137740972	858.359985351563
1698.02330888476	852.525024414063
1700.46449322631	845.650024414063
1702.90493075388	839.02001953125
1705.34462178678	835.005004882813
1707.78356664414	832.554992675781
1710.22176564492	829.35498046875
1712.65921910787	826.905029296875
1715.0959273516	824.275024414063
1717.53189069449	822.945007324219
1719.9671094548	822.580017089844
1722.40158395054	820.390014648438
1724.8353144996	820.940002441406
1727.26830141965	820.760009765625
1729.70054502819	820.559997558594
1732.13204564255	820.109985351563
1734.56280357987	819.815002441406
1736.99281915711	819.460021972656
1739.42209269106	818.054992675781
1741.85062449831	817.664978027344
1744.27841489529	817.609985351563
1746.70546419823	817.385009765625
1749.13177272321	817.450012207031
1751.5573407861	815.965026855469
1753.98216870262	816.239990234375
1756.40625678828	816.340026855469
1758.82960535844	815.640014648438
1761.25221472825	815.349975585938
1763.67408521271	815.35498046875
1766.09521712663	816.659973144531
1768.51561078464	815.390014648438
1770.93526650119	813.585021972656
1773.35418459056	814.205017089844
1775.77236536684	815.405029296875
1778.18980914396	815.929992675781
1780.60651623565	816.244995117188
1783.02248695548	814.400024414063
1785.43772161684	813.655029296875
1787.85222053292	814.650024414063
1790.26598401677	815.070007324219
1792.67901238123	815.164978027344
1795.09130593899	814.919982910156
1797.50286500254	814.784973144531
1799.9136898842	812.844970703125
1802.32378089613	812.169982910156
1804.73313835028	813.150024414063
1807.14176255846	813.815002441406
1809.54965383228	813.195007324219
1811.95681248317	812.219970703125
1814.36323882242	811.489990234375
1816.76893316109	812.335021972656
1819.17389581011	812.5
1821.57812708021	812.135009765625
1823.98162728196	812.219970703125
1826.38439672573	813.239990234375
1828.78643572174	813.27001953125
1831.18774458003	812.945007324219
1833.58832361045	813.265014648438
1835.98817312269	812.965026855469
1838.38729342625	811.744995117188
1840.78568483048	810.335021972656
1843.18334764454	810.140014648438
1845.58028217741	809.909973144531
1847.9764887379	809.909973144531
1850.37196763465	810.695007324219
1852.76671917613	811.044982910156
1855.16074367062	811.809997558594
1857.55404142624	811.794982910156
1859.94661275094	812.085021972656
1862.33845795247	811.465026855469
1864.72957733844	811.640014648438
1867.11997121627	811.780029296875
1869.5096398932	811.515014648438
1871.89858367631	811.489990234375
1874.28680287251	810.080017089844
1876.67429778851	810.760009765625
1879.06106873089	810.159973144531
1881.44711600601	810.809997558594
1883.8324399201	810.125
1886.21704077919	811.325012207031
1888.60091888915	810.150024414063
1890.98407455567	810.315002441406
1893.36650808428	810.684997558594
1895.74821978033	811.809997558594
1898.12920994899	810.984985351563
1900.50947889527	811.070007324219
1902.88902692401	810.52001953125
1905.26785433986	810.804992675781
1907.64596144734	811.409973144531
1910.02334855075	810.875
1912.40001595424	811.015014648438
1914.7759639618	811.380004882813
1917.15119287724	811.590026855469
1919.52570300419	812.515014648438
1921.89949464611	812.599975585938
1924.27256810632	812.130004882813
1926.64492368793	811.914978027344
1929.0165616939	811.150024414063
1931.38748242701	810.614990234375
1933.75768618989	810.484985351563
1936.12717328497	810.169982910156
1938.49594401455	810.869995117188
1940.86399868071	811.094970703125
1943.23133758541	810.679992675781
1945.5979610304	811.715026855469
1947.96386931729	811.820007324219
1950.32906274751	812.109985351563
1952.69354162232	812.440002441406
1955.0573062428	811.655029296875
1957.42035690989	811.640014648438
1959.78269392434	811.275024414063
1962.14431758673	811.419982910156
1964.50522819748	810.960021972656
1966.86542605684	811.140014648438
1969.22491146488	811.950012207031
1971.58368472153	811.659973144531
1973.94174612654	811.739990234375
1976.29909597945	812.094970703125
1978.65573457971	812.215026855469
1981.01166222654	810.659973144531
1983.36687921902	810.534973144531
1985.72138585606	810.10498046875
1988.07518243639	810.875
1990.42826925859	810.190002441406
1992.78064662106	811.135009765625
1995.13231482205	810.664978027344
1997.48327415961	811.554992675781
1999.83352493167	810.575012207031
2002.18306743594	810.440002441406
2004.53190197002	810.684997558594
2006.8800288313	810.619995117188
2009.22744831703	811.344970703125
2011.57416072427	810.02001953125
2013.92016634993	809.825012207031
2016.26546549076	809.510009765625
2018.61005844332	810.090026855469
2020.95394550404	809.760009765625
2023.29712696915	809.505004882813
2025.63960313474	809.585021972656
2027.98137429672	809.440002441406
2030.32244075083	809.780029296875
2032.66280279266	809.914978027344
2035.00246071763	810.549987792969
2037.34141482099	810.619995117188
2039.67966539784	809.780029296875
2042.01721274309	809.400024414063
2044.35405715151	811.400024414063
2046.69019891769	811.164978027344
2049.02563833606	810.409973144531
2051.3603757009	811.739990234375
2053.6944113063	811.39501953125
2056.0277454462	811.169982910156
2058.36037841439	809.450012207031
2060.69231050446	810.159973144531
2063.02354200988	810.155029296875
2065.35407322392	810.02001953125
2067.68390443971	811.39501953125
2070.01303595021	810.830017089844
2072.3414680482	811.179992675781
2074.66920102633	810.065002441406
2076.99623517706	810.405029296875
2079.32257079271	810.505004882813
2081.6482081654	810.450012207031
2083.97314758713	811.109985351563
2086.29738934971	811.304992675781
2088.62093374481	811.445007324219
2090.94378106391	812.10498046875
2093.26593159835	811.859985351563
2095.5873856393	811.234985351563
2097.90814347777	811.89501953125
2100.2282054046	811.52001953125
2102.54757171048	811.799987792969
2104.86624268594	812.534973144531
2107.18421862133	811.984985351563
2109.50149980686	811.094970703125
2111.81808653257	811.815002441406
2114.13397908834	811.844970703125
2116.44917776388	811.585021972656
2118.76368284875	812.27001953125
2121.07749463235	812.580017089844
2123.39061340391	812.75
2125.70303945252	814.14501953125
2128.01477306707	813.205017089844
2130.32581453634	812.684997558594
2132.63616414891	812.22998046875
2134.94582219322	812.405029296875
2137.25478895754	812.284973144531
2139.56306472999	812.27001953125
2141.87064979851	812.815002441406
2144.17754445092	813.715026855469
2146.48374897484	813.289978027344
2148.78926365774	813.030029296875
2151.09408878695	812.405029296875
2153.39822464963	813.125
2155.70167153277	813.059997558594
2158.00442972321	812.909973144531
2160.30649950763	813.10498046875
2162.60788117256	812.859985351563
2164.90857500436	812.469970703125
2167.20858128923	812.844970703125
2169.50790031323	812.294982910156
2171.80653236223	811.929992675781
2174.10447772198	812.695007324219
2176.40173667804	812.775024414063
2178.69830951582	812.934997558594
2180.99419652058	813.090026855469
2183.28939797743	813.210021972656
2185.5839141713	812.994995117188
2187.87774538698	812.869995117188
2190.17089190908	813.434997558594
2192.46335402209	813.590026855469
2194.75513201032	812.284973144531
2197.04622615791	812.445007324219
2199.33663674886	812.890014648438
2201.62636406702	812.559997558594
2203.91540839606	812.284973144531
2206.20377001952	812.294982910156
2208.49144922077	811.914978027344
2210.77844628302	811.205017089844
2213.06476148933	812.025024414063
2215.3503951226	811.320007324219
2217.63534746557	811.224975585938
2219.91961880085	811.864990234375
2222.20320941085	812.320007324219
2224.48611957785	813.820007324219
2226.76834958399	812.005004882813
2229.04989971122	811.380004882813
2231.33077024136	811.184997558594
2233.61096145607	811.075012207031
2235.89047363683	811.820007324219
2238.169307065	812.955017089844
2240.44746202178	812.989990234375
2242.72493878819	813.330017089844
2245.00173764511	812.25
2247.27785887327	813.284973144531
2249.55330275324	811.890014648438
2251.82806956545	812.299987792969
2254.10215959014	812.390014648438
2256.37557310744	812.494995117188
2258.64831039729	812.119995117188
2260.92037173949	811.880004882813
2263.19175741368	811.744995117188
2265.46246769938	812.224975585938
2267.7325028759	812.405029296875
2270.00186322243	813.255004882813
2272.270549018	812.434997558594
2274.5385605415	813.440002441406
2276.80589807165	812.914978027344
2279.07256188702	814.049987792969
2281.33855226601	813.609985351563
2283.60386948691	813.450012207031
2285.86851382782	814.244995117188
2288.1324855667	814.409973144531
2290.39578498136	813.080017089844
2292.65841234945	812.794982910156
2294.92036794847	812.284973144531
2297.18165205578	811.510009765625
2299.44226494856	811.534973144531
2301.70220690387	812.590026855469
2303.96147819859	814.200012207031
2306.22007910947	813.690002441406
2308.47800991309	814.184997558594
2310.73527088589	813.655029296875
2312.99186230416	814.359985351563
2315.24778444403	814.744995117188
2317.50303758149	814.554992675781
2319.75762199235	815.174987792969
2322.01153795231	815.474975585938
2324.26478573689	815.005004882813
2326.51736562147	815.200012207031
2328.76927788127	815.544982910156
2331.02052279137	814.619995117188
2333.2711006267	815.244995117188
2335.52101166203	814.465026855469
2337.77025617198	813.164978027344
2340.01883443103	813.219970703125
2342.2667467135	814.164978027344
2344.51399329356	813.794982910156
2346.76057444525	814.390014648438
2349.00649044241	814.005004882813
2351.2517415588	814.054992675781
2353.49632806796	815.030029296875
2355.74025024334	814.755004882813
2357.98350835819	813.875
2360.22610268566	813.674987792969
2362.4680334987	812.049987792969
2364.70930107016	812.090026855469
2366.94990567269	811.919982910156
2369.18984757884	813.320007324219
2371.42912706098	813.594970703125
2373.66774439134	812.825012207031
2375.90569984199	813.35498046875
2378.14299368488	813.844970703125
2380.37962619179	814.335021972656
2382.61559763435	813.085021972656
2384.85090828405	813.179992675781
2387.08555841222	814.119995117188
2389.31954829006	814.039978027344
2391.55287818861	814.440002441406
2393.78554837877	814.60498046875
2396.01755913128	815.034973144531
2398.24891071673	815.109985351563
2400.47960340558	814.455017089844
2402.70963746814	814.900024414063
2404.93901317456	815.150024414063
2407.16773079485	815.715026855469
2409.39579059887	815.544982910156
2411.62319285633	814.900024414063
2413.84993783681	813.695007324219
2416.07602580971	813.715026855469
2418.30145704432	814.945007324219
2420.52623180977	815.070007324219
2422.75035037503	815.135009765625
2424.97381300893	815.950012207031
2427.19661998017	815.640014648438
2429.41877155729	816.090026855469
2431.64026800867	816.965026855469
2433.86110960257	817.005004882813
2436.08129660709	816.179992675781
2438.30082929019	816.049987792969
2440.51970791967	815.494995117188
2442.73793276321	815.974975585938
2444.95550408832	816.330017089844
2447.17242216237	815.719970703125
2449.38868725259	815.719970703125
2451.60429962607	815.614990234375
2453.81925954975	816.135009765625
2456.03356729041	815.015014648438
2458.2472231147	813.905029296875
2460.46022728913	814.755004882813
2462.67258008005	816.440002441406
2464.88428175368	816.599975585938
2467.09533257608	816.275024414063
2469.30573281318	815.554992675781
2471.51548273076	815.284973144531
2473.72458259445	815.799987792969
2475.93303266974	817.325012207031
2478.14083322198	816.960021972656
2480.34798451637	817.424987792969
2482.55448681797	816.14501953125
2484.76034039169	815.130004882813
2486.96554550231	814.934997558594
2489.17010241445	815.755004882813
2491.37401139259	817.255004882813
2493.57727270109	817.119995117188
2495.77988660412	817.164978027344
2497.98185336574	817.02001953125
2500.18317324987	816.179992675781
2502.38384652028	816.594970703125
2504.58387344058	817.390014648438
2506.78325427425	817.710021972656
2508.98198928465	818.044982910156
2511.18007873495	818.664978027344
2513.37752288821	817.315002441406
2515.57432200735	817.929992675781
2517.77047635514	818.099975585938
2519.96598619419	816.429992675781
2522.16085178699	817.650024414063
2524.35507339589	819.239990234375
2526.54865128308	818.515014648438
2528.74158571062	818.409973144531
2530.93387694042	818.635009765625
2533.12552523427	817.385009765625
2535.31653085379	818.224975585938
2537.50689406046	818.239990234375
2539.69661511566	818.784973144531
2541.88569428057	818.945007324219
2544.07413181627	818.280029296875
2546.26192798368	818.900024414063
2548.44908304359	818.070007324219
2550.63559725664	818.205017089844
2552.82147088333	819.294982910156
2555.00670418402	819.875
2557.19129741894	820.650024414063
2559.37525084817	819.049987792969
2561.55856473164	819.075012207031
2563.74123932917	818.380004882813
2565.92327490039	819.140014648438
2568.10467170484	818.984985351563
2570.28543000189	819.885009765625
2572.46555005079	819.505004882813
2574.64503211063	820.219970703125
2576.82387644036	820.299987792969
2579.00208329882	821.619995117188
2581.17965294468	820.955017089844
2583.35658563648	819.609985351563
2585.53288163263	819.594970703125
2587.70854119137	819.169982910156
2589.88356457084	820.309997558594
2592.05795202902	820.224975585938
2594.23170382376	820.580017089844
2596.40482021275	821.280029296875
2598.57730145356	820.984985351563
2600.74914780363	820.330017089844
2602.92035952023	820.919982910156
2605.09093686053	820.97998046875
2607.26088008153	823.215026855469
2609.4301894401	823.385009765625
2611.59886519299	823.590026855469
2613.76690759678	823.869995117188
2615.93431690793	822.294982910156
2618.10109338277	823.515014648438
2620.26723727748	823.369995117188
2622.4327488481	823.984985351563
2624.59762835054	823.39501953125
2626.76187604057	823.575012207031
2628.92549217382	824.679992675781
2631.08847700579	824.614990234375
2633.25083079182	825.744995117188
2635.41255378715	825.989990234375
2637.57364624684	825.570007324219
2639.73410842586	824.659973144531
2641.893940579	825.034973144531
2644.05314296094	825.065002441406
2646.21171582621	825.934997558594
2648.36965942921	826.929992675781
2650.5269740242	828.114990234375
2652.6836598653	828.445007324219
2654.83971720651	827.965026855469
2656.99514630167	826.554992675781
2659.1499474045	827.049987792969
2661.30412076857	828.044982910156
2663.45766664734	829.47998046875
2665.61058529411	828.945007324219
2667.76287696204	829.885009765625
2669.91454190418	829.515014648438
2672.06558037342	829.755004882813
2674.21599262253	830.135009765625
2676.36577890413	829.864990234375
2678.51493947072	829.284973144531
2680.66347457466	828.364990234375
2682.81138446816	829.715026855469
2684.95866940332	831.14501953125
2687.10532963209	832.234985351563
2689.25136540628	831.875
2691.39677697757	832.525024414063
2693.54156459752	831.630004882813
2695.68572851753	831.190002441406
2697.82926898888	832.284973144531
2699.97218626272	835.125
2702.11448059006	835.35498046875
2704.25615222175	836.900024414063
2706.39720140856	837.340026855469
2708.53762840109	837.905029296875
2710.67743344979	837.690002441406
2712.81661680503	838.739990234375
2714.95517871698	840.909973144531
2717.09311943574	843.325012207031
2719.23043921123	845.969970703125
2721.36713829325	846.664978027344
2723.50321693148	846.664978027344
2725.63867537545	847.159973144531
2727.77351387456	848.114990234375
2729.90773267809	849.625
2732.04133203516	851.304992675781
2734.17431219478	849.989990234375
2736.30667340581	848.599975585938
2738.438415917	847.719970703125
2740.56953997695	847.22998046875
2742.70004583414	845.234985351563
2744.82993373688	845.344970703125
2746.9592039334	843.984985351563
2749.08785667177	842.989990234375
2751.21589219993	842.234985351563
2753.34331076568	842.210021972656
2755.4701126167	842.169982910156
2757.59629800054	842.950012207031
2759.7218671646	843.184997558594
2761.84682035617	842.445007324219
2763.9711578224	843.335021972656
2766.0948798103	842.934997558594
2768.21798656676	843.875
2770.34047833852	842.820007324219
2772.46235537222	842.364990234375
2774.58361791434	842.5
2776.70426621124	840.945007324219
2778.82430050915	840.125
2780.94372105416	838.364990234375
2783.06252809224	838.340026855469
2785.18072186922	838.890014648438
2787.29830263081	839.784973144531
2789.41527062257	840.169982910156
2791.53162608996	839.664978027344
2793.64736927828	839.799987792969
2795.76250043271	839.044982910156
2797.8770197983	839.034973144531
2799.99092761997	841.799987792969
2802.10422414252	843.070007324219
2804.21690961059	844.179992675781
2806.32898426873	845.590026855469
2808.44044836132	848.010009765625
2810.55130213264	849.969970703125
2812.66154582682	850.320007324219
2814.77117968788	852.864990234375
2816.8802039597	854.085021972656
2818.98861888601	855.510009765625
2821.09642471046	860.515014648438
2823.20362167653	862.794982910156
2825.31021002756	866.609985351563
2827.41619000682	871.280029296875
2829.52156185738	874.585021972656
2831.62632582224	879.815002441406
2833.73048214422	884.385009765625
2835.83403106606	888.849975585938
2837.93697283033	895.025024414063
2840.03930767951	904.580017089844
2842.1410358559	915.265014648438
2844.24215760173	927.784973144531
2846.34267315905	938.890014648438
2848.44258276982	955.155029296875
2850.54188667585	972.510009765625
2852.64058511883	991.195007324219
2854.73867834032	1008.27001953125
2856.83616658175	1024.30505371094
2858.93305008443	1042.00500488281
2861.02932908952	1063.47998046875
2863.12500383809	1086.51501464844
2865.22007457104	1112.73498535156
2867.31454152918	1142.92004394531
2869.40840495316	1161.38500976563
2871.50166508353	1182.30004882813
2873.59432216069	1199.36499023438
2875.68637642493	1216.36499023438
2877.77782811641	1228.03002929688
2879.86867747515	1230.8349609375
2881.95892474105	1229.81005859375
2884.0485701539	1234.5849609375
2886.13761395333	1237.34997558594
2888.22605637886	1243.18005371094
2890.3138976699	1248.3349609375
2892.40113806571	1252.81494140625
2894.48777780544	1268.21496582031
2896.57381712808	1285.53002929688
2898.65925627254	1293.32495117188
2900.74409547758	1299.61499023438
2902.82833498183	1316.30505371094
2904.9119750238	1332.56005859375
2906.99501584188	1356.66003417969
2909.07745767432	1381.84997558594
2911.15930075925	1406.78503417969
2913.24054533469	1431.2900390625
2915.3211916385	1443.64501953125
2917.40123990846	1467.71496582031
2919.48069038217	1498.19995117188
2921.55954329716	1518.9599609375
2923.63779889079	1527.51000976563
2925.71545740033	1537.46496582031
2927.79251906289	1550.43505859375
2929.86898411548	1569.36999511719
2931.94485279498	1578.79504394531
2934.02012533815	1569.61499023438
2936.0948019816	1567.98498535156
2938.16888296184	1557.125
2940.24236851525	1530.7900390625
2942.31525887809	1507.46997070313
2944.38755428648	1490.25
2946.45925497643	1473.16003417969
2948.53036118382	1438.4150390625
2950.6008731444	1403.16003417969
2952.67079109381	1381.27001953125
2954.74011526755	1353.73999023438
2956.80884590101	1330.2099609375
2958.87698322944	1325.00500488281
2960.94452748799	1319.08996582031
2963.01147891167	1301.13000488281
2965.07783773535	1288.8349609375
2967.14360419382	1269.86999511719
2969.2087785217	1254.19494628906
2971.27336095352	1243.63000488281
2973.33735172366	1237.02001953125
2975.40075106641	1221.27001953125
2977.46355921591	1203.95495605469
2979.52577640618	1184.6650390625
2981.58740287112	1163.89001464844
2983.64843884452	1150.20495605469
2985.70888456003	1140.92004394531
2987.76874025117	1129.08996582031
2989.82800615137	1111.21997070313
2991.88668249391	1095.61499023438
2993.94476951194	1072.00500488281
2996.00226743852	1047.08996582031
2998.05917650657	1029.51000976563
3000.11549694887	1015.65002441406
3002.17122899812	1001.09002685547
3004.22637288685	989.210021972656
3006.2809288475	978.224975585938
3008.33489711238	965.059997558594
3010.38827791368	955.840026855469
3012.44107148345	944.674987792969
3014.49327805366	934.515014648438
3016.5448978561	927.844970703125
3018.59593112249	923.224975585938
3020.64637808441	917.210021972656
3022.6962389733	910.445007324219
3024.74551402051	906.905029296875
3026.79420345725	902.765014648438
3028.84230751461	902.669982910156
3030.88982642357	902.275024414063
3032.93676041497	902.690002441406
3034.98310971955	903.780029296875
3037.02887456791	906.594970703125
3039.07405519054	910.60498046875
3041.11865181781	912.75
3043.16266467996	913.304992675781
3045.20609400713	915.210021972656
3047.24894002932	916.640014648438
3049.2912029764	921.429992675781
3051.33288307815	927.630004882813
3053.37398056421	931.940002441406
3055.41449566411	937.679992675781
3057.45442860725	943.265014648438
3059.49377962291	945.119995117188
3061.53254894026	946.484985351563
3063.57073678834	948.35498046875
3065.60834339607	945.640014648438
3067.64536899227	939.015014648438
3069.68181380561	933.52001953125
3071.71767806467	925.570007324219
3073.75296199788	916.864990234375
3075.78766583357	908.619995117188
3077.82178979997	900.049987792969
3079.85533412513	892.625
3081.88829903705	887.184997558594
3083.92068476356	884.830017089844
3085.95249153241	881.405029296875
3087.98371957119	877.655029296875
3090.01436910741	872.585021972656
3092.04444036844	869.580017089844
3094.07393358152	868.169982910156
3096.10284897381	868.700012207031
3098.13118677232	868.340026855469
3100.15894720395	867.260009765625
3102.18613049548	866.465026855469
3104.21273687357	866.315002441406
3106.23876656477	865.275024414063
3108.2642197955	864.734985351563
3110.28909679208	865.135009765625
3112.31339778069	864.640014648438
3114.33712298741	864.010009765625
3116.36027263819	865.695007324219
3118.38284695887	867.22998046875
3120.40484617516	869.325012207031
3122.42627051268	868.765014648438
3124.4471201969	868.594970703125
3126.46739545319	869.205017089844
3128.4870965068	868.849975585938
3130.50622358287	869.445007324219
3132.5247769064	869.390014648438
3134.54275670229	869.859985351563
3136.56016319534	869.094970703125
3138.57699661019	868.414978027344
3140.59325717139	868.929992675781
3142.60894510338	871.434997558594
3144.62406063047	871.655029296875
3146.63860397686	872.090026855469
3148.65257536662	871.47998046875
3150.66597502371	872.275024414063
3152.67880317199	871.515014648438
3154.69106003518	870.715026855469
3156.70274583691	872.674987792969
3158.71386080065	874.905029296875
3160.72440514981	876.890014648438
3162.73437910763	878.494995117188
3164.74378289728	877.940002441406
3166.75261674179	879.599975585938
3168.76088086407	879.919982910156
3170.76857548692	880.710021972656
3172.77570083303	880.859985351563
3174.78225712498	882.390014648438
3176.78824458521	884.409973144531
3178.79366343607	885.655029296875
3180.79851389977	887.780029296875
3182.80279619844	887.5
3184.80651055405	886.559997558594
3186.80965718849	887.35498046875
3188.81223632353	888.710021972656
3190.81424818081	889.419982910156
3192.81569298186	891.424987792969
3194.8165709481	895.880004882813
3196.81688230084	897.349975585938
3198.81662726126	897.530029296875
3200.81580605044	900.844970703125
3202.81441888933	898.974975585938
3204.81246599879	898.739990234375
3206.80994759954	903.335021972656
3208.80686391219	908.125
3210.80321515726	908.820007324219
3212.79900155512	907.219970703125
3214.79422332605	907.690002441406
3216.78888069021	908.705017089844
3218.78297386765	912.044982910156
3220.77650307828	913.174987792969
3222.76946854195	913.559997558594
3224.76187047834	914.684997558594
3226.75370910705	917.835021972656
3228.74498464755	919.080017089844
3230.73569731921	916.72998046875
3232.72584734127	915.919982910156
3234.71543493287	917.869995117188
3236.70446031304	920.075012207031
3238.69292370068	924.159973144531
3240.68082531459	925.184997558594
3242.66816537345	925.005004882813
3244.65494409583	927.325012207031
3246.6411617002	929.765014648438
3248.62681840488	931.739990234375
3250.61191442812	932.090026855469
3252.59644998804	934.309997558594
3254.58042530263	936.289978027344
3256.56384058979	939.080017089844
3258.54669606731	938.684997558594
3260.52899195285	938.265014648438
3262.51072846396	938.010009765625
3264.4919058181	941.025024414063
3266.47252423259	943.239990234375
3268.45258392464	946.044982910156
3270.43208511138	950.674987792969
3272.41102800978	955.234985351563
3274.38941283675	956.255004882813
3276.36723980904	958.315002441406
3278.34450914332	957.400024414063
3280.32122105613	959.599975585938
3282.29737576392	960.784973144531
3284.272973483	963.590026855469
3286.24801442958	968.14501953125
3288.22249881978	968.794982910156
3290.19642686957	966.934997558594
3292.16979879485	971.414978027344
3294.14261481136	973.164978027344
3296.11487513478	970.125
3298.08657998065	967.515014648438
3300.0577295644	967.820007324219
3302.02832410136	966.919982910156
3303.99836380673	966.635009765625
3305.96784889563	967.155029296875
3307.93677958303	965.684997558594
3309.90515608383	965.484985351563
3311.87297861278	963.159973144531
3313.84024738456	961.614990234375
3315.80696261371	962.390014648438
3317.77312451466	960.900024414063
3319.73873330175	957.830017089844
3321.70378918919	959.794982910156
3323.66829239109	959.239990234375
3325.63224312145	958.109985351563
3327.59564159416	952.684997558594
3329.55848802299	948.244995117188
3331.52078262162	949.070007324219
3333.4825256036	949.630004882813
3335.44371718237	948.815002441406
3337.40435757128	947.909973144531
3339.36444698356	948.609985351563
3341.32398563232	947.974975585938
3343.28297373058	946.5
3345.24141149124	945.234985351563
3347.19929912709	947.065002441406
3349.15663685081	949.599975585938
3351.11342487497	952.309997558594
3353.06966341204	951.119995117188
3355.02535267437	947.89501953125
3356.98049287421	945.575012207031
3358.9350842237	942.224975585938
3360.88912693486	942.75
3362.84262121962	944.434997558594
3364.79556728978	944.325012207031
3366.74796535705	942.429992675781
3368.69981563302	942.174987792969
3370.65111832917	941.390014648438
3372.60187365689	941.044982910156
3374.55208182744	940.75
3376.50174305198	938.065002441406
3378.45085754157	936.625
3380.39942550714	935.130004882813
3382.34744715954	933.375
3384.29492270949	934.034973144531
3386.24185236761	930.125
3388.18823634442	927.965026855469
3390.13407485031	927.614990234375
3392.07936809559	927.210021972656
3394.02411629045	929.325012207031
3395.96831964496	930.159973144531
3397.91197836911	930.200012207031
3399.85509267275	927.760009765625
3401.79766276564	923.549987792969
3403.73968885745	921.585021972656
3405.68117115771	923.969970703125
3407.62210987586	923.940002441406
3409.56250522123	922.859985351563
3411.50235740305	920.39501953125
3413.44166663043	916.960021972656
3415.38043311238	914.135009765625
3417.3186570578	915.054992675781
3419.2563386755	917.325012207031
3421.19347817415	918.64501953125
3423.13007576235	918.150024414063
3425.06613164857	917.775024414063
3427.00164604118	916.275024414063
3428.93661914844	916.260009765625
3430.87105117852	914.450012207031
3432.80494233945	910.924987792969
3434.73829283919	911.484985351563
3436.67110288558	914.075012207031
3438.60337268634	912.960021972656
3440.53510244911	909.974975585938
3442.4662923814	910.390014648438
3444.39694269064	906.914978027344
3446.32705358412	908.530029296875
3448.25662526905	907.27001953125
3450.18565795254	906.390014648438
3452.11415184156	906.710021972656
3454.04210714302	905.094970703125
3455.96952406369	903.010009765625
3457.89640281024	899.684997558594
3459.82274358924	899.075012207031
3461.74854660717	897.965026855469
3463.67381207038	896.450012207031
3465.59854018513	893.390014648438
3467.52273115756	892.64501953125
3469.44638519373	891.655029296875
3471.36950249956	889.510009765625
3473.29208328091	888.710021972656
3475.21412774349	888.705017089844
3477.13563609293	889.119995117188
3479.05660853476	887.049987792969
3480.97704527438	884.940002441406
3482.89694651712	882.080017089844
3484.81631246818	880.22998046875
3486.73514333266	880.210021972656
3488.65343931557	876.875
3490.57120062179	873.510009765625
3492.48842745612	872.695007324219
3494.40512002324	870.494995117188
3496.32127852773	869.114990234375
3498.23690317408	867.030029296875
3500.15199416666	866.299987792969
3502.06655170974	866.075012207031
3503.98057600749	865.614990234375
3505.89406726396	864.130004882813
3507.80702568312	862.815002441406
3509.71945146883	860.765014648438
3511.63134482483	859.695007324219
3513.54270595478	858.119995117188
3515.45353506222	856.60498046875
3517.3638323506	854.960021972656
3519.27359802324	853.054992675781
3521.1828322834	851.484985351563
3523.09153533419	847.659973144531
3524.99970737866	847.159973144531
3526.90734861972	846.284973144531
3528.81445926021	846.679992675781
3530.72103950283	845.934997558594
3532.62708955022	843.359985351563
3534.53260960488	840.919982910156
3536.43759986923	838.340026855469
3538.34206054558	837.005004882813
3540.24599183613	836.784973144531
3542.149393943	835.320007324219
3544.05226706817	834.515014648438
3545.95461141357	832.405029296875
3547.85642718097	828.960021972656
3549.75771457208	826.125
3551.6584737885	826.840026855469
3553.55870503171	828.825012207031
3555.4584085031	828.885009765625
3557.35758440396	826.719970703125
3559.25623293548	824.190002441406
3561.15435429874	822.679992675781
3563.05194869473	821.414978027344
3564.94901632432	821.35498046875
3566.84555738829	818.880004882813
3568.74157208732	817.085021972656
3570.63706062199	816.544982910156
3572.53202319277	817.369995117188
3574.42646000003	817.809997558594
3576.32037124406	818.059997558594
3578.213757125	816.780029296875
3580.10661784295	814.890014648438
3581.99895359786	813.664978027344
3583.8907645896	812.940002441406
3585.78205101794	812.969970703125
3587.67281308254	812.599975585938
3589.56305098297	810.924987792969
3591.4527649187	810.234985351563
3593.34195508907	809.179992675781
3595.23062169338	807.609985351563
3597.11876493075	806.205017089844
3599.00638500027	804.909973144531
3600.89348210089	804.215026855469
3602.78005643148	804.340026855469
3604.66610819078	804.255004882813
3606.55163757747	802.835021972656
3608.4366447901	801.184997558594
3610.32113002713	800.080017089844
3612.20509348693	800.085021972656
3614.08853536774	799.719970703125
3615.97145586773	799.710021972656
3617.85385518497	798.465026855469
3619.7357335174	797.065002441406
3621.61709106289	796.635009765625
3623.4979280192	796.005004882813
3625.37824458399	794.570007324219
3627.25804095482	793.010009765625
3629.13731732915	792.60498046875
3631.01607390435	793.14501953125
3632.89431087767	792.859985351563
3634.77202844629	791.794982910156
3636.64922680726	790.869995117188
3638.52590615754	790.585021972656
3640.40206669402	790.320007324219
3642.27770861344	789.659973144531
3644.15283211248	789.505004882813
3646.02743738771	788.804992675781
3647.90152463559	788.539978027344
3649.77509405251	786.664978027344
3651.64814583473	786.039978027344
3653.52068017842	785.5
3655.39269727965	784.965026855469
3657.26419733442	784.934997558594
3659.13518053858	783.905029296875
3661.00564708793	784.090026855469
3662.87559717814	782.75
3664.7450310048	781.75
3666.61394876338	781.585021972656
3668.48235064928	780.835021972656
3670.35023685779	780.609985351563
3672.21760758409	779.75
3674.08446302327	779.515014648438
3675.95080337033	778.669982910156
3677.81662882017	778.85498046875
3679.68193956758	778.539978027344
3681.54673580727	777.909973144531
3683.41101773383	777.169982910156
3685.27478554178	777.054992675781
3687.13803942551	776.505004882813
3689.00077957934	776.369995117188
3690.86300619748	776.169982910156
3692.72471947405	774.705017089844
3694.58591960306	774.244995117188
3696.44660677844	773.909973144531
3698.306781194	774.159973144531
3700.16644304348	773.505004882813
3702.02559252049	773.325012207031
3703.88422981859	772.530029296875
3705.74235513119	772.025024414063
3707.59996865164	772.299987792969
3709.45707057318	772.085021972656
3711.31366108895	772.109985351563
3713.16974039199	771.700012207031
3715.02530867527	771.515014648438
3716.88036613164	770.494995117188
3718.73491295385	769.184997558594
3720.58894933456	769.630004882813
3722.44247546634	769.599975585938
3724.29549154166	769.200012207031
3726.14799775289	769.304992675781
3727.9999942923	768.965026855469
3729.85148135209	768.385009765625
3731.70245912432	768.075012207031
3733.55292780098	767.724975585938
3735.40288757397	767.60498046875
3737.25233863509	768.080017089844
3739.10128117603	768.030029296875
3740.9497153884	768.159973144531
3742.7976414637	767.739990234375
3744.64505959335	767.650024414063
3746.49196996866	768.315002441406
3748.33837278086	768.210021972656
3750.18426822108	767.5
3752.02965648033	767.034973144531
3753.87453774956	766.784973144531
3755.7189122196	767.099975585938
3757.5627800812	768.099975585938
3759.40614152501	767.650024414063
3761.24899674159	767.400024414063
3763.09134592138	767.390014648438
3764.93318925476	766.89501953125
3766.77452693199	766.919982910156
3768.61535914325	766.455017089844
3770.45568607861	766.429992675781
3772.29550792807	766.02001953125
3774.1348248815	765.919982910156
3775.9736371287	765.924987792969
3777.81194485938	766.075012207031
