32.6816976106991	715.320007324219
35.6535599501435	715.340026855469
38.6244374909659	715.284973144531
41.5943306947054	715.080017089844
44.5632400226282	715.219970703125
47.5311659356917	715.239990234375
50.4981088945929	715.27001953125
53.4640693597127	715.25
56.4290477911676	715.174987792969
59.3930446487746	715.309997558594
62.356060392067	715.195007324219
65.3180954802906	715.349975585938
68.2791503724084	715.195007324219
71.2392255270922	715.219970703125
74.1983214027271	715.034973144531
77.1564384574159	715.330017089844
80.113577148983	715.244995117188
83.0697379349549	715.150024414063
86.0249212725722	715.164978027344
88.9791276188058	715.164978027344
91.9323574303255	715.205017089844
94.8846111635238	715.335021972656
97.8358892745121	715.525024414063
100.786192219114	715.39501953125
103.73552045287	715.364990234375
106.683874431037	715.364990234375
109.631254608583	715.640014648438
112.577661440203	715.525024414063
115.523095380307	715.739990234375
118.467556883015	716.210021972656
121.411046402175	716.77001953125
124.353564391344	718.299987792969
127.295111303796	720.619995117188
130.235687592532	724.340026855469
133.175293710265	730.505004882813
136.113930109434	739.364990234375
139.051597242185	752.380004882813
141.98829556039	767.974975585938
144.92402551564	786.054992675781
147.858787559244	803.924987792969
150.792582142239	817.890014648438
153.725409715372	828.559997558594
156.65727072911	835.244995117188
159.588165633643	840.789978027344
162.518094878884	843.474975585938
165.447058914469	846.614990234375
168.375058189747	848.284973144531
171.302093153792	847.97998046875
174.228164255401	846.559997558594
177.153271943091	847.140014648438
180.077416665101	847.669982910156
183.000598869394	849.200012207031
185.922819003656	849.340026855469
188.84407751529	850.75
191.764374851424	852.789978027344
194.683711458919	856.469970703125
197.60208778434	861.434997558594
200.519504273992	867.494995117188
203.435961373894	874.080017089844
206.351459529801	880.025024414063
209.265999187174	886.255004882813
212.179580791207	895.674987792969
215.092204786825	902.844970703125
218.003871618673	911.289978027344
220.914581731116	918.719970703125
223.824335568247	926.359985351563
226.733133573893	933.825012207031
229.640976191593	938.830017089844
232.547863864614	940.515014648438
235.453797035961	943.419982910156
238.358776148354	944.994995117188
241.26280164424	942.590026855469
244.1658739658	942.174987792969
247.067993554929	943.054992675781
249.969160853266	943.565002441406
252.869376302162	943.765014648438
255.768640342707	943.164978027344
258.666953415705	942.875
261.564315961705	943.260009765625
264.46072842097	944.255004882813
267.356191233499	942.659973144531
270.25070483901	942.414978027344
273.144269676967	940.015014648438
276.036886186551	937.219970703125
278.928554806671	937.830017089844
281.819275975966	938.159973144531
284.709050132812	937.934997558594
287.597877715306	936.859985351563
290.485759161281	936.945007324219
293.372694908298	938.054992675781
296.258685393644	938.510009765625
299.143731054352	938.224975585938
302.027832327156	935.260009765625
304.910989648557	935.414978027344
307.79320345476	937.27001953125
310.674474181717	938.244995117188
313.554802265101	939.525024414063
316.434188140326	938.155029296875
319.312632242533	936.619995117188
322.190135006593	935.880004882813
325.066696867117	936.760009765625
327.942318258443	934.684997558594
330.816999614641	932.474975585938
333.690741369517	931.549987792969
336.56354395661	933.085021972656
339.435407809193	931.965026855469
342.306333360273	930.150024414063
345.176321042591	929.669982910156
348.045371288612	927.275024414063
350.913484530551	929.039978027344
353.78066120035	930.335021972656
356.64690172969	928.234985351563
359.512206549972	930.294982910156
362.376576092357	929.359985351563
365.240010787716	927.650024414063
368.102511066677	927.789978027344
370.964077359587	929.650024414063
373.82471009654	929.135009765625
376.684409707364	929.909973144531
379.543176621612	930.059997558594
382.401011268595	929.369995117188
385.257914077343	930.434997558594
388.113885476627	932.844970703125
390.968925894961	932.794982910156
393.823035760591	934.059997558594
396.676215501503	938.515014648438
399.528465545415	940.875
402.379786319791	944.364990234375
405.230178251834	945.739990234375
408.079641768472	946.25
410.928177296387	950.85498046875
413.775785261992	953.465026855469
416.622466091445	953.780029296875
419.468220210631	954.205017089844
422.313048045182	953.359985351563
425.156950020479	955.099975585938
427.999926561623	954.469970703125
430.841978093471	953.174987792969
433.683105040613	948.309997558594
436.523307827384	947.304992675781
439.362586877851	947.914978027344
442.200942615829	946.460021972656
445.038375464876	947.349975585938
447.874885848283	947.530029296875
450.710474189089	944.765014648438
453.54514091007	944.284973144531
456.37888643375	942.695007324219
459.211711182386	942.534973144531
462.043615577986	937.994995117188
464.874600042297	938.849975585938
467.704664996804	935.320007324219
470.533810862741	934.099975585938
473.36203806108	937.099975585938
476.189347012547	940.484985351563
479.015738137594	940.164978027344
481.841211856432	939.844970703125
484.665768589008	940.325012207031
487.489408755009	943.340026855469
490.312132773878	948.065002441406
493.133941064796	947.330017089844
495.954834046683	943.419982910156
498.77481213821	941.640014648438
501.593875757797	941.60498046875
504.412025323601	942.059997558594
507.229261253524	936.215026855469
510.045583965226	932.340026855469
512.860993876093	928.885009765625
515.675491403271	927.684997558594
518.489076963649	925.719970703125
521.301750973863	924.27001953125
524.113513850293	920.530029296875
526.924366009065	917.025024414063
529.734307866052	915.265014648438
532.543339836881	914.469970703125
535.35146233692	913.135009765625
538.158675781281	909.380004882813
540.964980584833	906.02001953125
543.770377162182	903.869995117188
546.574865927692	902.385009765625
549.378447295465	901.424987792969
552.181121679365	899.799987792969
554.982889492993	899.609985351563
557.783751149701	897.010009765625
560.583707062591	897.684997558594
563.38275764452	896.224975585938
566.180903308083	897.315002441406
568.978144465633	895.424987792969
571.774481529266	893.244995117188
574.569914910839	891.744995117188
577.364445021949	891.085021972656
580.158072273946	889.010009765625
582.950797077926	889.900024414063
585.742619844752	889.559997558594
588.533540985018	887.965026855469
591.323560909078	887.005004882813
594.112680027034	885.405029296875
596.90089874875	886.27001953125
599.688217483828	884.580017089844
602.474636641629	884.830017089844
605.260156631263	884.934997558594
608.044777861596	882.875
610.828500741241	883.820007324219
613.611325678567	886.14501953125
616.393253081697	888.049987792969
619.174283358506	887.880004882813
621.954416916616	887.184997558594
624.733654163414	885.655029296875
627.511995506029	883.909973144531
630.289441351351	880.89501953125
633.065992106022	879.830017089844
635.841648176434	880.414978027344
638.616409968744	882.690002441406
641.390277888847	884.849975585938
644.163252342408	886.044982910156
646.93533373484	886.820007324219
649.706522471307	885.625
652.47681895674	884.174987792969
655.246223595811	881.929992675781
658.014736792957	883.034973144531
660.782358952371	885.859985351563
663.549090477999	886.284973144531
666.314931773542	884.934997558594
669.079883242452	885.659973144531
671.843945287955	885.859985351563
674.607118313019	886.080017089844
677.369402720366	886.015014648438
680.130798912488	887.059997558594
682.891307291627	886.85498046875
685.650928259784	885.400024414063
688.409662218708	883.809997558594
691.167509569927	883.10498046875
693.924470714705	883.044982910156
696.680546054078	882.815002441406
699.435735988832	882.919982910156
702.190040919516	885.219970703125
704.943461246442	885.794982910156
707.695997369667	884.875
710.447649689022	884.625
713.198418604088	886.419982910156
715.948304514206	886.570007324219
718.697307818481	885.655029296875
721.445428915779	886.085021972656
724.192668204716	887.484985351563
726.93902608368	887.89501953125
729.684502950805	888.715026855469
732.429099204005	888.455017089844
735.172815240936	889.025024414063
737.915651459026	891.830017089844
740.657608255463	891.744995117188
743.398686027186	892.359985351563
746.13888517091	893.349975585938
748.878206083102	893.414978027344
751.616649159998	894.195007324219
754.354214797584	896.60498046875
757.09090339162	897.844970703125
759.826715337622	896.940002441406
762.561651030868	894.700012207031
765.295710866406	892.340026855469
768.028895239041	889.080017089844
770.761204543336	888.775024414063
773.492639173626	886.955017089844
776.223199524006	885.940002441406
778.952885988334	887.965026855469
781.681698960235	887.835021972656
784.40963883309	886.359985351563
787.136706000052	886.950012207031
789.862900854037	887.864990234375
792.588223787721	888.049987792969
795.312675193549	887.224975585938
798.036255463728	888.669982910156
800.758964990228	891.205017089844
803.480804164792	891.224975585938
806.201773378919	893.14501953125
808.921873023884	895.905029296875
811.641103490712	897.135009765625
814.359465170214	900.450012207031
817.076958452946	904.585021972656
819.793583729246	910.875
822.509341389214	915.205017089844
825.224231822712	920.75
827.938255419375	924.375
830.651412568596	926.5
833.363703659544	927.039978027344
836.075129081157	924.414978027344
838.785689222127	924.835021972656
841.495384470928	928.044982910156
844.204215215788	932.85498046875
846.912181844721	940.294982910156
849.619284745491	943.804992675781
852.325524305638	945.570007324219
855.030900912475	945.215026855469
857.735414953079	942.575012207031
860.439066814289	936.965026855469
863.141856882725	932.804992675781
865.843785544769	932.409973144531
868.544853186571	930.340026855469
871.245060194063	929.155029296875
873.944406952925	926.39501953125
876.642893848625	926.059997558594
879.340521266398	926.075012207031
882.037289591241	926.97998046875
884.733199207927	928.460021972656
887.428250501001	931.005004882813
890.122443854778	932.150024414063
892.815779653335	930.905029296875
895.508258280534	932.715026855469
898.199880119997	936.89501953125
900.890645555129	938.109985351563
903.580554969094	939.044982910156
906.269608744832	938.159973144531
908.957807265056	936.005004882813
911.645150912257	935.789978027344
914.331640068689	936.369995117188
917.017275116375	938.580017089844
919.702056437128	936.10498046875
922.385984412518	941.739990234375
925.069059423886	944.650024414063
927.751281852366	948.275024414063
930.432652078842	948.875
933.113170483983	950.489990234375
935.79283744823	953.099975585938
938.471653351806	954.840026855469
941.149618574686	954.934997558594
943.826733496641	955.200012207031
946.502998497206	961.494995117188
949.178413955689	956.450012207031
951.85298025118	956.64501953125
954.526697762544	955.72998046875
957.199566868403	954.85498046875
959.87158794718	954.635009765625
962.542761377054	951.200012207031
965.213087535987	949.984985351563
967.882566801719	949.140014648438
970.551199551761	944.820007324219
973.218986163399	943.494995117188
975.885927013698	943.789978027344
978.552022479501	942.22998046875
981.217272937423	945.174987792969
983.88167876386	948.52001953125
986.545240334978	951.669982910156
989.207958026729	953.409973144531
991.869832214835	961.155029296875
994.530863274798	973.655029296875
997.191051581895	993.320007324219
999.850397511185	1016.36499023438
1002.50890143751	1029.18505859375
1005.16656373546	1033.5400390625
1007.82338477944	1024.23498535156
1010.47936494363	1004.46997070313
1013.13450460195	982.799987792969
1015.78880412815	963.039978027344
1018.44226389572	954.359985351563
1021.09488427794	948.200012207031
1023.74666564789	946.625
1026.3976083784	948.030029296875
1029.04771284208	951.065002441406
1031.69697941135	958.034973144531
1034.34540845838	961.179992675781
1036.99300035512	959.52001953125
1039.63975547333	957.070007324219
1042.28567418452	956.710021972656
1044.93075685998	954.919982910156
1047.57500387081	959.325012207031
1050.21841558786	960.309997558594
1052.86099238177	961.090026855469
1055.50273462297	963.635009765625
1058.14364268167	966.945007324219
1060.78371692784	969.635009765625
1063.42295773126	974.594970703125
1066.06136546148	980.419982910156
1068.69894048781	980.369995117188
1071.33568317939	981.150024414063
1073.9715939051	980.369995117188
1076.60667303362	981.065002441406
1079.24092093341	983.14501953125
1081.87433797271	984.015014648438
1084.50692451954	982.825012207031
1087.13868094172	980.450012207031
1089.76960760684	976.919982910156
1092.39970488226	972.815002441406
1095.02897313516	967.570007324219
1097.65741273246	966.679992675781
1100.28502404089	967.159973144531
1102.91180742697	966.929992675781
1105.53776325698	967.140014648438
1108.16289189701	966.119995117188
1110.78719371291	964.025024414063
1113.41066907033	962.284973144531
1116.0333183347	960.559997558594
1118.65514187124	965.440002441406
1121.27614004495	967.14501953125
1123.89631322061	965.210021972656
1126.51566176279	964.299987792969
1129.13418603585	963.010009765625
1131.75188640394	955.864990234375
1134.36876323098	945.195007324219
1136.98481688069	935.440002441406
1139.60004771655	927.554992675781
1142.21445610187	923.804992675781
1144.82804239972	922.830017089844
1147.44080697295	921.960021972656
1150.05275018421	926.234985351563
1152.66387239593	928.659973144531
1155.27417397034	931.010009765625
1157.88365526943	930.695007324219
1160.49231665502	930.599975585938
1163.10015848867	928.89501953125
1165.70718113176	929.97998046875
1168.31338494544	930
1170.91877029067	931.450012207031
1173.52333752817	929.094970703125
1176.12708701847	928.825012207031
1178.73001912187	929.325012207031
1181.33213419848	928.994995117188
1183.93343260819	926.325012207031
1186.53391471068	925.684997558594
1189.13358086539	923.744995117188
1191.73243143161	923.400024414063
1194.33046676836	924.664978027344
1196.92768723449	928.445007324219
1199.52409318861	931.940002441406
1202.11968498915	940.695007324219
1204.7144629943	944.010009765625
1207.30842756206	947.590026855469
1209.90157905021	950.905029296875
1212.49391781634	951.114990234375
1215.08544421779	946.669982910156
1217.67615861174	943.344970703125
1220.26606135512	941.780029296875
1222.85515280468	941.950012207031
1225.44343331694	946.359985351563
1228.03090324823	951.215026855469
1230.61756295466	957.619995117188
1233.20341279213	965.429992675781
1235.78845311634	968.47998046875
1238.37268428278	970.575012207031
1240.95610664673	973.239990234375
1243.53872056325	976.275024414063
1246.12052638722	978.469970703125
1248.70152447329	978.575012207031
1251.28171517591	976.299987792969
1253.86109884934	976.494995117188
1256.43967584759	979.674987792969
1259.0174465245	984.445007324219
1261.5944112337	986.125
1264.1705703286	986.460021972656
1266.74592416241	984.140014648438
1269.32047308814	982.72998046875
1271.89421745858	983.125
1274.46715762633	981.349975585938
1277.03929394377	983.705017089844
1279.61062676308	987.914978027344
1282.18115643624	984.684997558594
1284.75088331502	981.650024414063
1287.31980775098	982.5
1289.88793009548	982.900024414063
1292.45525069969	980.674987792969
1295.02176991454	977.125
1297.58748809078	976.590026855469
1300.15240557897	981.659973144531
1302.71652272942	985.77001953125
1305.27983989229	989.830017089844
1307.84235741749	993.210021972656
1310.40407565475	995.900024414063
1312.9649949536	999.924987792969
1315.52511566335	1001.43499755859
1318.08443813311	1002.02001953125
1320.64296271181	1002.97998046875
1323.20068974815	1003.30499267578
1325.75761959063	1000.16497802734
1328.31375258756	1001.625
1330.86908908704	1001.99499511719
1333.42362943696	1000.32000732422
1335.97737398503	1002.23999023438
1338.53032307874	1006.02001953125
1341.08247706537	1009.60998535156
1343.63383629202	1007.76000976563
1346.18440110558	998.549987792969
1348.73417185274	990.864990234375
1351.28314887997	979.280029296875
1353.83133253357	971.075012207031
1356.37872315961	964.369995117188
1358.92532110398	960.585021972656
1361.47112671237	955.799987792969
1364.01614033024	950.705017089844
1366.56036230288	945.294982910156
1369.10379297537	942.47998046875
1371.64643269258	937.385009765625
1374.18828179921	934.655029296875
1376.72934063972	934.434997558594
1379.2696095584	931.869995117188
1381.80908889932	930.674987792969
1384.34777900637	929.909973144531
1386.88568022323	930.049987792969
1389.42279289337	930.169982910156
1391.95911736009	933.164978027344
1394.49465396645	938.369995117188
1397.02940305537	938.47998046875
1399.5633649695	938.664978027344
1402.09654005135	939.085021972656
1404.6289286432	941.369995117188
1407.16053108714	946.010009765625
1409.69134772507	947.929992675781
1412.22137889868	947.525024414063
1414.75062494947	945.385009765625
1417.27908621874	946.39501953125
1419.80676304759	946.989990234375
1422.33365577692	950.700012207031
1424.85976474744	953.510009765625
1427.38509029967	956.525024414063
1429.90963277392	960.544982910156
1432.4333925103	966.125
1434.95636984873	977.575012207031
1437.47856512894	991.135009765625
1439.99997869045	1005.10498046875
1442.5206108726	1021.11499023438
1445.04046201452	1033.27502441406
1447.55953245515	1038.92004394531
1450.07782253323	1038.64001464844
1452.59533258731	1036.94995117188
1455.11206295574	1041.03503417969
1457.62801397668	1032.28503417969
1460.14318598809	1023.03997802734
1462.65757932774	1010.11499023438
1465.1711943332	999.200012207031
1467.68403134184	987.710021972656
1470.19609069085	972.825012207031
1472.70737271721	955.434997558594
1475.21787775772	939.114990234375
1477.72760614897	924.309997558594
1480.23655822738	913.994995117188
1482.74473432914	901.619995117188
1485.25213479029	892.205017089844
1487.75875994664	885.549987792969
1490.26461013382	880.554992675781
1492.76968568726	878.114990234375
1495.27398694222	874.75
1497.77751423374	872.130004882813
1500.28026789667	872.130004882813
1502.78224826569	871.10498046875
1505.28345567526	869.650024414063
1507.78389045967	868.97998046875
1510.28355295299	866.820007324219
1512.78244348913	867.929992675781
1515.28056240178	867.945007324219
1517.77791002445	868.174987792969
1520.27448669047	867.97998046875
1522.77029273296	866.60498046875
1525.26532848486	866.195007324219
1527.75959427889	866.419982910156
1530.25309044764	867.085021972656
1532.74581732344	867.705017089844
1535.23777523847	868.554992675781
1537.72896452471	870.739990234375
1540.21938551394	871.674987792969
1542.70903853778	873.380004882813
1545.19792392761	877.359985351563
1547.68604201466	880.190002441406
1550.17339312997	883.684997558594
1552.65997760434	886.815002441406
1555.14579576845	886.695007324219
1557.63084795275	885.64501953125
1560.11513448749	884.505004882813
1562.59865570276	882.130004882813
1565.08141192845	881.700012207031
1567.56340349426	881.450012207031
1570.04463072969	882.239990234375
1572.52509396406	883.015014648438
1575.00479352652	882.960021972656
1577.48372974599	887.364990234375
1579.96190295124	890.244995117188
1582.43931347083	890.950012207031
1584.91596163314	892.909973144531
1587.39184776636	895.070007324219
1589.86697219849	896.445007324219
1592.34133525734	898.460021972656
1594.81493727054	900.465026855469
1597.28777856553	906.544982910156
1599.75985946955	912.97998046875
1602.23118030968	919.914978027344
1604.70174141278	925.200012207031
1607.17154310555	929.840026855469
1609.64058571449	928.994995117188
1612.10886956591	929.674987792969
1614.57639498595	925.825012207031
1617.04316230054	924.109985351563
1619.50917183543	922.765014648438
1621.97442391621	921.969970703125
1624.43891886825	919.549987792969
1626.90265701674	916.72998046875
1629.36563868671	917.325012207031
1631.82786420296	919.700012207031
1634.28933389016	923.625
1636.75004807274	929.335021972656
1639.21000707498	936.484985351563
1641.66921122097	946.14501953125
1644.12766083459	956.844970703125
1646.58535623956	968.909973144531
1649.04229775941	979.205017089844
1651.4984857175	986.474975585938
1653.95392043697	992.580017089844
1656.40860224079	997.530029296875
1658.86253145177	999.099975585938
1661.3157083925	995.905029296875
1663.76813338542	992.265014648438
1666.21980675275	987.780029296875
1668.67072881656	979.880004882813
1671.1208998987	978.320007324219
1673.57032032089	969.635009765625
1676.0189904046	962.695007324219
1678.46691047118	950.049987792969
1680.91408084174	939.114990234375
1683.36050183726	927.205017089844
1685.8061737785	917.655029296875
1688.25109698605	906.955017089844
1690.69527178032	896.765014648438
1693.13869848153	889.419982910156
1695.58137740972	883.224975585938
1698.02330888476	876.875
1700.46449322631	867.544982910156
1702.90493075388	859.630004882813
1705.34462178678	855.905029296875
1707.78356664414	851.719970703125
1710.22176564492	849.570007324219
1712.65921910787	846.335021972656
1715.0959273516	844.219970703125
1717.53189069449	843.210021972656
1719.9671094548	841.054992675781
1722.40158395054	840.635009765625
1724.8353144996	840.580017089844
1727.26830141965	839.89501953125
1729.70054502819	840.650024414063
1732.13204564255	840.119995117188
1734.56280357987	838.469970703125
1736.99281915711	837.284973144531
1739.42209269106	837.325012207031
1741.85062449831	837.200012207031
1744.27841489529	837.39501953125
1746.70546419823	836.304992675781
1749.13177272321	837.619995117188
1751.5573407861	836.700012207031
1753.98216870262	835.330017089844
1756.40625678828	835.950012207031
1758.82960535844	835.174987792969
1761.25221472825	834.664978027344
1763.67408521271	834.385009765625
1766.09521712663	835.044982910156
1768.51561078464	834.030029296875
1770.93526650119	833.075012207031
1773.35418459056	833.484985351563
1775.77236536684	834.039978027344
1778.18980914396	835.369995117188
1780.60651623565	833.840026855469
1783.02248695548	833.744995117188
1785.43772161684	833.174987792969
1787.85222053292	834.190002441406
1790.26598401677	833.599975585938
1792.67901238123	833.625
1795.09130593899	833.849975585938
1797.50286500254	833.739990234375
1799.9136898842	832.090026855469
1802.32378089613	830.994995117188
1804.73313835028	830.609985351563
1807.14176255846	832.289978027344
1809.54965383228	831.655029296875
1811.95681248317	831.599975585938
1814.36323882242	830.599975585938
1816.76893316109	830.815002441406
1819.17389581011	831.179992675781
1821.57812708021	829.900024414063
1823.98162728196	830.224975585938
1826.38439672573	831.684997558594
1828.78643572174	831.575012207031
1831.18774458003	830.809997558594
1833.58832361045	831.215026855469
1835.98817312269	831.789978027344
1838.38729342625	830.070007324219
1840.78568483048	829.455017089844
1843.18334764454	828.070007324219
1845.58028217741	827.390014648438
1847.9764887379	827.554992675781
1850.37196763465	828.034973144531
1852.76671917613	828.299987792969
1855.16074367062	830.755004882813
1857.55404142624	830.594970703125
1859.94661275094	829.309997558594
1862.33845795247	828.494995117188
1864.72957733844	828.559997558594
1867.11997121627	828.369995117188
1869.5096398932	827.965026855469
1871.89858367631	828.184997558594
1874.28680287251	827.255004882813
1876.67429778851	826.614990234375
1879.06106873089	827.864990234375
1881.44711600601	827.669982910156
1883.8324399201	827.659973144531
1886.21704077919	828.330017089844
1888.60091888915	827.070007324219
1890.98407455567	827.655029296875
1893.36650808428	827.275024414063
1895.74821978033	828.22998046875
1898.12920994899	828.169982910156
1900.50947889527	826.715026855469
1902.88902692401	826.505004882813
1905.26785433986	826.890014648438
1907.64596144734	827.280029296875
1910.02334855075	828.070007324219
1912.40001595424	827.929992675781
1914.7759639618	828.835021972656
1917.15119287724	828.460021972656
1919.52570300419	828.119995117188
1921.89949464611	828.609985351563
1924.27256810632	828.174987792969
1926.64492368793	827.875
1929.0165616939	827.89501953125
1931.38748242701	827.169982910156
1933.75768618989	827.840026855469
1936.12717328497	827.169982910156
1938.49594401455	827.125
1940.86399868071	826.820007324219
1943.23133758541	828.434997558594
1945.5979610304	828.034973144531
1947.96386931729	828.390014648438
1950.32906274751	828.60498046875
1952.69354162232	828.570007324219
1955.0573062428	828.294982910156
1957.42035690989	827.575012207031
1959.78269392434	827.135009765625
1962.14431758673	826.929992675781
1964.50522819748	826.924987792969
1966.86542605684	828.309997558594
1969.22491146488	828.64501953125
1971.58368472153	828.434997558594
1973.94174612654	828.150024414063
1976.29909597945	828.109985351563
1978.65573457971	827.760009765625
1981.01166222654	827.549987792969
1983.36687921902	826.905029296875
1985.72138585606	826.635009765625
1988.07518243639	826.130004882813
1990.42826925859	825.880004882813
1992.78064662106	826.830017089844
1995.13231482205	827.465026855469
1997.48327415961	827.599975585938
1999.83352493167	826.469970703125
2002.18306743594	826.784973144531
2004.53190197002	826.015014648438
2006.8800288313	826.97998046875
2009.22744831703	826.469970703125
2011.57416072427	826.934997558594
2013.92016634993	826.409973144531
2016.26546549076	826.255004882813
2018.61005844332	826.450012207031
2020.95394550404	824.815002441406
2023.29712696915	825.580017089844
2025.63960313474	826.364990234375
2027.98137429672	825.789978027344
2030.32244075083	826.945007324219
2032.66280279266	826.585021972656
2035.00246071763	827.065002441406
2037.34141482099	826.184997558594
2039.67966539784	825.724975585938
2042.01721274309	825.349975585938
2044.35405715151	826.065002441406
2046.69019891769	826.565002441406
2049.02563833606	826.585021972656
2051.3603757009	827.434997558594
2053.6944113063	826.515014648438
2056.0277454462	826.440002441406
2058.36037841439	824.969970703125
2060.69231050446	825.875
2063.02354200988	826.265014648438
2065.35407322392	826.10498046875
2067.68390443971	828.094970703125
2070.01303595021	827.135009765625
2072.3414680482	827.150024414063
2074.66920102633	826.989990234375
2076.99623517706	826.97998046875
2079.32257079271	826.89501953125
2081.6482081654	828.065002441406
2083.97314758713	827.859985351563
2086.29738934971	826.85498046875
2088.62093374481	827.869995117188
2090.94378106391	829.070007324219
2093.26593159835	828.359985351563
2095.5873856393	827.380004882813
2097.90814347777	827.544982910156
2100.2282054046	827.840026855469
2102.54757171048	828.265014648438
2104.86624268594	829.445007324219
2107.18421862133	829.510009765625
2109.50149980686	828.14501953125
2111.81808653257	827.315002441406
2114.13397908834	827.934997558594
2116.44917776388	828.224975585938
2118.76368284875	829.044982910156
2121.07749463235	829.880004882813
2123.39061340391	829.719970703125
2125.70303945252	829.969970703125
2128.01477306707	829.015014648438
2130.32581453634	828.669982910156
2132.63616414891	829.380004882813
2134.94582219322	828.419982910156
2137.25478895754	828.429992675781
2139.56306472999	828.380004882813
2141.87064979851	829.265014648438
2144.17754445092	830.25
2146.48374897484	829.994995117188
2148.78926365774	829.419982910156
2151.09408878695	828.289978027344
2153.39822464963	829.070007324219
2155.70167153277	829.135009765625
2158.00442972321	829.664978027344
2160.30649950763	829.924987792969
2162.60788117256	829.340026855469
2164.90857500436	829.335021972656
2167.20858128923	829.815002441406
2169.50790031323	829.5
2171.80653236223	828.804992675781
2174.10447772198	828.325012207031
2176.40173667804	828.825012207031
2178.69830951582	829.515014648438
2180.99419652058	828.859985351563
2183.28939797743	829.77001953125
2185.5839141713	828.525024414063
2187.87774538698	828.835021972656
2190.17089190908	829.744995117188
2192.46335402209	828.715026855469
2194.75513201032	828.859985351563
2197.04622615791	828.914978027344
2199.33663674886	829.989990234375
2201.62636406702	827.794982910156
2203.91540839606	828.599975585938
2206.20377001952	827.690002441406
2208.49144922077	826.859985351563
2210.77844628302	827.715026855469
2213.06476148933	827.679992675781
2215.3503951226	827.659973144531
2217.63534746557	827.575012207031
2219.91961880085	827.424987792969
2222.20320941085	828.72998046875
2224.48611957785	829.385009765625
2226.76834958399	828.299987792969
2229.04989971122	826.619995117188
2231.33077024136	826.335021972656
2233.61096145607	826.35498046875
2235.89047363683	827.630004882813
2238.169307065	829.02001953125
2240.44746202178	829.39501953125
2242.72493878819	827.885009765625
2245.00173764511	828.815002441406
2247.27785887327	828.97998046875
2249.55330275324	827.580017089844
2251.82806956545	828.955017089844
2254.10215959014	827.940002441406
2256.37557310744	827.945007324219
2258.64831039729	828.280029296875
2260.92037173949	826.455017089844
2263.19175741368	826.994995117188
2265.46246769938	827.469970703125
2267.7325028759	827.434997558594
2270.00186322243	827.755004882813
2272.270549018	828.474975585938
2274.5385605415	828.804992675781
2276.80589807165	829.059997558594
2279.07256188702	829.184997558594
2281.33855226601	829.614990234375
2283.60386948691	827.780029296875
2285.86851382782	830.119995117188
2288.1324855667	830.549987792969
2290.39578498136	828.765014648438
2292.65841234945	828.224975585938
2294.92036794847	828.244995117188
2297.18165205578	827.169982910156
2299.44226494856	826.559997558594
2301.70220690387	828.344970703125
2303.96147819859	829.684997558594
2306.22007910947	829.364990234375
2308.47800991309	828.989990234375
2310.73527088589	828.140014648438
2312.99186230416	829.455017089844
2315.24778444403	830.445007324219
2317.50303758149	830.840026855469
2319.75762199235	830.25
2322.01153795231	831.630004882813
2324.26478573689	831.090026855469
2326.51736562147	831.599975585938
2328.76927788127	832.114990234375
2331.02052279137	830.760009765625
2333.2711006267	830.585021972656
2335.52101166203	829.659973144531
2337.77025617198	829.25
2340.01883443103	829.534973144531
2342.2667467135	829.304992675781
2344.51399329356	829.659973144531
2346.76057444525	830.344970703125
2349.00649044241	829.094970703125
2351.2517415588	829.594970703125
2353.49632806796	830.210021972656
2355.74025024334	829.929992675781
2357.98350835819	829.650024414063
2360.22610268566	828.409973144531
2362.4680334987	827.114990234375
2364.70930107016	826.940002441406
2366.94990567269	826.700012207031
2369.18984757884	827.765014648438
2371.42912706098	828.934997558594
2373.66774439134	827.945007324219
2375.90569984199	828.030029296875
2378.14299368488	828.700012207031
2380.37962619179	828.905029296875
2382.61559763435	827.875
2384.85090828405	828.315002441406
2387.08555841222	828.47998046875
2389.31954829006	827.549987792969
2391.55287818861	827.744995117188
2393.78554837877	828.375
2396.01755913128	829.945007324219
2398.24891071673	829.5
2400.47960340558	828.614990234375
2402.70963746814	828.125
2404.93901317456	828.440002441406
2407.16773079485	829.359985351563
2409.39579059887	829.765014648438
2411.62319285633	829.044982910156
2413.84993783681	828.784973144531
2416.07602580971	828.344970703125
2418.30145704432	829.150024414063
2420.52623180977	829.960021972656
2422.75035037503	828.940002441406
2424.97381300893	828.099975585938
2427.19661998017	829.989990234375
2429.41877155729	829.210021972656
2431.64026800867	830.559997558594
2433.86110960257	830.340026855469
2436.08129660709	829.385009765625
2438.30082929019	828.289978027344
2440.51970791967	829.280029296875
2442.73793276321	829.840026855469
2444.95550408832	829.695007324219
2447.17242216237	828.364990234375
2449.38868725259	828.659973144531
2451.60429962607	829.585021972656
2453.81925954975	830.27001953125
2456.03356729041	829.10498046875
2458.2472231147	828.445007324219
2460.46022728913	828.224975585938
2462.67258008005	830.244995117188
2464.88428175368	829.534973144531
2467.09533257608	830.275024414063
2469.30573281318	830.585021972656
2471.51548273076	829.544982910156
2473.72458259445	829.155029296875
2475.93303266974	831.130004882813
2478.14083322198	832
2480.34798451637	831.450012207031
2482.55448681797	830.419982910156
2484.76034039169	829.494995117188
2486.96554550231	829.169982910156
2489.17010241445	830.52001953125
2491.37401139259	831.369995117188
2493.57727270109	832.119995117188
2495.77988660412	831.64501953125
2497.98185336574	830.705017089844
2500.18317324987	831.844970703125
2502.38384652028	831.085021972656
2504.58387344058	831.025024414063
2506.78325427425	832.390014648438
2508.98198928465	832.174987792969
2511.18007873495	832.039978027344
2513.37752288821	831.044982910156
2515.57432200735	832.47998046875
2517.77047635514	832.359985351563
2519.96598619419	830.724975585938
2522.16085178699	830.809997558594
2524.35507339589	832.885009765625
2526.54865128308	834.465026855469
2528.74158571062	833.705017089844
2530.93387694042	832.755004882813
2533.12552523427	833.299987792969
2535.31653085379	833.359985351563
2537.50689406046	832.989990234375
2539.69661511566	833.794982910156
2541.88569428057	832.905029296875
2544.07413181627	834.539978027344
2546.26192798368	832.864990234375
2548.44908304359	832.929992675781
2550.63559725664	832.494995117188
2552.82147088333	833.369995117188
2555.00670418402	834.614990234375
2557.19129741894	834.815002441406
2559.37525084817	834.590026855469
2561.55856473164	833.549987792969
2563.74123932917	834.049987792969
2565.92327490039	834.02001953125
2568.10467170484	834.580017089844
2570.28543000189	835.849975585938
2572.46555005079	834.960021972656
2574.64503211063	835.344970703125
2576.82387644036	836.299987792969
2579.00208329882	836.184997558594
2581.17965294468	835.844970703125
2583.35658563648	835.924987792969
2585.53288163263	834.950012207031
2587.70854119137	834.755004882813
2589.88356457084	836.239990234375
2592.05795202902	837.090026855469
2594.23170382376	837.530029296875
2596.40482021275	837.570007324219
2598.57730145356	837.684997558594
2600.74914780363	837.789978027344
2602.92035952023	837.794982910156
2605.09093686053	837.75
2607.26088008153	839.739990234375
2609.4301894401	840.424987792969
2611.59886519299	839.794982910156
2613.76690759678	841.460021972656
2615.93431690793	840.669982910156
2618.10109338277	840.835021972656
2620.26723727748	840.075012207031
2622.4327488481	841.739990234375
2624.59762835054	841.299987792969
2626.76187604057	841.375
2628.92549217382	842.635009765625
2631.08847700579	842.929992675781
2633.25083079182	843.929992675781
2635.41255378715	844.190002441406
2637.57364624684	843.875
2639.73410842586	843.825012207031
2641.893940579	844.119995117188
2644.05314296094	844.260009765625
2646.21171582621	844.385009765625
2648.36965942921	845.330017089844
2650.5269740242	847.080017089844
2652.6836598653	847.52001953125
2654.83971720651	847.489990234375
2656.99514630167	846.534973144531
2659.1499474045	846.054992675781
2661.30412076857	846.739990234375
2663.45766664734	848.659973144531
2665.61058529411	848.809997558594
2667.76287696204	849.325012207031
2669.91454190418	850.780029296875
2672.06558037342	849.265014648438
2674.21599262253	849.575012207031
2676.36577890413	849.424987792969
2678.51493947072	849.909973144531
2680.66347457466	848.869995117188
2682.81138446816	849.669982910156
2684.95866940332	852.200012207031
2687.10532963209	851.880004882813
2689.25136540628	853.695007324219
2691.39677697757	854.640014648438
2693.54156459752	854.080017089844
2695.68572851753	853.849975585938
2697.82926898888	854.880004882813
2699.97218626272	857.260009765625
2702.11448059006	857.679992675781
2704.25615222175	859.960021972656
2706.39720140856	861.210021972656
2708.53762840109	860.719970703125
2710.67743344979	861.10498046875
2712.81661680503	862.315002441406
2714.95517871698	864.799987792969
2717.09311943574	867.924987792969
2719.23043921123	871.02001953125
2721.36713829325	872.650024414063
2723.50321693148	874.429992675781
2725.63867537545	875.184997558594
2727.77351387456	876.164978027344
2729.90773267809	877.400024414063
2732.04133203516	877.515014648438
2734.17431219478	876.575012207031
2736.30667340581	875
2738.438415917	873.919982910156
2740.56953997695	873.02001953125
2742.70004583414	873.335021972656
2744.82993373688	871.760009765625
2746.9592039334	870.369995117188
2749.08785667177	868.635009765625
2751.21589219993	867.484985351563
2753.34331076568	867.114990234375
2755.4701126167	866.609985351563
2757.59629800054	868.034973144531
2759.7218671646	868.330017089844
2761.84682035617	868.419982910156
2763.9711578224	868.039978027344
2766.0948798103	869.994995117188
2768.21798656676	869.205017089844
2770.34047833852	868.159973144531
2772.46235537222	867.359985351563
2774.58361791434	867.929992675781
2776.70426621124	867.799987792969
2778.82430050915	866.349975585938
2780.94372105416	866.325012207031
2783.06252809224	864.125
2785.18072186922	864.440002441406
2787.29830263081	865.784973144531
2789.41527062257	866.130004882813
2791.53162608996	865.97998046875
2793.64736927828	865.900024414063
2795.76250043271	865.900024414063
2797.8770197983	864.659973144531
2799.99092761997	869.304992675781
2802.10422414252	871.455017089844
2804.21690961059	871.184997558594
2806.32898426873	873.234985351563
2808.44044836132	875.614990234375
2810.55130213264	878.390014648438
2812.66154582682	881.030029296875
2814.77117968788	881.099975585938
2816.8802039597	884.335021972656
2818.98861888601	886.515014648438
2821.09642471046	889.830017089844
2823.20362167653	894.864990234375
2825.31021002756	898.594970703125
2827.41619000682	904.640014648438
2829.52156185738	911.179992675781
2831.62632582224	917.554992675781
2833.73048214422	922.580017089844
2835.83403106606	929.840026855469
2837.93697283033	936.929992675781
2840.03930767951	948.820007324219
2842.1410358559	962.809997558594
2844.24215760173	977.75
2846.34267315905	993.460021972656
2848.44258276982	1011.21502685547
2850.54188667585	1031.71997070313
2852.64058511883	1056.74499511719
2854.73867834032	1081.70495605469
2856.83616658175	1101.65002441406
2858.93305008443	1123.84997558594
2861.02932908952	1150.125
2863.12500383809	1176.80004882813
2865.22007457104	1209.76000976563
2867.31454152918	1244.25
2869.40840495316	1272.80004882813
2871.50166508353	1304.42504882813
2873.59432216069	1326.9599609375
2875.68637642493	1342.38500976563
2877.77782811641	1357.64001464844
2879.86867747515	1364.95495605469
2881.95892474105	1360.79504394531
2884.0485701539	1366.18005371094
2886.13761395333	1367.9599609375
2888.22605637886	1373.125
2890.3138976699	1377.68505859375
2892.40113806571	1388.69995117188
2894.48777780544	1414.73999023438
2896.57381712808	1434.97497558594
2898.65925627254	1442.51000976563
2900.74409547758	1444.26501464844
2902.82833498183	1462.5400390625
2904.9119750238	1487.53002929688
2906.99501584188	1518.78503417969
2909.07745767432	1551.5849609375
2911.15930075925	1586.10998535156
2913.24054533469	1608.72998046875
2915.3211916385	1625.15502929688
2917.40123990846	1656.81005859375
2919.48069038217	1691.07995605469
2921.55954329716	1711.69995117188
2923.63779889079	1725.93994140625
2925.71545740033	1742.70495605469
2927.79251906289	1762.82495117188
2929.86898411548	1782.93505859375
2931.94485279498	1789.68505859375
2934.02012533815	1778.3349609375
2936.0948019816	1776.21997070313
2938.16888296184	1767.89001464844
2940.24236851525	1726.14001464844
2942.31525887809	1696.95495605469
2944.38755428648	1675.02001953125
2946.45925497643	1657.00500488281
2948.53036118382	1620.10498046875
2950.6008731444	1575.50500488281
2952.67079109381	1542.125
2954.74011526755	1500.52001953125
2956.80884590101	1473.875
2958.87698322944	1466.68005371094
2960.94452748799	1461.88000488281
2963.01147891167	1442.61999511719
2965.07783773535	1423.31994628906
2967.14360419382	1399.78503417969
2969.2087785217	1379.68505859375
2971.27336095352	1370.2900390625
2973.33735172366	1356.46997070313
2975.40075106641	1337.32995605469
2977.46355921591	1318.31994628906
2979.52577640618	1298.28503417969
2981.58740287112	1275.40002441406
2983.64843884452	1253.92004394531
2985.70888456003	1239.76501464844
2987.76874025117	1222.46997070313
2989.82800615137	1199.36499023438
2991.88668249391	1179.8349609375
2993.94476951194	1152.19494628906
2996.00226743852	1124.125
2998.05917650657	1102.79504394531
3000.11549694887	1084.39501953125
3002.17122899812	1066.05505371094
3004.22637288685	1049.52502441406
3006.2809288475	1035.31005859375
3008.33489711238	1021.60498046875
3010.38827791368	1008.15997314453
3012.44107148345	994.065002441406
3014.49327805366	982.655029296875
3016.5448978561	975.950012207031
3018.59593112249	971.705017089844
3020.64637808441	963.390014648438
3022.6962389733	954.840026855469
3024.74551402051	948.340026855469
3026.79420345725	945.344970703125
3028.84230751461	945.445007324219
3030.88982642357	943.575012207031
3032.93676041497	944.130004882813
3034.98310971955	945.719970703125
3037.02887456791	949.635009765625
3039.07405519054	955.72998046875
3041.11865181781	957.909973144531
3043.16266467996	958.340026855469
3045.20609400713	958.885009765625
3047.24894002932	962.070007324219
3049.2912029764	967.570007324219
3051.33288307815	974.885009765625
3053.37398056421	981.455017089844
3055.41449566411	988.52001953125
3057.45442860725	993.955017089844
3059.49377962291	996.169982910156
3061.53254894026	999.525024414063
3063.57073678834	1000.10498046875
3065.60834339607	995.869995117188
3067.64536899227	989.260009765625
3069.68181380561	982.799987792969
3071.71767806467	972.505004882813
3073.75296199788	961.125
3075.78766583357	950.344970703125
3077.82178979997	939.580017089844
3079.85533412513	929.22998046875
3081.88829903705	921.190002441406
3083.92068476356	919.450012207031
3085.95249153241	915.739990234375
3087.98371957119	911.344970703125
3090.01436910741	906.075012207031
3092.04444036844	900.965026855469
3094.07393358152	902.10498046875
3096.10284897381	900.835021972656
3098.13118677232	901.224975585938
3100.15894720395	900.119995117188
3102.18613049548	898.320007324219
3104.21273687357	897.85498046875
3106.23876656477	898.719970703125
3108.2642197955	896.984985351563
3110.28909679208	896.864990234375
3112.31339778069	897.344970703125
3114.33712298741	896.674987792969
3116.36027263819	896.830017089844
3118.38284695887	899.469970703125
3120.40484617516	902.609985351563
3122.42627051268	901.405029296875
3124.4471201969	902.210021972656
3126.46739545319	902.734985351563
3128.4870965068	902.385009765625
3130.50622358287	901.75
3132.5247769064	901.594970703125
3134.54275670229	901.934997558594
3136.56016319534	902.200012207031
3138.57699661019	900.809997558594
3140.59325717139	902.625
3142.60894510338	904.25
3144.62406063047	905.640014648438
3146.63860397686	903.530029296875
3148.65257536662	903.590026855469
3150.66597502371	904.784973144531
3152.67880317199	906.27001953125
3154.69106003518	904.960021972656
3156.70274583691	905.840026855469
3158.71386080065	909.255004882813
3160.72440514981	910.280029296875
3162.73437910763	912.650024414063
3164.74378289728	912.929992675781
3166.75261674179	914.710021972656
3168.76088086407	914.919982910156
3170.76857548692	915.289978027344
3172.77570083303	916.775024414063
3174.78225712498	917.239990234375
3176.78824458521	919.489990234375
3178.79366343607	921.359985351563
3180.79851389977	922.565002441406
3182.80279619844	922.859985351563
3184.80651055405	923.375
3186.80965718849	923.820007324219
3188.81223632353	926.219970703125
3190.81424818081	928.265014648438
3192.81569298186	929.715026855469
3194.8165709481	933.674987792969
3196.81688230084	935.224975585938
3198.81662726126	937.049987792969
3200.81580605044	939.505004882813
3202.81441888933	937.02001953125
3204.81246599879	938.875
3206.80994759954	944.135009765625
3208.80686391219	949.900024414063
3210.80321515726	950.655029296875
3212.79900155512	948.780029296875
3214.79422332605	950.099975585938
3216.78888069021	950.289978027344
3218.78297386765	951.940002441406
3220.77650307828	953.719970703125
3222.76946854195	955.419982910156
3224.76187047834	956.340026855469
3226.75370910705	960.075012207031
3228.74498464755	958.950012207031
3230.73569731921	959.484985351563
3232.72584734127	958.525024414063
3234.71543493287	960.625
3236.70446031304	962.510009765625
3238.69292370068	967.075012207031
3240.68082531459	967.440002441406
3242.66816537345	967.64501953125
3244.65494409583	969.364990234375
3246.6411617002	973.554992675781
3248.62681840488	975.679992675781
3250.61191442812	978.515014648438
3252.59644998804	982.049987792969
3254.58042530263	984.289978027344
3256.56384058979	987.455017089844
3258.54669606731	984.390014648438
3260.52899195285	985.330017089844
3262.51072846396	985.575012207031
3264.4919058181	989.755004882813
3266.47252423259	993.125
3268.45258392464	998.234985351563
3270.43208511138	1002.90502929688
3272.41102800978	1005.125
3274.38941283675	1007.88000488281
3276.36723980904	1008.67999267578
3278.34450914332	1011.40502929688
3280.32122105613	1015.69500732422
3282.29737576392	1014.54498291016
3284.272973483	1017.28002929688
3286.24801442958	1025.22497558594
3288.22249881978	1024.48498535156
3290.19642686957	1023.53002929688
3292.16979879485	1027.69995117188
3294.14261481136	1031.20495605469
3296.11487513478	1028.10498046875
3298.08657998065	1024.5
3300.0577295644	1021.54998779297
3302.02832410136	1022.96002197266
3303.99836380673	1023.66497802734
3305.96784889563	1022.89001464844
3307.93677958303	1021.875
3309.90515608383	1020.05499267578
3311.87297861278	1017.36999511719
3313.84024738456	1017.52502441406
3315.80696261371	1017.94500732422
3317.77312451466	1016.85498046875
3319.73873330175	1014.43499755859
3321.70378918919	1013.57501220703
3323.66829239109	1012.71002197266
3325.63224312145	1011.71502685547
3327.59564159416	1006.5
3329.55848802299	1002.00500488281
3331.52078262162	1003.59997558594
3333.4825256036	1003.70501708984
3335.44371718237	1002.13000488281
3337.40435757128	1000.125
3339.36444698356	1001.41497802734
3341.32398563232	1000.27001953125
3343.28297373058	999.065002441406
3345.24141149124	998.820007324219
3347.19929912709	997.530029296875
3349.15663685081	1002.54998779297
3351.11342487497	1005.15997314453
3353.06966341204	1005.09002685547
3355.02535267437	1000.45501708984
3356.98049287421	996.489990234375
3358.9350842237	993.304992675781
3360.88912693486	993.969970703125
3362.84262121962	992.590026855469
3364.79556728978	993.744995117188
3366.74796535705	995.190002441406
3368.69981563302	991.914978027344
3370.65111832917	990.64501953125
3372.60187365689	990.775024414063
3374.55208182744	988.965026855469
3376.50174305198	986.705017089844
3378.45085754157	984.934997558594
3380.39942550714	983.864990234375
3382.34744715954	983.309997558594
3384.29492270949	981.284973144531
3386.24185236761	977.765014648438
3388.18823634442	974.60498046875
3390.13407485031	974.174987792969
3392.07936809559	975.075012207031
3394.02411629045	975.35498046875
3395.96831964496	977.364990234375
3397.91197836911	976.065002441406
3399.85509267275	976.015014648438
3401.79766276564	970.284973144531
3403.73968885745	963.609985351563
3405.68117115771	968.559997558594
3407.62210987586	970.419982910156
3409.56250522123	968.609985351563
3411.50235740305	966.380004882813
3413.44166663043	961.455017089844
3415.38043311238	958.210021972656
3417.3186570578	959.119995117188
3419.2563386755	963.090026855469
3421.19347817415	965.39501953125
3423.13007576235	962.804992675781
3425.06613164857	961.965026855469
3427.00164604118	961.359985351563
3428.93661914844	957.994995117188
3430.87105117852	956.89501953125
3432.80494233945	954.294982910156
3434.73829283919	954.575012207031
3436.67110288558	954.97998046875
3438.60337268634	956.674987792969
3440.53510244911	953.869995117188
3442.4662923814	953.22998046875
3444.39694269064	952.14501953125
3446.32705358412	951.099975585938
3448.25662526905	949.640014648438
3450.18565795254	949.005004882813
3452.11415184156	947.700012207031
3454.04210714302	948.085021972656
3455.96952406369	943.820007324219
3457.89640281024	941.034973144531
3459.82274358924	939.294982910156
3461.74854660717	938.309997558594
3463.67381207038	937.025024414063
3465.59854018513	934.744995117188
3467.52273115756	931.77001953125
3469.44638519373	930.200012207031
3471.36950249956	928.25
3473.29208328091	927.859985351563
3475.21412774349	926.864990234375
3477.13563609293	925.434997558594
3479.05660853476	923.25
3480.97704527438	921.695007324219
3482.89694651712	918.275024414063
3484.81631246818	917.630004882813
3486.73514333266	916.690002441406
3488.65343931557	913.015014648438
3490.57120062179	909.429992675781
3492.48842745612	906.075012207031
3494.40512002324	905.515014648438
3496.32127852773	903.190002441406
3498.23690317408	901.424987792969
3500.15199416666	901.169982910156
3502.06655170974	902.054992675781
3503.98057600749	900.275024414063
3505.89406726396	897.89501953125
3507.80702568312	895.059997558594
3509.71945146883	892.864990234375
3511.63134482483	892.190002441406
3513.54270595478	889.97998046875
3515.45353506222	887.375
3517.3638323506	886.039978027344
3519.27359802324	884.585021972656
3521.1828322834	881.724975585938
3523.09153533419	878.599975585938
3524.99970737866	876.809997558594
3526.90734861972	876.599975585938
3528.81445926021	876.414978027344
3530.72103950283	874.955017089844
3532.62708955022	872.150024414063
3534.53260960488	868.640014648438
3536.43759986923	867.034973144531
3538.34206054558	864.25
3540.24599183613	863.640014648438
3542.149393943	862.710021972656
3544.05226706817	860.929992675781
3545.95461141357	858.525024414063
3547.85642718097	854.969970703125
3549.75771457208	852.565002441406
3551.6584737885	852.164978027344
3553.55870503171	854.090026855469
3555.4584085031	852.974975585938
3557.35758440396	851.844970703125
3559.25623293548	849.869995117188
3561.15435429874	848.065002441406
3563.05194869473	845.184997558594
3564.94901632432	845.025024414063
3566.84555738829	843.539978027344
3568.74157208732	841.794982910156
3570.63706062199	840.405029296875
3572.53202319277	841.030029296875
3574.42646000003	841.284973144531
3576.32037124406	840.929992675781
3578.213757125	840.140014648438
3580.10661784295	837.575012207031
3581.99895359786	836.344970703125
3583.8907645896	835.044982910156
3585.78205101794	835.234985351563
3587.67281308254	834.744995117188
3589.56305098297	834.22998046875
3591.4527649187	831.794982910156
3593.34195508907	831.140014648438
3595.23062169338	829.505004882813
3597.11876493075	827.515014648438
3599.00638500027	825.794982910156
3600.89348210089	825.219970703125
3602.78005643148	824.47998046875
3604.66610819078	825.25
3606.55163757747	824.090026855469
3608.4366447901	822.710021972656
3610.32113002713	821.030029296875
3612.20509348693	820.265014648438
3614.08853536774	819.934997558594
3615.97145586773	818.760009765625
3617.85385518497	818.294982910156
3619.7357335174	817.090026855469
3621.61709106289	816.030029296875
3623.4979280192	815.325012207031
3625.37824458399	812.909973144531
3627.25804095482	811.695007324219
3629.13731732915	811.030029296875
3631.01607390435	811.075012207031
3632.89431087767	811.994995117188
3634.77202844629	810.885009765625
3636.64922680726	810.174987792969
3638.52590615754	809.840026855469
3640.40206669402	809.330017089844
3642.27770861344	807.890014648438
3644.15283211248	807.434997558594
3646.02743738771	807.484985351563
3647.90152463559	807.27001953125
3649.77509405251	805.010009765625
3651.64814583473	803.789978027344
3653.52068017842	803.335021972656
3655.39269727965	802.994995117188
3657.26419733442	802.10498046875
3659.13518053858	802.455017089844
3661.00564708793	800.875
3662.87559717814	800.169982910156
3664.7450310048	798.119995117188
3666.61394876338	797.85498046875
3668.48235064928	797.789978027344
3670.35023685779	796.965026855469
3672.21760758409	796.030029296875
3674.08446302327	796.059997558594
3675.95080337033	795.705017089844
3677.81662882017	795.190002441406
3679.68193956758	794.309997558594
3681.54673580727	794.205017089844
3683.41101773383	793.409973144531
3685.27478554178	792.744995117188
3687.13803942551	792.914978027344
3689.00077957934	792.159973144531
3690.86300619748	792.244995117188
3692.72471947405	791.140014648438
3694.58591960306	789.489990234375
3696.44660677844	789.419982910156
3698.306781194	789.554992675781
3700.16644304348	789.099975585938
3702.02559252049	789.844970703125
3703.88422981859	798.219970703125
3705.74235513119	792.234985351563
3707.59996865164	786.885009765625
3709.45707057318	787.659973144531
3711.31366108895	786.849975585938
3713.16974039199	786.690002441406
3715.02530867527	785.744995117188
3716.88036613164	785.690002441406
3718.73491295385	785.400024414063
3720.58894933456	784.385009765625
3722.44247546634	783.934997558594
3724.29549154166	784.450012207031
3726.14799775289	783.835021972656
3727.9999942923	782.344970703125
3729.85148135209	781.719970703125
3731.70245912432	781.844970703125
3733.55292780098	781.794982910156
3735.40288757397	781.815002441406
3737.25233863509	781.825012207031
3739.10128117603	782.369995117188
3740.9497153884	782.580017089844
3742.7976414637	782.234985351563
3744.64505959335	782.294982910156
3746.49196996866	782.130004882813
3748.33837278086	781.885009765625
3750.18426822108	780.950012207031
3752.02965648033	781.080017089844
3753.87453774956	780.900024414063
3755.7189122196	780.890014648438
3757.5627800812	781.664978027344
3759.40614152501	781.880004882813
3761.24899674159	781.690002441406
3763.09134592138	781.715026855469
3764.93318925476	781.849975585938
3766.77452693199	780.924987792969
3768.61535914325	779.804992675781
3770.45568607861	779.859985351563
3772.29550792807	779.385009765625
3774.1348248815	779.75
3775.9736371287	779.570007324219
3777.81194485938	778.97998046875
