32.6816976106991	715.284973144531
35.6535599501435	715.174987792969
38.6244374909659	715.219970703125
41.5943306947054	715.159973144531
44.5632400226282	715.159973144531
47.5311659356917	715.159973144531
50.4981088945929	715.085021972656
53.4640693597127	715.015014648438
56.4290477911676	715.094970703125
59.3930446487746	715.099975585938
62.356060392067	715.099975585938
65.3180954802906	715.059997558594
68.2791503724084	715.080017089844
71.2392255270922	714.934997558594
74.1983214027271	715.164978027344
77.1564384574159	715.155029296875
80.113577148983	715.099975585938
83.0697379349549	714.820007324219
86.0249212725722	715.130004882813
88.9791276188058	715.10498046875
91.9323574303255	715.075012207031
94.8846111635238	715.130004882813
97.8358892745121	715.190002441406
100.786192219114	715.10498046875
103.73552045287	715.174987792969
106.683874431037	715.140014648438
109.631254608583	715.419982910156
112.577661440203	715.474975585938
115.523095380307	715.375
118.467556883015	715.445007324219
121.411046402175	716.130004882813
124.353564391344	716.700012207031
127.295111303796	717.905029296875
130.235687592532	719.765014648438
133.175293710265	723.174987792969
136.113930109434	727.914978027344
139.051597242185	734.755004882813
141.98829556039	742.965026855469
144.92402551564	751.945007324219
147.858787559244	761.179992675781
150.792582142239	768.159973144531
153.725409715372	773.760009765625
156.65727072911	776.844970703125
159.588165633643	780.030029296875
162.518094878884	782.135009765625
165.447058914469	783.200012207031
168.375058189747	785.155029296875
171.302093153792	783.72998046875
174.228164255401	783.265014648438
177.153271943091	783.724975585938
180.077416665101	784.35498046875
183.000598869394	785.5
185.922819003656	785.684997558594
188.84407751529	787.469970703125
191.764374851424	788.900024414063
194.683711458919	791.950012207031
197.60208778434	795.359985351563
200.519504273992	799.695007324219
203.435961373894	804.114990234375
206.351459529801	808.155029296875
209.265999187174	813.080017089844
212.179580791207	818.205017089844
215.092204786825	822.72998046875
218.003871618673	827.539978027344
220.914581731116	833.385009765625
223.824335568247	838.344970703125
226.733133573893	843.184997558594
229.640976191593	846.840026855469
232.547863864614	847.289978027344
235.453797035961	848.565002441406
238.358776148354	850.159973144531
241.26280164424	848.575012207031
244.1658739658	848.525024414063
247.067993554929	848.664978027344
249.969160853266	848.815002441406
252.869376302162	849.135009765625
255.768640342707	850.364990234375
258.666953415705	850.835021972656
261.564315961705	851.085021972656
264.46072842097	852.450012207031
267.356191233499	851.619995117188
270.25070483901	851.080017089844
273.144269676967	850.619995117188
276.036886186551	850.10498046875
278.928554806671	850.664978027344
281.819275975966	850.630004882813
284.709050132812	850.034973144531
287.597877715306	850.135009765625
290.485759161281	851.75
293.372694908298	852.594970703125
296.258685393644	854.265014648438
299.143731054352	853.25
302.027832327156	851.664978027344
304.910989648557	851.880004882813
307.79320345476	853.705017089844
310.674474181717	856.070007324219
313.554802265101	856.505004882813
316.434188140326	855.655029296875
319.312632242533	855.619995117188
322.190135006593	855.969970703125
325.066696867117	855.494995117188
327.942318258443	854.364990234375
330.816999614641	853.474975585938
333.690741369517	853.140014648438
336.56354395661	853.664978027344
339.435407809193	853.030029296875
342.306333360273	853.789978027344
345.176321042591	854.289978027344
348.045371288612	855.594970703125
350.913484530551	855.934997558594
353.78066120035	856.14501953125
356.64690172969	855.760009765625
359.512206549972	855.539978027344
362.376576092357	854.174987792969
365.240010787716	853.294982910156
368.102511066677	854.010009765625
370.964077359587	853.890014648438
373.82471009654	853.119995117188
376.684409707364	852.650024414063
379.543176621612	852.385009765625
382.401011268595	851.640014648438
385.257914077343	852.64501953125
388.113885476627	853.609985351563
390.968925894961	853.955017089844
393.823035760591	856.35498046875
396.676215501503	859.239990234375
399.528465545415	860.775024414063
402.379786319791	862.190002441406
405.230178251834	861.164978027344
408.079641768472	861.474975585938
410.928177296387	863.804992675781
413.775785261992	865.049987792969
416.622466091445	865.090026855469
419.468220210631	864.919982910156
422.313048045182	864.169982910156
425.156950020479	865.054992675781
427.999926561623	865.325012207031
430.841978093471	863.840026855469
433.683105040613	864.309997558594
436.523307827384	864.190002441406
439.362586877851	863.309997558594
442.200942615829	862.025024414063
445.038375464876	862.445007324219
447.874885848283	863.02001953125
450.710474189089	860.64501953125
453.54514091007	859.434997558594
456.37888643375	859.224975585938
459.211711182386	856.880004882813
462.043615577986	854.840026855469
464.874600042297	855.570007324219
467.704664996804	853.405029296875
470.533810862741	850.890014648438
473.36203806108	853.715026855469
476.189347012547	856.22998046875
479.015738137594	856.210021972656
481.841211856432	856.054992675781
484.665768589008	856.809997558594
487.489408755009	857.469970703125
490.312132773878	856.469970703125
493.133941064796	853.919982910156
495.954834046683	851.125
498.77481213821	847.609985351563
501.593875757797	846.515014648438
504.412025323601	843.034973144531
507.229261253524	838.424987792969
510.045583965226	832.929992675781
512.860993876093	829.960021972656
515.675491403271	826.494995117188
518.489076963649	823.724975585938
521.301750973863	821.210021972656
524.113513850293	820.549987792969
526.924366009065	818.094970703125
529.734307866052	815.789978027344
532.543339836881	814.255004882813
535.35146233692	813.044982910156
538.158675781281	811.539978027344
540.964980584833	809.969970703125
543.770377162182	808.835021972656
546.574865927692	807.849975585938
549.378447295465	806.820007324219
552.181121679365	806.445007324219
554.982889492993	805.455017089844
557.783751149701	804.905029296875
560.583707062591	803.419982910156
563.38275764452	803.169982910156
566.180903308083	803.765014648438
568.978144465633	803.885009765625
571.774481529266	802.799987792969
574.569914910839	801.130004882813
577.364445021949	800.554992675781
580.158072273946	801.109985351563
582.950797077926	801.155029296875
585.742619844752	801.044982910156
588.533540985018	801.744995117188
591.323560909078	800.844970703125
594.112680027034	800.650024414063
596.90089874875	800.304992675781
599.688217483828	800.484985351563
602.474636641629	800.294982910156
605.260156631263	800.164978027344
608.044777861596	799.385009765625
610.828500741241	798.885009765625
613.611325678567	800.039978027344
616.393253081697	800.375
619.174283358506	800.260009765625
621.954416916616	799.609985351563
624.733654163414	798.224975585938
627.511995506029	796.945007324219
630.289441351351	796.375
633.065992106022	795.390014648438
635.841648176434	796.065002441406
638.616409968744	796.530029296875
641.390277888847	796.909973144531
644.163252342408	797.275024414063
646.93533373484	797.445007324219
649.706522471307	797.150024414063
652.47681895674	796.609985351563
655.246223595811	795.840026855469
658.014736792957	796.150024414063
660.782358952371	796.664978027344
663.549090477999	796.940002441406
666.314931773542	797.114990234375
669.079883242452	796.799987792969
671.843945287955	797.39501953125
674.607118313019	797.804992675781
677.369402720366	797.809997558594
680.130798912488	798.184997558594
682.891307291627	799.174987792969
685.650928259784	798.934997558594
688.409662218708	797.89501953125
691.167509569927	797.734985351563
693.924470714705	797.724975585938
696.680546054078	797.469970703125
699.435735988832	798.325012207031
702.190040919516	798.789978027344
704.943461246442	798.215026855469
707.695997369667	797.015014648438
710.447649689022	797.22998046875
713.198418604088	796.784973144531
715.948304514206	796.505004882813
718.697307818481	796.265014648438
721.445428915779	796.674987792969
724.192668204716	797.219970703125
726.93902608368	797.375
729.684502950805	797.755004882813
732.429099204005	797.585021972656
735.172815240936	797.5
737.915651459026	797.929992675781
740.657608255463	798.280029296875
743.398686027186	799.054992675781
746.13888517091	800.534973144531
748.878206083102	800.22998046875
751.616649159998	799.429992675781
754.354214797584	800.330017089844
757.09090339162	801.585021972656
759.826715337622	800.940002441406
762.561651030868	800.39501953125
765.295710866406	799.744995117188
768.028895239041	799.304992675781
770.761204543336	799.544982910156
773.492639173626	799.335021972656
776.223199524006	799.469970703125
778.952885988334	801
781.681698960235	802.090026855469
784.40963883309	802.369995117188
787.136706000052	802.635009765625
789.862900854037	803.155029296875
792.588223787721	802.820007324219
795.312675193549	802.885009765625
798.036255463728	804.349975585938
800.758964990228	804.924987792969
803.480804164792	804.364990234375
806.201773378919	805.114990234375
808.921873023884	806.195007324219
811.641103490712	806.325012207031
814.359465170214	806.885009765625
817.076958452946	808.825012207031
819.793583729246	810.950012207031
822.509341389214	812.309997558594
825.224231822712	813.72998046875
827.938255419375	817.130004882813
830.651412568596	817.445007324219
833.363703659544	817.299987792969
836.075129081157	815.804992675781
838.785689222127	815.674987792969
841.495384470928	816.72998046875
844.204215215788	817.155029296875
846.912181844721	820.034973144531
849.619284745491	822.585021972656
852.325524305638	822.570007324219
855.030900912475	822.330017089844
857.735414953079	820.184997558594
860.439066814289	817.424987792969
863.141856882725	815.325012207031
865.843785544769	814.760009765625
868.544853186571	813.830017089844
871.245060194063	813.35498046875
873.944406952925	812.369995117188
876.642893848625	812.340026855469
879.340521266398	812.25
882.037289591241	812.294982910156
884.733199207927	813.140014648438
887.428250501001	813.344970703125
890.122443854778	814.280029296875
892.815779653335	813.299987792969
895.508258280534	814.380004882813
898.199880119997	815.820007324219
900.890645555129	816.89501953125
903.580554969094	816.679992675781
906.269608744832	816.094970703125
908.957807265056	814.559997558594
911.645150912257	815.340026855469
914.331640068689	815.530029296875
917.017275116375	815.715026855469
919.702056437128	815.065002441406
922.385984412518	817.135009765625
925.069059423886	819.494995117188
927.751281852366	821.440002441406
930.432652078842	822
933.113170483983	822.224975585938
935.79283744823	823.674987792969
938.471653351806	824.255004882813
941.149618574686	824.934997558594
943.826733496641	825.109985351563
946.502998497206	830.494995117188
949.178413955689	825.909973144531
951.85298025118	825.35498046875
954.526697762544	825.780029296875
957.199566868403	826.380004882813
959.87158794718	825.775024414063
962.542761377054	825.405029296875
965.213087535987	824.215026855469
967.882566801719	823.760009765625
970.551199551761	822.27001953125
973.218986163399	821.97998046875
975.885927013698	821.159973144531
978.552022479501	821.64501953125
981.217272937423	821.635009765625
983.88167876386	823.340026855469
986.545240334978	824.429992675781
989.207958026729	827.234985351563
991.869832214835	829.544982910156
994.530863274798	836.35498046875
997.191051581895	845.429992675781
999.850397511185	854.299987792969
1002.50890143751	861.815002441406
1005.16656373546	864.684997558594
1007.82338477944	863.325012207031
1010.47936494363	857.239990234375
1013.13450460195	850.820007324219
1015.78880412815	844.544982910156
1018.44226389572	842.75
1021.09488427794	841.380004882813
1023.74666564789	841.630004882813
1026.3976083784	842.25
1029.04771284208	844.590026855469
1031.69697941135	847.585021972656
1034.34540845838	848.974975585938
1036.99300035512	848.369995117188
1039.63975547333	847.780029296875
1042.28567418452	847.159973144531
1044.93075685998	847.580017089844
1047.57500387081	849.025024414063
1050.21841558786	850.219970703125
1052.86099238177	852.155029296875
1055.50273462297	856.090026855469
1058.14364268167	860.054992675781
1060.78371692784	863.47998046875
1063.42295773126	866.219970703125
1066.06136546148	868.164978027344
1068.69894048781	864.830017089844
1071.33568317939	859.705017089844
1073.9715939051	858.27001953125
1076.60667303362	854.119995117188
1079.24092093341	851.179992675781
1081.87433797271	849.294982910156
1084.50692451954	846.799987792969
1087.13868094172	844
1089.76960760684	840.284973144531
1092.39970488226	837.150024414063
1095.02897313516	835.14501953125
1097.65741273246	832.919982910156
1100.28502404089	832.260009765625
1102.91180742697	831.830017089844
1105.53776325698	831.755004882813
1108.16289189701	830.934997558594
1110.78719371291	830.534973144531
1113.41066907033	828.679992675781
1116.0333183347	827.794982910156
1118.65514187124	828.825012207031
1121.27614004495	830.299987792969
1123.89631322061	829.830017089844
1126.51566176279	828.849975585938
1129.13418603585	828.859985351563
1131.75188640394	825.559997558594
1134.36876323098	821.929992675781
1136.98481688069	817.594970703125
1139.60004771655	813.75
1142.21445610187	811.549987792969
1144.82804239972	812.114990234375
1147.44080697295	811.309997558594
1150.05275018421	813.469970703125
1152.66387239593	814.534973144531
1155.27417397034	816.184997558594
1157.88365526943	816.174987792969
1160.49231665502	815.215026855469
1163.10015848867	814.505004882813
1165.70718113176	814.739990234375
1168.31338494544	816.39501953125
1170.91877029067	816.630004882813
1173.52333752817	815.135009765625
1176.12708701847	815.780029296875
1178.73001912187	815.380004882813
1181.33213419848	816.60498046875
1183.93343260819	816.580017089844
1186.53391471068	814.419982910156
1189.13358086539	813.255004882813
1191.73243143161	814.640014648438
1194.33046676836	815.059997558594
1196.92768723449	815.950012207031
1199.52409318861	818.869995117188
1202.11968498915	821.549987792969
1204.7144629943	824.14501953125
1207.30842756206	824.739990234375
1209.90157905021	826.489990234375
1212.49391781634	826.679992675781
1215.08544421779	824.760009765625
1217.67615861174	823.614990234375
1220.26606135512	822.905029296875
1222.85515280468	822.385009765625
1225.44343331694	824.820007324219
1228.03090324823	827.405029296875
1230.61756295466	830.460021972656
1233.20341279213	832.539978027344
1235.78845311634	833.780029296875
1238.37268428278	835.130004882813
1240.95610664673	836.474975585938
1243.53872056325	838.5
1246.12052638722	839.315002441406
1248.70152447329	836.875
1251.28171517591	836.914978027344
1253.86109884934	836.184997558594
1256.43967584759	838.299987792969
1259.0174465245	841.02001953125
1261.5944112337	841.719970703125
1264.1705703286	841.390014648438
1266.74592416241	840.804992675781
1269.32047308814	839.77001953125
1271.89421745858	840.205017089844
1274.46715762633	838.934997558594
1277.03929394377	840.469970703125
1279.61062676308	841.094970703125
1282.18115643624	840.239990234375
1284.75088331502	840.635009765625
1287.31980775098	839.27001953125
1289.88793009548	839.549987792969
1292.45525069969	838.869995117188
1295.02176991454	837.570007324219
1297.58748809078	839.114990234375
1300.15240557897	839.885009765625
1302.71652272942	842.130004882813
1305.27983989229	843.219970703125
1307.84235741749	844.755004882813
1310.40407565475	846.265014648438
1312.9649949536	848.260009765625
1315.52511566335	848.390014648438
1318.08443813311	849.169982910156
1320.64296271181	850.015014648438
1323.20068974815	848.940002441406
1325.75761959063	848.880004882813
1328.31375258756	849.284973144531
1330.86908908704	849.840026855469
1333.42362943696	848.719970703125
1335.97737398503	849.940002441406
1338.53032307874	851.114990234375
1341.08247706537	852.554992675781
1343.63383629202	851.700012207031
1346.18440110558	848.359985351563
1348.73417185274	845.599975585938
1351.28314887997	841.52001953125
1353.83133253357	837.164978027344
1356.37872315961	835.35498046875
1358.92532110398	833.635009765625
1361.47112671237	831.655029296875
1364.01614033024	828.684997558594
1366.56036230288	826.794982910156
1369.10379297537	826.294982910156
1371.64643269258	823.085021972656
1374.18828179921	822.570007324219
1376.72934063972	821.989990234375
1379.2696095584	821.575012207031
1381.80908889932	821.414978027344
1384.34777900637	820.179992675781
1386.88568022323	820.405029296875
1389.42279289337	821.539978027344
1391.95911736009	822.400024414063
1394.49465396645	824.465026855469
1397.02940305537	825.085021972656
1399.5633649695	824.575012207031
1402.09654005135	824.580017089844
1404.6289286432	825.965026855469
1407.16053108714	827.809997558594
1409.69134772507	829.349975585938
1412.22137889868	828.369995117188
1414.75062494947	826.140014648438
1417.27908621874	826.210021972656
1419.80676304759	827.510009765625
1422.33365577692	829.859985351563
1424.85976474744	831.039978027344
1427.38509029967	832.450012207031
1429.90963277392	833.594970703125
1432.4333925103	836.385009765625
1434.95636984873	841.544982910156
1437.47856512894	845.940002441406
1439.99997869045	852.340026855469
1442.5206108726	858.989990234375
1445.04046201452	862.5
1447.55953245515	863.325012207031
1450.07782253323	863.919982910156
1452.59533258731	864.190002441406
1455.11206295574	869.909973144531
1457.62801397668	860.919982910156
1460.14318598809	856.39501953125
1462.65757932774	851.859985351563
1465.1711943332	847.335021972656
1467.68403134184	841.434997558594
1470.19609069085	835.025024414063
1472.70737271721	828.755004882813
1475.21787775772	821.715026855469
1477.72760614897	815.440002441406
1480.23655822738	810.640014648438
1482.74473432914	806.789978027344
1485.25213479029	803.135009765625
1487.75875994664	801.155029296875
1490.26461013382	798.294982910156
1492.76968568726	796.679992675781
1495.27398694222	795.77001953125
1497.77751423374	794.765014648438
1500.28026789667	794.929992675781
1502.78224826569	794.090026855469
1505.28345567526	793.625
1507.78389045967	793.075012207031
1510.28355295299	793.690002441406
1512.78244348913	792.869995117188
1515.28056240178	793.275024414063
1517.77791002445	793.419982910156
1520.27448669047	793.025024414063
1522.77029273296	792.330017089844
1525.26532848486	792.619995117188
1527.75959427889	793.825012207031
1530.25309044764	793.260009765625
1532.74581732344	794.484985351563
1535.23777523847	794.059997558594
1537.72896452471	794.719970703125
1540.21938551394	795.405029296875
1542.70903853778	796.544982910156
1545.19792392761	798.385009765625
1547.68604201466	799.710021972656
1550.17339312997	800.349975585938
1552.65997760434	801.47998046875
1555.14579576845	801.955017089844
1557.63084795275	802.505004882813
1560.11513448749	802.080017089844
1562.59865570276	800.330017089844
1565.08141192845	799.875
1567.56340349426	799.820007324219
1570.04463072969	800.484985351563
1572.52509396406	800.539978027344
1575.00479352652	800.39501953125
1577.48372974599	802.39501953125
1579.96190295124	803.140014648438
1582.43931347083	804.580017089844
1584.91596163314	804.609985351563
1587.39184776636	805.455017089844
1589.86697219849	805.700012207031
1592.34133525734	806.284973144531
1594.81493727054	807.505004882813
1597.28777856553	810.890014648438
1599.75985946955	813.830017089844
1602.23118030968	816.830017089844
1604.70174141278	818.030029296875
1607.17154310555	818.960021972656
1609.64058571449	820.695007324219
1612.10886956591	821.239990234375
1614.57639498595	819.109985351563
1617.04316230054	816.994995117188
1619.50917183543	816.799987792969
1621.97442391621	816.554992675781
1624.43891886825	815.510009765625
1626.90265701674	814.419982910156
1629.36563868671	814.260009765625
1631.82786420296	816.080017089844
1634.28933389016	817.934997558594
1636.75004807274	818.72998046875
1639.21000707498	822.39501953125
1641.66921122097	824.775024414063
1644.12766083459	830.155029296875
1646.58535623956	834.440002441406
1649.04229775941	838.164978027344
1651.4984857175	842.025024414063
1653.95392043697	845.97998046875
1656.40860224079	846.150024414063
1658.86253145177	846.974975585938
1661.3157083925	845.780029296875
1663.76813338542	843.669982910156
1666.21980675275	843.265014648438
1668.67072881656	841.789978027344
1671.1208998987	840.409973144531
1673.57032032089	837.625
1676.0189904046	833.700012207031
1678.46691047118	829.239990234375
1680.91408084174	824.625
1683.36050183726	819.255004882813
1685.8061737785	816.094970703125
1688.25109698605	811.094970703125
1690.69527178032	808.215026855469
1693.13869848153	803.474975585938
1695.58137740972	801.974975585938
1698.02330888476	798.515014648438
1700.46449322631	794.60498046875
1702.90493075388	792.609985351563
1705.34462178678	789.789978027344
1707.78356664414	788.784973144531
1710.22176564492	788.174987792969
1712.65921910787	785.799987792969
1715.0959273516	784.195007324219
1717.53189069449	784.844970703125
1719.9671094548	784.065002441406
1722.40158395054	784.030029296875
1724.8353144996	784.044982910156
1727.26830141965	782.674987792969
1729.70054502819	783.635009765625
1732.13204564255	783.724975585938
1734.56280357987	783.109985351563
1736.99281915711	782.710021972656
1739.42209269106	782.440002441406
1741.85062449831	782.469970703125
1744.27841489529	782.190002441406
1746.70546419823	781.594970703125
1749.13177272321	781.684997558594
1751.5573407861	781.700012207031
1753.98216870262	780.710021972656
1756.40625678828	781.585021972656
1758.82960535844	781.440002441406
1761.25221472825	780.924987792969
1763.67408521271	781.244995117188
1766.09521712663	782.094970703125
1768.51561078464	780.989990234375
1770.93526650119	781.255004882813
1773.35418459056	781.015014648438
1775.77236536684	781.054992675781
1778.18980914396	781.239990234375
1780.60651623565	781.284973144531
1783.02248695548	780.469970703125
1785.43772161684	780.315002441406
1787.85222053292	780.945007324219
1790.26598401677	780.469970703125
1792.67901238123	780.840026855469
1795.09130593899	781.289978027344
1797.50286500254	780.484985351563
1799.9136898842	780.169982910156
1802.32378089613	779.419982910156
1804.73313835028	780.030029296875
1807.14176255846	779.969970703125
1809.54965383228	779.950012207031
1811.95681248317	779.669982910156
1814.36323882242	779.799987792969
1816.76893316109	779.965026855469
1819.17389581011	779.169982910156
1821.57812708021	779.380004882813
1823.98162728196	778.715026855469
1826.38439672573	780.070007324219
1828.78643572174	780.109985351563
1831.18774458003	780.094970703125
1833.58832361045	780.445007324219
1835.98817312269	779.934997558594
1838.38729342625	778.364990234375
1840.78568483048	778.125
1843.18334764454	778.460021972656
1845.58028217741	777.450012207031
1847.9764887379	778.080017089844
1850.37196763465	779.080017089844
1852.76671917613	779.315002441406
1855.16074367062	779.299987792969
1857.55404142624	779.77001953125
1859.94661275094	779.659973144531
1862.33845795247	779.385009765625
1864.72957733844	779.344970703125
1867.11997121627	778.960021972656
1869.5096398932	779.184997558594
1871.89858367631	778.284973144531
1874.28680287251	778.85498046875
1876.67429778851	778.705017089844
1879.06106873089	778.025024414063
1881.44711600601	778.75
1883.8324399201	778.809997558594
1886.21704077919	778.030029296875
1888.60091888915	778.284973144531
1890.98407455567	779.215026855469
1893.36650808428	779.27001953125
1895.74821978033	779.010009765625
1898.12920994899	779.320007324219
1900.50947889527	778.405029296875
1902.88902692401	778.174987792969
1905.26785433986	778.815002441406
1907.64596144734	779.494995117188
1910.02334855075	778.784973144531
1912.40001595424	779.155029296875
1914.7759639618	779.455017089844
1917.15119287724	779.445007324219
1919.52570300419	779.835021972656
1921.89949464611	779.440002441406
1924.27256810632	779.335021972656
1926.64492368793	779.469970703125
1929.0165616939	779.044982910156
1931.38748242701	779.155029296875
1933.75768618989	778.85498046875
1936.12717328497	778.674987792969
1938.49594401455	778.85498046875
1940.86399868071	779.679992675781
1943.23133758541	779.174987792969
1945.5979610304	778.969970703125
1947.96386931729	780.224975585938
1950.32906274751	780.090026855469
1952.69354162232	779.510009765625
1955.0573062428	779.210021972656
1957.42035690989	779.265014648438
1959.78269392434	779.205017089844
1962.14431758673	779.070007324219
1964.50522819748	778.640014648438
1966.86542605684	779.210021972656
1969.22491146488	779.544982910156
1971.58368472153	779.914978027344
1973.94174612654	778.659973144531
1976.29909597945	779.419982910156
1978.65573457971	779.700012207031
1981.01166222654	779.219970703125
1983.36687921902	779.47998046875
1985.72138585606	779.549987792969
1988.07518243639	778.724975585938
1990.42826925859	778.614990234375
1992.78064662106	778.505004882813
1995.13231482205	779.210021972656
1997.48327415961	779.054992675781
1999.83352493167	778.684997558594
2002.18306743594	778.780029296875
2004.53190197002	778.659973144531
2006.8800288313	779
2009.22744831703	779.005004882813
2011.57416072427	778.309997558594
2013.92016634993	778.905029296875
2016.26546549076	778.905029296875
2018.61005844332	778
2020.95394550404	777.599975585938
2023.29712696915	778.174987792969
2025.63960313474	778.460021972656
2027.98137429672	778.840026855469
2030.32244075083	778.905029296875
2032.66280279266	779.140014648438
2035.00246071763	779.799987792969
2037.34141482099	778.10498046875
2039.67966539784	778.429992675781
2042.01721274309	778.255004882813
2044.35405715151	778.64501953125
2046.69019891769	779.169982910156
2049.02563833606	779.159973144531
2051.3603757009	779.64501953125
2053.6944113063	778.900024414063
2056.0277454462	778.700012207031
2058.36037841439	779.10498046875
2060.69231050446	778.664978027344
2063.02354200988	778.64501953125
2065.35407322392	778.97998046875
2067.68390443971	779.309997558594
2070.01303595021	779.440002441406
2072.3414680482	779.534973144531
2074.66920102633	779.47998046875
2076.99623517706	779.044982910156
2079.32257079271	779.255004882813
2081.6482081654	779.64501953125
2083.97314758713	779.659973144531
2086.29738934971	779.705017089844
2088.62093374481	780.030029296875
2090.94378106391	780.325012207031
2093.26593159835	779.440002441406
2095.5873856393	779.875
2097.90814347777	780.085021972656
2100.2282054046	779.419982910156
2102.54757171048	780.710021972656
2104.86624268594	780.205017089844
2107.18421862133	781.025024414063
2109.50149980686	780.405029296875
2111.81808653257	779.484985351563
2114.13397908834	780.044982910156
2116.44917776388	780.330017089844
2118.76368284875	780.755004882813
2121.07749463235	781.224975585938
2123.39061340391	781.114990234375
2125.70303945252	781.690002441406
2128.01477306707	781.114990234375
2130.32581453634	780.14501953125
2132.63616414891	780.080017089844
2134.94582219322	780.325012207031
2137.25478895754	779.534973144531
2139.56306472999	780.010009765625
2141.87064979851	781.005004882813
2144.17754445092	780.859985351563
2146.48374897484	780.940002441406
2148.78926365774	780.739990234375
2151.09408878695	780.090026855469
2153.39822464963	780.64501953125
2155.70167153277	780.539978027344
2158.00442972321	780.505004882813
2160.30649950763	780.664978027344
2162.60788117256	780.934997558594
2164.90857500436	780.760009765625
2167.20858128923	781.215026855469
2169.50790031323	781.099975585938
2171.80653236223	780.945007324219
2174.10447772198	780.775024414063
2176.40173667804	780.755004882813
2178.69830951582	781.224975585938
2180.99419652058	780.885009765625
2183.28939797743	780.940002441406
2185.5839141713	780.684997558594
2187.87774538698	779.525024414063
2190.17089190908	780.705017089844
2192.46335402209	780.599975585938
2194.75513201032	780.309997558594
2197.04622615791	779.960021972656
2199.33663674886	780.554992675781
2201.62636406702	779.905029296875
2203.91540839606	780.14501953125
2206.20377001952	779.885009765625
2208.49144922077	779.159973144531
2210.77844628302	779.940002441406
2213.06476148933	780.344970703125
2215.3503951226	780.280029296875
2217.63534746557	780.335021972656
2219.91961880085	779.559997558594
2222.20320941085	780.385009765625
2224.48611957785	780.640014648438
2226.76834958399	780.780029296875
2229.04989971122	779.289978027344
2231.33077024136	779.885009765625
2233.61096145607	779.669982910156
2235.89047363683	780.789978027344
2238.169307065	780.974975585938
2240.44746202178	780.710021972656
2242.72493878819	780.984985351563
2245.00173764511	781.140014648438
2247.27785887327	780.674987792969
2249.55330275324	780.364990234375
2251.82806956545	780.655029296875
2254.10215959014	780.505004882813
2256.37557310744	780.900024414063
2258.64831039729	780.809997558594
2260.92037173949	779.989990234375
2263.19175741368	780.075012207031
2265.46246769938	781.434997558594
2267.7325028759	781.75
2270.00186322243	780.984985351563
2272.270549018	781.320007324219
2274.5385605415	780.794982910156
2276.80589807165	781.734985351563
2279.07256188702	781.47998046875
2281.33855226601	782.140014648438
2283.60386948691	781.065002441406
2285.86851382782	782.039978027344
2288.1324855667	781.544982910156
2290.39578498136	781.244995117188
2292.65841234945	780.419982910156
2294.92036794847	780.825012207031
2297.18165205578	780.025024414063
2299.44226494856	779.960021972656
2301.70220690387	780.969970703125
2303.96147819859	781.335021972656
2306.22007910947	781.419982910156
2308.47800991309	781.609985351563
2310.73527088589	781.155029296875
2312.99186230416	782.080017089844
2315.24778444403	782.900024414063
2317.50303758149	781.994995117188
2319.75762199235	782.390014648438
2322.01153795231	783.174987792969
2324.26478573689	783.594970703125
2326.51736562147	783.200012207031
2328.76927788127	782.97998046875
2331.02052279137	783.059997558594
2333.2711006267	783.065002441406
2335.52101166203	782.190002441406
2337.77025617198	782.340026855469
2340.01883443103	781.775024414063
2342.2667467135	782.400024414063
2344.51399329356	782.150024414063
2346.76057444525	781.375
2349.00649044241	781.174987792969
2351.2517415588	783.005004882813
2353.49632806796	782.460021972656
2355.74025024334	782.489990234375
2357.98350835819	781.619995117188
2360.22610268566	781.135009765625
2362.4680334987	781.724975585938
2364.70930107016	780.650024414063
2366.94990567269	780.780029296875
2369.18984757884	781.47998046875
2371.42912706098	782.184997558594
2373.66774439134	782.119995117188
2375.90569984199	781.664978027344
2378.14299368488	781.60498046875
2380.37962619179	782.445007324219
2382.61559763435	782.294982910156
2384.85090828405	782.030029296875
2387.08555841222	782.119995117188
2389.31954829006	781.885009765625
2391.55287818861	781.859985351563
2393.78554837877	782.635009765625
2396.01755913128	782.429992675781
2398.24891071673	782.614990234375
2400.47960340558	782.695007324219
2402.70963746814	782.359985351563
2404.93901317456	782.844970703125
2407.16773079485	782.804992675781
2409.39579059887	783.599975585938
2411.62319285633	783.924987792969
2413.84993783681	783.385009765625
2416.07602580971	783.200012207031
2418.30145704432	784.234985351563
2420.52623180977	784.289978027344
2422.75035037503	783.909973144531
2424.97381300893	784.760009765625
2427.19661998017	785.349975585938
2429.41877155729	785.304992675781
2431.64026800867	785.799987792969
2433.86110960257	785.85498046875
2436.08129660709	785.75
2438.30082929019	785.534973144531
2440.51970791967	785.280029296875
2442.73793276321	785.484985351563
2444.95550408832	785.830017089844
2447.17242216237	784.52001953125
2449.38868725259	784.609985351563
2451.60429962607	784.544982910156
2453.81925954975	784.859985351563
2456.03356729041	783.695007324219
2458.2472231147	782.989990234375
2460.46022728913	783.289978027344
2462.67258008005	784.950012207031
2464.88428175368	784.119995117188
2467.09533257608	784.179992675781
2469.30573281318	784.289978027344
2471.51548273076	783.469970703125
2473.72458259445	783.715026855469
2475.93303266974	784.929992675781
2478.14083322198	784.715026855469
2480.34798451637	785.179992675781
2482.55448681797	784.465026855469
2484.76034039169	783.200012207031
2486.96554550231	782.684997558594
2489.17010241445	783.469970703125
2491.37401139259	785.10498046875
2493.57727270109	785.414978027344
2495.77988660412	785.094970703125
2497.98185336574	784.924987792969
2500.18317324987	784.090026855469
2502.38384652028	784.219970703125
2504.58387344058	784.594970703125
2506.78325427425	785.344970703125
2508.98198928465	784.880004882813
2511.18007873495	785.099975585938
2513.37752288821	784.419982910156
2515.57432200735	785.085021972656
2517.77047635514	784.75
2519.96598619419	784.184997558594
2522.16085178699	784.549987792969
2524.35507339589	785.609985351563
2526.54865128308	786.030029296875
2528.74158571062	785.525024414063
2530.93387694042	785.289978027344
2533.12552523427	784.669982910156
2535.31653085379	785.434997558594
2537.50689406046	784.640014648438
2539.69661511566	785.335021972656
2541.88569428057	785.094970703125
2544.07413181627	784.965026855469
2546.26192798368	785.065002441406
2548.44908304359	784.484985351563
2550.63559725664	784.525024414063
2552.82147088333	785.835021972656
2555.00670418402	786.174987792969
2557.19129741894	785.830017089844
2559.37525084817	785.140014648438
2561.55856473164	784.934997558594
2563.74123932917	785.015014648438
2565.92327490039	785.794982910156
2568.10467170484	785.224975585938
2570.28543000189	785.445007324219
2572.46555005079	785.510009765625
2574.64503211063	785.609985351563
2576.82387644036	786.320007324219
2579.00208329882	786.700012207031
2581.17965294468	785.984985351563
2583.35658563648	785.484985351563
2585.53288163263	785.184997558594
2587.70854119137	784.929992675781
2589.88356457084	785.539978027344
2592.05795202902	785.900024414063
2594.23170382376	786.094970703125
2596.40482021275	786.864990234375
2598.57730145356	786.869995117188
2600.74914780363	785.554992675781
2602.92035952023	786.460021972656
2605.09093686053	787.174987792969
2607.26088008153	787.364990234375
2609.4301894401	787.690002441406
2611.59886519299	787.419982910156
2613.76690759678	787.530029296875
2615.93431690793	787.275024414063
2618.10109338277	788.159973144531
2620.26723727748	787.635009765625
2622.4327488481	788.330017089844
2624.59762835054	787.825012207031
2626.76187604057	788.044982910156
2628.92549217382	787.85498046875
2631.08847700579	788.744995117188
2633.25083079182	789.450012207031
2635.41255378715	788.909973144531
2637.57364624684	788.695007324219
2639.73410842586	788.309997558594
2641.893940579	789.405029296875
2644.05314296094	789.135009765625
2646.21171582621	789.724975585938
2648.36965942921	789.244995117188
2650.5269740242	790.744995117188
2652.6836598653	789.590026855469
2654.83971720651	789.950012207031
2656.99514630167	789.265014648438
2659.1499474045	789.140014648438
2661.30412076857	789.85498046875
2663.45766664734	791.494995117188
2665.61058529411	791.830017089844
2667.76287696204	790.840026855469
2669.91454190418	791.349975585938
2672.06558037342	790.835021972656
2674.21599262253	791.335021972656
2676.36577890413	791.205017089844
2678.51493947072	790.75
2680.66347457466	790.875
2682.81138446816	790.700012207031
2684.95866940332	791.64501953125
2687.10532963209	792.304992675781
2689.25136540628	792.260009765625
2691.39677697757	793.044982910156
2693.54156459752	792.5
2695.68572851753	791.840026855469
2697.82926898888	793.280029296875
2699.97218626272	793.784973144531
2702.11448059006	793.739990234375
2704.25615222175	795.60498046875
2706.39720140856	794.219970703125
2708.53762840109	795.510009765625
2710.67743344979	795.359985351563
2712.81661680503	796.119995117188
2714.95517871698	796.780029296875
2717.09311943574	798.590026855469
2719.23043921123	799.585021972656
2721.36713829325	800.400024414063
2723.50321693148	801.224975585938
2725.63867537545	801.664978027344
2727.77351387456	801.219970703125
2729.90773267809	802.52001953125
2732.04133203516	802.260009765625
2734.17431219478	802.210021972656
2736.30667340581	800.835021972656
2738.438415917	800.594970703125
2740.56953997695	800.400024414063
2742.70004583414	799.960021972656
2744.82993373688	798.585021972656
2746.9592039334	798.414978027344
2749.08785667177	798.909973144531
2751.21589219993	797.570007324219
2753.34331076568	797.469970703125
2755.4701126167	796.64501953125
2757.59629800054	797.989990234375
2759.7218671646	798.429992675781
2761.84682035617	799.114990234375
2763.9711578224	798.52001953125
2766.0948798103	798.210021972656
2768.21798656676	798.710021972656
2770.34047833852	798.390014648438
2772.46235537222	797.85498046875
2774.58361791434	797.244995117188
2776.70426621124	797.619995117188
2778.82430050915	796.534973144531
2780.94372105416	795.765014648438
2783.06252809224	795.530029296875
2785.18072186922	795.960021972656
2787.29830263081	798.039978027344
2789.41527062257	797.294982910156
2791.53162608996	796.655029296875
2793.64736927828	797.119995117188
2795.76250043271	795.940002441406
2797.8770197983	796.184997558594
2799.99092761997	798.184997558594
2802.10422414252	798.919982910156
2804.21690961059	799.484985351563
2806.32898426873	799.85498046875
2808.44044836132	800.554992675781
2810.55130213264	801.484985351563
2812.66154582682	802.409973144531
2814.77117968788	803.984985351563
2816.8802039597	804.945007324219
2818.98861888601	805.934997558594
2821.09642471046	808.280029296875
2823.20362167653	809.075012207031
2825.31021002756	811.349975585938
2827.41619000682	813.705017089844
2829.52156185738	815.840026855469
2831.62632582224	818.695007324219
2833.73048214422	820.669982910156
2835.83403106606	823.619995117188
2837.93697283033	827.085021972656
2840.03930767951	832.155029296875
2842.1410358559	838.340026855469
2844.24215760173	844.674987792969
2846.34267315905	851.799987792969
2848.44258276982	858.890014648438
2850.54188667585	867.434997558594
2852.64058511883	878.734985351563
2854.73867834032	888.484985351563
2856.83616658175	897.414978027344
2858.93305008443	906.260009765625
2861.02932908952	920.47998046875
2863.12500383809	932.739990234375
2865.22007457104	948.200012207031
2867.31454152918	961.320007324219
2869.40840495316	970.684997558594
2871.50166508353	981.034973144531
2873.59432216069	992.325012207031
2875.68637642493	1002.26000976563
2877.77782811641	1009.58001708984
2879.86867747515	1009.83502197266
2881.95892474105	1011.125
2884.0485701539	1012.48498535156
2886.13761395333	1013.59497070313
2888.22605637886	1013.69000244141
2890.3138976699	1015.70001220703
2892.40113806571	1021.06500244141
2894.48777780544	1032.38500976563
2896.57381712808	1041.24499511719
2898.65925627254	1045.13000488281
2900.74409547758	1050.59997558594
2902.82833498183	1056.5849609375
2904.9119750238	1066.34497070313
2906.99501584188	1078.92504882813
2909.07745767432	1093.28002929688
2911.15930075925	1108.83996582031
2913.24054533469	1119.61499023438
2915.3211916385	1130.77502441406
2917.40123990846	1142.40502929688
2919.48069038217	1158.50500488281
2921.55954329716	1161.64501953125
2923.63779889079	1166.55004882813
2925.71545740033	1179.07495117188
2927.79251906289	1190.96997070313
2929.86898411548	1197.75
2931.94485279498	1200.92004394531
2934.02012533815	1201.20495605469
2936.0948019816	1202.25
2938.16888296184	1192.19995117188
2940.24236851525	1175.10998535156
2942.31525887809	1162.99499511719
2944.38755428648	1153.83996582031
2946.45925497643	1140.57995605469
2948.53036118382	1123.9599609375
2950.6008731444	1107.0400390625
2952.67079109381	1093.7900390625
2954.74011526755	1077.80505371094
2956.80884590101	1065.57495117188
2958.87698322944	1065.5
2960.94452748799	1063.18005371094
2963.01147891167	1054.6650390625
2965.07783773535	1045.88000488281
2967.14360419382	1035.10998535156
2969.2087785217	1028.64501953125
2971.27336095352	1022.51501464844
2973.33735172366	1015.29498291016
2975.40075106641	1006.25
2977.46355921591	999.099975585938
2979.52577640618	991.265014648438
2981.58740287112	980.994995117188
2983.64843884452	972.710021972656
2985.70888456003	965.515014648438
2987.76874025117	956.469970703125
2989.82800615137	948.534973144531
2991.88668249391	937.950012207031
2993.94476951194	924.919982910156
2996.00226743852	913.984985351563
2998.05917650657	904.849975585938
3000.11549694887	897.554992675781
3002.17122899812	889.5
3004.22637288685	882.35498046875
3006.2809288475	875.224975585938
3008.33489711238	867.674987792969
3010.38827791368	862.755004882813
3012.44107148345	856.135009765625
3014.49327805366	852.190002441406
3016.5448978561	848.030029296875
3018.59593112249	846.130004882813
3020.64637808441	843.025024414063
3022.6962389733	840.119995117188
3024.74551402051	836.429992675781
3026.79420345725	834.780029296875
3028.84230751461	835.065002441406
3030.88982642357	832.715026855469
3032.93676041497	833.885009765625
3034.98310971955	834.390014648438
3037.02887456791	837.215026855469
3039.07405519054	839.77001953125
3041.11865181781	839.614990234375
3043.16266467996	841.669982910156
3045.20609400713	842.010009765625
3047.24894002932	842.799987792969
3049.2912029764	844.525024414063
3051.33288307815	847.335021972656
3053.37398056421	850.864990234375
3055.41449566411	853.669982910156
3057.45442860725	857.284973144531
3059.49377962291	858.809997558594
3061.53254894026	860.344970703125
3063.57073678834	860.210021972656
3065.60834339607	859.039978027344
3067.64536899227	853.799987792969
3069.68181380561	850.97998046875
3071.71767806467	847.164978027344
3073.75296199788	841.969970703125
3075.78766583357	838.375
3077.82178979997	833.5
3079.85533412513	828.215026855469
3081.88829903705	825.989990234375
3083.92068476356	825.505004882813
3085.95249153241	823.14501953125
3087.98371957119	820.929992675781
3090.01436910741	817.414978027344
3092.04444036844	815.984985351563
3094.07393358152	816.325012207031
3096.10284897381	815.859985351563
3098.13118677232	815.880004882813
3100.15894720395	814.684997558594
3102.18613049548	814.75
3104.21273687357	814.440002441406
3106.23876656477	814.989990234375
3108.2642197955	813.955017089844
3110.28909679208	814.364990234375
3112.31339778069	813.945007324219
3114.33712298741	813.929992675781
3116.36027263819	814.544982910156
3118.38284695887	815.719970703125
3120.40484617516	816.940002441406
3122.42627051268	816.445007324219
3124.4471201969	816.359985351563
3126.46739545319	816.510009765625
3128.4870965068	816.215026855469
3130.50622358287	816.549987792969
3132.5247769064	816.330017089844
3134.54275670229	817.005004882813
3136.56016319534	816.219970703125
3138.57699661019	816.359985351563
3140.59325717139	816.135009765625
3142.60894510338	817.179992675781
3144.62406063047	818.494995117188
3146.63860397686	817.825012207031
3148.65257536662	817.844970703125
3150.66597502371	818.474975585938
3152.67880317199	818.179992675781
3154.69106003518	818.039978027344
3156.70274583691	818.460021972656
3158.71386080065	820.580017089844
3160.72440514981	821.239990234375
3162.73437910763	822.025024414063
3164.74378289728	823.02001953125
3166.75261674179	822.39501953125
3168.76088086407	823.409973144531
3170.76857548692	823.414978027344
3172.77570083303	823.919982910156
3174.78225712498	824.349975585938
3176.78824458521	825.575012207031
3178.79366343607	827.955017089844
3180.79851389977	827.349975585938
3182.80279619844	827.594970703125
3184.80651055405	826.900024414063
3186.80965718849	828.184997558594
3188.81223632353	829.960021972656
3190.81424818081	829.315002441406
3192.81569298186	830.539978027344
3194.8165709481	831.955017089844
3196.81688230084	833.140014648438
3198.81662726126	833.89501953125
3200.81580605044	834.875
3202.81441888933	835.280029296875
3204.81246599879	836.184997558594
3206.80994759954	838.179992675781
3208.80686391219	839.674987792969
3210.80321515726	838.849975585938
3212.79900155512	837.744995117188
3214.79422332605	839.554992675781
3216.78888069021	840.510009765625
3218.78297386765	841.044982910156
3220.77650307828	841.544982910156
3222.76946854195	841.89501953125
3224.76187047834	843.580017089844
3226.75370910705	846.304992675781
3228.74498464755	846.465026855469
3230.73569731921	845.375
3232.72584734127	844.260009765625
3234.71543493287	846.955017089844
3236.70446031304	847.934997558594
3238.69292370068	850.015014648438
3240.68082531459	850.465026855469
3242.66816537345	850.109985351563
3244.65494409583	851.169982910156
3246.6411617002	851.614990234375
3248.62681840488	853.494995117188
3250.61191442812	853.914978027344
3252.59644998804	855.585021972656
3254.58042530263	857.349975585938
3256.56384058979	858.460021972656
3258.54669606731	856.655029296875
3260.52899195285	856.950012207031
3262.51072846396	858.294982910156
3264.4919058181	859.304992675781
3266.47252423259	862.434997558594
3268.45258392464	863.155029296875
3270.43208511138	864.484985351563
3272.41102800978	866.885009765625
3274.38941283675	868.905029296875
3276.36723980904	869.35498046875
3278.34450914332	869.325012207031
3280.32122105613	870.469970703125
3282.29737576392	869.369995117188
3284.272973483	870.700012207031
3286.24801442958	875.034973144531
3288.22249881978	876.75
3290.19642686957	875.320007324219
3292.16979879485	876.260009765625
3294.14261481136	877.380004882813
3296.11487513478	875.864990234375
3298.08657998065	873.950012207031
3300.0577295644	872.679992675781
3302.02832410136	872.400024414063
3303.99836380673	874.369995117188
3305.96784889563	873.755004882813
3307.93677958303	874.080017089844
3309.90515608383	872.344970703125
3311.87297861278	870.77001953125
3313.84024738456	870.010009765625
3315.80696261371	871.929992675781
3317.77312451466	871.320007324219
3319.73873330175	870.044982910156
3321.70378918919	869.599975585938
3323.66829239109	869.734985351563
3325.63224312145	869.385009765625
3327.59564159416	865.580017089844
3329.55848802299	863.669982910156
3331.52078262162	864.414978027344
3333.4825256036	864.719970703125
3335.44371718237	863.744995117188
3337.40435757128	863.590026855469
3339.36444698356	864.294982910156
3341.32398563232	864.039978027344
3343.28297373058	862.909973144531
3345.24141149124	862.465026855469
3347.19929912709	862.690002441406
3349.15663685081	864.869995117188
3351.11342487497	866.10498046875
3353.06966341204	865.859985351563
3355.02535267437	865.065002441406
3356.98049287421	862.005004882813
3358.9350842237	860.744995117188
3360.88912693486	860.460021972656
3362.84262121962	860.155029296875
3364.79556728978	861.575012207031
3366.74796535705	861.674987792969
3368.69981563302	859.289978027344
3370.65111832917	859.114990234375
3372.60187365689	859.434997558594
3374.55208182744	858.090026855469
3376.50174305198	857.35498046875
3378.45085754157	856.950012207031
3380.39942550714	857.195007324219
3382.34744715954	856.909973144531
3384.29492270949	855.47998046875
3386.24185236761	852.510009765625
3388.18823634442	853.455017089844
3390.13407485031	853.510009765625
3392.07936809559	852.580017089844
3394.02411629045	852.114990234375
3395.96831964496	852.864990234375
3397.91197836911	853.335021972656
3399.85509267275	852.505004882813
3401.79766276564	850.260009765625
3403.73968885745	849.195007324219
3405.68117115771	848.455017089844
3407.62210987586	849.025024414063
3409.56250522123	849.375
3411.50235740305	848.640014648438
3413.44166663043	847.010009765625
3415.38043311238	845.335021972656
3417.3186570578	846.494995117188
3419.2563386755	847.315002441406
3421.19347817415	848.099975585938
3423.13007576235	847.039978027344
3425.06613164857	846.119995117188
3427.00164604118	846.14501953125
3428.93661914844	844.974975585938
3430.87105117852	843.815002441406
3432.80494233945	843.200012207031
3434.73829283919	842.590026855469
3436.67110288558	843.659973144531
3438.60337268634	844.635009765625
3440.53510244911	842.989990234375
3442.4662923814	842.195007324219
3444.39694269064	841.200012207031
3446.32705358412	841.445007324219
3448.25662526905	839.940002441406
3450.18565795254	840.784973144531
3452.11415184156	840.679992675781
3454.04210714302	838.965026855469
3455.96952406369	837.080017089844
3457.89640281024	836.859985351563
3459.82274358924	836.369995117188
3461.74854660717	836.650024414063
3463.67381207038	834.625
3465.59854018513	832.445007324219
3467.52273115756	831
3469.44638519373	830.635009765625
3471.36950249956	829.684997558594
3473.29208328091	828.72998046875
3475.21412774349	828.150024414063
3477.13563609293	828.135009765625
3479.05660853476	828.609985351563
3480.97704527438	826.77001953125
3482.89694651712	826.049987792969
3484.81631246818	824.424987792969
3486.73514333266	824.280029296875
3488.65343931557	823.184997558594
3490.57120062179	821.109985351563
3492.48842745612	819.215026855469
3494.40512002324	818.52001953125
3496.32127852773	817.215026855469
3498.23690317408	816.799987792969
3500.15199416666	816.325012207031
3502.06655170974	816.544982910156
3503.98057600749	815.859985351563
3505.89406726396	815.510009765625
3507.80702568312	813.559997558594
3509.71945146883	813.049987792969
3511.63134482483	812.099975585938
3513.54270595478	810
3515.45353506222	809.184997558594
3517.3638323506	808.775024414063
3519.27359802324	808.385009765625
3521.1828322834	807.760009765625
3523.09153533419	805.280029296875
3524.99970737866	803.344970703125
3526.90734861972	803.179992675781
3528.81445926021	803.510009765625
3530.72103950283	803.815002441406
3532.62708955022	801.914978027344
3534.53260960488	800.375
3536.43759986923	799.635009765625
3538.34206054558	797.705017089844
3540.24599183613	797.280029296875
3542.149393943	796.77001953125
3544.05226706817	796.164978027344
3545.95461141357	794.804992675781
3547.85642718097	793.489990234375
3549.75771457208	791.47998046875
3551.6584737885	790.974975585938
3553.55870503171	792.419982910156
3555.4584085031	792.419982910156
3557.35758440396	790.994995117188
3559.25623293548	790.344970703125
3561.15435429874	788.864990234375
3563.05194869473	788.239990234375
3564.94901632432	787.585021972656
3566.84555738829	786.755004882813
3568.74157208732	785.39501953125
3570.63706062199	785.034973144531
3572.53202319277	786.090026855469
3574.42646000003	785.984985351563
3576.32037124406	785.900024414063
3578.213757125	785.299987792969
3580.10661784295	783.960021972656
3581.99895359786	782.684997558594
3583.8907645896	782.609985351563
3585.78205101794	783.049987792969
3587.67281308254	782.335021972656
3589.56305098297	782.429992675781
3591.4527649187	781.744995117188
3593.34195508907	780.184997558594
3595.23062169338	779.210021972656
3597.11876493075	778.455017089844
3599.00638500027	778.159973144531
3600.89348210089	777.815002441406
3602.78005643148	777.679992675781
3604.66610819078	777.929992675781
3606.55163757747	777.434997558594
3608.4366447901	776.174987792969
3610.32113002713	775.190002441406
3612.20509348693	774.744995117188
3614.08853536774	774.594970703125
3615.97145586773	774.744995117188
3617.85385518497	773.919982910156
3619.7357335174	773.775024414063
3621.61709106289	773
3623.4979280192	772.570007324219
3625.37824458399	771.10498046875
3627.25804095482	770.570007324219
3629.13731732915	770.155029296875
3631.01607390435	770.239990234375
3632.89431087767	769.994995117188
3634.77202844629	769.525024414063
3636.64922680726	769.599975585938
3638.52590615754	769.179992675781
3640.40206669402	768.765014648438
3642.27770861344	767.775024414063
3644.15283211248	768.385009765625
3646.02743738771	767.955017089844
3647.90152463559	767.344970703125
3649.77509405251	766.840026855469
3651.64814583473	765.429992675781
3653.52068017842	765.27001953125
3655.39269727965	765.304992675781
3657.26419733442	764.89501953125
3659.13518053858	764.965026855469
3661.00564708793	764.47998046875
3662.87559717814	764.094970703125
3664.7450310048	763.039978027344
3666.61394876338	763.215026855469
3668.48235064928	762.659973144531
3670.35023685779	762.575012207031
3672.21760758409	761.844970703125
3674.08446302327	761.409973144531
3675.95080337033	761.460021972656
3677.81662882017	760.885009765625
3679.68193956758	761.505004882813
3681.54673580727	761.304992675781
3683.41101773383	760.35498046875
3685.27478554178	759.780029296875
3687.13803942551	759.825012207031
3689.00077957934	759.924987792969
3690.86300619748	759.47998046875
3692.72471947405	758.390014648438
3694.58591960306	758.184997558594
3696.44660677844	758.539978027344
3698.306781194	758.219970703125
3700.16644304348	758.344970703125
3702.02559252049	758.015014648438
3703.88422981859	757.440002441406
3705.74235513119	756.72998046875
3707.59996865164	756.900024414063
3709.45707057318	756.594970703125
3711.31366108895	756.419982910156
3713.16974039199	756.744995117188
3715.02530867527	755.919982910156
3716.88036613164	755.85498046875
3718.73491295385	755.409973144531
3720.58894933456	755.059997558594
3722.44247546634	755.075012207031
3724.29549154166	754.890014648438
3726.14799775289	754.900024414063
3727.9999942923	754.27001953125
3729.85148135209	754.179992675781
3731.70245912432	753.515014648438
3733.55292780098	754.130004882813
3735.40288757397	753.674987792969
3737.25233863509	754.304992675781
3739.10128117603	754.320007324219
3740.9497153884	754.369995117188
3742.7976414637	753.835021972656
3744.64505959335	753.905029296875
3746.49196996866	753.804992675781
3748.33837278086	753.924987792969
3750.18426822108	753.900024414063
3752.02965648033	753.234985351563
3753.87453774956	753.325012207031
3755.7189122196	752.599975585938
3757.5627800812	753.744995117188
3759.40614152501	753.429992675781
3761.24899674159	753.224975585938
3763.09134592138	753.179992675781
3764.93318925476	753.275024414063
3766.77452693199	753.075012207031
3768.61535914325	752.659973144531
3770.45568607861	752.590026855469
3772.29550792807	752.265014648438
3774.1348248815	752.650024414063
3775.9736371287	752.265014648438
3777.81194485938	752.215026855469
