32.6816976106991	715.159973144531
35.6535599501435	715.174987792969
38.6244374909659	715.075012207031
41.5943306947054	715.130004882813
44.5632400226282	715.119995117188
47.5311659356917	715.044982910156
50.4981088945929	715.150024414063
53.4640693597127	715.130004882813
56.4290477911676	715.119995117188
59.3930446487746	715.114990234375
62.356060392067	715.14501953125
65.3180954802906	715.150024414063
68.2791503724084	715.195007324219
71.2392255270922	715.070007324219
74.1983214027271	715.224975585938
77.1564384574159	715.340026855469
80.113577148983	715.164978027344
83.0697379349549	715.434997558594
86.0249212725722	715.255004882813
88.9791276188058	715.294982910156
91.9323574303255	715.260009765625
94.8846111635238	715.27001953125
97.8358892745121	715.599975585938
100.786192219114	715.515014648438
103.73552045287	715.60498046875
106.683874431037	715.599975585938
109.631254608583	715.789978027344
112.577661440203	716.059997558594
115.523095380307	716.419982910156
118.467556883015	716.909973144531
121.411046402175	717.909973144531
124.353564391344	719.799987792969
127.295111303796	722.755004882813
130.235687592532	728.539978027344
133.175293710265	738.969970703125
136.113930109434	754.700012207031
139.051597242185	778.034973144531
141.98829556039	809.239990234375
144.92402551564	845.119995117188
147.858787559244	884.885009765625
150.792582142239	926.075012207031
153.725409715372	959.119995117188
156.65727072911	982.484985351563
159.588165633643	999.195007324219
162.518094878884	1010.83502197266
165.447058914469	1020.49499511719
168.375058189747	1025.375
171.302093153792	1024.98999023438
174.228164255401	1022.28002929688
177.153271943091	1022.90502929688
180.077416665101	1027.75500488281
183.000598869394	1029.06494140625
185.922819003656	1032.81005859375
188.84407751529	1035.33996582031
191.764374851424	1037.60998535156
194.683711458919	1043.5
197.60208778434	1048.09497070313
200.519504273992	1058.85498046875
203.435961373894	1069.10998535156
206.351459529801	1085.35998535156
209.265999187174	1100.42004394531
212.179580791207	1114.97998046875
215.092204786825	1132.84997558594
218.003871618673	1154.44995117188
220.914581731116	1169.3349609375
223.824335568247	1186.39001464844
226.733133573893	1198.71997070313
229.640976191593	1213.8349609375
232.547863864614	1229.14501953125
235.453797035961	1240.2900390625
238.358776148354	1239.52502441406
241.26280164424	1235.68994140625
244.1658739658	1236.89501953125
247.067993554929	1236.07495117188
249.969160853266	1236.68994140625
252.869376302162	1233.91003417969
255.768640342707	1233.4599609375
258.666953415705	1231.92504882813
261.564315961705	1226.92504882813
264.46072842097	1221.53503417969
267.356191233499	1220.72998046875
270.25070483901	1224.02502441406
273.144269676967	1224.22998046875
276.036886186551	1220.92504882813
278.928554806671	1215.5
281.819275975966	1213.08996582031
284.709050132812	1213.11499023438
287.597877715306	1210.56994628906
290.485759161281	1205.44494628906
293.372694908298	1205.95495605469
296.258685393644	1208.34497070313
299.143731054352	1205.94995117188
302.027832327156	1201.88000488281
304.910989648557	1202.05004882813
307.79320345476	1205.30004882813
310.674474181717	1210.60998535156
313.554802265101	1212.64001464844
316.434188140326	1211.21997070313
319.312632242533	1205.67004394531
322.190135006593	1201.97497558594
325.066696867117	1200.40502929688
327.942318258443	1196.47998046875
330.816999614641	1198.09497070313
333.690741369517	1191.32495117188
336.56354395661	1186.05505371094
339.435407809193	1187.67004394531
342.306333360273	1188.06994628906
345.176321042591	1185.92004394531
348.045371288612	1181.86499023438
350.913484530551	1180.7099609375
353.78066120035	1182.17004394531
356.64690172969	1181.24499511719
359.512206549972	1178.31494140625
362.376576092357	1179.1650390625
365.240010787716	1176.19494628906
368.102511066677	1173.10998535156
370.964077359587	1171.72497558594
373.82471009654	1166.39501953125
376.684409707364	1168.0400390625
379.543176621612	1171.86999511719
382.401011268595	1171.06005859375
385.257914077343	1164.60498046875
388.113885476627	1162.67004394531
390.968925894961	1167.06494140625
393.823035760591	1174.27502441406
396.676215501503	1180.18994140625
399.528465545415	1182.84497070313
402.379786319791	1185.06005859375
405.230178251834	1190.33996582031
408.079641768472	1193.91003417969
410.928177296387	1194.3349609375
413.775785261992	1191.0400390625
416.622466091445	1196.7099609375
419.468220210631	1202.5
422.313048045182	1204.14501953125
425.156950020479	1205.36499023438
427.999926561623	1204.64501953125
430.841978093471	1202.42004394531
433.683105040613	1200.20495605469
436.523307827384	1194.26501464844
439.362586877851	1193.6650390625
442.200942615829	1195.875
445.038375464876	1193.05004882813
447.874885848283	1191.98999023438
450.710474189089	1189.97497558594
453.54514091007	1193.69494628906
456.37888643375	1187.7099609375
459.211711182386	1186.05004882813
462.043615577986	1182.68005371094
464.874600042297	1181.14001464844
467.704664996804	1176.40002441406
470.533810862741	1175.82495117188
473.36203806108	1182.19494628906
476.189347012547	1181.29504394531
479.015738137594	1176.81494140625
481.841211856432	1172.72497558594
484.665768589008	1174.9599609375
487.489408755009	1179.41003417969
490.312132773878	1191.5849609375
493.133941064796	1197.60498046875
495.954834046683	1189.82995605469
498.77481213821	1187.48999023438
501.593875757797	1186.08996582031
504.412025323601	1190.31494140625
507.229261253524	1188.4599609375
510.045583965226	1190.47497558594
512.860993876093	1189.5849609375
515.675491403271	1184.8349609375
518.489076963649	1179.43005371094
521.301750973863	1179.44494628906
524.113513850293	1178.44494628906
526.924366009065	1175.28002929688
529.734307866052	1169.63500976563
532.543339836881	1165.93505859375
535.35146233692	1167.79504394531
538.158675781281	1163.96997070313
540.964980584833	1160.09497070313
543.770377162182	1157.52502441406
546.574865927692	1158.70495605469
549.378447295465	1156.5400390625
552.181121679365	1153.5
554.982889492993	1151.63500976563
557.783751149701	1149.53002929688
560.583707062591	1147.30004882813
563.38275764452	1141.03002929688
566.180903308083	1139.77001953125
568.978144465633	1137.3349609375
571.774481529266	1137.40502929688
574.569914910839	1138.56994628906
577.364445021949	1140.59997558594
580.158072273946	1137.30505371094
582.950797077926	1131.85498046875
585.742619844752	1126.83996582031
588.533540985018	1125.58996582031
591.323560909078	1123.46496582031
594.112680027034	1121.36499023438
596.90089874875	1122.02001953125
599.688217483828	1122.90502929688
602.474636641629	1122.85998535156
605.260156631263	1122.23498535156
608.044777861596	1122.23999023438
610.828500741241	1123.65002441406
613.611325678567	1126.68505859375
616.393253081697	1126.34997558594
619.174283358506	1126.45495605469
621.954416916616	1128.38500976563
624.733654163414	1131.35498046875
627.511995506029	1131.25500488281
630.289441351351	1123.96997070313
633.065992106022	1121.22497558594
635.841648176434	1118.64001464844
638.616409968744	1122.17004394531
641.390277888847	1124.63500976563
644.163252342408	1128.90002441406
646.93533373484	1131.26000976563
649.706522471307	1133.2099609375
652.47681895674	1131.54504394531
655.246223595811	1129.40502929688
658.014736792957	1128.27001953125
660.782358952371	1129.27001953125
663.549090477999	1128.15502929688
666.314931773542	1131.32495117188
669.079883242452	1129.77502441406
671.843945287955	1129.69494628906
674.607118313019	1129.125
677.369402720366	1131.75
680.130798912488	1130.32495117188
682.891307291627	1131.19995117188
685.650928259784	1131.30505371094
688.409662218708	1133.7900390625
691.167509569927	1131.52001953125
693.924470714705	1132.85998535156
696.680546054078	1137.67504882813
699.435735988832	1133.27001953125
702.190040919516	1130.89001464844
704.943461246442	1134.39001464844
707.695997369667	1137.06994628906
710.447649689022	1135.75500488281
713.198418604088	1137.25
715.948304514206	1136.48498535156
718.697307818481	1134.19995117188
721.445428915779	1131.57995605469
724.192668204716	1135.42004394531
726.93902608368	1138.55505371094
729.684502950805	1138.65002441406
732.429099204005	1139.27001953125
735.172815240936	1135.91003417969
737.915651459026	1134.07995605469
740.657608255463	1138.875
743.398686027186	1144.95495605469
746.13888517091	1145.49499511719
748.878206083102	1145.58996582031
751.616649159998	1147.73999023438
754.354214797584	1150.94494628906
757.09090339162	1154.61499023438
759.826715337622	1156.36999511719
762.561651030868	1150.56494140625
765.295710866406	1144.89501953125
768.028895239041	1138.89501953125
770.761204543336	1137.32995605469
773.492639173626	1136.17004394531
776.223199524006	1129.10998535156
778.952885988334	1124.14001464844
781.681698960235	1124.18005371094
784.40963883309	1125.5
787.136706000052	1125.42504882813
789.862900854037	1125.31994628906
792.588223787721	1124.70495605469
795.312675193549	1122.4599609375
798.036255463728	1123.55004882813
800.758964990228	1124.47497558594
803.480804164792	1124.9150390625
806.201773378919	1127.05505371094
808.921873023884	1135.11499023438
811.641103490712	1139.15502929688
814.359465170214	1144.91003417969
817.076958452946	1151.53503417969
819.793583729246	1158.81005859375
822.509341389214	1163.81994628906
825.224231822712	1168.35498046875
827.938255419375	1173.56494140625
830.651412568596	1183.86499023438
833.363703659544	1189.74499511719
836.075129081157	1191.96997070313
838.785689222127	1196.01000976563
841.495384470928	1198.04504394531
844.204215215788	1197.81994628906
846.912181844721	1201.61499023438
849.619284745491	1206.86499023438
852.325524305638	1217.35998535156
855.030900912475	1220.38500976563
857.735414953079	1221.81494140625
860.439066814289	1216.42004394531
863.141856882725	1213.86999511719
865.843785544769	1214.03503417969
868.544853186571	1206.34997558594
871.245060194063	1201.83996582031
873.944406952925	1203.43505859375
876.642893848625	1206.80505371094
879.340521266398	1208.43005371094
882.037289591241	1209.35998535156
884.733199207927	1210.5
887.428250501001	1206.93005371094
890.122443854778	1208.41003417969
892.815779653335	1213.93994140625
895.508258280534	1216.22998046875
898.199880119997	1217.18005371094
900.890645555129	1221.55004882813
903.580554969094	1222.44995117188
906.269608744832	1219.51501464844
908.957807265056	1212.59997558594
911.645150912257	1210.47497558594
914.331640068689	1210.61999511719
917.017275116375	1210.67504882813
919.702056437128	1213.50500488281
922.385984412518	1216.60998535156
925.069059423886	1219.17504882813
927.751281852366	1227.66003417969
930.432652078842	1238.97998046875
933.113170483983	1246.125
935.79283744823	1248.25500488281
938.471653351806	1249.71496582031
941.149618574686	1252.21997070313
943.826733496641	1257.85998535156
946.502998497206	1259.73999023438
949.178413955689	1252.53503417969
951.85298025118	1256.60998535156
954.526697762544	1256.03503417969
957.199566868403	1253.32995605469
959.87158794718	1252.67504882813
962.542761377054	1252.59997558594
965.213087535987	1250.32495117188
967.882566801719	1252.02502441406
970.551199551761	1250.2099609375
973.218986163399	1247.20495605469
975.885927013698	1241.57495117188
978.552022479501	1240.60998535156
981.217272937423	1235.51000976563
983.88167876386	1239.77502441406
986.545240334978	1245.80004882813
989.207958026729	1249.59497070313
991.869832214835	1257.72497558594
994.530863274798	1279.3349609375
997.191051581895	1308.36999511719
999.850397511185	1347.4599609375
1002.50890143751	1393.8349609375
1005.16656373546	1413.78503417969
1007.82338477944	1413.0400390625
1010.47936494363	1400.00500488281
1013.13450460195	1374.53503417969
1015.78880412815	1337.46997070313
1018.44226389572	1299.7099609375
1021.09488427794	1277.85498046875
1023.74666564789	1264.75500488281
1026.3976083784	1261.36499023438
1029.04771284208	1260.11999511719
1031.69697941135	1264.00500488281
1034.34540845838	1273.71997070313
1036.99300035512	1275.90502929688
1039.63975547333	1279.53503417969
1042.28567418452	1274.43005371094
1044.93075685998	1269.54504394531
1047.57500387081	1265.56494140625
1050.21841558786	1266.61499023438
1052.86099238177	1270.40002441406
1055.50273462297	1273.35998535156
1058.14364268167	1275.92004394531
1060.78371692784	1280.98999023438
1063.42295773126	1285.88000488281
1066.06136546148	1290.80004882813
1068.69894048781	1295.38000488281
1071.33568317939	1295.75
1073.9715939051	1291.24499511719
1076.60667303362	1284.4150390625
1079.24092093341	1278.86499023438
1081.87433797271	1273.59497070313
1084.50692451954	1271.22998046875
1087.13868094172	1268.71997070313
1089.76960760684	1265.77001953125
1092.39970488226	1265.2900390625
1095.02897313516	1262.43005371094
1097.65741273246	1260.90502929688
1100.28502404089	1256.65002441406
1102.91180742697	1255.76000976563
1105.53776325698	1250.96496582031
1108.16289189701	1252.76000976563
1110.78719371291	1254.58996582031
1113.41066907033	1252.23999023438
1116.0333183347	1250.7099609375
1118.65514187124	1249.61999511719
1121.27614004495	1252.26000976563
1123.89631322061	1256.52502441406
1126.51566176279	1261.30505371094
1129.13418603585	1263.30505371094
1131.75188640394	1261.67504882813
1134.36876323098	1256.56994628906
1136.98481688069	1246.34997558594
1139.60004771655	1231.5400390625
1142.21445610187	1220.51000976563
1144.82804239972	1218.46496582031
1147.44080697295	1221.18005371094
1150.05275018421	1233.86999511719
1152.66387239593	1243.63500976563
1155.27417397034	1254.31994628906
1157.88365526943	1263.96997070313
1160.49231665502	1267.94494628906
1163.10015848867	1264.80004882813
1165.70718113176	1257.40002441406
1168.31338494544	1248.59497070313
1170.91877029067	1238.23999023438
1173.52333752817	1227.6650390625
1176.12708701847	1222.0849609375
1178.73001912187	1220.73999023438
1181.33213419848	1218.46496582031
1183.93343260819	1215.46997070313
1186.53391471068	1214.5849609375
1189.13358086539	1211.4599609375
1191.73243143161	1207.14501953125
1194.33046676836	1206.38500976563
1196.92768723449	1208.84997558594
1199.52409318861	1215.58996582031
1202.11968498915	1224.36999511719
1204.7144629943	1230.2900390625
1207.30842756206	1236.41003417969
1209.90157905021	1242.7900390625
1212.49391781634	1247.22998046875
1215.08544421779	1247.69494628906
1217.67615861174	1244.5400390625
1220.26606135512	1239.81005859375
1222.85515280468	1237.68505859375
1225.44343331694	1236.47998046875
1228.03090324823	1240.31994628906
1230.61756295466	1245.21496582031
1233.20341279213	1248.72998046875
1235.78845311634	1258.67004394531
1238.37268428278	1267.10998535156
1240.95610664673	1277.85998535156
1243.53872056325	1284.73999023438
1246.12052638722	1281.7900390625
1248.70152447329	1281.27502441406
1251.28171517591	1282.21496582031
1253.86109884934	1291.42004394531
1256.43967584759	1292.65502929688
1259.0174465245	1297.55505371094
1261.5944112337	1298.51000976563
1264.1705703286	1298.52502441406
1266.74592416241	1303.46997070313
1269.32047308814	1308.05505371094
1271.89421745858	1302.72497558594
1274.46715762633	1295.45495605469
1277.03929394377	1296.35998535156
1279.61062676308	1301.39001464844
1282.18115643624	1301.1650390625
1284.75088331502	1293.2099609375
1287.31980775098	1290.78002929688
1289.88793009548	1289.39501953125
1292.45525069969	1291.55004882813
1295.02176991454	1290.52502441406
1297.58748809078	1288.9599609375
1300.15240557897	1292.36999511719
1302.71652272942	1297.15002441406
1305.27983989229	1294.875
1307.84235741749	1296.375
1310.40407565475	1304.93505859375
1312.9649949536	1312.69995117188
1315.52511566335	1322.86499023438
1318.08443813311	1320.40502929688
1320.64296271181	1321.16003417969
1323.20068974815	1321.85498046875
1325.75761959063	1318.85998535156
1328.31375258756	1320.98498535156
1330.86908908704	1323.40002441406
1333.42362943696	1321.63000488281
1335.97737398503	1318.19494628906
1338.53032307874	1318.89501953125
1341.08247706537	1321.57995605469
1343.63383629202	1319.99499511719
1346.18440110558	1316.43005371094
1348.73417185274	1313.54504394531
1351.28314887997	1299.39001464844
1353.83133253357	1284.28002929688
1356.37872315961	1268.63500976563
1358.92532110398	1257.21496582031
1361.47112671237	1250.53002929688
1364.01614033024	1241.625
1366.56036230288	1231.73498535156
1369.10379297537	1224.68994140625
1371.64643269258	1220.71496582031
1374.18828179921	1215.59997558594
1376.72934063972	1210.4150390625
1379.2696095584	1204.81005859375
1381.80908889932	1203.96997070313
1384.34777900637	1201.86499023438
1386.88568022323	1201.96496582031
1389.42279289337	1204.58996582031
1391.95911736009	1210.31994628906
1394.49465396645	1211.7099609375
1397.02940305537	1212.02001953125
1399.5633649695	1212.75500488281
1402.09654005135	1213.98999023438
1404.6289286432	1212.92004394531
1407.16053108714	1219.1650390625
1409.69134772507	1221.45495605469
1412.22137889868	1226.06005859375
1414.75062494947	1229.55004882813
1417.27908621874	1224.39001464844
1419.80676304759	1222.7099609375
1422.33365577692	1229.41003417969
1424.85976474744	1231.48498535156
1427.38509029967	1236.01501464844
1429.90963277392	1241.16003417969
1432.4333925103	1249.0849609375
1434.95636984873	1261.375
1437.47856512894	1278.34997558594
1439.99997869045	1306.7900390625
1442.5206108726	1325.7900390625
1445.04046201452	1344.125
1447.55953245515	1367.125
1450.07782253323	1379.7900390625
1452.59533258731	1375.65002441406
1455.11206295574	1382.43005371094
1457.62801397668	1356.95495605469
1460.14318598809	1348.38000488281
1462.65757932774	1334.39001464844
1465.1711943332	1320.39501953125
1467.68403134184	1302.26000976563
1470.19609069085	1277.73498535156
1472.70737271721	1250.38000488281
1475.21787775772	1227.50500488281
1477.72760614897	1208.5849609375
1480.23655822738	1185.02502441406
1482.74473432914	1167.42504882813
1485.25213479029	1146.9599609375
1487.75875994664	1135.07995605469
1490.26461013382	1126.85498046875
1492.76968568726	1123.65002441406
1495.27398694222	1117.25500488281
1497.77751423374	1111.48498535156
1500.28026789667	1113.82995605469
1502.78224826569	1121.625
1505.28345567526	1129.19995117188
1507.78389045967	1135.48999023438
1510.28355295299	1140.32495117188
1512.78244348913	1144.03503417969
1515.28056240178	1147.35498046875
1517.77791002445	1152.02001953125
1520.27448669047	1151.67504882813
1522.77029273296	1152.52502441406
1525.26532848486	1148.30004882813
1527.75959427889	1144.68994140625
1530.25309044764	1141.6650390625
1532.74581732344	1136.93005371094
1535.23777523847	1128.1650390625
1537.72896452471	1121.26501464844
1540.21938551394	1118.82495117188
1542.70903853778	1120.36999511719
1545.19792392761	1123.48999023438
1547.68604201466	1123.93994140625
1550.17339312997	1124.22998046875
1552.65997760434	1125.07995605469
1555.14579576845	1124.90502929688
1557.63084795275	1128.13500976563
1560.11513448749	1132.24499511719
1562.59865570276	1133.30505371094
1565.08141192845	1129.5400390625
1567.56340349426	1127.03002929688
1570.04463072969	1123.43505859375
1572.52509396406	1124.13000488281
1575.00479352652	1122.17004394531
1577.48372974599	1123.49499511719
1579.96190295124	1129.72998046875
1582.43931347083	1133.85498046875
1584.91596163314	1137.09997558594
1587.39184776636	1141.78503417969
1589.86697219849	1147.07995605469
1592.34133525734	1150.05004882813
1594.81493727054	1152.65502929688
1597.28777856553	1153.17004394531
1599.75985946955	1156.06005859375
1602.23118030968	1165.22497558594
1604.70174141278	1183.60998535156
1607.17154310555	1193.78002929688
1609.64058571449	1195.41003417969
1612.10886956591	1190.64001464844
1614.57639498595	1185.75
1617.04316230054	1189.77502441406
1619.50917183543	1186.39501953125
1621.97442391621	1180.88000488281
1624.43891886825	1173.53503417969
1626.90265701674	1166.56994628906
1629.36563868671	1164.1650390625
1631.82786420296	1168.11999511719
1634.28933389016	1169.78002929688
1636.75004807274	1174.68994140625
1639.21000707498	1186.16003417969
1641.66921122097	1195.32995605469
1644.12766083459	1205.45495605469
1646.58535623956	1215.59997558594
1649.04229775941	1224.59497070313
1651.4984857175	1243.45495605469
1653.95392043697	1259.55505371094
1656.40860224079	1273.23498535156
1658.86253145177	1280.38500976563
1661.3157083925	1282.25500488281
1663.76813338542	1284.99499511719
1666.21980675275	1283.29504394531
1668.67072881656	1281.43994140625
1671.1208998987	1276.18005371094
1673.57032032089	1263.19995117188
1676.0189904046	1245.0849609375
1678.46691047118	1230.30505371094
1680.91408084174	1217.5849609375
1683.36050183726	1204.27001953125
1685.8061737785	1187.27502441406
1688.25109698605	1170.13500976563
1690.69527178032	1156.2099609375
1693.13869848153	1142.63500976563
1695.58137740972	1129.625
1698.02330888476	1119.80004882813
1700.46449322631	1106.9150390625
1702.90493075388	1092.18505859375
1705.34462178678	1081.57495117188
1707.78356664414	1076.26000976563
1710.22176564492	1067.05004882813
1712.65921910787	1063.18005371094
1715.0959273516	1059.71997070313
1717.53189069449	1056.48999023438
1719.9671094548	1053.1650390625
1722.40158395054	1048.81994628906
1724.8353144996	1048.18005371094
1727.26830141965	1050.29504394531
1729.70054502819	1051.55505371094
1732.13204564255	1048.1650390625
1734.56280357987	1046.64001464844
1736.99281915711	1044.2099609375
1739.42209269106	1041.56994628906
1741.85062449831	1043.625
1744.27841489529	1044.5
1746.70546419823	1041.98498535156
1749.13177272321	1040.8349609375
1751.5573407861	1041.36999511719
1753.98216870262	1040.75
1756.40625678828	1042.45495605469
1758.82960535844	1040.10998535156
1761.25221472825	1040.5
1763.67408521271	1037.80004882813
1766.09521712663	1039.82495117188
1768.51561078464	1039.27001953125
1770.93526650119	1038.98498535156
1773.35418459056	1039.38000488281
1775.77236536684	1038.96496582031
1778.18980914396	1040.01000976563
1780.60651623565	1038.42004394531
1783.02248695548	1037.15502929688
1785.43772161684	1037
1787.85222053292	1037.61999511719
1790.26598401677	1036.82995605469
1792.67901238123	1036.07495117188
1795.09130593899	1037.73999023438
1797.50286500254	1038.14501953125
1799.9136898842	1035.27001953125
1802.32378089613	1034.27502441406
1804.73313835028	1034.06494140625
1807.14176255846	1031.53503417969
1809.54965383228	1031.6650390625
1811.95681248317	1031.44995117188
1814.36323882242	1032.93005371094
1816.76893316109	1033.25
1819.17389581011	1034.4150390625
1821.57812708021	1034.2099609375
1823.98162728196	1029.69995117188
1826.38439672573	1029.76000976563
1828.78643572174	1031.11499023438
1831.18774458003	1032.17504882813
1833.58832361045	1032.69995117188
1835.98817312269	1031.9150390625
1838.38729342625	1030.69494628906
1840.78568483048	1026.84997558594
1843.18334764454	1028.51000976563
1845.58028217741	1027.86999511719
1847.9764887379	1028.45495605469
1850.37196763465	1030.36999511719
1852.76671917613	1029.42004394531
1855.16074367062	1030.08996582031
1857.55404142624	1029.07495117188
1859.94661275094	1025.60998535156
1862.33845795247	1024.83996582031
1864.72957733844	1024.34497070313
1867.11997121627	1025.94995117188
1869.5096398932	1028.44494628906
1871.89858367631	1031.02502441406
1874.28680287251	1031.91003417969
1876.67429778851	1029.93505859375
1879.06106873089	1027.51000976563
1881.44711600601	1027.4150390625
1883.8324399201	1026.19995117188
1886.21704077919	1025.81994628906
1888.60091888915	1027.03503417969
1890.98407455567	1026.125
1893.36650808428	1025.79504394531
1895.74821978033	1025.43994140625
1898.12920994899	1029.46496582031
1900.50947889527	1026.64001464844
1902.88902692401	1026.125
1905.26785433986	1026.71496582031
1907.64596144734	1025.72497558594
1910.02334855075	1027.95495605469
1912.40001595424	1029.58996582031
1914.7759639618	1027.69995117188
1917.15119287724	1028.67504882813
1919.52570300419	1029.63500976563
1921.89949464611	1028.46496582031
1924.27256810632	1027.10998535156
1926.64492368793	1027.19494628906
1929.0165616939	1025.5400390625
1931.38748242701	1024.41003417969
1933.75768618989	1026.50500488281
1936.12717328497	1028.72497558594
1938.49594401455	1027.38500976563
1940.86399868071	1027.35998535156
1943.23133758541	1028.47998046875
1945.5979610304	1029.19494628906
1947.96386931729	1027.82995605469
1950.32906274751	1027.84497070313
1952.69354162232	1030.09997558594
1955.0573062428	1031.60498046875
1957.42035690989	1032.15502929688
1959.78269392434	1031.58996582031
1962.14431758673	1031.10498046875
1964.50522819748	1029.89001464844
1966.86542605684	1026.90502929688
1969.22491146488	1023.53497314453
1971.58368472153	1025.43005371094
1973.94174612654	1028.31994628906
1976.29909597945	1028.41003417969
1978.65573457971	1028.5
1981.01166222654	1027.46997070313
1983.36687921902	1024.80505371094
1985.72138585606	1024.86499023438
1988.07518243639	1024.38500976563
1990.42826925859	1026.77502441406
1992.78064662106	1029.59997558594
1995.13231482205	1028.86999511719
1997.48327415961	1028.81494140625
1999.83352493167	1030.625
2002.18306743594	1030.06005859375
2004.53190197002	1026.32995605469
2006.8800288313	1024.38000488281
2009.22744831703	1026.5849609375
2011.57416072427	1025.98498535156
2013.92016634993	1026.40002441406
2016.26546549076	1025.09997558594
2018.61005844332	1025.48498535156
2020.95394550404	1026.18994140625
2023.29712696915	1029.02001953125
2025.63960313474	1028.78503417969
2027.98137429672	1025.61499023438
2030.32244075083	1026.36999511719
2032.66280279266	1027.73498535156
2035.00246071763	1024.56994628906
2037.34141482099	1022.88000488281
2039.67966539784	1025.2099609375
2042.01721274309	1028.125
2044.35405715151	1026.80505371094
2046.69019891769	1027.97998046875
2049.02563833606	1025.83996582031
2051.3603757009	1026.76000976563
2053.6944113063	1029.78002929688
2056.0277454462	1029.01000976563
2058.36037841439	1026.98498535156
2060.69231050446	1027.64001464844
2063.02354200988	1024.68505859375
2065.35407322392	1024.66003417969
2067.68390443971	1028.01501464844
2070.01303595021	1030.73999023438
2072.3414680482	1031.06994628906
2074.66920102633	1031.98999023438
2076.99623517706	1029.09497070313
2079.32257079271	1029.5849609375
2081.6482081654	1029.56494140625
2083.97314758713	1031.28503417969
2086.29738934971	1032.86499023438
2088.62093374481	1032.92504882813
2090.94378106391	1030.15502929688
2093.26593159835	1031.04504394531
2095.5873856393	1031.20495605469
2097.90814347777	1032.55004882813
2100.2282054046	1032.75500488281
2102.54757171048	1033.20495605469
2104.86624268594	1034.25500488281
2107.18421862133	1031.06005859375
2109.50149980686	1030.79504394531
2111.81808653257	1032.84997558594
2114.13397908834	1033.73498535156
2116.44917776388	1034.48498535156
2118.76368284875	1036.86499023438
2121.07749463235	1036.33996582031
2123.39061340391	1037.30004882813
2125.70303945252	1036.44995117188
2128.01477306707	1032.69494628906
2130.32581453634	1032.51000976563
2132.63616414891	1033.28002929688
2134.94582219322	1036.72998046875
2137.25478895754	1039.27001953125
2139.56306472999	1037.1650390625
2141.87064979851	1036.61999511719
2144.17754445092	1037.56494140625
2146.48374897484	1038.90002441406
2148.78926365774	1039.42004394531
2151.09408878695	1039.11999511719
2153.39822464963	1038.78002929688
2155.70167153277	1038.25500488281
2158.00442972321	1038.55505371094
2160.30649950763	1041.48498535156
2162.60788117256	1040.07995605469
2164.90857500436	1038.23999023438
2167.20858128923	1039.89501953125
2169.50790031323	1035.11499023438
2171.80653236223	1035.65002441406
2174.10447772198	1036.40502929688
2176.40173667804	1037.46997070313
2178.69830951582	1038.73498535156
2180.99419652058	1037.18005371094
2183.28939797743	1035.43005371094
2185.5839141713	1037.73498535156
2187.87774538698	1035.84497070313
2190.17089190908	1035.72497558594
2192.46335402209	1037.35498046875
2194.75513201032	1035.88000488281
2197.04622615791	1036.56994628906
2199.33663674886	1034.69995117188
2201.62636406702	1035.48498535156
2203.91540839606	1037.79504394531
2206.20377001952	1038.4150390625
2208.49144922077	1038.51501464844
2210.77844628302	1036.73999023438
2213.06476148933	1036.25500488281
2215.3503951226	1035.85998535156
2217.63534746557	1036.94995117188
2219.91961880085	1035.65002441406
2222.20320941085	1034.43005371094
2224.48611957785	1035.17504882813
2226.76834958399	1038.34497070313
2229.04989971122	1037.81005859375
2231.33077024136	1036.33996582031
2233.61096145607	1035.51501464844
2235.89047363683	1035.82495117188
2238.169307065	1036.27001953125
2240.44746202178	1034.13000488281
2242.72493878819	1033.71997070313
2245.00173764511	1035.2099609375
2247.27785887327	1035.49499511719
2249.55330275324	1034.27502441406
2251.82806956545	1038.52001953125
2254.10215959014	1043.24499511719
2256.37557310744	1040.82995605469
2258.64831039729	1041.5
2260.92037173949	1040.52502441406
2263.19175741368	1039.0400390625
2265.46246769938	1038.48999023438
2267.7325028759	1041.90502929688
2270.00186322243	1042.71997070313
2272.270549018	1040.63500976563
2274.5385605415	1041.1650390625
2276.80589807165	1042.27001953125
2279.07256188702	1042.90502929688
2281.33855226601	1044.86499023438
2283.60386948691	1043.78503417969
2285.86851382782	1041.51000976563
2288.1324855667	1043.96997070313
2290.39578498136	1044.67504882813
2292.65841234945	1045.18505859375
2294.92036794847	1049.3349609375
2297.18165205578	1050.11499023438
2299.44226494856	1047.19494628906
2301.70220690387	1046.71997070313
2303.96147819859	1047.77502441406
2306.22007910947	1046.94995117188
2308.47800991309	1046.02502441406
2310.73527088589	1047.01000976563
2312.99186230416	1049.125
2315.24778444403	1052.40502929688
2317.50303758149	1052.55505371094
2319.75762199235	1048.36999511719
2322.01153795231	1046.42504882813
2324.26478573689	1049.33996582031
2326.51736562147	1049.86499023438
2328.76927788127	1047.13500976563
2331.02052279137	1045.56994628906
2333.2711006267	1041.00500488281
2335.52101166203	1041.81994628906
2337.77025617198	1045.68505859375
2340.01883443103	1044.58996582031
2342.2667467135	1044.18994140625
2344.51399329356	1045.54504394531
2346.76057444525	1048.38500976563
2349.00649044241	1049.75500488281
2351.2517415588	1048.01000976563
2353.49632806796	1048.19995117188
2355.74025024334	1048.19494628906
2357.98350835819	1048.89501953125
2360.22610268566	1047.36999511719
2362.4680334987	1045.2900390625
2364.70930107016	1043.22998046875
2366.94990567269	1042.19494628906
2369.18984757884	1045.53503417969
2371.42912706098	1047.5400390625
2373.66774439134	1047.09497070313
2375.90569984199	1046.88000488281
2378.14299368488	1044.56005859375
2380.37962619179	1044.11999511719
2382.61559763435	1045.16003417969
2384.85090828405	1046.875
2387.08555841222	1046.07495117188
2389.31954829006	1051.44494628906
2391.55287818861	1050.40502929688
2393.78554837877	1047.69494628906
2396.01755913128	1048.48999023438
2398.24891071673	1047.28503417969
2400.47960340558	1046.75
2402.70963746814	1048.78002929688
2404.93901317456	1050.88000488281
2407.16773079485	1049.47998046875
2409.39579059887	1048.76501464844
2411.62319285633	1048.125
2413.84993783681	1047.78002929688
2416.07602580971	1049.56494140625
2418.30145704432	1048.79504394531
2420.52623180977	1049.08996582031
2422.75035037503	1051.56005859375
2424.97381300893	1053.05505371094
2427.19661998017	1054.06994628906
2429.41877155729	1052.18994140625
2431.64026800867	1052.55004882813
2433.86110960257	1053.25
2436.08129660709	1052.53002929688
2438.30082929019	1053.63500976563
2440.51970791967	1053.81005859375
2442.73793276321	1051.29504394531
2444.95550408832	1051.30505371094
2447.17242216237	1052.1650390625
2449.38868725259	1053.01000976563
2451.60429962607	1053.95495605469
2453.81925954975	1051.49499511719
2456.03356729041	1049.10998535156
2458.2472231147	1048.2900390625
2460.46022728913	1050.56494140625
2462.67258008005	1055.40502929688
2464.88428175368	1055.40502929688
2467.09533257608	1050.97497558594
2469.30573281318	1052.69995117188
2471.51548273076	1054.43994140625
2473.72458259445	1054.44494628906
2475.93303266974	1056.25
2478.14083322198	1058.80004882813
2480.34798451637	1056.96997070313
2482.55448681797	1052.72998046875
2484.76034039169	1056.18994140625
2486.96554550231	1058.51501464844
2489.17010241445	1059.03503417969
2491.37401139259	1056.46997070313
2493.57727270109	1055.03002929688
2495.77988660412	1060.30505371094
2497.98185336574	1061.88000488281
2500.18317324987	1059.02502441406
2502.38384652028	1057.45495605469
2504.58387344058	1057.9599609375
2506.78325427425	1062.68005371094
2508.98198928465	1065.11999511719
2511.18007873495	1063.74499511719
2513.37752288821	1061.46496582031
2515.57432200735	1059.72998046875
2517.77047635514	1058.63500976563
2519.96598619419	1060.15502929688
2522.16085178699	1058.71496582031
2524.35507339589	1062.88000488281
2526.54865128308	1062.22998046875
2528.74158571062	1064.30505371094
2530.93387694042	1064.25
2533.12552523427	1064.03002929688
2535.31653085379	1064.30004882813
2537.50689406046	1062.65502929688
2539.69661511566	1060.73999023438
2541.88569428057	1060.90002441406
2544.07413181627	1060.93994140625
2546.26192798368	1063.56994628906
2548.44908304359	1064.47998046875
2550.63559725664	1066.69494628906
2552.82147088333	1064.46997070313
2555.00670418402	1059.4150390625
2557.19129741894	1060.81005859375
2559.37525084817	1064.9599609375
2561.55856473164	1064.72998046875
2563.74123932917	1069.30004882813
2565.92327490039	1069.53002929688
2568.10467170484	1068.01000976563
2570.28543000189	1067.40002441406
2572.46555005079	1067.07495117188
2574.64503211063	1064.95495605469
2576.82387644036	1065.02001953125
2579.00208329882	1066.06005859375
2581.17965294468	1068.70495605469
2583.35658563648	1066.81494140625
2585.53288163263	1068
2587.70854119137	1069.4599609375
2589.88356457084	1069.9599609375
2592.05795202902	1071.45495605469
2594.23170382376	1071.75500488281
2596.40482021275	1074.01501464844
2598.57730145356	1074.52502441406
2600.74914780363	1071.72998046875
2602.92035952023	1069.14001464844
2605.09093686053	1071.28002929688
2607.26088008153	1074
2609.4301894401	1072.13000488281
2611.59886519299	1072.9150390625
2613.76690759678	1073.56005859375
2615.93431690793	1075.45495605469
2618.10109338277	1076.9150390625
2620.26723727748	1076.63500976563
2622.4327488481	1076.94995117188
2624.59762835054	1079
2626.76187604057	1080.47497558594
2628.92549217382	1081.97497558594
2631.08847700579	1086.03503417969
2633.25083079182	1088.36499023438
2635.41255378715	1090.4599609375
2637.57364624684	1091.76000976563
2639.73410842586	1090.89001464844
2641.893940579	1091.1650390625
2644.05314296094	1086.48498535156
2646.21171582621	1085.21997070313
2648.36965942921	1089.56494140625
2650.5269740242	1095.94995117188
2652.6836598653	1099.17504882813
2654.83971720651	1098.75
2656.99514630167	1097.79504394531
2659.1499474045	1094.71997070313
2661.30412076857	1096.72998046875
2663.45766664734	1097.97998046875
2665.61058529411	1097.77001953125
2667.76287696204	1099.68994140625
2669.91454190418	1098.94494628906
2672.06558037342	1102.01000976563
2674.21599262253	1103.68994140625
2676.36577890413	1101.05505371094
2678.51493947072	1103.43994140625
2680.66347457466	1102.17004394531
2682.81138446816	1099.30505371094
2684.95866940332	1103.59997558594
2687.10532963209	1105.46997070313
2689.25136540628	1104.79504394531
2691.39677697757	1101.33996582031
2693.54156459752	1100.99499511719
2695.68572851753	1103.49499511719
2697.82926898888	1103.13500976563
2699.97218626272	1105.05505371094
2702.11448059006	1107.5400390625
2704.25615222175	1110.98498535156
2706.39720140856	1115.27001953125
2708.53762840109	1116.84497070313
2710.67743344979	1114.85498046875
2712.81661680503	1109.59997558594
2714.95517871698	1112.02001953125
2717.09311943574	1119.43994140625
2719.23043921123	1122.89001464844
2721.36713829325	1123.90502929688
2723.50321693148	1125.65502929688
2725.63867537545	1129.15502929688
2727.77351387456	1130.79504394531
2729.90773267809	1132.67004394531
2732.04133203516	1134.44995117188
2734.17431219478	1135.27502441406
2736.30667340581	1135.94995117188
2738.438415917	1135.82495117188
2740.56953997695	1132.65002441406
2742.70004583414	1132.53503417969
2744.82993373688	1130.40002441406
2746.9592039334	1127.18994140625
2749.08785667177	1127.43005371094
2751.21589219993	1127.61999511719
2753.34331076568	1130.68505859375
2755.4701126167	1130.1650390625
2757.59629800054	1128.23999023438
2759.7218671646	1129.97998046875
2761.84682035617	1127.41003417969
2763.9711578224	1124.21997070313
2766.0948798103	1126.05004882813
2768.21798656676	1129.80004882813
2770.34047833852	1134.07995605469
2772.46235537222	1131.42504882813
2774.58361791434	1129.2900390625
2776.70426621124	1129.56994628906
2778.82430050915	1131.97998046875
2780.94372105416	1129.60998535156
2783.06252809224	1129.0400390625
2785.18072186922	1128.38000488281
2787.29830263081	1131.31005859375
2789.41527062257	1135.68005371094
2791.53162608996	1134.11999511719
2793.64736927828	1133.06494140625
2795.76250043271	1135.31494140625
2797.8770197983	1133.13000488281
2799.99092761997	1135.94494628906
2802.10422414252	1138.18505859375
2804.21690961059	1141.93505859375
2806.32898426873	1146.98999023438
2808.44044836132	1147.21496582031
2810.55130213264	1150.18005371094
2812.66154582682	1153.0849609375
2814.77117968788	1153.7900390625
2816.8802039597	1157.32495117188
2818.98861888601	1160.93505859375
2821.09642471046	1164.60498046875
2823.20362167653	1171.76501464844
2825.31021002756	1177.94494628906
2827.41619000682	1182.89001464844
2829.52156185738	1190.0400390625
2831.62632582224	1196.0400390625
2833.73048214422	1201.30004882813
2835.83403106606	1204.92004394531
2837.93697283033	1215.65002441406
2840.03930767951	1226.59997558594
2842.1410358559	1241.18994140625
2844.24215760173	1259.9599609375
2846.34267315905	1276.88000488281
2848.44258276982	1298.0849609375
2850.54188667585	1318.43505859375
2852.64058511883	1339.4599609375
2854.73867834032	1366.76000976563
2856.83616658175	1390.9599609375
2858.93305008443	1409.20495605469
2861.02932908952	1428.56005859375
2863.12500383809	1461.07495117188
2865.22007457104	1498.74499511719
2867.31454152918	1538.22497558594
2869.40840495316	1567.81994628906
2871.50166508353	1602.7900390625
2873.59432216069	1630.22497558594
2875.68637642493	1648.5400390625
2877.77782811641	1663.44494628906
2879.86867747515	1670.64001464844
2881.95892474105	1676.44494628906
2884.0485701539	1683.26000976563
2886.13761395333	1686.79504394531
2888.22605637886	1691.74499511719
2890.3138976699	1703.40002441406
2892.40113806571	1715.81494140625
2894.48777780544	1722.125
2896.57381712808	1737.27001953125
2898.65925627254	1754.46997070313
2900.74409547758	1777.65002441406
2902.82833498183	1797.55505371094
2904.9119750238	1813.99499511719
2906.99501584188	1833.56994628906
2909.07745767432	1865.93005371094
2911.15930075925	1889.69494628906
2913.24054533469	1906.55004882813
2915.3211916385	1921.73999023438
2917.40123990846	1951.10998535156
2919.48069038217	2003.34997558594
2921.55954329716	2060.46997070313
2923.63779889079	2101.05004882813
2925.71545740033	2136.46508789063
2927.79251906289	2128.125
2929.86898411548	2112.98999023438
2931.94485279498	2133.15991210938
2934.02012533815	2153.81005859375
2936.0948019816	2162.4599609375
2938.16888296184	2164.64501953125
2940.24236851525	2155.40502929688
2942.31525887809	2130.7099609375
2944.38755428648	2094.8349609375
2946.45925497643	2064.5400390625
2948.53036118382	2023.98999023438
2950.6008731444	1982.80004882813
2952.67079109381	1943.3349609375
2954.74011526755	1917.44494628906
2956.80884590101	1888.35498046875
2958.87698322944	1860.39001464844
2960.94452748799	1838.71997070313
2963.01147891167	1822.02502441406
2965.07783773535	1809.05004882813
2967.14360419382	1791.89501953125
2969.2087785217	1776.78503417969
2971.27336095352	1761.85998535156
2973.33735172366	1741.46496582031
2975.40075106641	1723.22497558594
2977.46355921591	1705.97998046875
2979.52577640618	1695.05505371094
2981.58740287112	1685.47497558594
2983.64843884452	1673.4150390625
2985.70888456003	1649.08996582031
2987.76874025117	1618.85498046875
2989.82800615137	1586.03002929688
2991.88668249391	1566.07995605469
2993.94476951194	1544.9150390625
2996.00226743852	1531.33996582031
2998.05917650657	1515.31005859375
3000.11549694887	1492.18505859375
3002.17122899812	1465.39501953125
3004.22637288685	1444.22497558594
3006.2809288475	1426.65502929688
3008.33489711238	1420.5
3010.38827791368	1409.15502929688
3012.44107148345	1388.19995117188
3014.49327805366	1377.80505371094
3016.5448978561	1367.63500976563
3018.59593112249	1362.05004882813
3020.64637808441	1355.05505371094
3022.6962389733	1347.34997558594
3024.74551402051	1340.2099609375
3026.79420345725	1331.13000488281
3028.84230751461	1328.83996582031
3030.88982642357	1328.82995605469
3032.93676041497	1326.53002929688
3034.98310971955	1327.11999511719
3037.02887456791	1336.8349609375
3039.07405519054	1339.14501953125
3041.11865181781	1334.38500976563
3043.16266467996	1338.17504882813
3045.20609400713	1344.51000976563
3047.24894002932	1351.72497558594
3049.2912029764	1358.375
3051.33288307815	1359.27001953125
3053.37398056421	1358.34997558594
3055.41449566411	1357.98999023438
3057.45442860725	1367.90002441406
3059.49377962291	1382.34497070313
3061.53254894026	1393.99499511719
3063.57073678834	1399.4599609375
3065.60834339607	1397.47998046875
3067.64536899227	1396.71496582031
3069.68181380561	1386.17504882813
3071.71767806467	1379.60998535156
3073.75296199788	1371.73999023438
3075.78766583357	1361.1650390625
3077.82178979997	1352.23498535156
3079.85533412513	1341.125
3081.88829903705	1328.60998535156
3083.92068476356	1322.73999023438
3085.95249153241	1318.625
3087.98371957119	1310.49499511719
3090.01436910741	1305.93994140625
3092.04444036844	1304.27001953125
3094.07393358152	1301.63000488281
3096.10284897381	1300.06994628906
3098.13118677232	1298.96997070313
3100.15894720395	1297.96496582031
3102.18613049548	1297.09997558594
3104.21273687357	1300.56994628906
3106.23876656477	1295.38500976563
3108.2642197955	1292.73999023438
3110.28909679208	1293.23498535156
3112.31339778069	1289.56494140625
3114.33712298741	1291.60498046875
3116.36027263819	1300.06994628906
3118.38284695887	1305.80505371094
3120.40484617516	1304.94995117188
3122.42627051268	1298.58996582031
3124.4471201969	1293.11999511719
3126.46739545319	1300.20495605469
3128.4870965068	1305.30004882813
3130.50622358287	1305.29504394531
3132.5247769064	1302.26501464844
3134.54275670229	1302.09997558594
3136.56016319534	1301.91003417969
3138.57699661019	1301.53503417969
3140.59325717139	1302.18505859375
3142.60894510338	1301.80004882813
3144.62406063047	1303.92004394531
3146.63860397686	1305.60498046875
3148.65257536662	1304.72998046875
3150.66597502371	1308.48498535156
3152.67880317199	1306.93505859375
3154.69106003518	1308.67004394531
3156.70274583691	1314.13000488281
3158.71386080065	1314.53002929688
3160.72440514981	1315.47998046875
3162.73437910763	1319.7099609375
3164.74378289728	1323.06494140625
3166.75261674179	1325.11499023438
3168.76088086407	1319.88000488281
3170.76857548692	1317.55505371094
3172.77570083303	1321.06994628906
3174.78225712498	1326.35498046875
3176.78824458521	1328.80505371094
3178.79366343607	1330.30004882813
3180.79851389977	1329.75
3182.80279619844	1329.21496582031
3184.80651055405	1331.85998535156
3186.80965718849	1327.77001953125
3188.81223632353	1329.93505859375
3190.81424818081	1335.57495117188
3192.81569298186	1336.13500976563
3194.8165709481	1334.66003417969
3196.81688230084	1339.28503417969
3198.81662726126	1344.22497558594
3200.81580605044	1346.19995117188
3202.81441888933	1347.13000488281
3204.81246599879	1348.28503417969
3206.80994759954	1348.31005859375
3208.80686391219	1350.03503417969
3210.80321515726	1353.65502929688
3212.79900155512	1358.63500976563
3214.79422332605	1364.21496582031
3216.78888069021	1357.99499511719
3218.78297386765	1356.875
3220.77650307828	1358.57495117188
3222.76946854195	1367.76501464844
3224.76187047834	1364.36999511719
3226.75370910705	1364.5
3228.74498464755	1368.55505371094
3230.73569731921	1371.56494140625
3232.72584734127	1371.51000976563
3234.71543493287	1373.81994628906
3236.70446031304	1372.79504394531
3238.69292370068	1378.16003417969
3240.68082531459	1384.34497070313
3242.66816537345	1382.10998535156
3244.65494409583	1377.65502929688
3246.6411617002	1380.18505859375
3248.62681840488	1386.19494628906
3250.61191442812	1391.73999023438
3252.59644998804	1387.50500488281
3254.58042530263	1383.96997070313
3256.56384058979	1382.72998046875
3258.54669606731	1388.93005371094
3260.52899195285	1391.85498046875
3262.51072846396	1387.76000976563
3264.4919058181	1384.68505859375
3266.47252423259	1392.01501464844
3268.45258392464	1396.93005371094
3270.43208511138	1399.06005859375
3272.41102800978	1401.82995605469
3274.38941283675	1398.31494140625
3276.36723980904	1405.80505371094
3278.34450914332	1408.28002929688
3280.32122105613	1411.2099609375
3282.29737576392	1420.4599609375
3284.272973483	1423.52001953125
3286.24801442958	1425.75500488281
3288.22249881978	1428.39001464844
3290.19642686957	1427.55505371094
3292.16979879485	1419.28503417969
3294.14261481136	1411.56494140625
3296.11487513478	1413.64501953125
3298.08657998065	1414.57995605469
3300.0577295644	1413.77001953125
3302.02832410136	1415.67004394531
3303.99836380673	1418.25500488281
3305.96784889563	1418.38500976563
3307.93677958303	1419.60498046875
3309.90515608383	1415.14501953125
3311.87297861278	1406.48999023438
3313.84024738456	1402.56005859375
3315.80696261371	1404.31494140625
3317.77312451466	1408.52502441406
3319.73873330175	1404.81494140625
3321.70378918919	1398.84997558594
3323.66829239109	1400.73498535156
3325.63224312145	1398.75500488281
3327.59564159416	1391.24499511719
3329.55848802299	1384.69494628906
3331.52078262162	1387.03503417969
3333.4825256036	1393.93005371094
3335.44371718237	1390.78002929688
3337.40435757128	1381.65002441406
3339.36444698356	1373.1650390625
3341.32398563232	1370.50500488281
3343.28297373058	1378.67004394531
3345.24141149124	1390.36499023438
3347.19929912709	1384.43005371094
3349.15663685081	1373.625
3351.11342487497	1374.00500488281
3353.06966341204	1379.51501464844
3355.02535267437	1377.65502929688
3356.98049287421	1372.79504394531
3358.9350842237	1372.375
3360.88912693486	1370.73999023438
3362.84262121962	1373.53503417969
3364.79556728978	1376.86499023438
3366.74796535705	1376.63500976563
3368.69981563302	1370.52502441406
3370.65111832917	1369.60998535156
3372.60187365689	1369.66003417969
3374.55208182744	1375.00500488281
3376.50174305198	1369.32495117188
3378.45085754157	1357.79504394531
3380.39942550714	1349.13500976563
3382.34744715954	1342.59997558594
3384.29492270949	1345.59497070313
3386.24185236761	1353.83996582031
3388.18823634442	1355.15502929688
3390.13407485031	1349.4150390625
3392.07936809559	1341.91003417969
3394.02411629045	1344.59997558594
3395.96831964496	1344.31494140625
3397.91197836911	1342.88500976563
3399.85509267275	1343.60998535156
3401.79766276564	1344.54504394531
3403.73968885745	1347.45495605469
3405.68117115771	1342.85498046875
3407.62210987586	1335.03002929688
3409.56250522123	1326.86999511719
3411.50235740305	1322.61999511719
3413.44166663043	1320.26501464844
3415.38043311238	1326.38500976563
3417.3186570578	1333.42504882813
3419.2563386755	1330.60998535156
3421.19347817415	1319.6650390625
3423.13007576235	1319.81005859375
3425.06613164857	1316.61499023438
3427.00164604118	1319.45495605469
3428.93661914844	1321.38500976563
3430.87105117852	1320.31494140625
3432.80494233945	1317.79504394531
3434.73829283919	1314.29504394531
3436.67110288558	1307.47497558594
3438.60337268634	1311.93994140625
3440.53510244911	1315.05505371094
3442.4662923814	1315.05505371094
3444.39694269064	1311.89001464844
3446.32705358412	1310.19995117188
3448.25662526905	1307.60998535156
3450.18565795254	1305.47497558594
3452.11415184156	1303.74499511719
3454.04210714302	1300.0849609375
3455.96952406369	1303.0400390625
3457.89640281024	1303.77502441406
3459.82274358924	1296.86499023438
3461.74854660717	1290.54504394531
3463.67381207038	1287.72998046875
3465.59854018513	1287.61499023438
3467.52273115756	1283.02502441406
3469.44638519373	1278.64501953125
3471.36950249956	1275.68994140625
3473.29208328091	1272.34497070313
3475.21412774349	1273.13500976563
3477.13563609293	1272.38000488281
3479.05660853476	1266.50500488281
3480.97704527438	1264.76501464844
3482.89694651712	1259.13000488281
3484.81631246818	1258.04504394531
3486.73514333266	1254.96997070313
3488.65343931557	1253.76000976563
3490.57120062179	1251.26000976563
3492.48842745612	1250.19494628906
3494.40512002324	1245.72998046875
3496.32127852773	1243.125
3498.23690317408	1247.28503417969
3500.15199416666	1245.06994628906
3502.06655170974	1240.90002441406
3503.98057600749	1237.40002441406
3505.89406726396	1233.01501464844
3507.80702568312	1232.5
3509.71945146883	1232.06005859375
3511.63134482483	1234.98498535156
3513.54270595478	1231.18994140625
3515.45353506222	1225.18005371094
3517.3638323506	1219.375
3519.27359802324	1215.59997558594
3521.1828322834	1217.91003417969
3523.09153533419	1212.33996582031
3524.99970737866	1209.76501464844
3526.90734861972	1209.97998046875
3528.81445926021	1215.15502929688
3530.72103950283	1212.53503417969
3532.62708955022	1207.81494140625
3534.53260960488	1207.33996582031
3536.43759986923	1201.76501464844
3538.34206054558	1194.85998535156
3540.24599183613	1188.44995117188
3542.149393943	1180.81994628906
3544.05226706817	1178.73999023438
3545.95461141357	1184.18505859375
3547.85642718097	1185.96496582031
3549.75771457208	1179.5400390625
3551.6584737885	1175.13000488281
3553.55870503171	1173.13500976563
3555.4584085031	1173.42504882813
3557.35758440396	1175.60998535156
3559.25623293548	1178.39001464844
3561.15435429874	1175.32495117188
3563.05194869473	1172.43505859375
3564.94901632432	1167.84997558594
3566.84555738829	1165.125
3568.74157208732	1167.0400390625
3570.63706062199	1160.68994140625
3572.53202319277	1157.38000488281
3574.42646000003	1161.1650390625
3576.32037124406	1161.81994628906
3578.213757125	1161.67504882813
3580.10661784295	1160.5400390625
3581.99895359786	1162.93994140625
3583.8907645896	1166.76501464844
3585.78205101794	1164.30004882813
3587.67281308254	1157.82995605469
3589.56305098297	1157.29504394531
3591.4527649187	1156.10998535156
3593.34195508907	1152.17004394531
3595.23062169338	1148.55505371094
3597.11876493075	1148.19995117188
3599.00638500027	1146.25
3600.89348210089	1144.46997070313
3602.78005643148	1147.27001953125
3604.66610819078	1148.32995605469
3606.55163757747	1147.68994140625
3608.4366447901	1147.18505859375
3610.32113002713	1145.5
3612.20509348693	1139.7900390625
3614.08853536774	1137.59497070313
3615.97145586773	1134.96997070313
3617.85385518497	1135.36499023438
3619.7357335174	1135.65502929688
3621.61709106289	1129.38500976563
3623.4979280192	1125.98999023438
3625.37824458399	1122.59497070313
3627.25804095482	1120.39501953125
3629.13731732915	1117.43005371094
3631.01607390435	1116.56994628906
3632.89431087767	1116.5
3634.77202844629	1119.22497558594
3636.64922680726	1118.35998535156
3638.52590615754	1117.73999023438
3640.40206669402	1120.09497070313
3642.27770861344	1118.56494140625
3644.15283211248	1116.88500976563
3646.02743738771	1115.65002441406
3647.90152463559	1114.4599609375
3649.77509405251	1112.88500976563
3651.64814583473	1112.7099609375
3653.52068017842	1109.36999511719
3655.39269727965	1108.83996582031
3657.26419733442	1104.43994140625
3659.13518053858	1101.42004394531
3661.00564708793	1104.2900390625
3662.87559717814	1104.875
3664.7450310048	1101.03002929688
3666.61394876338	1096.80505371094
3668.48235064928	1093.6650390625
3670.35023685779	1094.31005859375
3672.21760758409	1090.99499511719
3674.08446302327	1087.89001464844
3675.95080337033	1085.74499511719
3677.81662882017	1089.31994628906
3679.68193956758	1092.21997070313
3681.54673580727	1093.03503417969
3683.41101773383	1090.7900390625
3685.27478554178	1090.34997558594
3687.13803942551	1088.84997558594
3689.00077957934	1086.63000488281
3690.86300619748	1079.32995605469
3692.72471947405	1075.98999023438
3694.58591960306	1074.19995117188
3696.44660677844	1075.68005371094
3698.306781194	1075.36499023438
3700.16644304348	1076.17504882813
3702.02559252049	1076.52502441406
3703.88422981859	1078.81994628906
3705.74235513119	1077.36999511719
3707.59996865164	1076.38500976563
3709.45707057318	1072.59497070313
3711.31366108895	1074.33996582031
3713.16974039199	1072.73498535156
3715.02530867527	1067.84497070313
3716.88036613164	1064.18505859375
3718.73491295385	1062.31494140625
3720.58894933456	1061.02502441406
3722.44247546634	1059.31005859375
3724.29549154166	1059.1650390625
3726.14799775289	1063.05004882813
3727.9999942923	1061.5400390625
3729.85148135209	1057.125
3731.70245912432	1054.52502441406
3733.55292780098	1053.28002929688
3735.40288757397	1054.03503417969
3737.25233863509	1052.45495605469
3739.10128117603	1051.17504882813
3740.9497153884	1050.65502929688
3742.7976414637	1051.09497070313
3744.64505959335	1055.48999023438
3746.49196996866	1057.125
3748.33837278086	1059.98498535156
3750.18426822108	1056.05004882813
3752.02965648033	1052.60998535156
3753.87453774956	1055.73498535156
3755.7189122196	1057.94494628906
3757.5627800812	1054.92504882813
3759.40614152501	1049.06005859375
3761.24899674159	1044.86999511719
3763.09134592138	1044.59497070313
3764.93318925476	1046.96997070313
3766.77452693199	1045.01501464844
3768.61535914325	1045.5849609375
3770.45568607861	1048.56494140625
3772.29550792807	1046.125
3774.1348248815	1047.24499511719
3775.9736371287	1047.24499511719
3777.81194485938	1047.91003417969
