32.6816976106991	718.619995117188
35.6535599501435	718.619995117188
38.6244374909659	718.619995117188
41.5943306947054	718.586669921875
44.5632400226282	718.679992675781
47.5311659356917	718.406677246094
50.4981088945929	718.460021972656
53.4640693597127	718.5
56.4290477911676	718.359985351563
59.3930446487746	718.613342285156
62.356060392067	718.426696777344
65.3180954802906	718.873352050781
68.2791503724084	718.893310546875
71.2392255270922	718.873352050781
74.1983214027271	718.713317871094
77.1564384574159	718.913330078125
80.113577148983	718.940002441406
83.0697379349549	718.813354492188
86.0249212725722	718.67333984375
88.9791276188058	718.806640625
91.9323574303255	719.113342285156
94.8846111635238	719.026672363281
97.8358892745121	719.193359375
100.786192219114	719.233337402344
103.73552045287	719.359985351563
106.683874431037	719.546691894531
109.631254608583	719.700012207031
112.577661440203	719.799987792969
115.523095380307	720.359985351563
118.467556883015	720.820007324219
121.411046402175	722.246643066406
124.353564391344	724.293334960938
127.295111303796	727.760009765625
130.235687592532	734.686645507813
133.175293710265	746.853332519531
136.113930109434	766.093322753906
139.051597242185	795.813354492188
141.98829556039	833.986694335938
144.92402551564	881.440002441406
147.858787559244	936.186645507813
150.792582142239	991.713317871094
153.725409715372	1039.306640625
156.65727072911	1077.41333007813
159.588165633643	1108.3466796875
162.518094878884	1133.306640625
165.447058914469	1149.93994140625
168.375058189747	1159.73327636719
171.302093153792	1166.10668945313
174.228164255401	1170.85998535156
177.153271943091	1175.85998535156
180.077416665101	1185.806640625
183.000598869394	1194.79333496094
185.922819003656	1200.0400390625
188.84407751529	1206
191.764374851424	1219.306640625
194.683711458919	1231.38000488281
197.60208778434	1243.51330566406
200.519504273992	1260.88671875
203.435961373894	1278.06005859375
206.351459529801	1299.43994140625
209.265999187174	1331.07336425781
212.179580791207	1360.59338378906
215.092204786825	1390.21997070313
218.003871618673	1419.73327636719
220.914581731116	1444.1533203125
223.824335568247	1480.806640625
226.733133573893	1504.5400390625
229.640976191593	1531.21337890625
232.547863864614	1558.08666992188
235.453797035961	1567.81335449219
238.358776148354	1574.59997558594
241.26280164424	1582.37329101563
244.1658739658	1592.14660644531
247.067993554929	1594.58666992188
249.969160853266	1588.43334960938
252.869376302162	1595.67333984375
255.768640342707	1608.30004882813
258.666953415705	1601.23327636719
261.564315961705	1600.38000488281
264.46072842097	1599.19775390625
267.356191233499	1598.015625
270.25070483901	1596.83337402344
273.144269676967	1595.29333496094
276.036886186551	1595.74438476563
278.928554806671	1596.19555664063
281.819275975966	1596.64660644531
284.709050132812	1596.33996582031
287.597877715306	1599.30004882813
290.485759161281	1598.92663574219
293.372694908298	1600.99328613281
296.258685393644	1599.30004882813
299.143731054352	1590.68005371094
302.027832327156	1592.59338378906
304.910989648557	1602.82666015625
307.79320345476	1609.13330078125
310.674474181717	1606.71337890625
313.554802265101	1602.33996582031
316.434188140326	1596.80004882813
319.312632242533	1590.54663085938
322.190135006593	1581.62670898438
325.066696867117	1584.6533203125
327.942318258443	1589.71997070313
330.816999614641	1595.5400390625
333.690741369517	1599.57336425781
336.56354395661	1599.76672363281
339.435407809193	1594.92004394531
342.306333360273	1587.39331054688
345.176321042591	1579.9599609375
348.045371288612	1568.16662597656
350.913484530551	1566.58666992188
353.78066120035	1576.5400390625
356.64690172969	1583.66003417969
359.512206549972	1583.81335449219
362.376576092357	1577.28002929688
365.240010787716	1575.42004394531
368.102511066677	1569.35339355469
370.964077359587	1577.26000976563
373.82471009654	1576.40002441406
376.684409707364	1577.68005371094
379.543176621612	1576.78662109375
382.401011268595	1569.00671386719
385.257914077343	1567.21337890625
388.113885476627	1572.68664550781
390.968925894961	1580.18005371094
393.823035760591	1589.93334960938
396.676215501503	1603.18005371094
399.528465545415	1611.52661132813
402.379786319791	1613.3466796875
405.230178251834	1617.91333007813
408.079641768472	1616.92663574219
410.928177296387	1615.51330566406
413.775785261992	1603.81994628906
416.622466091445	1623.10668945313
419.468220210631	1642.91333007813
422.313048045182	1647.40002441406
425.156950020479	1641.693359375
427.999926561623	1639.09997558594
430.841978093471	1636.14001464844
433.683105040613	1637.31994628906
436.523307827384	1633.31994628906
439.362586877851	1625.97338867188
442.200942615829	1631.47338867188
445.038375464876	1633.57995605469
447.874885848283	1638.18005371094
450.710474189089	1640.02661132813
453.54514091007	1636.59997558594
456.37888643375	1633.16662597656
459.211711182386	1621.16003417969
462.043615577986	1612.47338867188
464.874600042297	1606.76000976563
467.704664996804	1615.11999511719
470.533810862741	1614.93334960938
473.36203806108	1615.99560546875
476.189347012547	1617.05773925781
479.015738137594	1618.11999511719
481.841211856432	1612
484.665768589008	1623.81994628906
487.489408755009	1639.68664550781
490.312132773878	1642.1533203125
493.133941064796	1640
495.954834046683	1631.61999511719
498.77481213821	1625.3466796875
501.593875757797	1635.806640625
504.412025323601	1642.67333984375
507.229261253524	1646.11999511719
510.045583965226	1655.10668945313
512.860993876093	1663.86669921875
515.675491403271	1663.21997070313
518.489076963649	1664.66662597656
521.301750973863	1660.83996582031
524.113513850293	1663.17333984375
526.924366009065	1666.88671875
529.734307866052	1660.59997558594
532.543339836881	1656.44665527344
535.35146233692	1654.62670898438
538.158675781281	1644.33996582031
540.964980584833	1632.97338867188
543.770377162182	1639.08666992188
546.574865927692	1648.23327636719
549.378447295465	1654.36669921875
552.181121679365	1657.79333496094
554.982889492993	1655.78002929688
557.783751149701	1652.74670410156
560.583707062591	1652.70666503906
563.38275764452	1641.94665527344
566.180903308083	1631.08666992188
568.978144465633	1626.09997558594
571.774481529266	1638.18664550781
574.569914910839	1647.13330078125
577.364445021949	1642.08666992188
580.158072273946	1637.0400390625
582.950797077926	1627.36669921875
585.742619844752	1629.05334472656
588.533540985018	1630.21337890625
591.323560909078	1620.86669921875
594.112680027034	1623.85339355469
596.90089874875	1630.05334472656
599.688217483828	1635.92663574219
602.474636641629	1625.01330566406
605.260156631263	1612.28002929688
608.044777861596	1608.90661621094
610.828500741241	1623.01330566406
613.611325678567	1622.78662109375
616.393253081697	1635.85998535156
619.174283358506	1634.62670898438
621.954416916616	1636.68664550781
624.733654163414	1639.73999023438
627.511995506029	1637.06665039063
630.289441351351	1631.93994140625
633.065992106022	1630.12670898438
635.841648176434	1625.61999511719
638.616409968744	1630.23327636719
641.390277888847	1635.98669433594
644.163252342408	1643.68005371094
646.93533373484	1645.306640625
649.706522471307	1644.01330566406
652.47681895674	1645.693359375
655.246223595811	1647.37329101563
658.014736792957	1641.11999511719
660.782358952371	1646.193359375
663.549090477999	1649.57336425781
666.314931773542	1652.00671386719
669.079883242452	1655.06665039063
671.843945287955	1656.75329589844
674.607118313019	1655.46667480469
677.369402720366	1657.41333007813
680.130798912488	1657.90991210938
682.891307291627	1658.40661621094
685.650928259784	1663.83996582031
688.409662218708	1670.46667480469
691.167509569927	1666.6533203125
693.924470714705	1673.92663574219
696.680546054078	1677.18005371094
699.435735988832	1671.87329101563
702.190040919516	1658.40002441406
704.943461246442	1668.26672363281
707.695997369667	1685.31994628906
710.447649689022	1683.77331542969
713.198418604088	1681.07995605469
715.948304514206	1678.07336425781
718.697307818481	1673.58666992188
721.445428915779	1674.14660644531
724.192668204716	1677.58666992188
726.93902608368	1681.13330078125
729.684502950805	1686.70666503906
732.429099204005	1685.03552246094
735.172815240936	1683.36450195313
737.915651459026	1681.693359375
740.657608255463	1679.8466796875
743.398686027186	1678.82666015625
746.13888517091	1690.11999511719
748.878206083102	1699.67333984375
751.616649159998	1696.73999023438
754.354214797584	1700.25329589844
757.09090339162	1704.23327636719
759.826715337622	1703.40661621094
762.561651030868	1691.28002929688
765.295710866406	1691.35339355469
768.028895239041	1682.77331542969
770.761204543336	1681.91333007813
773.492639173626	1687.42004394531
776.223199524006	1682.42004394531
778.952885988334	1668.96667480469
781.681698960235	1660.85998535156
784.40963883309	1661.85998535156
787.136706000052	1657.56005859375
789.862900854037	1663.77331542969
792.588223787721	1664.53332519531
795.312675193549	1651.32666015625
798.036255463728	1647.16662597656
800.758964990228	1656.58666992188
803.480804164792	1675.23327636719
806.201773378919	1677.6533203125
808.921873023884	1679.60668945313
811.641103490712	1688.0400390625
814.359465170214	1686.26672363281
817.076958452946	1686.76672363281
819.793583729246	1695.16662597656
822.509341389214	1715.06665039063
825.224231822712	1713.91333007813
827.938255419375	1717.56665039063
830.651412568596	1737.85339355469
833.363703659544	1747.42663574219
836.075129081157	1754.54663085938
838.785689222127	1761.02001953125
841.495384470928	1758.22668457031
844.204215215788	1762.83996582031
846.912181844721	1761.31335449219
849.619284745491	1770.62670898438
852.325524305638	1785.03332519531
855.030900912475	1785.88000488281
857.735414953079	1784.09997558594
860.439066814289	1783.61999511719
863.141856882725	1788.11328125
865.843785544769	1790.27331542969
868.544853186571	1792.43334960938
871.245060194063	1787.97998046875
873.944406952925	1786.53332519531
876.642893848625	1781.54663085938
879.340521266398	1773.23999023438
882.037289591241	1777.66662597656
884.733199207927	1787.5400390625
887.428250501001	1792.66003417969
890.122443854778	1795.56665039063
892.815779653335	1794.90002441406
895.508258280534	1793.193359375
898.199880119997	1797.75329589844
900.890645555129	1796.66662597656
903.580554969094	1795.57995605469
906.269608744832	1794.49328613281
908.957807265056	1792.28662109375
911.645150912257	1792.94665527344
914.331640068689	1791.86669921875
917.017275116375	1793.02001953125
919.702056437128	1809.193359375
922.385984412518	1817.14001464844
925.069059423886	1827.05334472656
927.751281852366	1829.85998535156
930.432652078842	1823.83996582031
933.113170483983	1817.81994628906
935.79283744823	1821.06005859375
938.471653351806	1820.57336425781
941.149618574686	1837.78662109375
943.826733496641	1849.01330566406
946.502998497206	1854.04663085938
949.178413955689	1838.14660644531
951.85298025118	1848.18664550781
954.526697762544	1849.16662597656
957.199566868403	1846.60668945313
959.87158794718	1861.10668945313
962.542761377054	1868.56005859375
965.213087535987	1859.18005371094
967.882566801719	1858.94665527344
970.551199551761	1858.54663085938
973.218986163399	1849
975.885927013698	1837.806640625
978.552022479501	1838.46667480469
981.217272937423	1834.85998535156
983.88167876386	1840.02661132813
986.545240334978	1850.81335449219
989.207958026729	1854.66662597656
991.869832214835	1862.80004882813
994.530863274798	1876.17333984375
997.191051581895	1894.82666015625
999.850397511185	1930.06005859375
1002.50890143751	1966.07336425781
1005.16656373546	1984.193359375
1007.82338477944	1992.45336914063
1010.47936494363	1989.13330078125
1013.13450460195	1984.5
1015.78880412815	1939.52001953125
1018.44226389572	1902.53332519531
1021.09488427794	1881.8466796875
1023.74666564789	1864.05334472656
1026.3976083784	1854.46667480469
1029.04771284208	1852.51330566406
1031.69697941135	1871.56665039063
1034.34540845838	1897.45336914063
1036.99300035512	1904.61999511719
1039.63975547333	1892.9599609375
1042.28567418452	1887.18005371094
1044.93075685998	1883.10668945313
1047.57500387081	1871.36669921875
1050.21841558786	1869.12670898438
1052.86099238177	1880.28662109375
1055.50273462297	1890.73327636719
1058.14364268167	1893.69995117188
1060.78371692784	1893.22668457031
1063.42295773126	1902.32666015625
1066.06136546148	1925.31994628906
1068.69894048781	1943.37329101563
1071.33568317939	1942.53332519531
1073.9715939051	1939.92004394531
1076.60667303362	1934.56665039063
1079.24092093341	1930.41333007813
1081.87433797271	1930.44665527344
1084.50692451954	1929.96667480469
1087.13868094172	1931.14660644531
1089.76960760684	1921.02661132813
1092.39970488226	1927.37329101563
1095.02897313516	1926.28002929688
1097.65741273246	1913.8466796875
1100.28502404089	1899.43994140625
1102.91180742697	1887.97998046875
1105.53776325698	1880.03332519531
1108.16289189701	1879.94665527344
1110.78719371291	1882.30334472656
1113.41066907033	1884.66003417969
1116.0333183347	1880.59997558594
1118.65514187124	1885.89331054688
1121.27614004495	1886.22668457031
1123.89631322061	1885.28002929688
1126.51566176279	1886.03332519531
1129.13418603585	1887.23327636719
1131.75188640394	1884.43994140625
1134.36876323098	1871.42663574219
1136.98481688069	1852.85998535156
1139.60004771655	1845.27331542969
1142.21445610187	1837.8466796875
1144.82804239972	1824.97998046875
1147.44080697295	1814.6533203125
1150.05275018421	1820.4599609375
1152.66387239593	1825.9599609375
1155.27417397034	1834.32666015625
1157.88365526943	1851.55334472656
1160.49231665502	1853.52001953125
1163.10015848867	1851.52661132813
1165.70718113176	1849.85339355469
1168.31338494544	1848.97338867188
1170.91877029067	1848.11999511719
1173.52333752817	1843.18664550781
1176.12708701847	1830.79333496094
1178.73001912187	1829.35998535156
1181.33213419848	1833.17333984375
1183.93343260819	1820.80004882813
1186.53391471068	1813.20666503906
1189.13358086539	1821.24670410156
1191.73243143161	1839.25329589844
1194.33046676836	1846.11328125
1196.92768723449	1843.806640625
1199.52409318861	1839.73327636719
1202.11968498915	1841.38000488281
1204.7144629943	1843.40002441406
1207.30842756206	1848.73999023438
1209.90157905021	1861.36669921875
1212.49391781634	1869.18664550781
1215.08544421779	1875.71997070313
1217.67615861174	1872.87109375
1220.26606135512	1870.02221679688
1222.85515280468	1867.17333984375
1225.44343331694	1863.41333007813
1228.03090324823	1869.39331054688
1230.61756295466	1871.33996582031
1233.20341279213	1878.26000976563
1235.78845311634	1905.51330566406
1238.37268428278	1927.00671386719
1240.95610664673	1933.31994628906
1243.53872056325	1940.35339355469
1246.12052638722	1929.88671875
1248.70152447329	1918.78002929688
1251.28171517591	1921.54663085938
1253.86109884934	1922.50671386719
1256.43967584759	1944.81994628906
1259.0174465245	1959.09338378906
1261.5944112337	1964.06665039063
1264.1705703286	1960.64660644531
1266.74592416241	1960.78002929688
1269.32047308814	1953.04663085938
1271.89421745858	1943.10668945313
1274.46715762633	1958.13330078125
1277.03929394377	1956.08447265625
1279.61062676308	1954.03552246094
1282.18115643624	1951.98669433594
1284.75088331502	1948.10668945313
1287.31980775098	1948.806640625
1289.88793009548	1955.96667480469
1292.45525069969	1957.87329101563
1295.02176991454	1949.67333984375
1297.58748809078	1931.05334472656
1300.15240557897	1939.31335449219
1302.71652272942	1937.52661132813
1305.27983989229	1935.23327636719
1307.84235741749	1953.19995117188
1310.40407565475	1962.56665039063
1312.9649949536	1973.16662597656
1315.52511566335	1987.33337402344
1318.08443813311	1985.30004882813
1320.64296271181	1988.09338378906
1323.20068974815	1999.73327636719
1325.75761959063	1997.17333984375
1328.31375258756	2002.82666015625
1330.86908908704	1995.14001464844
1333.42362943696	1985.85998535156
1335.97737398503	1984.09997558594
1338.53032307874	1982.42663574219
1341.08247706537	1991.57336425781
1343.63383629202	1999.21337890625
1346.18440110558	2006.85339355469
1348.73417185274	1989.70666503906
1351.28314887997	1978.88000488281
1353.83133253357	1968.24670410156
1356.37872315961	1956.71997070313
1358.92532110398	1942.12670898438
1361.47112671237	1928.47998046875
1364.01614033024	1911.93994140625
1366.56036230288	1895.806640625
1369.10379297537	1896.40002441406
1371.64643269258	1892.57995605469
1374.18828179921	1889.31994628906
1376.72934063972	1884.01330566406
1379.2696095584	1880.13330078125
1381.80908889932	1885.31994628906
1384.34777900637	1875.72668457031
1386.88568022323	1880.52001953125
1389.42279289337	1886.74670410156
1391.95911736009	1895.60668945313
1394.49465396645	1899.80004882813
1397.02940305537	1901.0234375
1399.5633649695	1902.24670410156
1402.09654005135	1889.36669921875
1404.6289286432	1874.33337402344
1407.16053108714	1882.38671875
1409.69134772507	1893.16003417969
1412.22137889868	1908.77331542969
1414.75062494947	1900.02001953125
1417.27908621874	1891.26672363281
1419.80676304759	1895.11999511719
1422.33365577692	1899.12670898438
1424.85976474744	1910.02001953125
1427.38509029967	1908.08666992188
1429.90963277392	1901.19995117188
1432.4333925103	1920.11999511719
1434.95636984873	1936.81994628906
1437.47856512894	1951.85339355469
1439.99997869045	1983.54663085938
1442.5206108726	1996.43334960938
1445.04046201452	2005.78002929688
1447.55953245515	2028.02001953125
1450.07782253323	2037.60668945313
1452.59533258731	2044.42224121094
1455.11206295574	2051.23779296875
1457.62801397668	2058.05322265625
1460.14318598809	2051.0732421875
1462.65757932774	2024.09997558594
1465.1711943332	1988.29333496094
1467.68403134184	1958.17333984375
1470.19609069085	1926.6533203125
1472.70737271721	1912.9599609375
1475.21787775772	1908.43994140625
1477.72760614897	1889.83337402344
1480.23655822738	1855.92663574219
1482.74473432914	1832.47338867188
1485.25213479029	1815.57336425781
1487.75875994664	1785.85998535156
1490.26461013382	1782.10668945313
1492.76968568726	1777.62670898438
1495.27398694222	1767.26000976563
1497.77751423374	1770.4599609375
1500.28026789667	1774.3466796875
1502.78224826569	1781.41333007813
1505.28345567526	1789.64660644531
1507.78389045967	1789.66662597656
1510.28355295299	1786.16662597656
1512.78244348913	1772.16003417969
1515.28056240178	1768.47998046875
1517.77791002445	1781.69995117188
1520.27448669047	1785.24670410156
1522.77029273296	1790.88671875
1525.26532848486	1781.78662109375
1527.75959427889	1783.09338378906
1530.25309044764	1787.193359375
1532.74581732344	1789.87329101563
1535.23777523847	1772.97998046875
1537.72896452471	1778.94665527344
1540.21938551394	1814.31335449219
1542.70903853778	1832.43334960938
1545.19792392761	1822.36669921875
1547.68604201466	1815.13330078125
1550.17339312997	1806.70666503906
1552.65997760434	1799.23327636719
1555.14579576845	1810.56665039063
1557.63084795275	1811.81994628906
1560.11513448749	1826.96667480469
1562.59865570276	1836.05334472656
1565.08141192845	1845.14001464844
1567.56340349426	1830.94665527344
1570.04463072969	1817.00671386719
1572.52509396406	1807.32666015625
1575.00479352652	1814.89331054688
1577.48372974599	1832.49328613281
1579.96190295124	1833.81994628906
1582.43931347083	1830.11999511719
1584.91596163314	1843.21997070313
1587.39184776636	1862.97998046875
1589.86697219849	1871.57995605469
1592.34133525734	1861.28002929688
1594.81493727054	1867.26000976563
1597.28777856553	1869
1599.75985946955	1870.16003417969
1602.23118030968	1870.28002929688
1604.70174141278	1870.40002441406
1607.17154310555	1872.64001464844
1609.64058571449	1887.10668945313
1612.10886956591	1907.31335449219
1614.57639498595	1905.68664550781
1617.04316230054	1900.64660644531
1619.50917183543	1892.8466796875
1621.97442391621	1865.47998046875
1624.43891886825	1852.06665039063
1626.90265701674	1845.30004882813
1629.36563868671	1843.23999023438
1631.82786420296	1840.18664550781
1634.28933389016	1848.42663574219
1636.75004807274	1858.90661621094
1639.21000707498	1866.61999511719
1641.66921122097	1865.79333496094
1644.12766083459	1875.07336425781
1646.58535623956	1891.59338378906
1649.04229775941	1907.02001953125
1651.4984857175	1909.76672363281
1653.95392043697	1924.06005859375
1656.40860224079	1944.93334960938
1658.86253145177	1950.12670898438
1661.3157083925	1935.806640625
1663.76813338542	1942.43334960938
1666.21980675275	1942.7177734375
1668.67072881656	1943.00219726563
1671.1208998987	1943.28662109375
1673.57032032089	1930.64001464844
1676.0189904046	1936.13330078125
1678.46691047118	1938.16003417969
1680.91408084174	1909.35339355469
1683.36050183726	1877.90661621094
1685.8061737785	1856.55334472656
1688.25109698605	1832.47998046875
1690.69527178032	1805.87329101563
1693.13869848153	1792.33996582031
1695.58137740972	1786.75329589844
1698.02330888476	1783.22668457031
1700.46449322631	1764.00671386719
1702.90493075388	1740.88000488281
1705.34462178678	1740.05334472656
1707.78356664414	1726.64660644531
1710.22176564492	1706.02001953125
1712.65921910787	1706.93334960938
1715.0959273516	1697.83996582031
1717.53189069449	1695.28002929688
1719.9671094548	1689.71337890625
1722.40158395054	1687.71997070313
1724.8353144996	1696.31335449219
1727.26830141965	1695.49328613281
1729.70054502819	1692.49328613281
1732.13204564255	1694.02661132813
1734.56280357987	1691.97338867188
1736.99281915711	1684.95336914063
1739.42209269106	1696.58666992188
1741.85062449831	1692.96447753906
1744.27841489529	1689.34216308594
1746.70546419823	1685.71997070313
1749.13177272321	1686.27331542969
1751.5573407861	1687.59338378906
1753.98216870262	1688.43994140625
1756.40625678828	1689.05334472656
1758.82960535844	1691.94665527344
1761.25221472825	1691.78662109375
1763.67408521271	1691.62670898438
1766.09521712663	1691.46667480469
1768.51561078464	1684.37329101563
1770.93526650119	1686.38671875
1773.35418459056	1683.66662597656
1775.77236536684	1683.19555664063
1778.18980914396	1682.72436523438
1780.60651623565	1682.25329589844
1783.02248695548	1683.52001953125
1785.43772161684	1693.23999023438
1787.85222053292	1689.96337890625
1790.26598401677	1686.68664550781
1792.67901238123	1673.06005859375
1795.09130593899	1673.11999511719
1797.50286500254	1686.16662597656
1799.9136898842	1688.80004882813
1802.32378089613	1690.33337402344
1804.73313835028	1689.08666992188
1807.14176255846	1674.42004394531
1809.54965383228	1660.5400390625
1811.95681248317	1669.46667480469
1814.36323882242	1678.06005859375
1816.76893316109	1670.74670410156
1819.17389581011	1664.06005859375
1821.57812708021	1665.37329101563
1823.98162728196	1666.17333984375
1826.38439672573	1661.79333496094
1828.78643572174	1660.71337890625
1831.18774458003	1668.18005371094
1833.58832361045	1666.375
1835.98817312269	1664.57006835938
1838.38729342625	1662.76501464844
1840.78568483048	1660.9599609375
1843.18334764454	1654.87329101563
1845.58028217741	1661.76000976563
1847.9764887379	1665.79663085938
1850.37196763465	1669.83337402344
1852.76671917613	1661.09997558594
1855.16074367062	1668.26672363281
1857.55404142624	1680.11328125
1859.94661275094	1673.77331542969
1862.33845795247	1662.89331054688
1864.72957733844	1652.87329101563
1867.11997121627	1638.06665039063
1869.5096398932	1644.26672363281
1871.89858367631	1670.18005371094
1874.28680287251	1681.81994628906
1876.67429778851	1671.10668945313
1879.06106873089	1662.22668457031
1881.44711600601	1659.28662109375
1883.8324399201	1661.71337890625
1886.21704077919	1662.4599609375
1888.60091888915	1668.80004882813
1890.98407455567	1664.16662597656
1893.36650808428	1655.70666503906
1895.74821978033	1639.18005371094
1898.12920994899	1636.26672363281
1900.50947889527	1647.95336914063
1902.88902692401	1658.16662597656
1905.26785433986	1670.16662597656
1907.64596144734	1662.89672851563
1910.02334855075	1655.62670898438
1912.40001595424	1654.58666992188
1914.7759639618	1656.14001464844
1917.15119287724	1655.23168945313
1919.52570300419	1654.32336425781
1921.89949464611	1653.4150390625
1924.27256810632	1652.50671386719
1926.64492368793	1654.16003417969
1929.0165616939	1657.33337402344
1931.38748242701	1650.59997558594
1933.75768618989	1660.40002441406
1936.12717328497	1663.53002929688
1938.49594401455	1666.66003417969
1940.86399868071	1653.94665527344
1943.23133758541	1654.11328125
1945.5979610304	1678.78662109375
1947.96386931729	1684.18005371094
1950.32906274751	1673.66003417969
1952.69354162232	1667.41333007813
1955.0573062428	1675.80004882813
1957.42035690989	1674.48669433594
1959.78269392434	1672.06665039063
1962.14431758673	1676.12670898438
1964.50522819748	1659.06665039063
1966.86542605684	1644.59997558594
1969.22491146488	1633.54663085938
1971.58368472153	1637.98669433594
1973.94174612654	1640.92663574219
1976.29909597945	1643.86669921875
1978.65573457971	1646.806640625
1981.01166222654	1641.52001953125
1983.36687921902	1657.08666992188
1985.72138585606	1656.193359375
1988.07518243639	1642.81994628906
1990.42826925859	1653.90002441406
1992.78064662106	1662.5
1995.13231482205	1662.12670898438
1997.48327415961	1661.25329589844
1999.83352493167	1664.93994140625
2002.18306743594	1653.43994140625
2004.53190197002	1652.18005371094
2006.8800288313	1658.80004882813
2009.22744831703	1650.5400390625
2011.57416072427	1654.92663574219
2013.92016634993	1657.73327636719
2016.26546549076	1650.85339355469
2018.61005844332	1665.28662109375
2020.95394550404	1663.0400390625
2023.29712696915	1645.3466796875
2025.63960313474	1632.06665039063
2027.98137429672	1631.26000976563
2030.32244075083	1635.29333496094
2032.66280279266	1640.00671386719
2035.00246071763	1643.74670410156
2037.34141482099	1635.66003417969
2039.67966539784	1646.99328613281
2042.01721274309	1651.97998046875
2044.35405715151	1657.29333496094
2046.69019891769	1650.09338378906
2049.02563833606	1639.28662109375
2051.3603757009	1643.3466796875
2053.6944113063	1646.69995117188
2056.0277454462	1651.48669433594
2058.36037841439	1653.90441894531
2060.69231050446	1656.322265625
2063.02354200988	1658.73999023438
2065.35407322392	1645.87329101563
2067.68390443971	1642.40002441406
2070.01303595021	1644.07336425781
2072.3414680482	1643.77331542969
2074.66920102633	1643.47338867188
2076.99623517706	1643.17333984375
2079.32257079271	1642.10668945313
2081.6482081654	1651.22668457031
2083.97314758713	1660.88000488281
2086.29738934971	1659.64001464844
2088.62093374481	1654.93334960938
2090.94378106391	1653.38000488281
2093.26593159835	1646.78002929688
2095.5873856393	1649.37329101563
2097.90814347777	1662.69995117188
2100.2282054046	1659.15991210938
2102.54757171048	1655.61999511719
2104.86624268594	1656.37329101563
2107.18421862133	1661.05334472656
2109.50149980686	1661.2333984375
2111.81808653257	1661.41333007813
2114.13397908834	1661.59326171875
2116.44917776388	1661.77331542969
2118.76368284875	1663.67333984375
2121.07749463235	1663.76000976563
2123.39061340391	1657.76672363281
2125.70303945252	1650.31994628906
2128.01477306707	1652.99328613281
2130.32581453634	1650.17333984375
2132.63616414891	1663.0400390625
2134.94582219322	1670.89331054688
2137.25478895754	1672.43994140625
2139.56306472999	1667.79333496094
2141.87064979851	1659.40661621094
2144.17754445092	1672.30004882813
2146.48374897484	1673.40002441406
2148.78926365774	1674.5
2151.09408878695	1660.56665039063
2153.39822464963	1667.37329101563
2155.70167153277	1665.07995605469
2158.00442972321	1661.94665527344
2160.30649950763	1667.60668945313
2162.60788117256	1662.56665039063
2164.90857500436	1657.52661132813
2167.20858128923	1659.59997558594
2169.50790031323	1655.51330566406
2171.80653236223	1660.193359375
2174.10447772198	1663.78332519531
2176.40173667804	1667.37329101563
2178.69830951582	1664.91333007813
2180.99419652058	1657.64660644531
2183.28939797743	1661.56005859375
2185.5839141713	1663.46667480469
2187.87774538698	1661.39331054688
2190.17089190908	1653.70666503906
2192.46335402209	1658.60668945313
2194.75513201032	1657.23999023438
2197.04622615791	1650.47338867188
2199.33663674886	1658.52661132813
2201.62636406702	1666.91333007813
2203.91540839606	1660.40002441406
2206.20377001952	1654.07995605469
2208.49144922077	1641.97998046875
2210.77844628302	1644.47338867188
2213.06476148933	1660.06005859375
2215.3503951226	1658.48999023438
2217.63534746557	1656.92004394531
2219.91961880085	1644.53332519531
2222.20320941085	1638.60668945313
2224.48611957785	1651.38671875
2226.76834958399	1656.23327636719
2229.04989971122	1651.09997558594
2231.33077024136	1652.806640625
2233.61096145607	1654.81335449219
2235.89047363683	1658.96667480469
2238.169307065	1663.11999511719
2240.44746202178	1654.16003417969
2242.72493878819	1645.16662597656
2245.00173764511	1643.52661132813
2247.27785887327	1642.99328613281
2249.55330275324	1644.1533203125
2251.82806956545	1657.43334960938
2254.10215959014	1664.67333984375
2256.37557310744	1660.93994140625
2258.64831039729	1663.89331054688
2260.92037173949	1651.46667480469
2263.19175741368	1645.14001464844
2265.46246769938	1641.58666992188
2267.7325028759	1652.52661132813
2270.00186322243	1672.57336425781
2272.270549018	1679.68005371094
2274.5385605415	1671.61328125
2276.80589807165	1669.55334472656
2279.07256188702	1678.44665527344
2281.33855226601	1676.806640625
2283.60386948691	1671.59997558594
2285.86851382782	1658.06665039063
2288.1324855667	1644.37329101563
2290.39578498136	1653.5
2292.65841234945	1676.14001464844
2294.92036794847	1682.9599609375
2297.18165205578	1681.47338867188
2299.44226494856	1669.40661621094
2301.70220690387	1666.06665039063
2303.96147819859	1668.93334960938
2306.22007910947	1665.72668457031
2308.47800991309	1664.73327636719
2310.73527088589	1674.14660644531
2312.99186230416	1675.10668945313
2315.24778444403	1676.06665039063
2317.50303758149	1669.91333007813
2319.75762199235	1665.24670410156
2322.01153795231	1654
2324.26478573689	1656.05334472656
2326.51736562147	1664.13330078125
2328.76927788127	1661.83337402344
2331.02052279137	1655.07336425781
2333.2711006267	1661.89331054688
2335.52101166203	1661.77111816406
2337.77025617198	1661.64880371094
2340.01883443103	1661.52661132813
2342.2667467135	1663.71997070313
2344.51399329356	1678.35339355469
2346.76057444525	1673.68005371094
2349.00649044241	1669.00671386719
2351.2517415588	1651.806640625
2353.49632806796	1649.90002441406
2355.74025024334	1651.93994140625
2357.98350835819	1653.0400390625
2360.22610268566	1659.88000488281
2362.4680334987	1666.71997070313
2364.70930107016	1661.90661621094
2366.94990567269	1655.23327636719
2369.18984757884	1662.78002929688
2371.42912706098	1680.07995605469
2373.66774439134	1678.5
2375.90569984199	1647.85339355469
2378.14299368488	1628.39331054688
2380.37962619179	1629.51330566406
2382.61559763435	1642.28662109375
2384.85090828405	1658.93334960938
2387.08555841222	1675.53332519531
2389.31954829006	1667.19995117188
2391.55287818861	1658.86669921875
2393.78554837877	1650.02001953125
2396.01755913128	1658.68005371094
2398.24891071673	1657.85339355469
2400.47960340558	1664.38671875
2402.70963746814	1665.70336914063
2404.93901317456	1667.02001953125
2407.16773079485	1657.8466796875
2409.39579059887	1658.09338378906
2411.62319285633	1647.05334472656
2413.84993783681	1649.16662597656
2416.07602580971	1656.93334960938
2418.30145704432	1664.82666015625
2420.52623180977	1667.50671386719
2422.75035037503	1677.45336914063
2424.97381300893	1672.56005859375
2427.19661998017	1656.71997070313
2429.41877155729	1651.13330078125
2431.64026800867	1649.18005371094
2433.86110960257	1648.92663574219
2436.08129660709	1650.28881835938
2438.30082929019	1651.65112304688
2440.51970791967	1653.01330566406
2442.73793276321	1649.11328125
2444.95550408832	1652.97998046875
2447.17242216237	1656.09997558594
2449.38868725259	1649.21337890625
2451.60429962607	1635.22668457031
2453.81925954975	1634.14660644531
2456.03356729041	1660.05334472656
2458.2472231147	1660.66003417969
2460.46022728913	1665.5
2462.67258008005	1672.05334472656
2464.88428175368	1669.16003417969
2467.09533257608	1657.70666503906
2469.30573281318	1645.51330566406
2471.51548273076	1646.77331542969
2473.72458259445	1647.89331054688
2475.93303266974	1655.75329589844
2478.14083322198	1670.29333496094
2480.34798451637	1666.26000976563
2482.55448681797	1660.00671386719
2484.76034039169	1663.19995117188
2486.96554550231	1669.93334960938
2489.17010241445	1668.79333496094
2491.37401139259	1668.02661132813
2493.57727270109	1655.99328613281
2495.77988660412	1645.66003417969
2497.98185336574	1640.11328125
2500.18317324987	1642.59997558594
2502.38384652028	1651.06665039063
2504.58387344058	1663.76672363281
2506.78325427425	1671.56665039063
2508.98198928465	1675.33996582031
2511.18007873495	1669.9599609375
2513.37752288821	1664.57995605469
2515.57432200735	1650.27331542969
2517.77047635514	1654.8466796875
2519.96598619419	1655.71337890625
2522.16085178699	1643.61999511719
2524.35507339589	1652.20666503906
2526.54865128308	1659.22668457031
2528.74158571062	1664.8466796875
2530.93387694042	1666.83996582031
2533.12552523427	1664.04663085938
2535.31653085379	1663.83996582031
2537.50689406046	1655.73999023438
2539.69661511566	1655.96667480469
2541.88569428057	1657.64660644531
2544.07413181627	1658.5
2546.26192798368	1650.04663085938
2548.44908304359	1644.26672363281
2550.63559725664	1651.40002441406
2552.82147088333	1651.26672363281
2555.00670418402	1645.08666992188
2557.19129741894	1646.81994628906
2559.37525084817	1653.91333007813
2561.55856473164	1653.72338867188
2563.74123932917	1653.53332519531
2565.92327490039	1648.27331542969
2568.10467170484	1649.62670898438
2570.28543000189	1648.61999511719
2572.46555005079	1647.61328125
2574.64503211063	1644.50671386719
2576.82387644036	1648.42663574219
2579.00208329882	1647.08215332031
2581.17965294468	1645.73779296875
2583.35658563648	1644.39331054688
2585.53288163263	1639.26000976563
2587.70854119137	1650.06665039063
2589.88356457084	1650.61328125
2592.05795202902	1651.16003417969
2594.23170382376	1651.70666503906
2596.40482021275	1644.38000488281
2598.57730145356	1642.73999023438
2600.74914780363	1644.90661621094
2602.92035952023	1644.56494140625
2605.09093686053	1644.22338867188
2607.26088008153	1643.88171386719
2609.4301894401	1643.5400390625
2611.59886519299	1643.11328125
2613.76690759678	1644.12670898438
2615.93431690793	1648.57336425781
2618.10109338277	1651.45336914063
2620.26723727748	1650.01330566406
2622.4327488481	1651.73999023438
2624.59762835054	1651
2626.76187604057	1644.72668457031
2628.92549217382	1652.47338867188
2631.08847700579	1667.22668457031
2633.25083079182	1667.193359375
2635.41255378715	1673.38671875
2637.57364624684	1683.22338867188
2639.73410842586	1693.06005859375
2641.893940579	1681.25329589844
2644.05314296094	1662.76000976563
2646.21171582621	1650.73999023438
2648.36965942921	1653.40661621094
2650.5269740242	1671.01330566406
2652.6836598653	1679.07336425781
2654.83971720651	1677.03332519531
2656.99514630167	1667.88671875
2659.1499474045	1662.57995605469
2661.30412076857	1657
2663.45766664734	1663.33996582031
2665.61058529411	1663.74670410156
2667.76287696204	1672.14660644531
2669.91454190418	1680.27661132813
2672.06558037342	1688.40661621094
2674.21599262253	1672.66662597656
2676.36577890413	1678.94665527344
2678.51493947072	1681.72668457031
2680.66347457466	1678.01330566406
2682.81138446816	1685.29333496094
2684.95866940332	1682.57336425781
2687.10532963209	1675.92004394531
2689.25136540628	1668.19995117188
2691.39677697757	1666.16003417969
2693.54156459752	1672.79333496094
2695.68572851753	1675.05334472656
2697.82926898888	1669.28662109375
2699.97218626272	1681.16003417969
2702.11448059006	1679.89562988281
2704.25615222175	1678.63110351563
2706.39720140856	1677.36669921875
2708.53762840109	1667.56665039063
2710.67743344979	1664.64660644531
2712.81661680503	1676.59997558594
2714.95517871698	1694.49328613281
2717.09311943574	1693.59997558594
2719.23043921123	1680.42663574219
2721.36713829325	1685.47998046875
2723.50321693148	1696.59997558594
2725.63867537545	1701.04663085938
2727.77351387456	1696.27331542969
2729.90773267809	1699.48669433594
2732.04133203516	1707.88000488281
2734.17431219478	1714.23327636719
2736.30667340581	1715.19995117188
2738.438415917	1711.80004882813
2740.56953997695	1700.42663574219
2742.70004583414	1703.35998535156
2744.82993373688	1713.193359375
2746.9592039334	1700.14001464844
2749.08785667177	1684.07995605469
2751.21589219993	1687.14001464844
2753.34331076568	1688.07336425781
2755.4701126167	1680.38671875
2757.59629800054	1676.49328613281
2759.7218671646	1676.28002929688
2761.84682035617	1676.09338378906
2763.9711578224	1667.31994628906
2766.0948798103	1671.17333984375
2768.21798656676	1684.81335449219
2770.34047833852	1682.47998046875
2772.46235537222	1680.14660644531
2774.58361791434	1678.19995117188
2776.70426621124	1679.93334960938
2778.82430050915	1676.10668945313
2780.94372105416	1671.20666503906
2783.06252809224	1667.98669433594
2785.18072186922	1665.38000488281
2787.29830263081	1672.64660644531
2789.41527062257	1671.41333007813
2791.53162608996	1667.32666015625
2793.64736927828	1675.09338378906
2795.76250043271	1679.99328613281
2797.8770197983	1683.14660644531
2799.99092761997	1682.66003417969
2802.10422414252	1678.18664550781
2804.21690961059	1685.56665039063
2806.32898426873	1698.69995117188
2808.44044836132	1708.51330566406
2810.55130213264	1705.78002929688
2812.66154582682	1700.8466796875
2814.77117968788	1697.31994628906
2816.8802039597	1696.49328613281
2818.98861888601	1704.11328125
2821.09642471046	1713.35339355469
2823.20362167653	1710.11999511719
2825.31021002756	1720.43994140625
2827.41619000682	1748.39331054688
2829.52156185738	1767.73327636719
2831.62632582224	1758.47998046875
2833.73048214422	1744.55334472656
2835.83403106606	1753.68664550781
2837.93697283033	1784.43994140625
2840.03930767951	1796.52001953125
2842.1410358559	1808.53332519531
2844.24215760173	1819.42663574219
2846.34267315905	1834.8466796875
2848.44258276982	1861.95336914063
2850.54188667585	1892.38671875
2852.64058511883	1935.83996582031
2854.73867834032	1964.23999023438
2856.83616658175	1981.09338378906
2858.93305008443	2005.55334472656
2861.02932908952	2038.23999023438
2863.12500383809	2084.67333984375
2865.22007457104	2154.97998046875
2867.31454152918	2209.38671875
2869.40840495316	2239.88671875
2871.50166508353	2266.78002929688
2873.59432216069	2313.32006835938
2875.68637642493	2364.25341796875
2877.77782811641	2399.19995117188
2879.86867747515	2395.45336914063
2881.95892474105	2388.32006835938
2884.0485701539	2386.48657226563
2886.13761395333	2385.3798828125
2888.22605637886	2406.806640625
2890.3138976699	2425.91333007813
2892.40113806571	2448.193359375
2894.48777780544	2469
2896.57381712808	2490.03344726563
2898.65925627254	2494.58666992188
2900.74409547758	2528.080078125
2902.82833498183	2540.51342773438
2904.9119750238	2540.78002929688
2906.99501584188	2564.33325195313
2909.07745767432	2602.39990234375
2911.15930075925	2640.3798828125
2913.24054533469	2692.04663085938
2915.3211916385	2743.55322265625
2917.40123990846	2779.19995117188
2919.48069038217	2846.32666015625
2921.55954329716	2912.78662109375
2923.63779889079	2943.58666992188
2925.71545740033	2959.080078125
2927.79251906289	2942.95336914063
2929.86898411548	2948.45336914063
2931.94485279498	2998.31323242188
2934.02012533815	3059.87329101563
2936.0948019816	3073.28002929688
2938.16888296184	3055.80004882813
2940.24236851525	3024.89331054688
2942.31525887809	2997.806640625
2944.38755428648	2956.26000976563
2946.45925497643	2918.21337890625
2948.53036118382	2871.08666992188
2950.6008731444	2815.86010742188
2952.67079109381	2762.04663085938
2954.74011526755	2708.78002929688
2956.80884590101	2647.38671875
2958.87698322944	2589.10009765625
2960.94452748799	2549.14672851563
2963.01147891167	2546.43994140625
2965.07783773535	2546.51342773438
2967.14360419382	2541.84008789063
2969.2087785217	2535.8466796875
2971.27336095352	2496.01342773438
2973.33735172366	2439.82666015625
2975.40075106641	2411.36010742188
2977.46355921591	2381.32666015625
2979.52577640618	2360.1201171875
2981.58740287112	2353.63330078125
2983.64843884452	2340.19995117188
2985.70888456003	2287.91333007813
2987.76874025117	2242.5732421875
2989.82800615137	2215.73999023438
2991.88668249391	2188.52001953125
2993.94476951194	2170.67993164063
2996.00226743852	2164.02661132813
2998.05917650657	2128.66674804688
3000.11549694887	2092.02001953125
3002.17122899812	2068.56005859375
3004.22637288685	2033.9599609375
3006.2809288475	1992.67333984375
3008.33489711238	1974.59997558594
3010.38827791368	1950.10668945313
3012.44107148345	1937.23999023438
3014.49327805366	1920.33996582031
3016.5448978561	1894.31994628906
3018.59593112249	1886.08666992188
3020.64637808441	1882.48669433594
3022.6962389733	1878.78662109375
3024.74551402051	1862.85998535156
3026.79420345725	1843.79333496094
3028.84230751461	1833.68005371094
3030.88982642357	1821.31335449219
3032.93676041497	1807.6533203125
3034.98310971955	1809.02661132813
3037.02887456791	1825.88000488281
3039.07405519054	1829.48669433594
3041.11865181781	1837.68664550781
3043.16266467996	1835.85998535156
3045.20609400713	1831.40661621094
3047.24894002932	1855.02001953125
3049.2912029764	1870.98669433594
3051.33288307815	1868.06005859375
3053.37398056421	1864.07995605469
3055.41449566411	1854.10668945313
3057.45442860725	1874.77331542969
3059.49377962291	1911.16662597656
3061.53254894026	1935.37329101563
3063.57073678834	1928.66003417969
3065.60834339607	1910.04663085938
3067.64536899227	1897.57336425781
3069.68181380561	1885.36669921875
3071.71767806467	1874.40002441406
3073.75296199788	1872.0400390625
3075.78766583357	1872.193359375
3077.82178979997	1868.83996582031
3079.85533412513	1839.50671386719
3081.88829903705	1815.90002441406
3083.92068476356	1803.31335449219
3085.95249153241	1788.96667480469
3087.98371957119	1770.09997558594
3090.01436910741	1777.59338378906
3092.04444036844	1786.57995605469
3094.07393358152	1784.85998535156
3096.10284897381	1781.08666992188
3098.13118677232	1767.87329101563
3100.15894720395	1756.72668457031
3102.18613049548	1747.30004882813
3104.21273687357	1749.96667480469
3106.23876656477	1750.90002441406
3108.2642197955	1743.82666015625
3110.28909679208	1740.50671386719
3112.31339778069	1720.42004394531
3114.33712298741	1718.13330078125
3116.36027263819	1741.47998046875
3118.38284695887	1739.80163574219
3120.40484617516	1738.12329101563
3122.42627051268	1736.44506835938
3124.4471201969	1734.76672363281
3126.46739545319	1732.73999023438
3128.4870965068	1743.16003417969
3130.50622358287	1747.18005371094
3132.5247769064	1740.42663574219
3134.54275670229	1746.67333984375
3136.56016319534	1745.66662597656
3138.57699661019	1743.51000976563
3140.59325717139	1741.35339355469
3142.60894510338	1737.57995605469
3144.62406063047	1736.93334960938
3146.63860397686	1729.5400390625
3148.65257536662	1729.44665527344
3150.66597502371	1730.17333984375
3152.67880317199	1741.33996582031
3154.69106003518	1751.06005859375
3156.70274583691	1752.37329101563
3158.71386080065	1760.58666992188
3160.72440514981	1753.77331542969
3162.73437910763	1743.0400390625
3164.74378289728	1746.5400390625
3166.75261674179	1757.63330078125
3168.76088086407	1761.66662597656
3170.76857548692	1771.35998535156
3172.77570083303	1772.693359375
3174.78225712498	1766.85339355469
3176.78824458521	1765.69995117188
3178.79366343607	1766.82666015625
3180.79851389977	1759.45336914063
3182.80279619844	1755.90002441406
3184.80651055405	1768.58666992188
3186.80965718849	1760.16662597656
3188.81223632353	1764.68005371094
3190.81424818081	1764.09777832031
3192.81569298186	1763.515625
3194.8165709481	1762.93334960938
3196.81688230084	1762.14660644531
3198.81662726126	1769.97998046875
3200.81580605044	1774.9833984375
3202.81441888933	1779.98669433594
3204.81246599879	1772.67333984375
3206.80994759954	1781.00671386719
3208.80686391219	1784.93994140625
3210.80321515726	1782.693359375
3212.79900155512	1788.056640625
3214.79422332605	1793.42004394531
3216.78888069021	1782.11999511719
3218.78297386765	1799.33337402344
3220.77650307828	1803.31335449219
3222.76946854195	1807.29333496094
3224.76187047834	1790.43994140625
3226.75370910705	1781.68664550781
3228.74498464755	1796.25329589844
3230.73569731921	1808.02001953125
3232.72584734127	1803.58666992188
3234.71543493287	1808.97338867188
3236.70446031304	1812.66662597656
3238.69292370068	1822.43334960938
3240.68082531459	1820.82006835938
3242.66816537345	1819.20666503906
3244.65494409583	1817.18005371094
3246.6411617002	1829.72668457031
3248.62681840488	1830.87329101563
3250.61191442812	1828.5400390625
3252.59644998804	1820.99328613281
3254.58042530263	1808.23327636719
3256.56384058979	1803.94665527344
3258.54669606731	1804.69116210938
3260.52899195285	1805.435546875
3262.51072846396	1806.18005371094
3264.4919058181	1805.56005859375
3266.47252423259	1822.59997558594
3268.45258392464	1834.27331542969
3270.43208511138	1835.76672363281
3272.41102800978	1851.59997558594
3274.38941283675	1848.76672363281
3276.36723980904	1846.5
3278.34450914332	1852.16003417969
3280.32122105613	1853.61999511719
3282.29737576392	1866.20666503906
3284.272973483	1868.26672363281
3286.24801442958	1862.57336425781
3288.22249881978	1860.99328613281
3290.19642686957	1854.88671875
3292.16979879485	1853.33337402344
3294.14261481136	1852.31335449219
3296.11487513478	1861.36328125
3298.08657998065	1870.41333007813
3300.0577295644	1858.04663085938
3302.02832410136	1864.55334472656
3303.99836380673	1868.08666992188
3305.96784889563	1867.26672363281
3307.93677958303	1851.28002929688
3309.90515608383	1838.38671875
3311.87297861278	1830.5
3313.84024738456	1833.73327636719
3315.80696261371	1841.52001953125
3317.77312451466	1839.07336425781
3319.73873330175	1826.96667480469
3321.70378918919	1825.20666503906
3323.66829239109	1817.22668457031
3325.63224312145	1802.52661132813
3327.59564159416	1799.33337402344
3329.55848802299	1809.04663085938
3331.52078262162	1817.92004394531
3333.4825256036	1826.28002929688
3335.44371718237	1817.88000488281
3337.40435757128	1795.92004394531
3339.36444698356	1776.5
3341.32398563232	1781.71337890625
3343.28297373058	1800.88671875
3345.24141149124	1795.82336425781
3347.19929912709	1790.76000976563
3349.15663685081	1786.52001953125
3351.11342487497	1791.05334472656
3353.06966341204	1787.78332519531
3355.02535267437	1784.51330566406
3356.98049287421	1776.96667480469
3358.9350842237	1776.24670410156
3360.88912693486	1765.52001953125
3362.84262121962	1760.4599609375
3364.79556728978	1769.55334472656
3366.74796535705	1780.97998046875
3368.69981563302	1782.57336425781
3370.65111832917	1785.83337402344
3372.60187365689	1778.71337890625
3374.55208182744	1776.9599609375
3376.50174305198	1765.98669433594
3378.45085754157	1749.59997558594
3380.39942550714	1743.09997558594
3382.34744715954	1731.64001464844
3384.29492270949	1737.55334472656
3386.24185236761	1745.18005371094
3388.18823634442	1735.39331054688
3390.13407485031	1719.89331054688
3392.07936809559	1723.32666015625
3394.02411629045	1731.09338378906
3395.96831964496	1742.07336425781
3397.91197836911	1750.99328613281
3399.85509267275	1750.47998046875
3401.79766276564	1734.63330078125
3403.73968885745	1718.06005859375
3405.68117115771	1705.85339355469
3407.62210987586	1697.05334472656
3409.56250522123	1693.71997070313
3411.50235740305	1693.59997558594
3413.44166663043	1698.25329589844
3415.38043311238	1698.1376953125
3417.3186570578	1698.02221679688
3419.2563386755	1697.90661621094
3421.19347817415	1700.46667480469
3423.13007576235	1713.5
3425.06613164857	1708.81335449219
3427.00164604118	1704.12670898438
3428.93661914844	1693.49328613281
3430.87105117852	1695.26672363281
3432.80494233945	1695.28662109375
3434.73829283919	1689.32666015625
3436.67110288558	1679.54663085938
3438.60337268634	1674.96667480469
3440.53510244911	1667.90002441406
3442.4662923814	1674.48669433594
3444.39694269064	1669.9833984375
3446.32705358412	1665.47998046875
3448.25662526905	1659.21337890625
3450.18565795254	1659.17333984375
3452.11415184156	1667.42663574219
3454.04210714302	1663.61999511719
3455.96952406369	1671.42004394531
3457.89640281024	1668.76000976563
3459.82274358924	1662.61999511719
3461.74854660717	1647.9599609375
3463.67381207038	1638.07336425781
3465.59854018513	1625.38671875
3467.52273115756	1607.71997070313
3469.44638519373	1606.46667480469
3471.36950249956	1615.11328125
3473.29208328091	1621.90661621094
3475.21412774349	1624.43334960938
3477.13563609293	1623.42663574219
3479.05660853476	1615.81994628906
3480.97704527438	1607.47998046875
3482.89694651712	1605.01330566406
3484.81631246818	1607.61328125
3486.73514333266	1601.68664550781
3488.65343931557	1590.64001464844
3490.57120062179	1583.81335449219
3492.48842745612	1570.41333007813
3494.40512002324	1567.52661132813
3496.32127852773	1570.57336425781
3498.23690317408	1573.07995605469
3500.15199416666	1575.89331054688
3502.06655170974	1571.56005859375
3503.98057600749	1552.59338378906
3505.89406726396	1545.93994140625
3507.80702568312	1548.6533203125
3509.71945146883	1553.25329589844
3511.63134482483	1558.75329589844
3513.54270595478	1547.46667480469
3515.45353506222	1539.07995605469
3517.3638323506	1530.76672363281
3519.27359802324	1527.38671875
3521.1828322834	1534.05334472656
3523.09153533419	1530.46667480469
3524.99970737866	1526.88000488281
3526.90734861972	1523.35339355469
3528.81445926021	1522.306640625
3530.72103950283	1519.97338867188
3532.62708955022	1517.1533203125
3534.53260960488	1519.44665527344
3536.43759986923	1509.26000976563
3538.34206054558	1492.92663574219
3540.24599183613	1480.30004882813
3542.149393943	1475.54663085938
3544.05226706817	1477.26000976563
3545.95461141357	1472.26672363281
3547.85642718097	1473.98669433594
3549.75771457208	1479.0400390625
3551.6584737885	1477.47998046875
3553.55870503171	1466.80004882813
3555.4584085031	1460.17333984375
3557.35758440396	1461.38671875
3559.25623293548	1470.43994140625
3561.15435429874	1463.11999511719
3563.05194869473	1447.27331542969
3564.94901632432	1441.38000488281
3566.84555738829	1441.36669921875
3568.74157208732	1434.93994140625
3570.63706062199	1432.63330078125
3572.53202319277	1444.59997558594
3574.42646000003	1451.98669433594
3576.32037124406	1451.64001464844
3578.213757125	1452.63330078125
3580.10661784295	1442.93334960938
3581.99895359786	1434.09997558594
3583.8907645896	1433.78662109375
3585.78205101794	1430.43334960938
3587.67281308254	1429.52661132813
3589.56305098297	1433.06665039063
3591.4527649187	1428.96997070313
3593.34195508907	1424.87329101563
3595.23062169338	1426.23999023438
3597.11876493075	1427.45336914063
3599.00638500027	1421.93994140625
3600.89348210089	1419.64660644531
3602.78005643148	1422.08666992188
3604.66610819078	1427.29333496094
3606.55163757747	1422.99328613281
3608.4366447901	1413.07336425781
3610.32113002713	1403.07995605469
3612.20509348693	1408.56665039063
3614.08853536774	1407.05334472656
3615.97145586773	1403.27331542969
3617.85385518497	1395.73327636719
3619.7357335174	1393.02001953125
3621.61709106289	1387.5
3623.4979280192	1388.22668457031
3625.37824458399	1389.51330566406
3627.25804095482	1390.14660644531
3629.13731732915	1374.806640625
3631.01607390435	1361.53332519531
3632.89431087767	1361.8466796875
3634.77202844629	1371.9599609375
3636.64922680726	1377.42663574219
3638.52590615754	1370.32666015625
3640.40206669402	1372.85998535156
3642.27770861344	1374.91333007813
3644.15283211248	1375.36669921875
3646.02743738771	1378.56665039063
3647.90152463559	1374.1533203125
3649.77509405251	1367.46667480469
3651.64814583473	1355.05334472656
3653.52068017842	1352.28002929688
3655.39269727965	1348.88671875
3657.26419733442	1347.68664550781
3659.13518053858	1352.53332519531
3661.00564708793	1352.90673828125
3662.87559717814	1353.28002929688
3664.7450310048	1345.85998535156
3666.61394876338	1341.72668457031
3668.48235064928	1333.61328125
3670.35023685779	1326.36669921875
3672.21760758409	1322.80004882813
3674.08446302327	1325.06005859375
3675.95080337033	1328.61328125
3677.81662882017	1329.4833984375
3679.68193956758	1330.35339355469
3681.54673580727	1326.70666503906
3683.41101773383	1324.33337402344
3685.27478554178	1327.37329101563
3687.13803942551	1335.55334472656
3689.00077957934	1332.72668457031
3690.86300619748	1316.03332519531
3692.72471947405	1299.51330566406
3694.58591960306	1292.98669433594
3696.44660677844	1298.88000488281
3698.306781194	1304.68005371094
3700.16644304348	1311.35998535156
3702.02559252049	1316.47998046875
3703.88422981859	1316.41333007813
3705.74235513119	1316.3466796875
3707.59996865164	1310.41333007813
3709.45707057318	1304.78002929688
3711.31366108895	1295.98669433594
3713.16974039199	1288.0400390625
3715.02530867527	1287.48669433594
3716.88036613164	1283.13330078125
3718.73491295385	1275.39331054688
3720.58894933456	1276.60668945313
3722.44247546634	1276.57995605469
3724.29549154166	1276.99169921875
3726.14799775289	1277.4033203125
3727.9999942923	1277.81494140625
3729.85148135209	1278.22668457031
3731.70245912432	1271.57995605469
3733.55292780098	1272.23327636719
3735.40288757397	1267.08666992188
3737.25233863509	1265.42004394531
3739.10128117603	1262.48669433594
3740.9497153884	1265.59338378906
3742.7976414637	1269.85998535156
3744.64505959335	1271.63330078125
3746.49196996866	1273.40673828125
3748.33837278086	1275.18005371094
3750.18426822108	1269.50671386719
3752.02965648033	1271
3753.87453774956	1272.85998535156
3755.7189122196	1263.94665527344
3757.5627800812	1256.88671875
3759.40614152501	1256.0400390625
3761.24899674159	1255.38671875
3763.09134592138	1254.71337890625
3764.93318925476	1261.55334472656
3766.77452693199	1268.88671875
3768.61535914325	1268.47338867188
3770.45568607861	1265.08666992188
3772.29550792807	1263.50671386719
3774.1348248815	1258.36669921875
3775.9736371287	1251.56665039063
3777.81194485938	1253.71997070313
