32.6816976106991	715.054992675781
35.6535599501435	715.085021972656
38.6244374909659	714.974975585938
41.5943306947054	715.039978027344
44.5632400226282	715
47.5311659356917	714.840026855469
50.4981088945929	714.909973144531
53.4640693597127	714.965026855469
56.4290477911676	715.085021972656
59.3930446487746	715.090026855469
62.356060392067	714.804992675781
65.3180954802906	714.885009765625
68.2791503724084	714.989990234375
71.2392255270922	714.974975585938
74.1983214027271	715.159973144531
77.1564384574159	715.164978027344
80.113577148983	715.169982910156
83.0697379349549	714.864990234375
86.0249212725722	715.205017089844
88.9791276188058	715.25
91.9323574303255	715.335021972656
94.8846111635238	715.359985351563
97.8358892745121	715.445007324219
100.786192219114	715.35498046875
103.73552045287	715.534973144531
106.683874431037	715.625
109.631254608583	715.89501953125
112.577661440203	716.119995117188
115.523095380307	716.380004882813
118.467556883015	717.075012207031
121.411046402175	718.429992675781
124.353564391344	720.864990234375
127.295111303796	724.244995117188
130.235687592532	731.414978027344
133.175293710265	742.494995117188
136.113930109434	761.265014648438
139.051597242185	789.820007324219
141.98829556039	827.114990234375
144.92402551564	871.294982910156
147.858787559244	919.744995117188
150.792582142239	966.700012207031
153.725409715372	1007.54998779297
156.65727072911	1038.78503417969
159.588165633643	1059.14501953125
162.518094878884	1072.05004882813
165.447058914469	1082.625
168.375058189747	1089.82495117188
171.302093153792	1091.39001464844
174.228164255401	1087.4599609375
177.153271943091	1088.0849609375
180.077416665101	1093.98999023438
183.000598869394	1093.5
185.922819003656	1094.8349609375
188.84407751529	1096.54504394531
191.764374851424	1100.99499511719
194.683711458919	1106.72497558594
197.60208778434	1112.02502441406
200.519504273992	1121.18505859375
203.435961373894	1134.58996582031
206.351459529801	1151.15502929688
209.265999187174	1168.56994628906
212.179580791207	1186.43005371094
215.092204786825	1205.10498046875
218.003871618673	1232.31994628906
220.914581731116	1252.72998046875
223.824335568247	1268.9599609375
226.733133573893	1280.60998535156
229.640976191593	1299.17504882813
232.547863864614	1312.69995117188
235.453797035961	1324.46997070313
238.358776148354	1325.24499511719
241.26280164424	1321.38000488281
244.1658739658	1321.09497070313
247.067993554929	1322.36499023438
249.969160853266	1321.44995117188
252.869376302162	1315.29504394531
255.768640342707	1315.45495605469
258.666953415705	1308.31005859375
261.564315961705	1304.56994628906
264.46072842097	1297.77001953125
267.356191233499	1296.74499511719
270.25070483901	1302.50500488281
273.144269676967	1302.78503417969
276.036886186551	1297.22497558594
278.928554806671	1289.63500976563
281.819275975966	1283.50500488281
284.709050132812	1282.69995117188
287.597877715306	1279.34497070313
290.485759161281	1275.64501953125
293.372694908298	1274.63000488281
296.258685393644	1277.0849609375
299.143731054352	1271.0849609375
302.027832327156	1267.44995117188
304.910989648557	1269.58996582031
307.79320345476	1270.03503417969
310.674474181717	1274.47998046875
313.554802265101	1273.61499023438
316.434188140326	1272.48999023438
319.312632242533	1265.27001953125
322.190135006593	1264.44494628906
325.066696867117	1260.59997558594
327.942318258443	1257.57995605469
330.816999614641	1256.59497070313
333.690741369517	1251.55004882813
336.56354395661	1244.86999511719
339.435407809193	1245.23498535156
342.306333360273	1244.2099609375
345.176321042591	1240.49499511719
348.045371288612	1234.53503417969
350.913484530551	1230.88000488281
353.78066120035	1233.125
356.64690172969	1233.52502441406
359.512206549972	1232.1650390625
362.376576092357	1231.51000976563
365.240010787716	1228.06994628906
368.102511066677	1223.625
370.964077359587	1221.39501953125
373.82471009654	1216.76501464844
376.684409707364	1219.0849609375
379.543176621612	1224.5400390625
382.401011268595	1220.9599609375
385.257914077343	1216.88000488281
388.113885476627	1214.96496582031
390.968925894961	1218.07995605469
393.823035760591	1226.61999511719
396.676215501503	1232.18994140625
399.528465545415	1232.5400390625
402.379786319791	1240.53503417969
405.230178251834	1249.97998046875
408.079641768472	1256.93994140625
410.928177296387	1257.63000488281
413.775785261992	1250.51000976563
416.622466091445	1257.80004882813
419.468220210631	1261.86999511719
422.313048045182	1265.69995117188
425.156950020479	1267.93994140625
427.999926561623	1264.94995117188
430.841978093471	1262.68994140625
433.683105040613	1259.58996582031
436.523307827384	1254.26501464844
439.362586877851	1249.59997558594
442.200942615829	1250.97998046875
445.038375464876	1251.77001953125
447.874885848283	1247.88500976563
450.710474189089	1247.5400390625
453.54514091007	1248.125
456.37888643375	1243.32495117188
459.211711182386	1239.99499511719
462.043615577986	1239.5
464.874600042297	1234.81494140625
467.704664996804	1232.5849609375
470.533810862741	1232.44995117188
473.36203806108	1234.77001953125
476.189347012547	1234.60998535156
479.015738137594	1228.21997070313
481.841211856432	1224.73999023438
484.665768589008	1226.40002441406
487.489408755009	1235.38000488281
490.312132773878	1245.86999511719
493.133941064796	1252.82495117188
495.954834046683	1248.97497558594
498.77481213821	1247.7099609375
501.593875757797	1248.68505859375
504.412025323601	1250.75
507.229261253524	1256.84497070313
510.045583965226	1260.14001464844
512.860993876093	1261.08996582031
515.675491403271	1257.31994628906
518.489076963649	1254.06494140625
521.301750973863	1253.00500488281
524.113513850293	1253.94494628906
526.924366009065	1248.78503417969
529.734307866052	1241.5
532.543339836881	1237.06994628906
535.35146233692	1238.30505371094
538.158675781281	1238.03002929688
540.964980584833	1230.02001953125
543.770377162182	1229.2900390625
546.574865927692	1230.96997070313
549.378447295465	1230.34997558594
552.181121679365	1225.92504882813
554.982889492993	1223.32495117188
557.783751149701	1218.58996582031
560.583707062591	1215.71997070313
563.38275764452	1213.05505371094
566.180903308083	1207.7099609375
568.978144465633	1206.95495605469
571.774481529266	1206.43005371094
574.569914910839	1206.32995605469
577.364445021949	1206.46997070313
580.158072273946	1205.18994140625
582.950797077926	1196.94995117188
585.742619844752	1192.73498535156
588.533540985018	1188.17504882813
591.323560909078	1185.5
594.112680027034	1185.84997558594
596.90089874875	1184.85498046875
599.688217483828	1185.72998046875
602.474636641629	1185.09497070313
605.260156631263	1182.9599609375
608.044777861596	1180.79504394531
610.828500741241	1185.9150390625
613.611325678567	1186.79504394531
616.393253081697	1187.875
619.174283358506	1186.43994140625
621.954416916616	1191.81005859375
624.733654163414	1198.23999023438
627.511995506029	1196.25
630.289441351351	1186.83996582031
633.065992106022	1182.92004394531
635.841648176434	1180.88500976563
638.616409968744	1182.83996582031
641.390277888847	1187.96997070313
644.163252342408	1193.68994140625
646.93533373484	1197.11499023438
649.706522471307	1199.26000976563
652.47681895674	1199.56005859375
655.246223595811	1195.65002441406
658.014736792957	1194.10998535156
660.782358952371	1194.52502441406
663.549090477999	1194.41003417969
666.314931773542	1198.04504394531
669.079883242452	1194.59497070313
671.843945287955	1193.73498535156
674.607118313019	1194.47497558594
677.369402720366	1196.98999023438
680.130798912488	1197.0400390625
682.891307291627	1197.24499511719
685.650928259784	1197.08996582031
688.409662218708	1199.06494140625
691.167509569927	1196.76501464844
693.924470714705	1198.79504394531
696.680546054078	1200.93994140625
699.435735988832	1196.31994628906
702.190040919516	1195.71997070313
704.943461246442	1199.89501953125
707.695997369667	1201.08996582031
710.447649689022	1201.47497558594
713.198418604088	1203.34497070313
715.948304514206	1205.59997558594
718.697307818481	1199.3349609375
721.445428915779	1196.49499511719
724.192668204716	1201.01501464844
726.93902608368	1202.88000488281
729.684502950805	1205.2099609375
732.429099204005	1207.65502929688
735.172815240936	1203.88000488281
737.915651459026	1202.22998046875
740.657608255463	1205.73999023438
743.398686027186	1210.52001953125
746.13888517091	1213.7900390625
748.878206083102	1215.07995605469
751.616649159998	1218.7099609375
754.354214797584	1219.07995605469
757.09090339162	1223.36999511719
759.826715337622	1224.71496582031
762.561651030868	1218.15502929688
765.295710866406	1211.02502441406
768.028895239041	1204.51000976563
770.761204543336	1202.11499023438
773.492639173626	1200.94494628906
776.223199524006	1193.32995605469
778.952885988334	1185.07995605469
781.681698960235	1182.45495605469
784.40963883309	1180.80505371094
787.136706000052	1182.82495117188
789.862900854037	1180.1650390625
792.588223787721	1180.2099609375
795.312675193549	1178.59497070313
798.036255463728	1179.77001953125
800.758964990228	1181.7099609375
803.480804164792	1184.76501464844
806.201773378919	1185.48999023438
808.921873023884	1194.3349609375
811.641103490712	1200.72497558594
814.359465170214	1205.27502441406
817.076958452946	1214.56494140625
819.793583729246	1222.73498535156
822.509341389214	1229.98498535156
825.224231822712	1238.21496582031
827.938255419375	1246.0849609375
830.651412568596	1258.5
833.363703659544	1268.23999023438
836.075129081157	1271.58996582031
838.785689222127	1271.45495605469
841.495384470928	1276.08996582031
844.204215215788	1275.43994140625
846.912181844721	1279.4150390625
849.619284745491	1290.09497070313
852.325524305638	1303.86499023438
855.030900912475	1310.54504394531
857.735414953079	1308.93505859375
860.439066814289	1304.38500976563
863.141856882725	1301.31494140625
865.843785544769	1299.1650390625
868.544853186571	1290.60998535156
871.245060194063	1286.54504394531
873.944406952925	1284.65502929688
876.642893848625	1289.65002441406
879.340521266398	1289.21496582031
882.037289591241	1290.44494628906
884.733199207927	1292.89501953125
887.428250501001	1289.78002929688
890.122443854778	1293.94494628906
892.815779653335	1298.52001953125
895.508258280534	1302.67004394531
898.199880119997	1307.18005371094
900.890645555129	1312.30004882813
903.580554969094	1312.66003417969
906.269608744832	1308.30004882813
908.957807265056	1302.56994628906
911.645150912257	1300.44995117188
914.331640068689	1296.01501464844
917.017275116375	1295.55505371094
919.702056437128	1298.93005371094
922.385984412518	1304.81994628906
925.069059423886	1310.92004394531
927.751281852366	1320.39501953125
930.432652078842	1336.02502441406
933.113170483983	1340.83996582031
935.79283744823	1343.30505371094
938.471653351806	1346.43994140625
941.149618574686	1348.27001953125
943.826733496641	1358.44494628906
946.502998497206	1360.69494628906
949.178413955689	1352.50500488281
951.85298025118	1354.4599609375
954.526697762544	1354.55004882813
957.199566868403	1349.76501464844
959.87158794718	1349.88500976563
962.542761377054	1351.38500976563
965.213087535987	1351.68505859375
967.882566801719	1351.57495117188
970.551199551761	1347.4150390625
973.218986163399	1342.56494140625
975.885927013698	1334.30505371094
978.552022479501	1333.51000976563
981.217272937423	1329.24499511719
983.88167876386	1333.41003417969
986.545240334978	1338.43994140625
989.207958026729	1338.89501953125
991.869832214835	1348.23999023438
994.530863274798	1371.48498535156
997.191051581895	1406.43505859375
999.850397511185	1451.18505859375
1002.50890143751	1508.23999023438
1005.16656373546	1535.90002441406
1007.82338477944	1530.43994140625
1010.47936494363	1511.85498046875
1013.13450460195	1484.30505371094
1015.78880412815	1438.7900390625
1018.44226389572	1392.27502441406
1021.09488427794	1359.00500488281
1023.74666564789	1344.63000488281
1026.3976083784	1340.79504394531
1029.04771284208	1340.60498046875
1031.69697941135	1346.05004882813
1034.34540845838	1357.82495117188
1036.99300035512	1361.72998046875
1039.63975547333	1359.55004882813
1042.28567418452	1356.43005371094
1044.93075685998	1351.125
1047.57500387081	1350.41003417969
1050.21841558786	1353.53002929688
1052.86099238177	1355.19494628906
1055.50273462297	1358.21997070313
1058.14364268167	1361.18994140625
1060.78371692784	1367.67504882813
1063.42295773126	1374.67504882813
1066.06136546148	1383.15002441406
1068.69894048781	1390.96496582031
1071.33568317939	1393.61499023438
1073.9715939051	1393.38500976563
1076.60667303362	1393.20495605469
1079.24092093341	1387.375
1081.87433797271	1382.86499023438
1084.50692451954	1384.02502441406
1087.13868094172	1387.26000976563
1089.76960760684	1383.125
1092.39970488226	1379.27001953125
1095.02897313516	1377.7900390625
1097.65741273246	1372.86499023438
1100.28502404089	1367.97497558594
1102.91180742697	1363.30505371094
1105.53776325698	1360.4599609375
1108.16289189701	1361.82495117188
1110.78719371291	1360.93005371094
1113.41066907033	1358.23999023438
1116.0333183347	1354.18005371094
1118.65514187124	1355.10498046875
1121.27614004495	1352.54504394531
1123.89631322061	1359.4599609375
1126.51566176279	1367.85498046875
1129.13418603585	1368.9599609375
1131.75188640394	1365.05505371094
1134.36876323098	1359.45495605469
1136.98481688069	1344.69494628906
1139.60004771655	1321.81494140625
1142.21445610187	1304.35498046875
1144.82804239972	1296.48498535156
1147.44080697295	1300.19995117188
1150.05275018421	1309.72497558594
1152.66387239593	1319.9599609375
1155.27417397034	1325.375
1157.88365526943	1332.31005859375
1160.49231665502	1339.69494628906
1163.10015848867	1337.50500488281
1165.70718113176	1331.06494140625
1168.31338494544	1323.79504394531
1170.91877029067	1315.15502929688
1173.52333752817	1305.92504882813
1176.12708701847	1299.07995605469
1178.73001912187	1298.40002441406
1181.33213419848	1294.89501953125
1183.93343260819	1292.53002929688
1186.53391471068	1289.88000488281
1189.13358086539	1284.3349609375
1191.73243143161	1283.30004882813
1194.33046676836	1279.51501464844
1196.92768723449	1283.71997070313
1199.52409318861	1288.95495605469
1202.11968498915	1300.5400390625
1204.7144629943	1311.26501464844
1207.30842756206	1322.03002929688
1209.90157905021	1328.07495117188
1212.49391781634	1329.0849609375
1215.08544421779	1331.06994628906
1217.67615861174	1328.36499023438
1220.26606135512	1325.09497070313
1222.85515280468	1321.71496582031
1225.44343331694	1319.19995117188
1228.03090324823	1324.8349609375
1230.61756295466	1330.92504882813
1233.20341279213	1340.25
1235.78845311634	1350.38000488281
1238.37268428278	1362.83996582031
1240.95610664673	1377.00500488281
1243.53872056325	1386.92504882813
1246.12052638722	1383.10998535156
1248.70152447329	1380.59997558594
1251.28171517591	1384.01000976563
1253.86109884934	1393.56005859375
1256.43967584759	1392.26501464844
1259.0174465245	1399.5400390625
1261.5944112337	1401.25
1264.1705703286	1401.71997070313
1266.74592416241	1407.71997070313
1269.32047308814	1413.93994140625
1271.89421745858	1409.48498535156
1274.46715762633	1401.65502929688
1277.03929394377	1399.33996582031
1279.61062676308	1407.25
1282.18115643624	1403.82995605469
1284.75088331502	1396.27001953125
1287.31980775098	1394.88500976563
1289.88793009548	1395.34997558594
1292.45525069969	1395.34497070313
1295.02176991454	1393.3349609375
1297.58748809078	1390.67504882813
1300.15240557897	1398.10498046875
1302.71652272942	1403.77502441406
1305.27983989229	1407.86999511719
1307.84235741749	1409
1310.40407565475	1418.21997070313
1312.9649949536	1429.82495117188
1315.52511566335	1440.41003417969
1318.08443813311	1440.43994140625
1320.64296271181	1437.23999023438
1323.20068974815	1437.40002441406
1325.75761959063	1433.28002929688
1328.31375258756	1437.88000488281
1330.86908908704	1443.32495117188
1333.42362943696	1442.19995117188
1335.97737398503	1438.375
1338.53032307874	1437.78503417969
1341.08247706537	1440.04504394531
1343.63383629202	1440.625
1346.18440110558	1438.43505859375
1348.73417185274	1432.3349609375
1351.28314887997	1413.9599609375
1353.83133253357	1392.14001464844
1356.37872315961	1371.13000488281
1358.92532110398	1354.98498535156
1361.47112671237	1349.81994628906
1364.01614033024	1338.54504394531
1366.56036230288	1325.49499511719
1369.10379297537	1315.57995605469
1371.64643269258	1310.29504394531
1374.18828179921	1306.38000488281
1376.72934063972	1296.71496582031
1379.2696095584	1290.34997558594
1381.80908889932	1285.98999023438
1384.34777900637	1282.61499023438
1386.88568022323	1285.56005859375
1389.42279289337	1289.14501953125
1391.95911736009	1293.34497070313
1394.49465396645	1296.07995605469
1397.02940305537	1300.3349609375
1399.5633649695	1302.09497070313
1402.09654005135	1296.64501953125
1404.6289286432	1295.875
1407.16053108714	1303.78503417969
1409.69134772507	1308.74499511719
1412.22137889868	1318.14501953125
1414.75062494947	1319.15502929688
1417.27908621874	1313.74499511719
1419.80676304759	1312.40002441406
1422.33365577692	1318.60498046875
1424.85976474744	1323
1427.38509029967	1328.08996582031
1429.90963277392	1335.55505371094
1432.4333925103	1347.39001464844
1434.95636984873	1361.2099609375
1437.47856512894	1387.71496582031
1439.99997869045	1419.75500488281
1442.5206108726	1442.10998535156
1445.04046201452	1463.23498535156
1447.55953245515	1497.36999511719
1450.07782253323	1510.18005371094
1452.59533258731	1509.99499511719
1455.11206295574	1503.00500488281
1457.62801397668	1494.73999023438
1460.14318598809	1479.26501464844
1462.65757932774	1464.36999511719
1465.1711943332	1444.23498535156
1467.68403134184	1418.34497070313
1470.19609069085	1386.18505859375
1472.70737271721	1351.27001953125
1475.21787775772	1319.20495605469
1477.72760614897	1294.09997558594
1480.23655822738	1263.47998046875
1482.74473432914	1239.36499023438
1485.25213479029	1213.54504394531
1487.75875994664	1196.88500976563
1490.26461013382	1188.88000488281
1492.76968568726	1181.05004882813
1495.27398694222	1172.88500976563
1497.77751423374	1163.68994140625
1500.28026789667	1165.6650390625
1502.78224826569	1172.67504882813
1505.28345567526	1178.47998046875
1507.78389045967	1183.41003417969
1510.28355295299	1184.63500976563
1512.78244348913	1186.65502929688
1515.28056240178	1191.40002441406
1517.77791002445	1191.18005371094
1520.27448669047	1190.89501953125
1522.77029273296	1191.64001464844
1525.26532848486	1187.65502929688
1527.75959427889	1186.06994628906
1530.25309044764	1185.77001953125
1532.74581732344	1182.92504882813
1535.23777523847	1175.32995605469
1537.72896452471	1171.99499511719
1540.21938551394	1171.53002929688
1542.70903853778	1174.97998046875
1545.19792392761	1179.42504882813
1547.68604201466	1183.90002441406
1550.17339312997	1184.10998535156
1552.65997760434	1186.125
1555.14579576845	1188.31494140625
1557.63084795275	1194.95495605469
1560.11513448749	1195.60998535156
1562.59865570276	1197.56994628906
1565.08141192845	1194.88500976563
1567.56340349426	1190.36999511719
1570.04463072969	1187.19494628906
1572.52509396406	1187.48999023438
1575.00479352652	1185.56005859375
1577.48372974599	1186.60498046875
1579.96190295124	1193.26501464844
1582.43931347083	1198.61999511719
1584.91596163314	1203.90002441406
1587.39184776636	1208.06005859375
1589.86697219849	1217.38000488281
1592.34133525734	1218.55004882813
1594.81493727054	1223.5400390625
1597.28777856553	1225.43994140625
1599.75985946955	1228.64501953125
1602.23118030968	1238.40502929688
1604.70174141278	1259.13500976563
1607.17154310555	1274.05004882813
1609.64058571449	1275.58996582031
1612.10886956591	1272.68505859375
1614.57639498595	1268.2900390625
1617.04316230054	1270.25
1619.50917183543	1268.9150390625
1621.97442391621	1259.66003417969
1624.43891886825	1250.0400390625
1626.90265701674	1243.46997070313
1629.36563868671	1240.20495605469
1631.82786420296	1244.52001953125
1634.28933389016	1246.7099609375
1636.75004807274	1254.46496582031
1639.21000707498	1270.00500488281
1641.66921122097	1285.73498535156
1644.12766083459	1294.51501464844
1646.58535623956	1307.70495605469
1649.04229775941	1322.51000976563
1651.4984857175	1346.53002929688
1653.95392043697	1369.21496582031
1656.40860224079	1383.44995117188
1658.86253145177	1393.09997558594
1661.3157083925	1398.93005371094
1663.76813338542	1398.93005371094
1666.21980675275	1395.81005859375
1668.67072881656	1395.01501464844
1671.1208998987	1388.42504882813
1673.57032032089	1368.93505859375
1676.0189904046	1348.32995605469
1678.46691047118	1329.00500488281
1680.91408084174	1307.26501464844
1683.36050183726	1288.98498535156
1685.8061737785	1267.5400390625
1688.25109698605	1246.04504394531
1690.69527178032	1228.70495605469
1693.13869848153	1211.51000976563
1695.58137740972	1194.50500488281
1698.02330888476	1180.51000976563
1700.46449322631	1165.46496582031
1702.90493075388	1144.81005859375
1705.34462178678	1134.32495117188
1707.78356664414	1125.88500976563
1710.22176564492	1115.47497558594
1712.65921910787	1109.35998535156
1715.0959273516	1103.94995117188
1717.53189069449	1100.60998535156
1719.9671094548	1097.5849609375
1722.40158395054	1094.13500976563
1724.8353144996	1095.125
1727.26830141965	1096.5400390625
1729.70054502819	1096.60498046875
1732.13204564255	1092.34497070313
1734.56280357987	1090.26501464844
1736.99281915711	1089.18505859375
1739.42209269106	1084.46997070313
1741.85062449831	1087.1650390625
1744.27841489529	1089.18994140625
1746.70546419823	1086.70495605469
1749.13177272321	1085.01501464844
1751.5573407861	1085.42004394531
1753.98216870262	1084.27001953125
1756.40625678828	1084.11499023438
1758.82960535844	1084.39501953125
1761.25221472825	1082.59497070313
1763.67408521271	1081.48498535156
1766.09521712663	1084.15502929688
1768.51561078464	1082.61499023438
1770.93526650119	1082.68505859375
1773.35418459056	1081.91003417969
1775.77236536684	1082.19494628906
1778.18980914396	1084.97497558594
1780.60651623565	1083.72497558594
1783.02248695548	1082.22497558594
1785.43772161684	1080.91003417969
1787.85222053292	1081.82495117188
1790.26598401677	1079.23498535156
1792.67901238123	1077.32495117188
1795.09130593899	1080.84497070313
1797.50286500254	1079.60498046875
1799.9136898842	1076.09497070313
1802.32378089613	1077.61999511719
1804.73313835028	1076.48498535156
1807.14176255846	1074.90002441406
1809.54965383228	1076.57495117188
1811.95681248317	1076.07995605469
1814.36323882242	1076.53503417969
1816.76893316109	1078.30505371094
1819.17389581011	1079.94494628906
1821.57812708021	1078.51501464844
1823.98162728196	1073.36999511719
1826.38439672573	1071.03002929688
1828.78643572174	1074.56005859375
1831.18774458003	1075.09997558594
1833.58832361045	1077.99499511719
1835.98817312269	1077.77001953125
1838.38729342625	1074.93005371094
1840.78568483048	1071.73999023438
1843.18334764454	1070.99499511719
1845.58028217741	1071.39001464844
1847.9764887379	1070.21997070313
1850.37196763465	1074.84997558594
1852.76671917613	1075.81994628906
1855.16074367062	1074.4599609375
1857.55404142624	1072.15002441406
1859.94661275094	1068.89001464844
1862.33845795247	1067.79504394531
1864.72957733844	1069.05004882813
1867.11997121627	1070.42504882813
1869.5096398932	1073.25
1871.89858367631	1074.65502929688
1874.28680287251	1075.60998535156
1876.67429778851	1074.32495117188
1879.06106873089	1072.18994140625
1881.44711600601	1070.13500976563
1883.8324399201	1071.8349609375
1886.21704077919	1071.48498535156
1888.60091888915	1070.89001464844
1890.98407455567	1071.0849609375
1893.36650808428	1067.5
1895.74821978033	1069.44494628906
1898.12920994899	1072.2099609375
1900.50947889527	1073.54504394531
1902.88902692401	1072.45495605469
1905.26785433986	1072.57995605469
1907.64596144734	1073.26501464844
1910.02334855075	1073.14501953125
1912.40001595424	1074.29504394531
1914.7759639618	1071.5849609375
1917.15119287724	1072.95495605469
1919.52570300419	1075.51501464844
1921.89949464611	1071.71496582031
1924.27256810632	1072.50500488281
1926.64492368793	1072.38000488281
1929.0165616939	1071.43505859375
1931.38748242701	1070.0849609375
1933.75768618989	1072.125
1936.12717328497	1073.97998046875
1938.49594401455	1073.0400390625
1940.86399868071	1071.98999023438
1943.23133758541	1075.18994140625
1945.5979610304	1076.03002929688
1947.96386931729	1075.25500488281
1950.32906274751	1076.67004394531
1952.69354162232	1076.22998046875
1955.0573062428	1079.51501464844
1957.42035690989	1079.84997558594
1959.78269392434	1077.58996582031
1962.14431758673	1077.63500976563
1964.50522819748	1075.90502929688
1966.86542605684	1074.59497070313
1969.22491146488	1070.26501464844
1971.58368472153	1071.30004882813
1973.94174612654	1075.52001953125
1976.29909597945	1076.09497070313
1978.65573457971	1076.35998535156
1981.01166222654	1074.93994140625
1983.36687921902	1072.76501464844
1985.72138585606	1073.34997558594
1988.07518243639	1073.11999511719
1990.42826925859	1073.80004882813
1992.78064662106	1075.53002929688
1995.13231482205	1075.9150390625
1997.48327415961	1076.28002929688
1999.83352493167	1076.55004882813
2002.18306743594	1075.72998046875
2004.53190197002	1073.22998046875
2006.8800288313	1071.42004394531
2009.22744831703	1073.29504394531
2011.57416072427	1075.36999511719
2013.92016634993	1074.44995117188
2016.26546549076	1071.60498046875
2018.61005844332	1073.49499511719
2020.95394550404	1074.23999023438
2023.29712696915	1076.36499023438
2025.63960313474	1076.46496582031
2027.98137429672	1074.29504394531
2030.32244075083	1074.06994628906
2032.66280279266	1074.84997558594
2035.00246071763	1074.44995117188
2037.34141482099	1071.89501953125
2039.67966539784	1073.68005371094
2042.01721274309	1075.17004394531
2044.35405715151	1077.17004394531
2046.69019891769	1077.95495605469
2049.02563833606	1075.51000976563
2051.3603757009	1075.2099609375
2053.6944113063	1077.5
2056.0277454462	1078.16003417969
2058.36037841439	1078.30004882813
2060.69231050446	1078.17004394531
2063.02354200988	1074.90002441406
2065.35407322392	1074.22497558594
2067.68390443971	1076.9599609375
2070.01303595021	1081.78002929688
2072.3414680482	1082.06005859375
2074.66920102633	1082.31005859375
2076.99623517706	1080.17004394531
2079.32257079271	1078.4150390625
2081.6482081654	1079.53002929688
2083.97314758713	1082.18994140625
2086.29738934971	1082.65502929688
2088.62093374481	1083.19494628906
2090.94378106391	1081.2099609375
2093.26593159835	1081.98999023438
2095.5873856393	1081.97497558594
2097.90814347777	1083.66003417969
2100.2282054046	1084.42004394531
2102.54757171048	1085.77001953125
2104.86624268594	1085.90002441406
2107.18421862133	1083.9150390625
2109.50149980686	1082.7099609375
2111.81808653257	1084.72497558594
2114.13397908834	1085.84997558594
2116.44917776388	1086.07495117188
2118.76368284875	1087.72998046875
2121.07749463235	1091.10998535156
2123.39061340391	1091.76501464844
2125.70303945252	1092.66003417969
2128.01477306707	1087.32995605469
2130.32581453634	1085.36999511719
2132.63616414891	1087.32495117188
2134.94582219322	1089.13500976563
2137.25478895754	1091.23498535156
2139.56306472999	1090.66003417969
2141.87064979851	1089.99499511719
2144.17754445092	1090.29504394531
2146.48374897484	1093.51000976563
2148.78926365774	1092.36499023438
2151.09408878695	1091.93005371094
2153.39822464963	1091.51501464844
2155.70167153277	1093.43505859375
2158.00442972321	1093.14501953125
2160.30649950763	1094.24499511719
2162.60788117256	1092.88000488281
2164.90857500436	1091.61499023438
2167.20858128923	1093.70495605469
2169.50790031323	1089.3349609375
2171.80653236223	1088.09497070313
2174.10447772198	1088.48498535156
2176.40173667804	1091.14501953125
2178.69830951582	1093.85498046875
2180.99419652058	1092.20495605469
2183.28939797743	1090.31494140625
2185.5839141713	1090.65002441406
2187.87774538698	1092.92004394531
2190.17089190908	1090.81494140625
2192.46335402209	1090.81994628906
2194.75513201032	1092.13000488281
2197.04622615791	1090.10498046875
2199.33663674886	1089.47998046875
2201.62636406702	1089.39001464844
2203.91540839606	1092.60498046875
2206.20377001952	1092.75
2208.49144922077	1091.9150390625
2210.77844628302	1090.79504394531
2213.06476148933	1092.02001953125
2215.3503951226	1089.5400390625
2217.63534746557	1092.31005859375
2219.91961880085	1091.72497558594
2222.20320941085	1088.13000488281
2224.48611957785	1089.02502441406
2226.76834958399	1092.94494628906
2229.04989971122	1092.51501464844
2231.33077024136	1092.7900390625
2233.61096145607	1092.22998046875
2235.89047363683	1092.57495117188
2238.169307065	1093.67004394531
2240.44746202178	1091.86999511719
2242.72493878819	1090.46496582031
2245.00173764511	1090.81994628906
2247.27785887327	1092.41003417969
2249.55330275324	1089.20495605469
2251.82806956545	1092.68505859375
2254.10215959014	1097.44494628906
2256.37557310744	1098.67004394531
2258.64831039729	1098.48498535156
2260.92037173949	1096.34997558594
2263.19175741368	1094.90002441406
2265.46246769938	1092.92504882813
2267.7325028759	1098.32995605469
2270.00186322243	1098.40002441406
2272.270549018	1097.26501464844
2274.5385605415	1098.18505859375
2276.80589807165	1099.4150390625
2279.07256188702	1100.47497558594
2281.33855226601	1100.75
2283.60386948691	1101.07495117188
2285.86851382782	1097.71997070313
2288.1324855667	1097.65502929688
2290.39578498136	1102.40002441406
2292.65841234945	1102.13500976563
2294.92036794847	1104.83996582031
2297.18165205578	1106.60998535156
2299.44226494856	1104.97998046875
2301.70220690387	1104.81994628906
2303.96147819859	1104.56994628906
2306.22007910947	1106.01000976563
2308.47800991309	1105.25500488281
2310.73527088589	1105.81994628906
2312.99186230416	1106.71496582031
2315.24778444403	1108.24499511719
2317.50303758149	1108.02502441406
2319.75762199235	1106.28503417969
2322.01153795231	1104.36999511719
2324.26478573689	1108.18994140625
2326.51736562147	1107.39001464844
2328.76927788127	1104.5
2331.02052279137	1102.875
2333.2711006267	1098.82495117188
2335.52101166203	1101.11999511719
2337.77025617198	1104.34497070313
2340.01883443103	1102.45495605469
2342.2667467135	1101.18505859375
2344.51399329356	1104.90502929688
2346.76057444525	1107.65002441406
2349.00649044241	1106.0849609375
2351.2517415588	1105.26000976563
2353.49632806796	1104.60498046875
2355.74025024334	1105.83996582031
2357.98350835819	1106.61499023438
2360.22610268566	1104.31005859375
2362.4680334987	1100.84997558594
2364.70930107016	1099.69995117188
2366.94990567269	1099.25
2369.18984757884	1103.31994628906
2371.42912706098	1105.24499511719
2373.66774439134	1105.82995605469
2375.90569984199	1106.57995605469
2378.14299368488	1104.06005859375
2380.37962619179	1101.91003417969
2382.61559763435	1104.73999023438
2384.85090828405	1104.81005859375
2387.08555841222	1104.52502441406
2389.31954829006	1109.26501464844
2391.55287818861	1109.69494628906
2393.78554837877	1105.76501464844
2396.01755913128	1106.33996582031
2398.24891071673	1105.26000976563
2400.47960340558	1104.45495605469
2402.70963746814	1107.42504882813
2404.93901317456	1109.07995605469
2407.16773079485	1109.71496582031
2409.39579059887	1108.06494140625
2411.62319285633	1105.22497558594
2413.84993783681	1106.69995117188
2416.07602580971	1106.75500488281
2418.30145704432	1108.0400390625
2420.52623180977	1108.47998046875
2422.75035037503	1109.03503417969
2424.97381300893	1111.72497558594
2427.19661998017	1113.10998535156
2429.41877155729	1110.19995117188
2431.64026800867	1110.26501464844
2433.86110960257	1112.02001953125
2436.08129660709	1113.59997558594
2438.30082929019	1114.24499511719
2440.51970791967	1113.91003417969
2442.73793276321	1111.375
2444.95550408832	1110.07495117188
2447.17242216237	1111.96997070313
2449.38868725259	1112.92004394531
2451.60429962607	1113.63500976563
2453.81925954975	1111.0400390625
2456.03356729041	1108.63000488281
2458.2472231147	1106.60998535156
2460.46022728913	1111.15502929688
2462.67258008005	1115.92504882813
2464.88428175368	1116.5
2467.09533257608	1111.90502929688
2469.30573281318	1112.5400390625
2471.51548273076	1112.64001464844
2473.72458259445	1113.52502441406
2475.93303266974	1117.14501953125
2478.14083322198	1119.29504394531
2480.34798451637	1119.53002929688
2482.55448681797	1116.13000488281
2484.76034039169	1117.14001464844
2486.96554550231	1122.29504394531
2489.17010241445	1120.31994628906
2491.37401139259	1116.2900390625
2493.57727270109	1115.18994140625
2495.77988660412	1120.2900390625
2497.98185336574	1122.74499511719
2500.18317324987	1121.96997070313
2502.38384652028	1117.55505371094
2504.58387344058	1120.01501464844
2506.78325427425	1126.18505859375
2508.98198928465	1130.05004882813
2511.18007873495	1125.80004882813
2513.37752288821	1122.66003417969
2515.57432200735	1121.81994628906
2517.77047635514	1122.51000976563
2519.96598619419	1121.63000488281
2522.16085178699	1121.35998535156
2524.35507339589	1125.57995605469
2526.54865128308	1126.89001464844
2528.74158571062	1125.99499511719
2530.93387694042	1127.89001464844
2533.12552523427	1127.33996582031
2535.31653085379	1127.09497070313
2537.50689406046	1125.81994628906
2539.69661511566	1128.07995605469
2541.88569428057	1124.34997558594
2544.07413181627	1124.375
2546.26192798368	1128.36499023438
2548.44908304359	1129.81494140625
2550.63559725664	1131.11499023438
2552.82147088333	1127.55004882813
2555.00670418402	1122.92004394531
2557.19129741894	1123.88000488281
2559.37525084817	1129.61999511719
2561.55856473164	1129.96997070313
2563.74123932917	1133.38000488281
2565.92327490039	1134.63000488281
2568.10467170484	1135.84997558594
2570.28543000189	1131.69995117188
2572.46555005079	1132.53503417969
2574.64503211063	1129.51501464844
2576.82387644036	1129.18994140625
2579.00208329882	1133.42004394531
2581.17965294468	1135.11999511719
2583.35658563648	1133.2900390625
2585.53288163263	1133.28503417969
2587.70854119137	1134.59497070313
2589.88356457084	1136.59497070313
2592.05795202902	1136.68005371094
2594.23170382376	1137.16003417969
2596.40482021275	1139.57995605469
2598.57730145356	1140.53503417969
2600.74914780363	1136.88500976563
2602.92035952023	1136.88000488281
2605.09093686053	1140.54504394531
2607.26088008153	1142.66003417969
2609.4301894401	1139.25
2611.59886519299	1140.25500488281
2613.76690759678	1143.65502929688
2615.93431690793	1146.28002929688
2618.10109338277	1145.78002929688
2620.26723727748	1144.85498046875
2622.4327488481	1143.38500976563
2624.59762835054	1146.2099609375
2626.76187604057	1148.97497558594
2628.92549217382	1152.5400390625
2631.08847700579	1154.98498535156
2633.25083079182	1159.63500976563
2635.41255378715	1162.28503417969
2637.57364624684	1163.45495605469
2639.73410842586	1162.84497070313
2641.893940579	1161.32495117188
2644.05314296094	1158.375
2646.21171582621	1157.21496582031
2648.36965942921	1159.875
2650.5269740242	1166.13500976563
2652.6836598653	1168.3349609375
2654.83971720651	1167.53002929688
2656.99514630167	1167.48498535156
2659.1499474045	1167.26501464844
2661.30412076857	1168.43005371094
2663.45766664734	1169.55505371094
2665.61058529411	1171.60998535156
2667.76287696204	1170.08996582031
2669.91454190418	1169.60998535156
2672.06558037342	1174.88500976563
2674.21599262253	1177.5849609375
2676.36577890413	1177.80004882813
2678.51493947072	1176.34997558594
2680.66347457466	1173.01000976563
2682.81138446816	1173.2900390625
2684.95866940332	1178.73498535156
2687.10532963209	1180.26501464844
2689.25136540628	1180.74499511719
2691.39677697757	1177.39001464844
2693.54156459752	1176.36499023438
2695.68572851753	1180.72497558594
2697.82926898888	1178.79504394531
2699.97218626272	1180.42004394531
2702.11448059006	1185.78002929688
2704.25615222175	1190.15502929688
2706.39720140856	1196.53002929688
2708.53762840109	1198.95495605469
2710.67743344979	1193.02001953125
2712.81661680503	1190.42504882813
2714.95517871698	1192.77502441406
2717.09311943574	1199.09497070313
2719.23043921123	1203.48999023438
2721.36713829325	1205.84497070313
2723.50321693148	1207.95495605469
2725.63867537545	1212.80004882813
2727.77351387456	1216.2900390625
2729.90773267809	1219.8349609375
2732.04133203516	1221.32995605469
2734.17431219478	1221.32495117188
2736.30667340581	1219.79504394531
2738.438415917	1220.94995117188
2740.56953997695	1218.25500488281
2742.70004583414	1217.88500976563
2744.82993373688	1215.35998535156
2746.9592039334	1209.7900390625
2749.08785667177	1209.84497070313
2751.21589219993	1213.06005859375
2753.34331076568	1214.70495605469
2755.4701126167	1211.42004394531
2757.59629800054	1212.18994140625
2759.7218671646	1212.36999511719
2761.84682035617	1210.56005859375
2763.9711578224	1205.03503417969
2766.0948798103	1208.39501953125
2768.21798656676	1211.43505859375
2770.34047833852	1216.88000488281
2772.46235537222	1214.5400390625
2774.58361791434	1212.69995117188
2776.70426621124	1210.88500976563
2778.82430050915	1211.96496582031
2780.94372105416	1210.24499511719
2783.06252809224	1208
2785.18072186922	1209.93505859375
2787.29830263081	1214.65002441406
2789.41527062257	1221.17004394531
2791.53162608996	1218.54504394531
2793.64736927828	1215.43505859375
2795.76250043271	1216.75
2797.8770197983	1214.69995117188
2799.99092761997	1219.23498535156
2802.10422414252	1222.08996582031
2804.21690961059	1225.85998535156
2806.32898426873	1232.08996582031
2808.44044836132	1234.68994140625
2810.55130213264	1235.57495117188
2812.66154582682	1240.125
2814.77117968788	1242.31994628906
2816.8802039597	1243.46997070313
2818.98861888601	1252.92504882813
2821.09642471046	1257.61999511719
2823.20362167653	1260.39501953125
2825.31021002756	1270.6650390625
2827.41619000682	1281.86999511719
2829.52156185738	1289.22998046875
2831.62632582224	1295.41003417969
2833.73048214422	1300.29504394531
2835.83403106606	1306.5400390625
2837.93697283033	1320.03002929688
2840.03930767951	1337.65502929688
2842.1410358559	1359.875
2844.24215760173	1377.77001953125
2846.34267315905	1400.65502929688
2848.44258276982	1428.65502929688
2850.54188667585	1455.27502441406
2852.64058511883	1485.92004394531
2854.73867834032	1520.77502441406
2856.83616658175	1549.63500976563
2858.93305008443	1573.67504882813
2861.02932908952	1600.18005371094
2863.12500383809	1637.23999023438
2865.22007457104	1692.21496582031
2867.31454152918	1740.10498046875
2869.40840495316	1786.49499511719
2871.50166508353	1830.66003417969
2873.59432216069	1860.81994628906
2875.68637642493	1884.67504882813
2877.77782811641	1908.71496582031
2879.86867747515	1919.23498535156
2881.95892474105	1923.53002929688
2884.0485701539	1930.59497070313
2886.13761395333	1934.14501953125
2888.22605637886	1944.27001953125
2890.3138976699	1963.60998535156
2892.40113806571	1976.27001953125
2894.48777780544	1982.21997070313
2896.57381712808	2003.98999023438
2898.65925627254	2025.09997558594
2900.74409547758	2048.9599609375
2902.82833498183	2073.27001953125
2904.9119750238	2091.7548828125
2906.99501584188	2123.2099609375
2909.07745767432	2161.44506835938
2911.15930075925	2195.8798828125
2913.24054533469	2219.85009765625
2915.3211916385	2241.544921875
2917.40123990846	2276.19506835938
2919.48069038217	2336.13500976563
2921.55954329716	2407.85009765625
2923.63779889079	2451.68505859375
2925.71545740033	2495.80493164063
2927.79251906289	2499.875
2929.86898411548	2485.23510742188
2931.94485279498	2508.68505859375
2934.02012533815	2536.34497070313
2936.0948019816	2541.47998046875
2938.16888296184	2539.94995117188
2940.24236851525	2521.1201171875
2942.31525887809	2488.78491210938
2944.38755428648	2452.61499023438
2946.45925497643	2410.64990234375
2948.53036118382	2363.294921875
2950.6008731444	2314.57495117188
2952.67079109381	2254.30004882813
2954.74011526755	2218.5
2956.80884590101	2175.3349609375
2958.87698322944	2148.22998046875
2960.94452748799	2118.2548828125
2963.01147891167	2090.07006835938
2965.07783773535	2067.13500976563
2967.14360419382	2044.78503417969
2969.2087785217	2037.20495605469
2971.27336095352	2019.69995117188
2973.33735172366	1984.25
2975.40075106641	1953.91003417969
2977.46355921591	1934.81994628906
2979.52577640618	1922.63000488281
2981.58740287112	1907.72998046875
2983.64843884452	1890.43005371094
2985.70888456003	1861.45495605469
2987.76874025117	1827.18005371094
2989.82800615137	1781.89001464844
2991.88668249391	1750.43505859375
2993.94476951194	1726.16003417969
2996.00226743852	1709.72497558594
2998.05917650657	1689.44494628906
3000.11549694887	1659.4599609375
3002.17122899812	1623.34497070313
3004.22637288685	1593.6650390625
3006.2809288475	1571.60998535156
3008.33489711238	1563.99499511719
3010.38827791368	1551.17004394531
3012.44107148345	1523.02502441406
3014.49327805366	1507.40002441406
3016.5448978561	1493.15502929688
3018.59593112249	1484.85498046875
3020.64637808441	1478.67504882813
3022.6962389733	1468.35998535156
3024.74551402051	1462.64001464844
3026.79420345725	1450.10498046875
3028.84230751461	1447.68994140625
3030.88982642357	1442.68505859375
3032.93676041497	1441.11999511719
3034.98310971955	1440.09497070313
3037.02887456791	1450.85498046875
3039.07405519054	1456.07495117188
3041.11865181781	1452.43005371094
3043.16266467996	1455.72497558594
3045.20609400713	1462.69494628906
3047.24894002932	1474.11999511719
3049.2912029764	1479.94494628906
3051.33288307815	1480.35998535156
3053.37398056421	1483.43005371094
3055.41449566411	1485.38500976563
3057.45442860725	1492.71997070313
3059.49377962291	1513.65002441406
3061.53254894026	1526.09997558594
3063.57073678834	1531.42004394531
3065.60834339607	1531.23498535156
3067.64536899227	1528.16003417969
3069.68181380561	1519.01501464844
3071.71767806467	1507.80505371094
3073.75296199788	1496.67504882813
3075.78766583357	1480.08996582031
3077.82178979997	1468.71496582031
3079.85533412513	1455.59997558594
3081.88829903705	1441.01501464844
3083.92068476356	1433.17004394531
3085.95249153241	1430.30004882813
3087.98371957119	1418.25
3090.01436910741	1413.45495605469
3092.04444036844	1410.25500488281
3094.07393358152	1405.69494628906
3096.10284897381	1403.81994628906
3098.13118677232	1405.51000976563
3100.15894720395	1403.36499023438
3102.18613049548	1403.77001953125
3104.21273687357	1406.60498046875
3106.23876656477	1400.98999023438
3108.2642197955	1397.22497558594
3110.28909679208	1397.6650390625
3112.31339778069	1394.98498535156
3114.33712298741	1392.88000488281
3116.36027263819	1402.22998046875
3118.38284695887	1410.27502441406
3120.40484617516	1408.43505859375
3122.42627051268	1400.15502929688
3124.4471201969	1397.52001953125
3126.46739545319	1406.85998535156
3128.4870965068	1411.58996582031
3130.50622358287	1411.79504394531
3132.5247769064	1411.15502929688
3134.54275670229	1406.18994140625
3136.56016319534	1406.72998046875
3138.57699661019	1406.56005859375
3140.59325717139	1407.68005371094
3142.60894510338	1405.49499511719
3144.62406063047	1411.00500488281
3146.63860397686	1414.94995117188
3148.65257536662	1413.78002929688
3150.66597502371	1412.43994140625
3152.67880317199	1414.44494628906
3154.69106003518	1415.24499511719
3156.70274583691	1423.15002441406
3158.71386080065	1427.03002929688
3160.72440514981	1428.65502929688
3162.73437910763	1428.38500976563
3164.74378289728	1431.56994628906
3166.75261674179	1434.94995117188
3168.76088086407	1431.71496582031
3170.76857548692	1428.25500488281
3172.77570083303	1430.39001464844
3174.78225712498	1434.75
3176.78824458521	1439.46496582031
3178.79366343607	1441.34997558594
3180.79851389977	1445.06005859375
3182.80279619844	1445.25
3184.80651055405	1444.47998046875
3186.80965718849	1443.625
3188.81223632353	1444.21496582031
3190.81424818081	1449.22497558594
3192.81569298186	1452.26000976563
3194.8165709481	1450.53503417969
3196.81688230084	1450.95495605469
3198.81662726126	1456.54504394531
3200.81580605044	1457.78503417969
3202.81441888933	1465.9150390625
3204.81246599879	1466.80004882813
3206.80994759954	1466.03503417969
3208.80686391219	1465.52502441406
3210.80321515726	1467.23498535156
3212.79900155512	1474.76000976563
3214.79422332605	1486.0849609375
3216.78888069021	1478.73999023438
3218.78297386765	1474.5
3220.77650307828	1478.33996582031
3222.76946854195	1487.56994628906
3224.76187047834	1486.56494140625
3226.75370910705	1484.05505371094
3228.74498464755	1491.31005859375
3230.73569731921	1497.84997558594
3232.72584734127	1497.50500488281
3234.71543493287	1498.4150390625
3236.70446031304	1494.96997070313
3238.69292370068	1497.98999023438
3240.68082531459	1506.07495117188
3242.66816537345	1509.44995117188
3244.65494409583	1504.49499511719
3246.6411617002	1502.80004882813
3248.62681840488	1511.95495605469
3250.61191442812	1516.07495117188
3252.59644998804	1516.96496582031
3254.58042530263	1509.78002929688
3256.56384058979	1510.51501464844
3258.54669606731	1518.71997070313
3260.52899195285	1521.76501464844
3262.51072846396	1518.04504394531
3264.4919058181	1512.8349609375
3266.47252423259	1519.63000488281
3268.45258392464	1526.33996582031
3270.43208511138	1533.68994140625
3272.41102800978	1535.30505371094
3274.38941283675	1533.52001953125
3276.36723980904	1539.86499023438
3278.34450914332	1546.35998535156
3280.32122105613	1550.31494140625
3282.29737576392	1560.69995117188
3284.272973483	1563.36999511719
3286.24801442958	1562.3349609375
3288.22249881978	1565.9599609375
3290.19642686957	1567.04504394531
3292.16979879485	1556.78002929688
3294.14261481136	1549.78002929688
3296.11487513478	1550.84997558594
3298.08657998065	1552.53503417969
3300.0577295644	1548.79504394531
3302.02832410136	1552.07495117188
3303.99836380673	1556.02502441406
3305.96784889563	1556.22998046875
3307.93677958303	1555.55004882813
3309.90515608383	1553.42504882813
3311.87297861278	1541.17004394531
3313.84024738456	1533.99499511719
3315.80696261371	1540.77001953125
3317.77312451466	1542.875
3319.73873330175	1540.10998535156
3321.70378918919	1534.78503417969
3323.66829239109	1535.00500488281
3325.63224312145	1535.11999511719
3327.59564159416	1524.75
3329.55848802299	1515.30004882813
3331.52078262162	1515.05004882813
3333.4825256036	1525.05004882813
3335.44371718237	1521.72497558594
3337.40435757128	1510.07495117188
3339.36444698356	1505.19995117188
3341.32398563232	1501.39001464844
3343.28297373058	1508.46496582031
3345.24141149124	1520.84997558594
3347.19929912709	1515.03002929688
3349.15663685081	1503.64001464844
3351.11342487497	1502.22497558594
3353.06966341204	1510.1650390625
3355.02535267437	1503.89001464844
3356.98049287421	1496.46496582031
3358.9350842237	1496.14001464844
3360.88912693486	1494.18505859375
3362.84262121962	1499.10498046875
3364.79556728978	1504.41003417969
3366.74796535705	1502.74499511719
3368.69981563302	1497.89001464844
3370.65111832917	1495.26501464844
3372.60187365689	1500.06994628906
3374.55208182744	1503.97497558594
3376.50174305198	1498.31494140625
3378.45085754157	1480.875
3380.39942550714	1472.07495117188
3382.34744715954	1465.08996582031
3384.29492270949	1466.55004882813
3386.24185236761	1476.36499023438
3388.18823634442	1479.6650390625
3390.13407485031	1470.11999511719
3392.07936809559	1466.04504394531
3394.02411629045	1464.75500488281
3395.96831964496	1467.4599609375
3397.91197836911	1464.4150390625
3399.85509267275	1464.64001464844
3401.79766276564	1469.3349609375
3403.73968885745	1469.69494628906
3405.68117115771	1462.48999023438
3407.62210987586	1453.8349609375
3409.56250522123	1441.29504394531
3411.50235740305	1437.67004394531
3413.44166663043	1440.68505859375
3415.38043311238	1444.89501953125
3417.3186570578	1451.09997558594
3419.2563386755	1447.90502929688
3421.19347817415	1437.76000976563
3423.13007576235	1435.8349609375
3425.06613164857	1433.80004882813
3427.00164604118	1433.86999511719
3428.93661914844	1435.40502929688
3430.87105117852	1435.81994628906
3432.80494233945	1433.60498046875
3434.73829283919	1427.375
3436.67110288558	1425.65002441406
3438.60337268634	1428.125
3440.53510244911	1428.28002929688
3442.4662923814	1429.80505371094
3444.39694269064	1424.55004882813
3446.32705358412	1424.38500976563
3448.25662526905	1419.20495605469
3450.18565795254	1418.38000488281
3452.11415184156	1414.65502929688
3454.04210714302	1412.375
3455.96952406369	1412.47998046875
3457.89640281024	1415.51000976563
3459.82274358924	1409.39501953125
3461.74854660717	1397.67004394531
3463.67381207038	1393.92504882813
3465.59854018513	1392.93005371094
3467.52273115756	1390.44995117188
3469.44638519373	1386.61999511719
3471.36950249956	1379.5
3473.29208328091	1375.57995605469
3475.21412774349	1374.0849609375
3477.13563609293	1375.83996582031
3479.05660853476	1371.7900390625
3480.97704527438	1371.9599609375
3482.89694651712	1365.51000976563
3484.81631246818	1359.93005371094
3486.73514333266	1358.03503417969
3488.65343931557	1353.84497070313
3490.57120062179	1351.52001953125
3492.48842745612	1344.31005859375
3494.40512002324	1338.91003417969
3496.32127852773	1336.43505859375
3498.23690317408	1343.79504394531
3500.15199416666	1343.04504394531
3502.06655170974	1336.84997558594
3503.98057600749	1332.41003417969
3505.89406726396	1329.81994628906
3507.80702568312	1326.14001464844
3509.71945146883	1327.55004882813
3511.63134482483	1329.30505371094
3513.54270595478	1325.23498535156
3515.45353506222	1319.06005859375
3517.3638323506	1312.43505859375
3519.27359802324	1305.30004882813
3521.1828322834	1308.15502929688
3523.09153533419	1304.92004394531
3524.99970737866	1300.74499511719
3526.90734861972	1296.30004882813
3528.81445926021	1302.15502929688
3530.72103950283	1300.57495117188
3532.62708955022	1293.32995605469
3534.53260960488	1291.48999023438
3536.43759986923	1287.875
3538.34206054558	1277.72497558594
3540.24599183613	1271.46997070313
3542.149393943	1263.59497070313
3544.05226706817	1261.88000488281
3545.95461141357	1266.73498535156
3547.85642718097	1267.47998046875
3549.75771457208	1260.875
3551.6584737885	1251.81005859375
3553.55870503171	1251.81994628906
3555.4584085031	1254.32495117188
3557.35758440396	1254.625
3559.25623293548	1258.05505371094
3561.15435429874	1253.23498535156
3563.05194869473	1247.16003417969
3564.94901632432	1242.28503417969
3566.84555738829	1242.43005371094
3568.74157208732	1243.9150390625
3570.63706062199	1237.78002929688
3572.53202319277	1235.89001464844
3574.42646000003	1241.02001953125
3576.32037124406	1239.82495117188
3578.213757125	1237.2099609375
3580.10661784295	1234.60498046875
3581.99895359786	1236.21997070313
3583.8907645896	1239.31005859375
3585.78205101794	1237.06994628906
3587.67281308254	1229.42004394531
3589.56305098297	1229.05505371094
3591.4527649187	1229.93994140625
3593.34195508907	1225.65502929688
3595.23062169338	1220.36499023438
3597.11876493075	1220.38000488281
3599.00638500027	1217.625
3600.89348210089	1218.17504882813
3602.78005643148	1220.48498535156
3604.66610819078	1219.34497070313
3606.55163757747	1218.72497558594
3608.4366447901	1217.91003417969
3610.32113002713	1216.06005859375
3612.20509348693	1211.80004882813
3614.08853536774	1209.27001953125
3615.97145586773	1206.93005371094
3617.85385518497	1202.65002441406
3619.7357335174	1199.43005371094
3621.61709106289	1194.29504394531
3623.4979280192	1191.23999023438
3625.37824458399	1190.09497070313
3627.25804095482	1188.57495117188
3629.13731732915	1185.46997070313
3631.01607390435	1183.56994628906
3632.89431087767	1182.66003417969
3634.77202844629	1181.68994140625
3636.64922680726	1182.16003417969
3638.52590615754	1181.9150390625
3640.40206669402	1184.15502929688
3642.27770861344	1183.15002441406
3644.15283211248	1179.08996582031
3646.02743738771	1180.52502441406
3647.90152463559	1180.59497070313
3649.77509405251	1178.15002441406
3651.64814583473	1177.84497070313
3653.52068017842	1177.02502441406
3655.39269727965	1172.8349609375
3657.26419733442	1166.02502441406
3659.13518053858	1161.84497070313
3661.00564708793	1163.88000488281
3662.87559717814	1166.27502441406
3664.7450310048	1161.76501464844
3666.61394876338	1157.06494140625
3668.48235064928	1154.90002441406
3670.35023685779	1153.9599609375
3672.21760758409	1149.20495605469
3674.08446302327	1147.50500488281
3675.95080337033	1147.15002441406
3677.81662882017	1149.60498046875
3679.68193956758	1153.88000488281
3681.54673580727	1151.9599609375
3683.41101773383	1151.65502929688
3685.27478554178	1150.43005371094
3687.13803942551	1147.82495117188
3689.00077957934	1145.95495605469
3690.86300619748	1140.47497558594
3692.72471947405	1133.05004882813
3694.58591960306	1130.58996582031
3696.44660677844	1130.39501953125
3698.306781194	1133.25
3700.16644304348	1134.40002441406
3702.02559252049	1134.31994628906
3703.88422981859	1135.07495117188
3705.74235513119	1134.02001953125
3707.59996865164	1133.02502441406
3709.45707057318	1131.93994140625
3711.31366108895	1131.51000976563
3713.16974039199	1130.625
3715.02530867527	1125.60998535156
3716.88036613164	1120.38500976563
3718.73491295385	1118.08996582031
3720.58894933456	1115.31494140625
3722.44247546634	1113.4599609375
3724.29549154166	1112.94995117188
3726.14799775289	1116.38000488281
3727.9999942923	1116.68505859375
3729.85148135209	1113.15002441406
3731.70245912432	1107.65502929688
3733.55292780098	1106.47497558594
3735.40288757397	1105.66003417969
3737.25233863509	1105.66003417969
3739.10128117603	1107.01501464844
3740.9497153884	1103.76501464844
3742.7976414637	1107.10498046875
3744.64505959335	1111.17504882813
3746.49196996866	1112.31494140625
3748.33837278086	1111.80004882813
3750.18426822108	1107.53002929688
3752.02965648033	1106.00500488281
3753.87453774956	1108.84997558594
3755.7189122196	1109.64001464844
3757.5627800812	1106.98999023438
3759.40614152501	1100.31494140625
3761.24899674159	1095.17504882813
3763.09134592138	1095.8349609375
3764.93318925476	1100.00500488281
3766.77452693199	1099.73999023438
3768.61535914325	1100.14001464844
3770.45568607861	1101.97497558594
3772.29550792807	1101.24499511719
3774.1348248815	1101.43505859375
3775.9736371287	1102.1650390625
3777.81194485938	1101.11499023438
