32.6816976106991	716.755004882813
35.6535599501435	716.594970703125
38.6244374909659	716.739990234375
41.5943306947054	716.554992675781
44.5632400226282	716.594970703125
47.5311659356917	716.39501953125
50.4981088945929	716.375
53.4640693597127	716.575012207031
56.4290477911676	716.465026855469
59.3930446487746	716.525024414063
62.356060392067	716.590026855469
65.3180954802906	716.625
68.2791503724084	716.534973144531
71.2392255270922	716.419982910156
74.1983214027271	716.544982910156
77.1564384574159	716.815002441406
80.113577148983	716.719970703125
83.0697379349549	716.690002441406
86.0249212725722	716.744995117188
88.9791276188058	716.840026855469
91.9323574303255	717.02001953125
94.8846111635238	716.989990234375
97.8358892745121	716.875
100.786192219114	716.955017089844
103.73552045287	716.940002441406
106.683874431037	716.924987792969
109.631254608583	717.080017089844
112.577661440203	717.450012207031
115.523095380307	717.784973144531
118.467556883015	718.364990234375
121.411046402175	719.570007324219
124.353564391344	721.760009765625
127.295111303796	725.275024414063
130.235687592532	731.844970703125
133.175293710265	743.219970703125
136.113930109434	760.150024414063
139.051597242185	785.619995117188
141.98829556039	817.955017089844
144.92402551564	856.64501953125
147.858787559244	898.005004882813
150.792582142239	938.650024414063
153.725409715372	970.034973144531
156.65727072911	995.989990234375
159.588165633643	1014.23999023438
162.518094878884	1025.32995605469
165.447058914469	1033.39501953125
168.375058189747	1037.03503417969
171.302093153792	1036.70495605469
174.228164255401	1034.28002929688
177.153271943091	1032.04504394531
180.077416665101	1035.43505859375
183.000598869394	1036.6650390625
185.922819003656	1040.875
188.84407751529	1041.97998046875
191.764374851424	1043.3349609375
194.683711458919	1048.06494140625
197.60208778434	1053.48999023438
200.519504273992	1060.60998535156
203.435961373894	1070.45495605469
206.351459529801	1084.46496582031
209.265999187174	1099.2099609375
212.179580791207	1116.46496582031
215.092204786825	1136.32995605469
218.003871618673	1157.31005859375
220.914581731116	1175.5849609375
223.824335568247	1194.33996582031
226.733133573893	1202.52502441406
229.640976191593	1215.3349609375
232.547863864614	1228.9150390625
235.453797035961	1240.30505371094
238.358776148354	1242.66003417969
241.26280164424	1232.97497558594
244.1658739658	1234.32495117188
247.067993554929	1235.83996582031
249.969160853266	1235.89501953125
252.869376302162	1231.72998046875
255.768640342707	1233.15002441406
258.666953415705	1233.03503417969
261.564315961705	1226.07495117188
264.46072842097	1223.76000976563
267.356191233499	1224.02502441406
270.25070483901	1222.875
273.144269676967	1220.32995605469
276.036886186551	1216.51000976563
278.928554806671	1212.75
281.819275975966	1212.04504394531
284.709050132812	1212.02001953125
287.597877715306	1207.77001953125
290.485759161281	1201.21997070313
293.372694908298	1203.44995117188
296.258685393644	1209.36999511719
299.143731054352	1204.56994628906
302.027832327156	1198.11999511719
304.910989648557	1198.40502929688
307.79320345476	1200.19995117188
310.674474181717	1202.93994140625
313.554802265101	1203.42504882813
316.434188140326	1202.02001953125
319.312632242533	1196.24499511719
322.190135006593	1194.32995605469
325.066696867117	1194.35998535156
327.942318258443	1191.10498046875
330.816999614641	1190.19494628906
333.690741369517	1187.26000976563
336.56354395661	1184.63500976563
339.435407809193	1185.81494140625
342.306333360273	1187.39001464844
345.176321042591	1184.7099609375
348.045371288612	1174.72998046875
350.913484530551	1170.02502441406
353.78066120035	1172.41003417969
356.64690172969	1172.56494140625
359.512206549972	1170.85498046875
362.376576092357	1172.0400390625
365.240010787716	1169.58996582031
368.102511066677	1169.31005859375
370.964077359587	1167.31994628906
373.82471009654	1164.46496582031
376.684409707364	1165.1650390625
379.543176621612	1164.59497070313
382.401011268595	1161.57495117188
385.257914077343	1158.19995117188
388.113885476627	1159.60998535156
390.968925894961	1166.71997070313
393.823035760591	1170.29504394531
396.676215501503	1176.22497558594
399.528465545415	1178.7900390625
402.379786319791	1183.2900390625
405.230178251834	1192.88500976563
408.079641768472	1200.70495605469
410.928177296387	1197.59997558594
413.775785261992	1193.63500976563
416.622466091445	1197.88000488281
419.468220210631	1205.80505371094
422.313048045182	1207.30505371094
425.156950020479	1212.96997070313
427.999926561623	1208.35498046875
430.841978093471	1205.76501464844
433.683105040613	1203.86999511719
436.523307827384	1199.67004394531
439.362586877851	1197.85498046875
442.200942615829	1198.86499023438
445.038375464876	1196.28503417969
447.874885848283	1190.57995605469
450.710474189089	1192.24499511719
453.54514091007	1193.54504394531
456.37888643375	1190.04504394531
459.211711182386	1187.35998535156
462.043615577986	1185.96496582031
464.874600042297	1181.64001464844
467.704664996804	1179.6650390625
470.533810862741	1176.96997070313
473.36203806108	1179.72998046875
476.189347012547	1175.8349609375
479.015738137594	1172.75
481.841211856432	1171.68505859375
484.665768589008	1172.89501953125
487.489408755009	1181.23498535156
490.312132773878	1192.67504882813
493.133941064796	1195.71496582031
495.954834046683	1192.00500488281
498.77481213821	1186.49499511719
501.593875757797	1184.21997070313
504.412025323601	1183.40002441406
507.229261253524	1181.31494140625
510.045583965226	1179.96496582031
512.860993876093	1177.77502441406
515.675491403271	1170.88000488281
518.489076963649	1166.16003417969
521.301750973863	1167.69995117188
524.113513850293	1164.42504882813
526.924366009065	1158.46997070313
529.734307866052	1150.51000976563
532.543339836881	1146.09497070313
535.35146233692	1144.36499023438
538.158675781281	1141.875
540.964980584833	1137.10498046875
543.770377162182	1137.20495605469
546.574865927692	1136.74499511719
549.378447295465	1133.99499511719
552.181121679365	1129.23498535156
554.982889492993	1125.21997070313
557.783751149701	1122.57495117188
560.583707062591	1120.6650390625
563.38275764452	1116.20495605469
566.180903308083	1112.79504394531
568.978144465633	1112.97497558594
571.774481529266	1111.63500976563
574.569914910839	1112.94995117188
577.364445021949	1113.71496582031
580.158072273946	1110.95495605469
582.950797077926	1103.86499023438
585.742619844752	1100.02502441406
588.533540985018	1096.86499023438
591.323560909078	1094.25
594.112680027034	1097.36999511719
596.90089874875	1097.49499511719
599.688217483828	1098.57495117188
602.474636641629	1098.96496582031
605.260156631263	1094.75
608.044777861596	1094.72998046875
610.828500741241	1096.05505371094
613.611325678567	1099.31994628906
616.393253081697	1103.08996582031
619.174283358506	1103.42004394531
621.954416916616	1103.77502441406
624.733654163414	1104.88000488281
627.511995506029	1103.16003417969
630.289441351351	1096.38500976563
633.065992106022	1091.83996582031
635.841648176434	1090.75
638.616409968744	1094.79504394531
641.390277888847	1097.96496582031
644.163252342408	1105.08996582031
646.93533373484	1105.98498535156
649.706522471307	1106.66003417969
652.47681895674	1106.14001464844
655.246223595811	1103.61499023438
658.014736792957	1100.59497070313
660.782358952371	1101.55004882813
663.549090477999	1102.02502441406
666.314931773542	1104.125
669.079883242452	1102.43505859375
671.843945287955	1102.36999511719
674.607118313019	1102.4150390625
677.369402720366	1102.57165527344
680.130798912488	1102.72839355469
682.891307291627	1102.88500976563
685.650928259784	1103.95495605469
688.409662218708	1103.21997070313
691.167509569927	1101.89001464844
693.924470714705	1105.50500488281
696.680546054078	1107.97497558594
699.435735988832	1104.59497070313
702.190040919516	1106.14501953125
704.943461246442	1106.22497558594
707.695997369667	1107.47497558594
710.447649689022	1110.0400390625
713.198418604088	1113.53503417969
715.948304514206	1114.27502441406
718.697307818481	1111.60498046875
721.445428915779	1110.55505371094
724.192668204716	1114.69494628906
726.93902608368	1116.14001464844
729.684502950805	1115.47998046875
732.429099204005	1116.18005371094
735.172815240936	1114.52001953125
737.915651459026	1113.2900390625
740.657608255463	1116.59997558594
743.398686027186	1123.22497558594
746.13888517091	1127.40502929688
748.878206083102	1128.57995605469
751.616649159998	1128.875
754.354214797584	1134.98498535156
757.09090339162	1140.67004394531
759.826715337622	1145.85498046875
762.561651030868	1142.08996582031
765.295710866406	1134.93994140625
768.028895239041	1127.29504394531
770.761204543336	1122.81494140625
773.492639173626	1123.56494140625
776.223199524006	1114.89001464844
778.952885988334	1110.10998535156
781.681698960235	1105.125
784.40963883309	1102.30505371094
787.136706000052	1102.6650390625
789.862900854037	1104.27001953125
792.588223787721	1104.78002929688
795.312675193549	1104.59497070313
798.036255463728	1104.24499511719
800.758964990228	1106.59497070313
803.480804164792	1110.76501464844
806.201773378919	1113.18505859375
808.921873023884	1121.78503417969
811.641103490712	1126.95495605469
814.359465170214	1130.53002929688
817.076958452946	1140.11499023438
819.793583729246	1147.51501464844
822.509341389214	1155.07995605469
825.224231822712	1163.57995605469
827.938255419375	1171.85998535156
830.651412568596	1182.40502929688
833.363703659544	1189.2900390625
836.075129081157	1195.78002929688
838.785689222127	1192.53503417969
841.495384470928	1193.71997070313
844.204215215788	1193.9599609375
846.912181844721	1201.07495117188
849.619284745491	1208.15002441406
852.325524305638	1219.71997070313
855.030900912475	1224.09997558594
857.735414953079	1223.19494628906
860.439066814289	1217.46496582031
863.141856882725	1210.28503417969
865.843785544769	1204.38000488281
868.544853186571	1201.16003417969
871.245060194063	1199.34497070313
873.944406952925	1202.56494140625
876.642893848625	1208.80505371094
879.340521266398	1208.61999511719
882.037289591241	1206.5
884.733199207927	1206.48999023438
887.428250501001	1212.32995605469
890.122443854778	1212.84997558594
892.815779653335	1214.23498535156
895.508258280534	1214.08996582031
898.199880119997	1215.30004882813
900.890645555129	1219.38500976563
903.580554969094	1219.44494628906
906.269608744832	1214.88500976563
908.957807265056	1209.33996582031
911.645150912257	1208.64001464844
914.331640068689	1204.99499511719
917.017275116375	1204.14001464844
919.702056437128	1210.3349609375
922.385984412518	1217.69995117188
925.069059423886	1224.05004882813
927.751281852366	1231.72998046875
930.432652078842	1239.29504394531
933.113170483983	1244.90002441406
935.79283744823	1248.86499023438
938.471653351806	1248.48999023438
941.149618574686	1250.61999511719
943.826733496641	1257.18005371094
946.502998497206	1264.66003417969
949.178413955689	1256.2900390625
951.85298025118	1260.13500976563
954.526697762544	1256.51501464844
957.199566868403	1250.67504882813
959.87158794718	1252.51501464844
962.542761377054	1252.9599609375
965.213087535987	1249.53002929688
967.882566801719	1250.02001953125
970.551199551761	1252.18994140625
973.218986163399	1245.4599609375
975.885927013698	1239.48498535156
978.552022479501	1241.77001953125
981.217272937423	1244.875
983.88167876386	1247.19995117188
986.545240334978	1251.42004394531
989.207958026729	1256.38500976563
991.869832214835	1270.25500488281
994.530863274798	1297.08996582031
997.191051581895	1333.82495117188
999.850397511185	1378.72998046875
1002.50890143751	1428.88500976563
1005.16656373546	1448.67004394531
1007.82338477944	1442.40002441406
1010.47936494363	1426.47497558594
1013.13450460195	1399.00500488281
1015.78880412815	1354.52001953125
1018.44226389572	1310.09997558594
1021.09488427794	1278.40002441406
1023.74666564789	1269.53503417969
1026.3976083784	1263.30004882813
1029.04771284208	1266.43005371094
1031.69697941135	1273.85498046875
1034.34540845838	1279.14501953125
1036.99300035512	1280.98999023438
1039.63975547333	1276.06494140625
1042.28567418452	1273.61499023438
1044.93075685998	1271.38500976563
1047.57500387081	1270.95495605469
1050.21841558786	1269.74499511719
1052.86099238177	1270.05505371094
1055.50273462297	1269.00500488281
1058.14364268167	1271.78002929688
1060.78371692784	1273.77502441406
1063.42295773126	1276.42504882813
1066.06136546148	1281.75500488281
1068.69894048781	1287.60998535156
1071.33568317939	1290.41003417969
1073.9715939051	1289.32495117188
1076.60667303362	1287.48498535156
1079.24092093341	1279.34997558594
1081.87433797271	1278.78503417969
1084.50692451954	1279.89501953125
1087.13868094172	1276.78503417969
1089.76960760684	1274.20495605469
1092.39970488226	1275.9599609375
1095.02897313516	1276.875
1097.65741273246	1273.27001953125
1100.28502404089	1265.67504882813
1102.91180742697	1260.64001464844
1105.53776325698	1258.95495605469
1108.16289189701	1258.77502441406
1110.78719371291	1260.39001464844
1113.41066907033	1258.68005371094
1116.0333183347	1260.24499511719
1118.65514187124	1263.1650390625
1121.27614004495	1263
1123.89631322061	1269.32995605469
1126.51566176279	1274.52502441406
1129.13418603585	1276.89001464844
1131.75188640394	1268.97998046875
1134.36876323098	1259.06005859375
1136.98481688069	1246.97497558594
1139.60004771655	1228.76000976563
1142.21445610187	1214.18005371094
1144.82804239972	1208.34497070313
1147.44080697295	1210.03002929688
1150.05275018421	1223.05505371094
1152.66387239593	1233.64001464844
1155.27417397034	1238.29504394531
1157.88365526943	1244.51000976563
1160.49231665502	1251.7099609375
1163.10015848867	1250.40002441406
1165.70718113176	1246.6650390625
1168.31338494544	1238.55505371094
1170.91877029067	1228.52001953125
1173.52333752817	1220.38500976563
1176.12708701847	1215.16003417969
1178.73001912187	1216.52001953125
1181.33213419848	1215.99499511719
1183.93343260819	1212.76501464844
1186.53391471068	1209.38500976563
1189.13358086539	1205.97998046875
1191.73243143161	1205.01501464844
1194.33046676836	1209.93505859375
1196.92768723449	1213.39501953125
1199.52409318861	1221.14001464844
1202.11968498915	1233.76000976563
1204.7144629943	1240.88500976563
1207.30842756206	1250.2099609375
1209.90157905021	1258.40502929688
1212.49391781634	1261.68005371094
1215.08544421779	1262.78503417969
1217.67615861174	1257.75500488281
1220.26606135512	1252.54504394531
1222.85515280468	1253.99499511719
1225.44343331694	1256.84497070313
1228.03090324823	1267.5
1230.61756295466	1278.07995605469
1233.20341279213	1284.38500976563
1235.78845311634	1295.93994140625
1238.37268428278	1308.68005371094
1240.95610664673	1321.18994140625
1243.53872056325	1327.9599609375
1246.12052638722	1325.53503417969
1248.70152447329	1326.96496582031
1251.28171517591	1327.88000488281
1253.86109884934	1328.36499023438
1256.43967584759	1330.07495117188
1259.0174465245	1337.70495605469
1261.5944112337	1341.66003417969
1264.1705703286	1343.94494628906
1266.74592416241	1344.67504882813
1269.32047308814	1343.375
1271.89421745858	1335.17504882813
1274.46715762633	1329.39001464844
1277.03929394377	1333.44995117188
1279.61062676308	1335.09997558594
1282.18115643624	1327.39001464844
1284.75088331502	1315.94995117188
1287.31980775098	1315.46496582031
1289.88793009548	1318.15502929688
1292.45525069969	1320.57995605469
1295.02176991454	1315.78503417969
1297.58748809078	1309.93005371094
1300.15240557897	1313.02502441406
1302.71652272942	1315.67004394531
1305.27983989229	1319.93994140625
1307.84235741749	1326.10498046875
1310.40407565475	1342.94995117188
1312.9649949536	1350.27001953125
1315.52511566335	1353.96997070313
1318.08443813311	1351.11499023438
1320.64296271181	1351.89501953125
1323.20068974815	1353.99499511719
1325.75761959063	1349.51000976563
1328.31375258756	1354.15002441406
1330.86908908704	1354.45495605469
1333.42362943696	1352.67504882813
1335.97737398503	1351.59997558594
1338.53032307874	1351.11999511719
1341.08247706537	1355
1343.63383629202	1357.81994628906
1346.18440110558	1355.83996582031
1348.73417185274	1346.23498535156
1351.28314887997	1325.36499023438
1353.83133253357	1306.80004882813
1356.37872315961	1291.51501464844
1358.92532110398	1281.26501464844
1361.47112671237	1273.72998046875
1364.01614033024	1263.19494628906
1366.56036230288	1249.32995605469
1369.10379297537	1240.18005371094
1371.64643269258	1234.88000488281
1374.18828179921	1225.56005859375
1376.72934063972	1217.56994628906
1379.2696095584	1214.34997558594
1381.80908889932	1217.51000976563
1384.34777900637	1215.60998535156
1386.88568022323	1215.05004882813
1389.42279289337	1216.85998535156
1391.95911736009	1223.18505859375
1394.49465396645	1225.43505859375
1397.02940305537	1227.3349609375
1399.5633649695	1229.11499023438
1402.09654005135	1227.80505371094
1404.6289286432	1223.64001464844
1407.16053108714	1228.18505859375
1409.69134772507	1233.2099609375
1412.22137889868	1241.28002929688
1414.75062494947	1243.63000488281
1417.27908621874	1235.79504394531
1419.80676304759	1237.625
1422.33365577692	1242.36999511719
1424.85976474744	1244.98498535156
1427.38509029967	1249.65002441406
1429.90963277392	1258.88000488281
1432.4333925103	1274.875
1434.95636984873	1289.9599609375
1437.47856512894	1313.42504882813
1439.99997869045	1339.43005371094
1442.5206108726	1363.52502441406
1445.04046201452	1386.53503417969
1447.55953245515	1412.36999511719
1450.07782253323	1427.81005859375
1452.59533258731	1421.13000488281
1455.11206295574	1414.45007324219
1457.62801397668	1407.77001953125
1460.14318598809	1391.63500976563
1462.65757932774	1375.51000976563
1465.1711943332	1359.125
1467.68403134184	1335.55505371094
1470.19609069085	1302.02001953125
1472.70737271721	1268.22998046875
1475.21787775772	1239.13000488281
1477.72760614897	1212.11999511719
1480.23655822738	1182.78503417969
1482.74473432914	1159.01501464844
1485.25213479029	1139.66003417969
1487.75875994664	1123.55505371094
1490.26461013382	1113.49499511719
1492.76968568726	1106.5849609375
1495.27398694222	1102.03503417969
1497.77751423374	1097.8349609375
1500.28026789667	1095.44995117188
1502.78224826569	1101.79504394531
1505.28345567526	1106
1507.78389045967	1111.16003417969
1510.28355295299	1112.44494628906
1512.78244348913	1116.84997558594
1515.28056240178	1116.63500976563
1517.77791002445	1117.0849609375
1520.27448669047	1117.42504882813
1522.77029273296	1119.23999023438
1525.26532848486	1113.17504882813
1527.75959427889	1112.27502441406
1530.25309044764	1114.96997070313
1532.74581732344	1112.3349609375
1535.23777523847	1107.07995605469
1537.72896452471	1103.80505371094
1540.21938551394	1105.10998535156
1542.70903853778	1108.44494628906
1545.19792392761	1115.03002929688
1547.68604201466	1119.77001953125
1550.17339312997	1122.17504882813
1552.65997760434	1126.34997558594
1555.14579576845	1128.89001464844
1557.63084795275	1132.33996582031
1560.11513448749	1130.5849609375
1562.59865570276	1131.72497558594
1565.08141192845	1127.42004394531
1567.56340349426	1122.71997070313
1570.04463072969	1118.06005859375
1572.52509396406	1117.88000488281
1575.00479352652	1117.52001953125
1577.48372974599	1122.5
1579.96190295124	1126.42504882813
1582.43931347083	1129.48498535156
1584.91596163314	1133.78503417969
1587.39184776636	1137.6650390625
1589.86697219849	1143.56494140625
1592.34133525734	1147.19494628906
1594.81493727054	1151.125
1597.28777856553	1154.73999023438
1599.75985946955	1159.76501464844
1602.23118030968	1172.97497558594
1604.70174141278	1189.71997070313
1607.17154310555	1200.28002929688
1609.64058571449	1203.47998046875
1612.10886956591	1203.73999023438
1614.57639498595	1199.44995117188
1617.04316230054	1202.80505371094
1619.50917183543	1200.59497070313
1621.97442391621	1196.60998535156
1624.43891886825	1186.61999511719
1626.90265701674	1175.68994140625
1629.36563868671	1174.4599609375
1631.82786420296	1176.32995605469
1634.28933389016	1179.42504882813
1636.75004807274	1190.80004882813
1639.21000707498	1205.40502929688
1641.66921122097	1217.44995117188
1644.12766083459	1228.14501953125
1646.58535623956	1237.125
1649.04229775941	1256.0849609375
1651.4984857175	1269.73999023438
1653.95392043697	1288.6650390625
1656.40860224079	1311.72998046875
1658.86253145177	1322.68505859375
1661.3157083925	1332.09497070313
1663.76813338542	1331.4599609375
1666.21980675275	1333.66003417969
1668.67072881656	1335.57495117188
1671.1208998987	1329.66003417969
1673.57032032089	1313.82495117188
1676.0189904046	1294.69995117188
1678.46691047118	1275.13500976563
1680.91408084174	1260.17004394531
1683.36050183726	1239.07495117188
1685.8061737785	1216.53002929688
1688.25109698605	1192.80004882813
1690.69527178032	1171.80505371094
1693.13869848153	1151.5
1695.58137740972	1137.06494140625
1698.02330888476	1121.82995605469
1700.46449322631	1107.63500976563
1702.90493075388	1088.33996582031
1705.34462178678	1074.18005371094
1707.78356664414	1065.05505371094
1710.22176564492	1055.40502929688
1712.65921910787	1046.5849609375
1715.0959273516	1042.71997070313
1717.53189069449	1038.84997558594
1719.9671094548	1037.42504882813
1722.40158395054	1032.52001953125
1724.8353144996	1030.88000488281
1727.26830141965	1031.63000488281
1729.70054502819	1031.41003417969
1732.13204564255	1028.21997070313
1734.56280357987	1025.69494628906
1736.99281915711	1024.11999511719
1739.42209269106	1024.83996582031
1741.85062449831	1026.28503417969
1744.27841489529	1026.40502929688
1746.70546419823	1024.06494140625
1749.13177272321	1023.52502441406
1751.5573407861	1022.32501220703
1753.98216870262	1019.54498291016
1756.40625678828	1022.64001464844
1758.82960535844	1022.78497314453
1761.25221472825	1021.61749267578
1763.67408521271	1020.45001220703
1766.09521712663	1019.59997558594
1768.51561078464	1020.27502441406
1770.93526650119	1018.21502685547
1773.35418459056	1020.21997070313
1775.77236536684	1023.04498291016
1778.18980914396	1022.70001220703
1780.60651623565	1022.40997314453
1783.02248695548	1020.82501220703
1785.43772161684	1019.13500976563
1787.85222053292	1020.31500244141
1790.26598401677	1018.17999267578
1792.67901238123	1017.36999511719
1795.09130593899	1018.96997070313
1797.50286500254	1020.03997802734
1799.9136898842	1017.13000488281
1802.32378089613	1015.54998779297
1804.73313835028	1017.95001220703
1807.14176255846	1016.91497802734
1809.54965383228	1016.60498046875
1811.95681248317	1016.84997558594
1814.36323882242	1014.60998535156
1816.76893316109	1016.21997070313
1819.17389581011	1016.80999755859
1821.57812708021	1017.02001953125
1823.98162728196	1010.95001220703
1826.38439672573	1011.82000732422
1828.78643572174	1013.48498535156
1831.18774458003	1014.54498291016
1833.58832361045	1017.29498291016
1835.98817312269	1015.96002197266
1838.38729342625	1013.28997802734
1840.78568483048	1011.00500488281
1843.18334764454	1011.07501220703
1845.58028217741	1010.91497802734
1847.9764887379	1013.35998535156
1850.37196763465	1013.49499511719
1852.76671917613	1012.51501464844
1855.16074367062	1012.82000732422
1857.55404142624	1012.50750732422
1859.94661275094	1012.19500732422
1862.33845795247	1012.52001953125
1864.72957733844	1012.10998535156
1867.11997121627	1011.85498046875
1869.5096398932	1008.90002441406
1871.89858367631	1012.35498046875
1874.28680287251	1012.98999023438
1876.67429778851	1012.18499755859
1879.06106873089	1011.41998291016
1881.44711600601	1012.30999755859
1883.8324399201	1013.53002929688
1886.21704077919	1013.78002929688
1888.60091888915	1013.625
1890.98407455567	1012.79498291016
1893.36650808428	1011.61999511719
1895.74821978033	1009.41497802734
1898.12920994899	1011.03002929688
1900.50947889527	1012.91497802734
1902.88902692401	1013.23999023438
1905.26785433986	1011.09497070313
1907.64596144734	1012.48498535156
1910.02334855075	1013.85998535156
1912.40001595424	1013.36499023438
1914.7759639618	1014.16497802734
1917.15119287724	1013.97998046875
1919.52570300419	1015.65997314453
1921.89949464611	1014.34497070313
1924.27256810632	1012.82000732422
1926.64492368793	1011.19000244141
1929.0165616939	1011.72998046875
1931.38748242701	1014.23999023438
1933.75768618989	1013.59002685547
1936.12717328497	1015.78997802734
1938.49594401455	1014.29498291016
1940.86399868071	1014.60498046875
1943.23133758541	1014.52502441406
1945.5979610304	1014.53997802734
1947.96386931729	1012.88000488281
1950.32906274751	1014.35498046875
1952.69354162232	1016.16497802734
1955.0573062428	1019.25
1957.42035690989	1021.08001708984
1959.78269392434	1020.74499511719
1962.14431758673	1021.10498046875
1964.50522819748	1018.45001220703
1966.86542605684	1014.68499755859
1969.22491146488	1010.67498779297
1971.58368472153	1011.65502929688
1973.94174612654	1015.92498779297
1976.29909597945	1016.85498046875
1978.65573457971	1015.90002441406
1981.01166222654	1018.22998046875
1983.36687921902	1016.93499755859
1985.72138585606	1014.26000976563
1988.07518243639	1012.55999755859
1990.42826925859	1014.55999755859
1992.78064662106	1016.13500976563
1995.13231482205	1016.28997802734
1997.48327415961	1017.02502441406
1999.83352493167	1017.64501953125
2002.18306743594	1016.57000732422
2004.53190197002	1015.49499511719
2006.8800288313	1016.16497802734
2009.22744831703	1015.35498046875
2011.57416072427	1014.46502685547
2013.92016634993	1014.68499755859
2016.26546549076	1013.63500976563
2018.61005844332	1014.76501464844
2020.95394550404	1016.04498291016
2023.29712696915	1018.95001220703
2025.63960313474	1018.20751953125
2027.98137429672	1017.46502685547
2030.32244075083	1015.95001220703
2032.66280279266	1014.53002929688
2035.00246071763	1012.63500976563
2037.34141482099	1013.09497070313
2039.67966539784	1016.78497314453
2042.01721274309	1018.42999267578
2044.35405715151	1018.92999267578
2046.69019891769	1019.08502197266
2049.02563833606	1016.86999511719
2051.3603757009	1017.72497558594
2053.6944113063	1019.78497314453
2056.0277454462	1020.36499023438
2058.36037841439	1020.96997070313
2060.69231050446	1019.71502685547
2063.02354200988	1017.02001953125
2065.35407322392	1016.23999023438
2067.68390443971	1019.10498046875
2070.01303595021	1021.51501464844
2072.3414680482	1023.04998779297
2074.66920102633	1022.41998291016
2076.99623517706	1018.77001953125
2079.32257079271	1018.72497558594
2081.6482081654	1021.91998291016
2083.97314758713	1025.81994628906
2086.29738934971	1024.44494628906
2088.62093374481	1023.96997070313
2090.94378106391	1020.98498535156
2093.26593159835	1023.93499755859
2095.5873856393	1022.78002929688
2097.90814347777	1025.00500488281
2100.2282054046	1028.82495117188
2102.54757171048	1028.09497070313
2104.86624268594	1026.56994628906
2107.18421862133	1024.59997558594
2109.50149980686	1023.65002441406
2111.81808653257	1024.83996582031
2114.13397908834	1024.7900390625
2116.44917776388	1025.96997070313
2118.76368284875	1029.44494628906
2121.07749463235	1031.13500976563
2123.39061340391	1034.60498046875
2125.70303945252	1030.23999023438
2128.01477306707	1026.7900390625
2130.32581453634	1024.70495605469
2132.63616414891	1026.49499511719
2134.94582219322	1030.56994628906
2137.25478895754	1032.64001464844
2139.56306472999	1031.125
2141.87064979851	1030.02502441406
2144.17754445092	1030.52502441406
2146.48374897484	1031.23999023438
2148.78926365774	1033.9599609375
2151.09408878695	1031.92504882813
2153.39822464963	1031.54504394531
2155.70167153277	1033.97998046875
2158.00442972321	1036.36499023438
2160.30649950763	1035.7900390625
2162.60788117256	1033.22497558594
2164.90857500436	1031.2900390625
2167.20858128923	1033.88500976563
2169.50790031323	1030.85998535156
2171.80653236223	1030.10998535156
2174.10447772198	1031.7099609375
2176.40173667804	1031.93005371094
2178.69830951582	1033.22998046875
2180.99419652058	1031.83996582031
2183.28939797743	1030.56494140625
2185.5839141713	1030.49499511719
2187.87774538698	1031.14501953125
2190.17089190908	1031.875
2192.46335402209	1031.98168945313
2194.75513201032	1032.08825683594
2197.04622615791	1032.19494628906
2199.33663674886	1031.36999511719
2201.62636406702	1033.00500488281
2203.91540839606	1034.11499023438
2206.20377001952	1035.61499023438
2208.49144922077	1033.52502441406
2210.77844628302	1032.07495117188
2213.06476148933	1034.56005859375
2215.3503951226	1031.9599609375
2217.63534746557	1029.35498046875
2219.91961880085	1030.23999023438
2222.20320941085	1031.15502929688
2224.48611957785	1031.42004394531
2226.76834958399	1034.875
2229.04989971122	1035.45495605469
2231.33077024136	1035.47998046875
2233.61096145607	1036.11499023438
2235.89047363683	1033.68994140625
2238.169307065	1032.60998535156
2240.44746202178	1031.56494140625
2242.72493878819	1031.28002929688
2245.00173764511	1032.04504394531
2247.27785887327	1035.2900390625
2249.55330275324	1033.83996582031
2251.82806956545	1037.64001464844
2254.10215959014	1037.0400390625
2256.37557310744	1037.68994140625
2258.64831039729	1038.55505371094
2260.92037173949	1036.73498535156
2263.19175741368	1035.89501953125
2265.46246769938	1038.10498046875
2267.7325028759	1039.18505859375
2270.00186322243	1040.45495605469
2272.270549018	1039.92504882813
2274.5385605415	1039.23498535156
2276.80589807165	1040.64501953125
2279.07256188702	1041.3349609375
2281.33855226601	1040.08996582031
2283.60386948691	1041.66003417969
2285.86851382782	1041.71496582031
2288.1324855667	1041.58996582031
2290.39578498136	1043.78002929688
2292.65841234945	1045.59497070313
2294.92036794847	1048.10498046875
2297.18165205578	1048.19995117188
2299.44226494856	1045.50500488281
2301.70220690387	1045.98498535156
2303.96147819859	1047.25500488281
2306.22007910947	1046.7099609375
2308.47800991309	1046.41003417969
2310.73527088589	1046.61999511719
2312.99186230416	1047.68994140625
2315.24778444403	1048.21496582031
2317.50303758149	1048.68505859375
2319.75762199235	1047.61999511719
2322.01153795231	1045.32495117188
2324.26478573689	1045.74499511719
2326.51736562147	1047.60998535156
2328.76927788127	1048.76000976563
2331.02052279137	1046.88500976563
2333.2711006267	1041.07995605469
2335.52101166203	1043.92004394531
2337.77025617198	1046.67504882813
2340.01883443103	1045.20495605469
2342.2667467135	1045.71496582031
2344.51399329356	1048.90002441406
2346.76057444525	1050.48498535156
2349.00649044241	1049.84497070313
2351.2517415588	1047.69494628906
2353.49632806796	1046.92004394531
2355.74025024334	1047.93005371094
2357.98350835819	1046.56005859375
2360.22610268566	1046.00500488281
2362.4680334987	1045.67004394531
2364.70930107016	1045.89501953125
2366.94990567269	1044.72998046875
2369.18984757884	1046.2099609375
2371.42912706098	1048.06005859375
2373.66774439134	1049.13500976563
2375.90569984199	1047.71496582031
2378.14299368488	1047.2900390625
2380.37962619179	1047.40502929688
2382.61559763435	1047.90502929688
2384.85090828405	1048.85498046875
2387.08555841222	1048.98498535156
2389.31954829006	1049.18505859375
2391.55287818861	1049.38500976563
2393.78554837877	1048.4599609375
2396.01755913128	1052.625
2398.24891071673	1050.22497558594
2400.47960340558	1049.72497558594
2402.70963746814	1050.61499023438
2404.93901317456	1051.13000488281
2407.16773079485	1052.21997070313
2409.39579059887	1053.375
2411.62319285633	1050.82995605469
2413.84993783681	1049.60998535156
2416.07602580971	1051.06005859375
2418.30145704432	1052.40502929688
2420.52623180977	1052.65502929688
2422.75035037503	1053.44995117188
2424.97381300893	1054.13745117188
2427.19661998017	1054.82495117188
2429.41877155729	1052.46997070313
2431.64026800867	1053.94494628906
2433.86110960257	1054.13500976563
2436.08129660709	1055.71496582031
2438.30082929019	1055.73498535156
2440.51970791967	1057.34997558594
2442.73793276321	1056.73828125
2444.95550408832	1056.12670898438
2447.17242216237	1055.51501464844
2449.38868725259	1055.53002929688
2451.60429962607	1055.4150390625
2453.81925954975	1053.77001953125
2456.03356729041	1052.14501953125
2458.2472231147	1050.71997070313
2460.46022728913	1054.76501464844
2462.67258008005	1061.4599609375
2464.88428175368	1059.90002441406
2467.09533257608	1059.9150390625
2469.30573281318	1060.27502441406
2471.51548273076	1058.30004882813
2473.72458259445	1058.90002441406
2475.93303266974	1058.31494140625
2478.14083322198	1061.90502929688
2480.34798451637	1060.18005371094
2482.55448681797	1059.88000488281
2484.76034039169	1062.35998535156
2486.96554550231	1064.39001464844
2489.17010241445	1066.42004394531
2491.37401139259	1062.96496582031
2493.57727270109	1061.65002441406
2495.77988660412	1067.30004882813
2497.98185336574	1066.76501464844
2500.18317324987	1064.24499511719
2502.38384652028	1064.13000488281
2504.58387344058	1065.88000488281
2506.78325427425	1069.32495117188
2508.98198928465	1068.63500976563
2511.18007873495	1068.18994140625
2513.37752288821	1068.67504882813
2515.57432200735	1067.88000488281
2517.77047635514	1066.36999511719
2519.96598619419	1066.81494140625
2522.16085178699	1065.78002929688
2524.35507339589	1068.95495605469
2526.54865128308	1071.36499023438
2528.74158571062	1071.38000488281
2530.93387694042	1073.68005371094
2533.12552523427	1073.90002441406
2535.31653085379	1074.11999511719
2537.50689406046	1072.48498535156
2539.69661511566	1071.33996582031
2541.88569428057	1069.68505859375
2544.07413181627	1069.77502441406
2546.26192798368	1073.59997558594
2548.44908304359	1076.75500488281
2550.63559725664	1077.875
2552.82147088333	1073.5849609375
2555.00670418402	1069.36999511719
2557.19129741894	1071.75
2559.37525084817	1075.25500488281
2561.55856473164	1078.24499511719
2563.74123932917	1078.5400390625
2565.92327490039	1078.97497558594
2568.10467170484	1077.375
2570.28543000189	1077.5849609375
2572.46555005079	1077.57995605469
2574.64503211063	1076.53002929688
2576.82387644036	1076.69494628906
2579.00208329882	1080.15002441406
2581.17965294468	1083.64501953125
2583.35658563648	1082.72998046875
2585.53288163263	1080.36999511719
2587.70854119137	1083.30505371094
2589.88356457084	1083.07495117188
2592.05795202902	1081.67004394531
2594.23170382376	1081.95495605469
2596.40482021275	1083.56005859375
2598.57730145356	1086.625
2600.74914780363	1085.80004882813
2602.92035952023	1085.40002441406
2605.09093686053	1087.27502441406
2607.26088008153	1089.32495117188
2609.4301894401	1089.21496582031
2611.59886519299	1091.3349609375
2613.76690759678	1089.25
2615.93431690793	1088.84997558594
2618.10109338277	1090.14001464844
2620.26723727748	1092.68994140625
2622.4327488481	1094.35998535156
2624.59762835054	1095.07495117188
2626.76187604057	1097.84997558594
2628.92549217382	1101.81494140625
2631.08847700579	1104.03503417969
2633.25083079182	1107.58996582031
2635.41255378715	1107.55004882813
2637.57364624684	1108.11999511719
2639.73410842586	1108.02001953125
2641.893940579	1108.11499023438
2644.05314296094	1105.93005371094
2646.21171582621	1105.06494140625
2648.36965942921	1105.28002929688
2650.5269740242	1110.19494628906
2652.6836598653	1115.31494140625
2654.83971720651	1116.01501464844
2656.99514630167	1117.31994628906
2659.1499474045	1113.94494628906
2661.30412076857	1113.01000976563
2663.45766664734	1113.57495117188
2665.61058529411	1118.01000976563
2667.76287696204	1119.90502929688
2669.91454190418	1121.80004882813
2672.06558037342	1125.76000976563
2674.21599262253	1127.74499511719
2676.36577890413	1124.85998535156
2678.51493947072	1125.06005859375
2680.66347457466	1124.18005371094
2682.81138446816	1123.86999511719
2684.95866940332	1125.05004882813
2687.10532963209	1128.39001464844
2689.25136540628	1127.00500488281
2691.39677697757	1126.25500488281
2693.54156459752	1126.36999511719
2695.68572851753	1126.45495605469
2697.82926898888	1126.79504394531
2699.97218626272	1131.52502441406
2702.11448059006	1132.78503417969
2704.25615222175	1138.52502441406
2706.39720140856	1143.96997070313
2708.53762840109	1144.94995117188
2710.67743344979	1138.55004882813
2712.81661680503	1139.82495117188
2714.95517871698	1146.60998535156
2717.09311943574	1149.56005859375
2719.23043921123	1153.0849609375
2721.36713829325	1155.49499511719
2723.50321693148	1160.72497558594
2725.63867537545	1164.15002441406
2727.77351387456	1163.02001953125
2729.90773267809	1164.27001953125
2732.04133203516	1169.74499511719
2734.17431219478	1171.34997558594
2736.30667340581	1169.84497070313
2738.438415917	1169.20495605469
2740.56953997695	1166.44494628906
2742.70004583414	1165.15002441406
2744.82993373688	1164.03503417969
2746.9592039334	1160.27001953125
2749.08785667177	1160.31494140625
2751.21589219993	1160.66003417969
2753.34331076568	1162.07495117188
2755.4701126167	1161.77502441406
2757.59629800054	1161.60498046875
2759.7218671646	1161.69995117188
2761.84682035617	1160.61999511719
2763.9711578224	1155.4150390625
2766.0948798103	1159.68005371094
2768.21798656676	1164.93505859375
2770.34047833852	1168.69995117188
2772.46235537222	1169.0400390625
2774.58361791434	1165.90502929688
2776.70426621124	1161.76000976563
2778.82430050915	1162.169921875
2780.94372105416	1162.57995605469
2783.06252809224	1161.28503417969
2785.18072186922	1161.51501464844
2787.29830263081	1167.43994140625
2789.41527062257	1169.98498535156
2791.53162608996	1168.53002929688
2793.64736927828	1168.2900390625
2795.76250043271	1172.23999023438
2797.8770197983	1167.90002441406
2799.99092761997	1170.5
2802.10422414252	1173.94494628906
2804.21690961059	1177.81494140625
2806.32898426873	1182.47497558594
2808.44044836132	1181.53002929688
2810.55130213264	1188.04504394531
2812.66154582682	1189.76501464844
2814.77117968788	1192.72497558594
2816.8802039597	1198.11999511719
2818.98861888601	1203.74499511719
2821.09642471046	1211.1650390625
2823.20362167653	1217.19494628906
2825.31021002756	1219.06005859375
2827.41619000682	1225.98498535156
2829.52156185738	1233.6650390625
2831.62632582224	1244.58996582031
2833.73048214422	1250.94494628906
2835.83403106606	1259.14001464844
2837.93697283033	1274.34997558594
2840.03930767951	1286.77001953125
2842.1410358559	1301.46496582031
2844.24215760173	1319.13500976563
2846.34267315905	1342.15002441406
2848.44258276982	1372.31994628906
2850.54188667585	1395.93505859375
2852.64058511883	1418.19494628906
2854.73867834032	1446.07495117188
2856.83616658175	1473.76000976563
2858.93305008443	1503.02502441406
2861.02932908952	1534.31494140625
2863.12500383809	1573.17504882813
2865.22007457104	1623.42504882813
2867.31454152918	1669.74499511719
2869.40840495316	1707.9599609375
2871.50166508353	1747.71997070313
2873.59432216069	1782.40502929688
2875.68637642493	1812.64501953125
2877.77782811641	1838.86999511719
2879.86867747515	1839.07995605469
2881.95892474105	1839.14001464844
2884.0485701539	1845.11499023438
2886.13761395333	1848.24499511719
2888.22605637886	1862.88000488281
2890.3138976699	1867.83996582031
2892.40113806571	1885.52502441406
2894.48777780544	1912.4150390625
2896.57381712808	1932.65502929688
2898.65925627254	1940.19995117188
2900.74409547758	1969.57495117188
2902.82833498183	1979.52502441406
2904.9119750238	1980.41003417969
2906.99501584188	2005.8349609375
2909.07745767432	2052.77001953125
2911.15930075925	2087.40991210938
2913.24054533469	2109.5
2915.3211916385	2145.98999023438
2917.40123990846	2195.30004882813
2919.48069038217	2252.90502929688
2921.55954329716	2320.4951171875
2923.63779889079	2371.05493164063
2925.71545740033	2398.13989257813
2927.79251906289	2390.43994140625
2929.86898411548	2375.32495117188
2931.94485279498	2409.85498046875
2934.02012533815	2445.97998046875
2936.0948019816	2456.375
2938.16888296184	2449.52490234375
2940.24236851525	2414.57006835938
2942.31525887809	2382.48999023438
2944.38755428648	2344.7451171875
2946.45925497643	2298.64990234375
2948.53036118382	2250.4150390625
2950.6008731444	2215.7548828125
2952.67079109381	2176.36499023438
2954.74011526755	2138.7451171875
2956.80884590101	2081.07495117188
2958.87698322944	2051.42993164063
2960.94452748799	2032.98498535156
2963.01147891167	2017.72497558594
2965.07783773535	2003.85498046875
2967.14360419382	1979.77001953125
2969.2087785217	1958.39501953125
2971.27336095352	1945.93005371094
2973.33735172366	1919.47497558594
2975.40075106641	1901.0400390625
2977.46355921591	1877.43994140625
2979.52577640618	1850.32995605469
2981.58740287112	1836.7099609375
2983.64843884452	1826.61499023438
2985.70888456003	1795.77502441406
2987.76874025117	1761.25500488281
2989.82800615137	1727.71496582031
2991.88668249391	1699.93994140625
2993.94476951194	1671.93994140625
2996.00226743852	1649.77502441406
2998.05917650657	1626.40002441406
3000.11549694887	1602.15002441406
3002.17122899812	1575.31994628906
3004.22637288685	1545.41003417969
3006.2809288475	1523.85498046875
3008.33489711238	1515.22497558594
3010.38827791368	1494.94995117188
3012.44107148345	1472.63500976563
3014.49327805366	1455.77502441406
3016.5448978561	1443.42504882813
3018.59593112249	1438.80505371094
3020.64637808441	1433.98999023438
3022.6962389733	1426.05004882813
3024.74551402051	1419.45495605469
3026.79420345725	1400.32995605469
3028.84230751461	1391.55505371094
3030.88982642357	1388.98498535156
3032.93676041497	1388.69995117188
3034.98310971955	1388.68005371094
3037.02887456791	1401.35498046875
3039.07405519054	1410.97998046875
3041.11865181781	1411.60498046875
3043.16266467996	1416.625
3045.20609400713	1419.83996582031
3047.24894002932	1427.19494628906
3049.2912029764	1431.07495117188
3051.33288307815	1430.06005859375
3053.37398056421	1432.40502929688
3055.41449566411	1434.65002441406
3057.45442860725	1450.04504394531
3059.49377962291	1467.57495117188
3061.53254894026	1480.51501464844
3063.57073678834	1486.15502929688
3065.60834339607	1489.13000488281
3067.64536899227	1484.9150390625
3069.68181380561	1470.625
3071.71767806467	1458.40502929688
3073.75296199788	1445.26000976563
3075.78766583357	1433.92004394531
3077.82178979997	1426.10498046875
3079.85533412513	1408.79504394531
3081.88829903705	1392.39001464844
3083.92068476356	1384.71496582031
3085.95249153241	1382.84497070313
3087.98371957119	1373.47497558594
3090.01436910741	1367.58996582031
3092.04444036844	1365.93005371094
3094.07393358152	1363.6650390625
3096.10284897381	1367.30505371094
3098.13118677232	1365.93505859375
3100.15894720395	1363.32495117188
3102.18613049548	1363.07995605469
3104.21273687357	1366.40002441406
3106.23876656477	1359.11999511719
3108.2642197955	1352.81005859375
3110.28909679208	1355.86999511719
3112.31339778069	1350.97497558594
3114.33712298741	1354.60498046875
3116.36027263819	1361.01501464844
3118.38284695887	1367.02502441406
3120.40484617516	1367.3349609375
3122.42627051268	1363.89501953125
3124.4471201969	1358.00500488281
3126.46739545319	1361.88000488281
3128.4870965068	1364.34497070313
3130.50622358287	1361.57495117188
3132.5247769064	1357.55505371094
3134.54275670229	1359.02502441406
3136.56016319534	1359.18005371094
3138.57699661019	1358.05004882813
3140.59325717139	1361.0400390625
3142.60894510338	1362.82495117188
3144.62406063047	1363.68005371094
3146.63860397686	1367.03002929688
3148.65257536662	1366.7099609375
3150.66597502371	1372.86499023438
3152.67880317199	1374.84497070313
3154.69106003518	1374.67004394531
3156.70274583691	1378.05004882813
3158.71386080065	1380.00500488281
3160.72440514981	1378.8349609375
3162.73437910763	1383.44995117188
3164.74378289728	1389.42004394531
3166.75261674179	1391.51000976563
3168.76088086407	1384.65502929688
3170.76857548692	1384.4599609375
3172.77570083303	1387.35998535156
3174.78225712498	1390.09997558594
3176.78824458521	1393.35498046875
3178.79366343607	1395.56494140625
3180.79851389977	1395.75500488281
3182.80279619844	1397.31005859375
3184.80651055405	1398.31005859375
3186.80965718849	1402
3188.81223632353	1405.24499511719
3190.81424818081	1408.65002441406
3192.81569298186	1408.18005371094
3194.8165709481	1401.56005859375
3196.81688230084	1400.40002441406
3198.81662726126	1410.97497558594
3200.81580605044	1416.4599609375
3202.81441888933	1422.0849609375
3204.81246599879	1420.59997558594
3206.80994759954	1419.31994628906
3208.80686391219	1416.55505371094
3210.80321515726	1415.56494140625
3212.79900155512	1425.07495117188
3214.79422332605	1435.52502441406
3216.78888069021	1429.89001464844
3218.78297386765	1428.03002929688
3220.77650307828	1431.86499023438
3222.76946854195	1439.35998535156
3224.76187047834	1441.85498046875
3226.75370910705	1444.42504882813
3228.74498464755	1451.98999023438
3230.73569731921	1453.41003417969
3232.72584734127	1451.36499023438
3234.71543493287	1450.5400390625
3236.70446031304	1442.92504882813
3238.69292370068	1447.85498046875
3240.68082531459	1458.52001953125
3242.66816537345	1458.78503417969
3244.65494409583	1455.63000488281
3246.6411617002	1461.05505371094
3248.62681840488	1464.67504882813
3250.61191442812	1468.18005371094
3252.59644998804	1461.5849609375
3254.58042530263	1457.80505371094
3256.56384058979	1459.89501953125
3258.54669606731	1466.9599609375
3260.52899195285	1469.84497070313
3262.51072846396	1468.25
3264.4919058181	1462.57495117188
3266.47252423259	1472.14501953125
3268.45258392464	1479.73999023438
3270.43208511138	1480.94995117188
3272.41102800978	1481.19494628906
3274.38941283675	1486.09497070313
3276.36723980904	1495.07495117188
3278.34450914332	1495.97998046875
3280.32122105613	1496.29504394531
3282.29737576392	1507.18005371094
3284.272973483	1507.55004882813
3286.24801442958	1502.28503417969
3288.22249881978	1504.09997558594
3290.19642686957	1506.57995605469
3292.16979879485	1500.84997558594
3294.14261481136	1492.34497070313
3296.11487513478	1490.40002441406
3298.08657998065	1487.61999511719
3300.0577295644	1488.43994140625
3302.02832410136	1493.20495605469
3303.99836380673	1495.92504882813
3305.96784889563	1499.31005859375
3307.93677958303	1500.11999511719
3309.90515608383	1496.85998535156
3311.87297861278	1484.56494140625
3313.84024738456	1486.06994628906
3315.80696261371	1489.6650390625
3317.77312451466	1487.2900390625
3319.73873330175	1478.10998535156
3321.70378918919	1475.96496582031
3323.66829239109	1474.6650390625
3325.63224312145	1469.89501953125
3327.59564159416	1463.98498535156
3329.55848802299	1458.94494628906
3331.52078262162	1457.97497558594
3333.4825256036	1467.22998046875
3335.44371718237	1458.93505859375
3337.40435757128	1450.45495605469
3339.36444698356	1445.01501464844
3341.32398563232	1442.09497070313
3343.28297373058	1455.55505371094
3345.24141149124	1455.7900390625
3347.19929912709	1456.02502441406
3349.15663685081	1448.93994140625
3351.11342487497	1446.56994628906
3353.06966341204	1453.55004882813
3355.02535267437	1449.00500488281
3356.98049287421	1439.68005371094
3358.9350842237	1440.92504882813
3360.88912693486	1436.19995117188
3362.84262121962	1435.58996582031
3364.79556728978	1439.31494140625
3366.74796535705	1441
3368.69981563302	1440.88500976563
3370.65111832917	1440.2099609375
3372.60187365689	1440.3349609375
3374.55208182744	1443.09997558594
3376.50174305198	1437.85498046875
3378.45085754157	1424.0400390625
3380.39942550714	1419.34497070313
3382.34744715954	1411.84997558594
3384.29492270949	1412.86999511719
3386.24185236761	1418.9150390625
3388.18823634442	1416.84008789063
3390.13407485031	1414.76501464844
3392.07936809559	1413.93505859375
3394.02411629045	1414.16003417969
3395.96831964496	1411.77502441406
3397.91197836911	1409.48498535156
3399.85509267275	1412.72497558594
3401.79766276564	1411.875
3403.73968885745	1406.75
3405.68117115771	1398.07495117188
3407.62210987586	1395.20495605469
3409.56250522123	1389.59997558594
3411.50235740305	1384.55505371094
3413.44166663043	1385.70495605469
3415.38043311238	1389.76000976563
3417.3186570578	1392.10498046875
3419.2563386755	1389.64001464844
3421.19347817415	1386.88000488281
3423.13007576235	1388.17504882813
3425.06613164857	1386.98498535156
3427.00164604118	1386.81994628906
3428.93661914844	1387.63000488281
3430.87105117852	1381.66003417969
3432.80494233945	1376.40502929688
3434.73829283919	1373.4599609375
3436.67110288558	1370.58996582031
3438.60337268634	1373.83996582031
3440.53510244911	1374.84497070313
3442.4662923814	1376.18505859375
3444.39694269064	1372.48498535156
3446.32705358412	1369.36999511719
3448.25662526905	1364.57995605469
3450.18565795254	1363.83996582031
3452.11415184156	1361.09997558594
3454.04210714302	1357.34997558594
3455.96952406369	1357.52502441406
3457.89640281024	1361.51000976563
3459.82274358924	1356.27001953125
3461.74854660717	1349.78503417969
3463.67381207038	1343.49499511719
3465.59854018513	1340.92504882813
3467.52273115756	1334.43994140625
3469.44638519373	1330.21496582031
3471.36950249956	1327.60998535156
3473.29208328091	1323.98498535156
3475.21412774349	1327.42504882813
3477.13563609293	1330.45495605469
3479.05660853476	1324.5849609375
3480.97704527438	1320.42004394531
3482.89694651712	1318.55505371094
3484.81631246818	1315.59997558594
3486.73514333266	1310.78002929688
3488.65343931557	1312.0400390625
3490.57120062179	1308.46496582031
3492.48842745612	1297.125
3494.40512002324	1287.4599609375
3496.32127852773	1288.17504882813
3498.23690317408	1294.72497558594
3500.15199416666	1294.96496582031
3502.06655170974	1290.88000488281
3503.98057600749	1285.86499023438
3505.89406726396	1283.42504882813
3507.80702568312	1284.33996582031
3509.71945146883	1278.7900390625
3511.63134482483	1280.06494140625
3513.54270595478	1279.53503417969
3515.45353506222	1275.36999511719
3517.3638323506	1264.39501953125
3519.27359802324	1259.09497070313
3521.1828322834	1260.875
3523.09153533419	1260.69494628906
3524.99970737866	1255.72998046875
3526.90734861972	1258.36499023438
3528.81445926021	1263.31494140625
3530.72103950283	1260.63500976563
3532.62708955022	1255.4599609375
3534.53260960488	1253.42004394531
3536.43759986923	1247.44995117188
3538.34206054558	1240.93505859375
3540.24599183613	1229.39501953125
3542.149393943	1222.79504394531
3544.05226706817	1224.32495117188
3545.95461141357	1228.56005859375
3547.85642718097	1226.80004882813
3549.75771457208	1219.625
3551.6584737885	1216.47497558594
3553.55870503171	1218.09497070313
3555.4584085031	1216.82495117188
3557.35758440396	1220.65502929688
3559.25623293548	1221.54504394531
3561.15435429874	1219.16003417969
3563.05194869473	1211.88500976563
3564.94901632432	1206.28503417969
3566.84555738829	1203.89501953125
3568.74157208732	1207.69494628906
3570.63706062199	1206.75500488281
3572.53202319277	1201.28002929688
3574.42646000003	1202.40502929688
3576.32037124406	1198.69995117188
3578.213757125	1200.85498046875
3580.10661784295	1201.44494628906
3581.99895359786	1205.06005859375
3583.8907645896	1205.79504394531
3585.78205101794	1201.51000976563
3587.67281308254	1197.22497558594
3589.56305098297	1195.39501953125
3591.4527649187	1194.34997558594
3593.34195508907	1187.69995117188
3595.23062169338	1186.85498046875
3597.11876493075	1186.67504882813
3599.00638500027	1183.73498535156
3600.89348210089	1182.18994140625
3602.78005643148	1187.73999023438
3604.66610819078	1189.64501953125
3606.55163757747	1189.57495117188
3608.4366447901	1187.65002441406
3610.32113002713	1181.43005371094
3612.20509348693	1180.47998046875
3614.08853536774	1178.29504394531
3615.97145586773	1172.81494140625
3617.85385518497	1172.43994140625
3619.7357335174	1169.38000488281
3621.61709106289	1161.59497070313
3623.4979280192	1160.78002929688
3625.37824458399	1159.13500976563
3627.25804095482	1155.19494628906
3629.13731732915	1154.1650390625
3631.01607390435	1154.18005371094
3632.89431087767	1154.47497558594
3634.77202844629	1154.71496582031
3636.64922680726	1155.21496582031
3638.52590615754	1152.15502929688
3640.40206669402	1153.04504394531
3642.27770861344	1153.5849609375
3644.15283211248	1152.08996582031
3646.02743738771	1154.03002929688
3647.90152463559	1151.00500488281
3649.77509405251	1151.45495605469
3651.64814583473	1146.625
3653.52068017842	1144.59997558594
3655.39269727965	1143.92004394531
3657.26419733442	1139.52001953125
3659.13518053858	1131.67004394531
3661.00564708793	1133.97998046875
3662.87559717814	1138.34997558594
3664.7450310048	1135.3349609375
3666.61394876338	1133.48999023438
3668.48235064928	1130.97497558594
3670.35023685779	1130.94995117188
3672.21760758409	1125.77001953125
3674.08446302327	1122.72497558594
3675.95080337033	1122.51501464844
3677.81662882017	1125.44995117188
3679.68193956758	1126.09497070313
3681.54673580727	1126.73999023438
3683.41101773383	1123.625
3685.27478554178	1121.54504394531
3687.13803942551	1121.35498046875
3689.00077957934	1119.93994140625
3690.86300619748	1117.54504394531
3692.72471947405	1111.01501464844
3694.58591960306	1109.92504882813
3696.44660677844	1109.48999023438
3698.306781194	1109.80004882813
3700.16644304348	1108.125
3702.02559252049	1108.54504394531
3703.88422981859	1108.06994628906
3705.74235513119	1108.17504882813
3707.59996865164	1107.75500488281
3709.45707057318	1106.57995605469
3711.31366108895	1106.96496582031
3713.16974039199	1104.0400390625
3715.02530867527	1099.90002441406
3716.88036613164	1097.15502929688
3718.73491295385	1094.18505859375
3720.58894933456	1089.27502441406
3722.44247546634	1086.5
3724.29549154166	1086.7099609375
3726.14799775289	1094.1650390625
3727.9999942923	1091.8583984375
3729.85148135209	1089.55163574219
3731.70245912432	1087.24499511719
3733.55292780098	1086.43994140625
3735.40288757397	1085.72497558594
3737.25233863509	1084.41003417969
3739.10128117603	1083.61499023438
3740.9497153884	1082.22497558594
3742.7976414637	1082.55505371094
3744.64505959335	1084.19494628906
3746.49196996866	1087.48498535156
3748.33837278086	1085.95751953125
3750.18426822108	1084.43005371094
3752.02965648033	1084.38500976563
3753.87453774956	1084.86499023438
3755.7189122196	1087.20495605469
3757.5627800812	1084.68505859375
3759.40614152501	1080.68505859375
3761.24899674159	1075.81994628906
3763.09134592138	1076
3764.93318925476	1078.93505859375
3766.77452693199	1081.60998535156
3768.61535914325	1082.13500976563
3770.45568607861	1081.34997558594
3772.29550792807	1078.28002929688
3774.1348248815	1076.84497070313
3775.9736371287	1075.79504394531
3777.81194485938	1075.0849609375
