32.6816976106991	718.159973144531
35.6535599501435	717.950012207031
38.6244374909659	718.030029296875
41.5943306947054	717.890014648438
44.5632400226282	718.049987792969
47.5311659356917	717.859985351563
50.4981088945929	717.809997558594
53.4640693597127	717.760009765625
56.4290477911676	717.690002441406
59.3930446487746	717.849975585938
62.356060392067	717.864990234375
65.3180954802906	717.880004882813
68.2791503724084	717.75
71.2392255270922	717.659973144531
74.1983214027271	718.02001953125
77.1564384574159	717.964965820313
80.113577148983	717.909973144531
83.0697379349549	718.27001953125
86.0249212725722	718.260009765625
88.9791276188058	718.119995117188
91.9323574303255	718.369995117188
94.8846111635238	718.090026855469
97.8358892745121	718.47998046875
100.786192219114	718.549987792969
103.73552045287	718.440002441406
106.683874431037	718.330017089844
109.631254608583	718.349975585938
112.577661440203	718.369995117188
115.523095380307	719.119995117188
118.467556883015	719.799987792969
121.411046402175	720.080017089844
124.353564391344	721.809997558594
127.295111303796	724.049987792969
130.235687592532	728.359985351563
133.175293710265	736.299987792969
136.113930109434	749.539978027344
139.051597242185	769.02001953125
141.98829556039	796.190002441406
144.92402551564	829.320007324219
147.858787559244	869.070007324219
150.792582142239	906.590026855469
153.725409715372	942.02001953125
156.65727072911	971.539978027344
159.588165633643	993.450012207031
162.518094878884	1014.29998779297
165.447058914469	1029.77001953125
168.375058189747	1037.61999511719
171.302093153792	1043.22998046875
174.228164255401	1047.5400390625
177.153271943091	1053.21997070313
180.077416665101	1065.58996582031
183.000598869394	1074.68005371094
185.922819003656	1079.52001953125
188.84407751529	1085.36999511719
191.764374851424	1095.90002441406
194.683711458919	1109.10998535156
197.60208778434	1118.47998046875
200.519504273992	1130.55004882813
203.435961373894	1143.16003417969
206.351459529801	1165.56005859375
209.265999187174	1187.94995117188
212.179580791207	1212.31005859375
215.092204786825	1237.26000976563
218.003871618673	1266.94995117188
220.914581731116	1284.77001953125
223.824335568247	1310.84997558594
226.733133573893	1332.83996582031
229.640976191593	1351.46997070313
232.547863864614	1369.06994628906
235.453797035961	1385.34997558594
238.358776148354	1397.11999511719
241.26280164424	1404.47998046875
244.1658739658	1414.06994628906
247.067993554929	1418.89001464844
249.969160853266	1420.28002929688
252.869376302162	1424.55004882813
255.768640342707	1431.96997070313
258.666953415705	1429.7900390625
261.564315961705	1428.96997070313
264.46072842097	1429.43994140625
267.356191233499	1429.14990234375
270.25070483901	1428.85998535156
273.144269676967	1434.43005371094
276.036886186551	1436.93994140625
278.928554806671	1437.85998535156
281.819275975966	1440.30004882813
284.709050132812	1436.61999511719
287.597877715306	1438.59997558594
290.485759161281	1440.26000976563
293.372694908298	1445.23999023438
296.258685393644	1450.21997070313
299.143731054352	1442.81005859375
302.027832327156	1445.02001953125
304.910989648557	1451.81005859375
307.79320345476	1450.53002929688
310.674474181717	1448.10998535156
313.554802265101	1450.10998535156
316.434188140326	1450.10998535156
319.312632242533	1447.72998046875
322.190135006593	1443.88000488281
325.066696867117	1447.47998046875
327.942318258443	1449.4599609375
330.816999614641	1451.88000488281
333.690741369517	1454.83996582031
336.56354395661	1454.60998535156
339.435407809193	1453.7099609375
342.306333360273	1447.77001953125
345.176321042591	1440.46997070313
348.045371288612	1437.22998046875
350.913484530551	1437.65002441406
353.78066120035	1445.7099609375
356.64690172969	1452.42004394531
359.512206549972	1454.55004882813
362.376576092357	1450.48999023438
365.240010787716	1446.43005371094
368.102511066677	1443.4599609375
370.964077359587	1445.76000976563
373.82471009654	1443.19995117188
376.684409707364	1443.76330566406
379.543176621612	1444.32666015625
382.401011268595	1444.89001464844
385.257914077343	1443.7099609375
388.113885476627	1444.48999023438
390.968925894961	1450.82995605469
393.823035760591	1455.03002929688
396.676215501503	1462.71997070313
399.528465545415	1472.13000488281
402.379786319791	1480.53002929688
405.230178251834	1477.35998535156
408.079641768472	1476.46496582031
410.928177296387	1475.56994628906
413.775785261992	1467.17004394531
416.622466091445	1472.76000976563
419.468220210631	1485.09997558594
422.313048045182	1488.13000488281
425.156950020479	1492.90002441406
427.999926561623	1490.25
430.841978093471	1487.59997558594
433.683105040613	1491
436.523307827384	1488.2900390625
439.362586877851	1484.23999023438
442.200942615829	1487.77001953125
445.038375464876	1487.9599609375
447.874885848283	1486.58996582031
450.710474189089	1490.44995117188
453.54514091007	1488.80004882813
456.37888643375	1482.16003417969
459.211711182386	1477.44995117188
462.043615577986	1472.58996582031
464.874600042297	1473.36999511719
467.704664996804	1473.14001464844
470.533810862741	1479.67004394531
473.36203806108	1481.52502441406
476.189347012547	1483.38000488281
479.015738137594	1477.0400390625
481.841211856432	1474.72998046875
484.665768589008	1480.78002929688
487.489408755009	1485.01000976563
490.312132773878	1487.21997070313
493.133941064796	1485.794921875
495.954834046683	1484.36999511719
498.77481213821	1481.82995605469
501.593875757797	1484.21997070313
504.412025323601	1488.19995117188
507.229261253524	1492.19995117188
510.045583965226	1500.91003417969
512.860993876093	1499.69995117188
515.675491403271	1495.91003417969
518.489076963649	1493.43005371094
521.301750973863	1496.91003417969
524.113513850293	1495.80493164063
526.924366009065	1494.69995117188
529.734307866052	1494.59997558594
532.543339836881	1489.10998535156
535.35146233692	1489.68994140625
538.158675781281	1488.80004882813
540.964980584833	1483.93994140625
543.770377162182	1482.33996582031
546.574865927692	1484.83996582031
549.378447295465	1486.06005859375
552.181121679365	1484.36999511719
554.982889492993	1486.92004394531
557.783751149701	1489.32995605469
560.583707062591	1492.22998046875
563.38275764452	1482.21997070313
566.180903308083	1476.68994140625
568.978144465633	1471.44995117188
571.774481529266	1476.47998046875
574.569914910839	1478.85998535156
577.364445021949	1479.669921875
580.158072273946	1480.47998046875
582.950797077926	1472.43994140625
585.742619844752	1471.57995605469
588.533540985018	1470.0400390625
591.323560909078	1469.17004394531
594.112680027034	1467.41003417969
596.90089874875	1473.82995605469
599.688217483828	1474.03002929688
602.474636641629	1466.17004394531
605.260156631263	1460.57995605469
608.044777861596	1461.93994140625
610.828500741241	1473.03002929688
613.611325678567	1467.43994140625
616.393253081697	1470.53002929688
619.174283358506	1472.5400390625
621.954416916616	1477.39001464844
624.733654163414	1475.30334472656
627.511995506029	1473.21667480469
630.289441351351	1471.13000488281
633.065992106022	1469.32995605469
635.841648176434	1467.84997558594
638.616409968744	1469.84997558594
641.390277888847	1471.7099609375
644.163252342408	1472.81005859375
646.93533373484	1476.03002929688
649.706522471307	1480.50500488281
652.47681895674	1484.97998046875
655.246223595811	1479.73999023438
658.014736792957	1475.57995605469
660.782358952371	1480.48999023438
663.549090477999	1483.4599609375
666.314931773542	1487.78002929688
669.079883242452	1489
671.843945287955	1489.38000488281
674.607118313019	1486.38000488281
677.369402720366	1489.46997070313
680.130798912488	1494.27001953125
682.891307291627	1490.39001464844
685.650928259784	1495.34997558594
688.409662218708	1497.42004394531
691.167509569927	1496.38000488281
693.924470714705	1495.67004394531
696.680546054078	1500.02001953125
699.435735988832	1497.32995605469
702.190040919516	1487.28002929688
704.943461246442	1495.66003417969
707.695997369667	1503.48999023438
710.447649689022	1502.9599609375
713.198418604088	1504.41003417969
715.948304514206	1509.10998535156
718.697307818481	1497.96997070313
721.445428915779	1495.53002929688
724.192668204716	1503.44995117188
726.93902608368	1505.06994628906
729.684502950805	1509.94995117188
732.429099204005	1508.77001953125
735.172815240936	1507.58996582031
737.915651459026	1504.59997558594
740.657608255463	1501.92004394531
743.398686027186	1503.63000488281
746.13888517091	1510.31005859375
748.878206083102	1513.05004882813
751.616649159998	1510.35998535156
754.354214797584	1509.53002929688
757.09090339162	1513.7900390625
759.826715337622	1513.22998046875
762.561651030868	1509.66003417969
765.295710866406	1506.07995605469
768.028895239041	1497.40002441406
770.761204543336	1499.67004394531
773.492639173626	1501.94995117188
776.223199524006	1497.5400390625
778.952885988334	1494.31994628906
781.681698960235	1490.02001953125
784.40963883309	1490.43005371094
787.136706000052	1496.96997070313
789.862900854037	1496.98498535156
792.588223787721	1497
795.312675193549	1484.21997070313
798.036255463728	1483.47998046875
800.758964990228	1488.40002441406
803.480804164792	1498.13000488281
806.201773378919	1495.59997558594
808.921873023884	1500.44995117188
811.641103490712	1499.94995117188
814.359465170214	1499.44995117188
817.076958452946	1504.35998535156
819.793583729246	1513.52001953125
822.509341389214	1521.81994628906
825.224231822712	1518.23999023438
827.938255419375	1519.98999023438
830.651412568596	1529.09997558594
833.363703659544	1536.77001953125
836.075129081157	1545.77001953125
838.785689222127	1550.0400390625
841.495384470928	1547.55004882813
844.204215215788	1545.43005371094
846.912181844721	1545.01000976563
849.619284745491	1548.52001953125
852.325524305638	1558.05004882813
855.030900912475	1561.76000976563
857.735414953079	1561.81005859375
860.439066814289	1564.26000976563
863.141856882725	1566.63000488281
865.843785544769	1564.21997070313
868.544853186571	1561.4599609375
871.245060194063	1565.71997070313
873.944406952925	1562.89001464844
876.642893848625	1557.06994628906
879.340521266398	1551.43994140625
882.037289591241	1554.56005859375
884.733199207927	1560.43994140625
887.428250501001	1566.34997558594
890.122443854778	1565.06994628906
892.815779653335	1559.4599609375
895.508258280534	1560.85998535156
898.199880119997	1563.11999511719
900.890645555129	1564.40991210938
903.580554969094	1565.69995117188
906.269608744832	1562.80004882813
908.957807265056	1563.22998046875
911.645150912257	1563.66003417969
914.331640068689	1561.81005859375
917.017275116375	1561.75
919.702056437128	1566.56005859375
922.385984412518	1575.75
925.069059423886	1579.01000976563
927.751281852366	1578.85998535156
930.432652078842	1577.32995605469
933.113170483983	1568.38000488281
935.79283744823	1572.25
938.471653351806	1576.84997558594
941.149618574686	1579.68005371094
943.826733496641	1583.93005371094
946.502998497206	1584.27001953125
949.178413955689	1575.31005859375
951.85298025118	1581.89001464844
954.526697762544	1582.61999511719
957.199566868403	1577.51000976563
959.87158794718	1581.55004882813
962.542761377054	1582.15002441406
965.213087535987	1580.06005859375
967.882566801719	1579.10998535156
970.551199551761	1579.16333007813
973.218986163399	1579.21667480469
975.885927013698	1579.27001953125
978.552022479501	1579.88000488281
981.217272937423	1575.56005859375
983.88167876386	1575.77001953125
986.545240334978	1576.84997558594
989.207958026729	1581.92004394531
991.869832214835	1583.61999511719
994.530863274798	1600.85998535156
997.191051581895	1607.42004394531
999.850397511185	1625.40002441406
1002.50890143751	1656.5
1005.16656373546	1672.61999511719
1007.82338477944	1678
1010.47936494363	1667.76000976563
1013.13450460195	1662.51000976563
1015.78880412815	1642.33996582031
1018.44226389572	1620.13000488281
1021.09488427794	1605.43005371094
1023.74666564789	1591.61999511719
1026.3976083784	1589.71997070313
1029.04771284208	1593.73999023438
1031.69697941135	1600.43994140625
1034.34540845838	1601.36999511719
1036.99300035512	1605.05004882813
1039.63975547333	1601.72998046875
1042.28567418452	1599.81005859375
1044.93075685998	1602.98999023438
1047.57500387081	1602.8349609375
1050.21841558786	1602.68005371094
1052.86099238177	1602.07995605469
1055.50273462297	1596.57995605469
1058.14364268167	1596.08996582031
1060.78371692784	1605.16003417969
1063.42295773126	1616.98999023438
1066.06136546148	1614.3466796875
1068.69894048781	1611.70336914063
1071.33568317939	1609.06005859375
1073.9715939051	1609.42004394531
1076.60667303362	1608.42004394531
1079.24092093341	1600.42004394531
1081.87433797271	1602.57995605469
1084.50692451954	1594.82995605469
1087.13868094172	1597.41003417969
1089.76960760684	1596.83996582031
1092.39970488226	1593.91003417969
1095.02897313516	1590.82995605469
1097.65741273246	1579.43005371094
1100.28502404089	1579.55004882813
1102.91180742697	1581.41003417969
1105.53776325698	1579.38000488281
1108.16289189701	1586.19995117188
1110.78719371291	1587.52001953125
1113.41066907033	1584.48999023438
1116.0333183347	1593.17004394531
1118.65514187124	1597.98999023438
1121.27614004495	1595.77001953125
1123.89631322061	1598.89001464844
1126.51566176279	1601.31994628906
1129.13418603585	1599.2900390625
1131.75188640394	1595.46997070313
1134.36876323098	1585.03002929688
1136.98481688069	1578.82995605469
1139.60004771655	1572.2900390625
1142.21445610187	1568.7900390625
1144.82804239972	1564.14001464844
1147.44080697295	1561.0400390625
1150.05275018421	1569.91003417969
1152.66387239593	1579.78002929688
1155.27417397034	1578.7099609375
1157.88365526943	1584.22998046875
1160.49231665502	1589.64001464844
1163.10015848867	1590.09997558594
1165.70718113176	1590.06994628906
1168.31338494544	1581.75
1170.91877029067	1577.13000488281
1173.52333752817	1571.39001464844
1176.12708701847	1560.98999023438
1178.73001912187	1565.57995605469
1181.33213419848	1568.98999023438
1183.93343260819	1563.26501464844
1186.53391471068	1557.5400390625
1189.13358086539	1556.25
1191.73243143161	1556.60498046875
1194.33046676836	1556.9599609375
1196.92768723449	1556.0400390625
1199.52409318861	1557.22998046875
1202.11968498915	1557.96997070313
1204.7144629943	1559.21997070313
1207.30842756206	1566.2900390625
1209.90157905021	1578.0400390625
1212.49391781634	1578.22998046875
1215.08544421779	1580.65002441406
1217.67615861174	1577.76000976563
1220.26606135512	1576.4599609375
1222.85515280468	1573.11999511719
1225.44343331694	1570.02001953125
1228.03090324823	1567.26000976563
1230.61756295466	1570.07995605469
1233.20341279213	1575.46997070313
1235.78845311634	1582.25
1238.37268428278	1586.09997558594
1240.95610664673	1592.75
1243.53872056325	1603.0400390625
1246.12052638722	1596.71997070313
1248.70152447329	1599.31994628906
1251.28171517591	1601.56005859375
1253.86109884934	1602.30004882813
1256.43967584759	1603.72998046875
1259.0174465245	1607.11999511719
1261.5944112337	1612.94995117188
1264.1705703286	1620.7099609375
1266.74592416241	1614.15002441406
1269.32047308814	1615.31005859375
1271.89421745858	1615.03002929688
1274.46715762633	1615.06005859375
1277.03929394377	1619.31994628906
1279.61062676308	1618.58996582031
1282.18115643624	1606.69995117188
1284.75088331502	1599.64001464844
1287.31980775098	1602.57995605469
1289.88793009548	1609.10998535156
1292.45525069969	1610.06494140625
1295.02176991454	1611.02001953125
1297.58748809078	1600.84997558594
1300.15240557897	1594.88000488281
1302.71652272942	1593.40002441406
1305.27983989229	1596.2900390625
1307.84235741749	1599.31994628906
1310.40407565475	1608.76000976563
1312.9649949536	1616.18005371094
1315.52511566335	1624.41003417969
1318.08443813311	1618.63000488281
1320.64296271181	1617.18994140625
1323.20068974815	1612.51000976563
1325.75761959063	1608.56994628906
1328.31375258756	1620.85998535156
1330.86908908704	1620.18994140625
1333.42362943696	1619.52001953125
1335.97737398503	1613.82995605469
1338.53032307874	1609.41003417969
1341.08247706537	1615.90002441406
1343.63383629202	1620.2900390625
1346.18440110558	1624.68005371094
1348.73417185274	1613.94995117188
1351.28314887997	1609.52001953125
1353.83133253357	1602.4599609375
1356.37872315961	1589.71997070313
1358.92532110398	1580.83996582031
1361.47112671237	1576.53002929688
1364.01614033024	1568.77001953125
1366.56036230288	1561.31994628906
1369.10379297537	1563.08996582031
1371.64643269258	1560.14001464844
1374.18828179921	1562.43994140625
1376.72934063972	1554.80004882813
1379.2696095584	1553.02001953125
1381.80908889932	1551.36999511719
1384.34777900637	1545.06994628906
1386.88568022323	1545.71997070313
1389.42279289337	1548.48999023438
1391.95911736009	1553.53002929688
1394.49465396645	1553.57250976563
1397.02940305537	1553.61499023438
1399.5633649695	1553.65747070313
1402.09654005135	1553.69995117188
1404.6289286432	1551.7099609375
1407.16053108714	1553.46997070313
1409.69134772507	1558.75
1412.22137889868	1559.64501953125
1414.75062494947	1560.5400390625
1417.27908621874	1558.10998535156
1419.80676304759	1557.96997070313
1422.33365577692	1566.80004882813
1424.85976474744	1570.66003417969
1427.38509029967	1570.47998046875
1429.90963277392	1570.52001953125
1432.4333925103	1576.5
1434.95636984873	1583.03002929688
1437.47856512894	1584.41003417969
1439.99997869045	1598.0400390625
1442.5206108726	1612.14001464844
1445.04046201452	1620.7900390625
1447.55953245515	1636.41003417969
1450.07782253323	1651.90002441406
1452.59533258731	1649.21667480469
1455.11206295574	1646.53332519531
1457.62801397668	1643.84997558594
1460.14318598809	1637.42004394531
1462.65757932774	1631.46997070313
1465.1711943332	1616.31005859375
1467.68403134184	1603.13000488281
1470.19609069085	1588.57995605469
1472.70737271721	1577.02001953125
1475.21787775772	1563.94995117188
1477.72760614897	1551.67004394531
1480.23655822738	1527.59997558594
1482.74473432914	1515.5400390625
1485.25213479029	1510.69995117188
1487.75875994664	1497.06005859375
1490.26461013382	1491.64001464844
1492.76968568726	1490.98999023438
1495.27398694222	1489.90002441406
1497.77751423374	1482.46997070313
1500.28026789667	1487.22998046875
1502.78224826569	1488.18005371094
1505.28345567526	1492.78002929688
1507.78389045967	1491.06994628906
1510.28355295299	1495.9599609375
1512.78244348913	1498.31994628906
1515.28056240178	1498.5
1517.77791002445	1501.55334472656
1520.27448669047	1504.60668945313
1522.77029273296	1507.66003417969
1525.26532848486	1495.76000976563
1527.75959427889	1496.63000488281
1530.25309044764	1494.79333496094
1532.74581732344	1492.95666503906
1535.23777523847	1491.11999511719
1537.72896452471	1488.68005371094
1540.21938551394	1498.76000976563
1542.70903853778	1500.67004394531
1545.19792392761	1501.14001464844
1547.68604201466	1505.71997070313
1550.17339312997	1502.72998046875
1552.65997760434	1496.15002441406
1555.14579576845	1495.40002441406
1557.63084795275	1503.72998046875
1560.11513448749	1509.02001953125
1562.59865570276	1507.85998535156
1565.08141192845	1506.84997558594
1567.56340349426	1502.08996582031
1570.04463072969	1495.97998046875
1572.52509396406	1498.18005371094
1575.00479352652	1497.85998535156
1577.48372974599	1500.43994140625
1579.96190295124	1507.02001953125
1582.43931347083	1514.68994140625
1584.91596163314	1516.67004394531
1587.39184776636	1520.08996582031
1589.86697219849	1519.21997070313
1592.34133525734	1518.34997558594
1594.81493727054	1517.47998046875
1597.28777856553	1518.08996582031
1599.75985946955	1517.22998046875
1602.23118030968	1526.68994140625
1604.70174141278	1541.34997558594
1607.17154310555	1544.2099609375
1609.64058571449	1547.81005859375
1612.10886956591	1546.72998046875
1614.57639498595	1545.65002441406
1617.04316230054	1546.13000488281
1619.50917183543	1540.38000488281
1621.97442391621	1537.61999511719
1624.43891886825	1533.31994628906
1626.90265701674	1525.14001464844
1629.36563868671	1520.68005371094
1631.82786420296	1523.34997558594
1634.28933389016	1524.06005859375
1636.75004807274	1527.17004394531
1639.21000707498	1529.36999511719
1641.66921122097	1532.06005859375
1644.12766083459	1547.16003417969
1646.58535623956	1553.72998046875
1649.04229775941	1558.43994140625
1651.4984857175	1562.42004394531
1653.95392043697	1569.52001953125
1656.40860224079	1576.44995117188
1658.86253145177	1586.93005371094
1661.3157083925	1587.56005859375
1663.76813338542	1581.59997558594
1666.21980675275	1582.5400390625
1668.67072881656	1582.30004882813
1671.1208998987	1581.31005859375
1673.57032032089	1571.7900390625
1676.0189904046	1558.0400390625
1678.46691047118	1556.56994628906
1680.91408084174	1548.96997070313
1683.36050183726	1539.33996582031
1685.8061737785	1526.69995117188
1688.25109698605	1512.13000488281
1690.69527178032	1500.7900390625
1693.13869848153	1488.21997070313
1695.58137740972	1482.82995605469
1698.02330888476	1483.31005859375
1700.46449322631	1474.91003417969
1702.90493075388	1460.43994140625
1705.34462178678	1450.06005859375
1707.78356664414	1442.93005371094
1710.22176564492	1439
1712.65921910787	1440.18005371094
1715.0959273516	1441.42004394531
1717.53189069449	1440.53002929688
1719.9671094548	1432.67004394531
1722.40158395054	1425.68994140625
1724.8353144996	1428.56005859375
1727.26830141965	1434.16003417969
1729.70054502819	1432.84997558594
1732.13204564255	1430.73999023438
1734.56280357987	1431.42004394531
1736.99281915711	1425.42004394531
1739.42209269106	1421.33996582031
1741.85062449831	1425.77001953125
1744.27841489529	1432.43994140625
1746.70546419823	1431.9599609375
1749.13177272321	1430.44995117188
1751.5573407861	1430.85998535156
1753.98216870262	1427.66003417969
1756.40625678828	1433.17004394531
1758.82960535844	1430.42004394531
1761.25221472825	1427.67004394531
1763.67408521271	1426.81994628906
1766.09521712663	1427.22998046875
1768.51561078464	1426.80493164063
1770.93526650119	1426.38000488281
1773.35418459056	1425.92004394531
1775.77236536684	1428.59997558594
1778.18980914396	1424.56994628906
1780.60651623565	1421.56994628906
1783.02248695548	1423.18994140625
1785.43772161684	1424.96496582031
1787.85222053292	1426.73999023438
1790.26598401677	1423.91003417969
1792.67901238123	1425.77001953125
1795.09130593899	1424.2099609375
1797.50286500254	1426.32995605469
1799.9136898842	1420.18994140625
1802.32378089613	1420.78002929688
1804.73313835028	1420.2099609375
1807.14176255846	1414.05004882813
1809.54965383228	1408.18005371094
1811.95681248317	1410.53002929688
1814.36323882242	1412.9599609375
1816.76893316109	1412.6025390625
1819.17389581011	1412.24499511719
1821.57812708021	1411.88745117188
1823.98162728196	1411.53002929688
1826.38439672573	1410.57995605469
1828.78643572174	1412.94995117188
1831.18774458003	1414.89001464844
1833.58832361045	1414.15002441406
1835.98817312269	1414.63000488281
1838.38729342625	1409.4599609375
1840.78568483048	1408.05004882813
1843.18334764454	1409.36999511719
1845.58028217741	1409.30004882813
1847.9764887379	1409.22998046875
1850.37196763465	1410.72998046875
1852.76671917613	1408.44995117188
1855.16074367062	1407.41003417969
1857.55404142624	1410.05004882813
1859.94661275094	1403.81994628906
1862.33845795247	1400.84997558594
1864.72957733844	1397.34997558594
1867.11997121627	1395.68994140625
1869.5096398932	1396.19995117188
1871.89858367631	1404.73999023438
1874.28680287251	1406.82495117188
1876.67429778851	1408.91003417969
1879.06106873089	1403.60998535156
1881.44711600601	1400.53002929688
1883.8324399201	1398.26000976563
1886.21704077919	1400.01000976563
1888.60091888915	1402.97998046875
1890.98407455567	1402.53002929688
1893.36650808428	1400.60998535156
1895.74821978033	1393.7900390625
1898.12920994899	1398.33996582031
1900.50947889527	1406.41003417969
1902.88902692401	1403.68005371094
1905.26785433986	1400.48999023438
1907.64596144734	1400.17004394531
1910.02334855075	1403.47998046875
1912.40001595424	1406.57995605469
1914.7759639618	1407.7900390625
1917.15119287724	1405.09997558594
1919.52570300419	1406.25
1921.89949464611	1402.33996582031
1924.27256810632	1398.22998046875
1926.64492368793	1398.80004882813
1929.0165616939	1398.93994140625
1931.38748242701	1400.59997558594
1933.75768618989	1402.57995605469
1936.12717328497	1402.40991210938
1938.49594401455	1402.23999023438
1940.86399868071	1400.90002441406
1943.23133758541	1397.76000976563
1945.5979610304	1401.08996582031
1947.96386931729	1403.36999511719
1950.32906274751	1404.73999023438
1952.69354162232	1409.2099609375
1955.0573062428	1411.0400390625
1957.42035690989	1408.78002929688
1959.78269392434	1408.16003417969
1962.14431758673	1404.16003417969
1964.50522819748	1398.64001464844
1966.86542605684	1391.46997070313
1969.22491146488	1389.35998535156
1971.58368472153	1396.78002929688
1973.94174612654	1401.91003417969
1976.29909597945	1404.02001953125
1978.65573457971	1401.93005371094
1981.01166222654	1397.06994628906
1983.36687921902	1396.4599609375
1985.72138585606	1391.0400390625
1988.07518243639	1387.93005371094
1990.42826925859	1397.23999023438
1992.78064662106	1404.06005859375
1995.13231482205	1403.69995117188
1997.48327415961	1397.0400390625
1999.83352493167	1394.83996582031
2002.18306743594	1397.41003417969
2004.53190197002	1396.84997558594
2006.8800288313	1392.16003417969
2009.22744831703	1388.16003417969
2011.57416072427	1392.43994140625
2013.92016634993	1390.58996582031
2016.26546549076	1390.18005371094
2018.61005844332	1391.63671875
2020.95394550404	1393.09338378906
2023.29712696915	1394.55004882813
2025.63960313474	1391.57995605469
2027.98137429672	1390.7099609375
2030.32244075083	1384.57995605469
2032.66280279266	1385.48999023438
2035.00246071763	1386.39001464844
2037.34141482099	1387.81994628906
2039.67966539784	1392.17004394531
2042.01721274309	1391.26000976563
2044.35405715151	1395.43994140625
2046.69019891769	1392.58996582031
2049.02563833606	1393.56005859375
2051.3603757009	1390.5400390625
2053.6944113063	1388.26000976563
2056.0277454462	1390.35998535156
2058.36037841439	1390.9599609375
2060.69231050446	1390.39001464844
2063.02354200988	1389.81994628906
2065.35407322392	1389.25
2067.68390443971	1391.28002929688
2070.01303595021	1392.98999023438
2072.3414680482	1395.31005859375
2074.66920102633	1393.66003417969
2076.99623517706	1385.81994628906
2079.32257079271	1388.56005859375
2081.6482081654	1395.9599609375
2083.97314758713	1397.16003417969
2086.29738934971	1398.82995605469
2088.62093374481	1396.40002441406
2090.94378106391	1395.64001464844
2093.26593159835	1401.22998046875
2095.5873856393	1395.27001953125
2097.90814347777	1397.78503417969
2100.2282054046	1400.30004882813
2102.54757171048	1395.93005371094
2104.86624268594	1397.30004882813
2107.18421862133	1392.55004882813
2109.50149980686	1389.58996582031
2111.81808653257	1400.57995605469
2114.13397908834	1403.93005371094
2116.44917776388	1404.26000976563
2118.76368284875	1408.46997070313
2121.07749463235	1407.84997558594
2123.39061340391	1400.67004394531
2125.70303945252	1396.76000976563
2128.01477306707	1394.98999023438
2130.32581453634	1395.56994628906
2132.63616414891	1396.56005859375
2134.94582219322	1400.38000488281
2137.25478895754	1403.23999023438
2139.56306472999	1404.73999023438
2141.87064979851	1402.18994140625
2144.17754445092	1405.94995117188
2146.48374897484	1406.50500488281
2148.78926365774	1407.06005859375
2151.09408878695	1403.72998046875
2153.39822464963	1404.05004882813
2155.70167153277	1405.39001464844
2158.00442972321	1404.16003417969
2160.30649950763	1400.86999511719
2162.60788117256	1402.16003417969
2164.90857500436	1406.30004882813
2167.20858128923	1403.875
2169.50790031323	1401.44995117188
2171.80653236223	1394.89001464844
2174.10447772198	1398.09997558594
2176.40173667804	1394.78002929688
2178.69830951582	1395.05004882813
2180.99419652058	1399.52001953125
2183.28939797743	1399.82006835938
2185.5839141713	1400.11999511719
2187.87774538698	1396.47998046875
2190.17089190908	1393.32995605469
2192.46335402209	1390.33996582031
2194.75513201032	1388.93005371094
2197.04622615791	1393.06994628906
2199.33663674886	1403.14001464844
2201.62636406702	1402.5
2203.91540839606	1401.85998535156
2206.20377001952	1397.18994140625
2208.49144922077	1392.64001464844
2210.77844628302	1388.97998046875
2213.06476148933	1392.13000488281
2215.3503951226	1385.0400390625
2217.63534746557	1385.7099609375
2219.91961880085	1389.40002441406
2222.20320941085	1389.82995605469
2224.48611957785	1392.57995605469
2226.76834958399	1396.07995605469
2229.04989971122	1398.18994140625
2231.33077024136	1395.85998535156
2233.61096145607	1394.7099609375
2235.89047363683	1391.56994628906
2238.169307065	1387.5
2240.44746202178	1387.0400390625
2242.72493878819	1388.2099609375
2245.00173764511	1393.26000976563
2247.27785887327	1397.06005859375
2249.55330275324	1401.46997070313
2251.82806956545	1400.17004394531
2254.10215959014	1398.26000976563
2256.37557310744	1395.75
2258.64831039729	1394.06994628906
2260.92037173949	1391.31994628906
2263.19175741368	1388.84997558594
2265.46246769938	1389.19995117188
2267.7325028759	1393.52001953125
2270.00186322243	1399.51000976563
2272.270549018	1407.56005859375
2274.5385605415	1407.25
2276.80589807165	1406.40002441406
2279.07256188702	1406.4599609375
2281.33855226601	1404.94995117188
2283.60386948691	1399.66003417969
2285.86851382782	1399.23999023438
2288.1324855667	1395.67004394531
2290.39578498136	1404.66003417969
2292.65841234945	1412.16003417969
2294.92036794847	1411.60998535156
2297.18165205578	1410.44995117188
2299.44226494856	1404.48999023438
2301.70220690387	1407.07995605469
2303.96147819859	1408.84997558594
2306.22007910947	1403.98999023438
2308.47800991309	1402.27001953125
2310.73527088589	1408.7900390625
2312.99186230416	1408.40502929688
2315.24778444403	1408.02001953125
2317.50303758149	1400.93994140625
2319.75762199235	1401.58996582031
2322.01153795231	1404.5400390625
2324.26478573689	1405.36999511719
2326.51736562147	1406.19995117188
2328.76927788127	1403.93005371094
2331.02052279137	1402.81994628906
2333.2711006267	1398.92004394531
2335.52101166203	1402.67004394531
2337.77025617198	1405.30004882813
2340.01883443103	1402.48999023438
2342.2667467135	1406.10998535156
2344.51399329356	1410.5
2346.76057444525	1408.77001953125
2349.00649044241	1402.65002441406
2351.2517415588	1398.81005859375
2353.49632806796	1393.60998535156
2355.74025024334	1393.83996582031
2357.98350835819	1396.43005371094
2360.22610268566	1398.15002441406
2362.4680334987	1403.7099609375
2364.70930107016	1402.28491210938
2366.94990567269	1400.85998535156
2369.18984757884	1400.38000488281
2371.42912706098	1398.86999511719
2373.66774439134	1399.57995605469
2375.90569984199	1393.80004882813
2378.14299368488	1391.35998535156
2380.37962619179	1389.4599609375
2382.61559763435	1390.02001953125
2384.85090828405	1400.5
2387.08555841222	1402.82995605469
2389.31954829006	1405.81994628906
2391.55287818861	1399.11999511719
2393.78554837877	1398.60998535156
2396.01755913128	1400.93994140625
2398.24891071673	1398.94995117188
2400.47960340558	1401.43005371094
2402.70963746814	1400.46997070313
2404.93901317456	1400.86999511719
2407.16773079485	1401.05004882813
2409.39579059887	1400.90002441406
2411.62319285633	1395.11999511719
2413.84993783681	1396.96997070313
2416.07602580971	1403.31994628906
2418.30145704432	1399.76000976563
2420.52623180977	1396.21997070313
2422.75035037503	1400.17004394531
2424.97381300893	1400.09008789063
2427.19661998017	1400.01000976563
2429.41877155729	1398.4599609375
2431.64026800867	1397.48999023438
2433.86110960257	1397.08996582031
2436.08129660709	1394.26000976563
2438.30082929019	1398.64001464844
2440.51970791967	1398.00500488281
2442.73793276321	1397.36999511719
2444.95550408832	1397.43005371094
2447.17242216237	1399.38000488281
2449.38868725259	1398.5
2451.60429962607	1397.15002441406
2453.81925954975	1393.31994628906
2456.03356729041	1395.31005859375
2458.2472231147	1398.56005859375
2460.46022728913	1400.07995605469
2462.67258008005	1404.21997070313
2464.88428175368	1403.61999511719
2467.09533257608	1401.56994628906
2469.30573281318	1399.89001464844
2471.51548273076	1392.16003417969
2473.72458259445	1391.7900390625
2475.93303266974	1400.4599609375
2478.14083322198	1402.52001953125
2480.34798451637	1400.90002441406
2482.55448681797	1400.39001464844
2484.76034039169	1402.51000976563
2486.96554550231	1401.6650390625
2489.17010241445	1400.81994628906
2491.37401139259	1398.98999023438
2493.57727270109	1403.4599609375
2495.77988660412	1403.53002929688
2497.98185336574	1402.2099609375
2500.18317324987	1396.55004882813
2502.38384652028	1399.01000976563
2504.58387344058	1400.58996582031
2506.78325427425	1403.01000976563
2508.98198928465	1405.27001953125
2511.18007873495	1405.42993164063
2513.37752288821	1405.58996582031
2515.57432200735	1396.84997558594
2517.77047635514	1397.36999511719
2519.96598619419	1397.33996582031
2522.16085178699	1394.69995117188
2524.35507339589	1403.15002441406
2526.54865128308	1407.11999511719
2528.74158571062	1405.2900390625
2530.93387694042	1405.46997070313
2533.12552523427	1407.10998535156
2535.31653085379	1407.43005371094
2537.50689406046	1400.60998535156
2539.69661511566	1400.2099609375
2541.88569428057	1398.31994628906
2544.07413181627	1396.14001464844
2546.26192798368	1396.69995117188
2548.44908304359	1395.88500976563
2550.63559725664	1395.06994628906
2552.82147088333	1394.2548828125
2555.00670418402	1393.43994140625
2557.19129741894	1396.06994628906
2559.37525084817	1398.27001953125
2561.55856473164	1399.28002929688
2563.74123932917	1400.2900390625
2565.92327490039	1401.30004882813
2568.10467170484	1397.46997070313
2570.28543000189	1393.19995117188
2572.46555005079	1397.06994628906
2574.64503211063	1397.02001953125
2576.82387644036	1396.21997070313
2579.00208329882	1395.89001464844
2581.17965294468	1395.55993652344
2583.35658563648	1395.22998046875
2585.53288163263	1396.4599609375
2587.70854119137	1397.59997558594
2589.88356457084	1400.53002929688
2592.05795202902	1399.28503417969
2594.23170382376	1398.0400390625
2596.40482021275	1399.91003417969
2598.57730145356	1396.61999511719
2600.74914780363	1396.73999023438
2602.92035952023	1391.36999511719
2605.09093686053	1393.23999023438
2607.26088008153	1395.80004882813
2609.4301894401	1398.59997558594
2611.59886519299	1395.56994628906
2613.76690759678	1389.05004882813
2615.93431690793	1398.14001464844
2618.10109338277	1405.88000488281
2620.26723727748	1407.69995117188
2622.4327488481	1404.2099609375
2624.59762835054	1400.71997070313
2626.76187604057	1396.81994628906
2628.92549217382	1398.89001464844
2631.08847700579	1413.96997070313
2633.25083079182	1419.40002441406
2635.41255378715	1419.58996582031
2637.57364624684	1417.13000488281
2639.73410842586	1416.05004882813
2641.893940579	1412.13000488281
2644.05314296094	1408.61999511719
2646.21171582621	1408.84997558594
2648.36965942921	1408.66003417969
2650.5269740242	1417.81994628906
2652.6836598653	1426.32995605469
2654.83971720651	1422.27001953125
2656.99514630167	1420.30493164063
2659.1499474045	1418.33996582031
2661.30412076857	1416.55004882813
2663.45766664734	1414.92004394531
2665.61058529411	1418.77001953125
2667.76287696204	1416.68994140625
2669.91454190418	1418.44995117188
2672.06558037342	1420.2099609375
2674.21599262253	1421.96997070313
2676.36577890413	1418.51000976563
2678.51493947072	1422.32995605469
2680.66347457466	1420.61999511719
2682.81138446816	1420.82995605469
2684.95866940332	1425.81994628906
2687.10532963209	1423.44995117188
2689.25136540628	1421.07995605469
2691.39677697757	1418.7099609375
2693.54156459752	1416.97998046875
2695.68572851753	1416.42004394531
2697.82926898888	1413.68005371094
2699.97218626272	1426.21997070313
2702.11448059006	1428.96997070313
2704.25615222175	1427.55004882813
2706.39720140856	1426.71997070313
2708.53762840109	1424.68005371094
2710.67743344979	1424.94995117188
2712.81661680503	1428.25
2714.95517871698	1432.61999511719
2717.09311943574	1431.10998535156
2719.23043921123	1429.55004882813
2721.36713829325	1440.06005859375
2723.50321693148	1442.92004394531
2725.63867537545	1438.81994628906
2727.77351387456	1442.03002929688
2729.90773267809	1442.55004882813
2732.04133203516	1442.9375
2734.17431219478	1443.32495117188
2736.30667340581	1443.71252441406
2738.438415917	1444.09997558594
2740.56953997695	1442.81994628906
2742.70004583414	1439.35998535156
2744.82993373688	1433.85998535156
2746.9592039334	1431.88000488281
2749.08785667177	1433.27001953125
2751.21589219993	1433.77001953125
2753.34331076568	1435.11999511719
2755.4701126167	1436.46997070313
2757.59629800054	1437.81994628906
2759.7218671646	1432.98999023438
2761.84682035617	1430.18005371094
2763.9711578224	1427.31994628906
2766.0948798103	1432.2099609375
2768.21798656676	1435.69995117188
2770.34047833852	1434.044921875
2772.46235537222	1432.39001464844
2774.58361791434	1428.51000976563
2776.70426621124	1426.35998535156
2778.82430050915	1425.06994628906
2780.94372105416	1424.18005371094
2783.06252809224	1429.84997558594
2785.18072186922	1432.44995117188
2787.29830263081	1433.31005859375
2789.41527062257	1434.17004394531
2791.53162608996	1427.97998046875
2793.64736927828	1427.76000976563
2795.76250043271	1428.34997558594
2797.8770197983	1428.93994140625
2799.99092761997	1429.03002929688
2802.10422414252	1436.68994140625
2804.21690961059	1440.64001464844
2806.32898426873	1443.80004882813
2808.44044836132	1448.58996582031
2810.55130213264	1456.81005859375
2812.66154582682	1454.73999023438
2814.77117968788	1452.7099609375
2816.8802039597	1450.92004394531
2818.98861888601	1458.34997558594
2821.09642471046	1464.57995605469
2823.20362167653	1466.71997070313
2825.31021002756	1471.09997558594
2827.41619000682	1474.65002441406
2829.52156185738	1482.31994628906
2831.62632582224	1488.68994140625
2833.73048214422	1490.75
2835.83403106606	1499.64001464844
2837.93697283033	1517.61999511719
2840.03930767951	1524.85998535156
2842.1410358559	1530.93994140625
2844.24215760173	1534.68005371094
2846.34267315905	1556.2900390625
2848.44258276982	1580.30004882813
2850.54188667585	1599.09997558594
2852.64058511883	1623.38000488281
2854.73867834032	1642.52001953125
2856.83616658175	1660.23999023438
2858.93305008443	1679.46997070313
2861.02932908952	1697.31005859375
2863.12500383809	1737.01000976563
2865.22007457104	1778.22998046875
2867.31454152918	1817.96997070313
2869.40840495316	1842.08996582031
2871.50166508353	1863.89001464844
2873.59432216069	1896
2875.68637642493	1920.22998046875
2877.77782811641	1944.13000488281
2879.86867747515	1948.90002441406
2881.95892474105	1952.56005859375
2884.0485701539	1959.0400390625
2886.13761395333	1953.22998046875
2888.22605637886	1967.90002441406
2890.3138976699	1977.28002929688
2892.40113806571	1987.77001953125
2894.48777780544	2005.51000976563
2896.57381712808	2018.92004394531
2898.65925627254	2026.34997558594
2900.74409547758	2044.06994628906
2902.82833498183	2056.05004882813
2904.9119750238	2068.63989257813
2906.99501584188	2083.10009765625
2909.07745767432	2106.19995117188
2911.15930075925	2136.94995117188
2913.24054533469	2176.11010742188
2915.3211916385	2205.14990234375
2917.40123990846	2232.51000976563
2919.48069038217	2276.169921875
2921.55954329716	2321.80004882813
2923.63779889079	2356.32006835938
2925.71545740033	2367.31005859375
2927.79251906289	2350.2099609375
2929.86898411548	2349.3701171875
2931.94485279498	2378.60009765625
2934.02012533815	2410.18994140625
2936.0948019816	2422.59008789063
2938.16888296184	2415.42993164063
2940.24236851525	2401.31005859375
2942.31525887809	2376.2900390625
2944.38755428648	2339.63989257813
2946.45925497643	2313.71997070313
2948.53036118382	2278.35009765625
2950.6008731444	2248.92993164063
2952.67079109381	2212.43994140625
2954.74011526755	2178.44995117188
2956.80884590101	2145.85009765625
2958.87698322944	2119.3798828125
2960.94452748799	2094.8798828125
2963.01147891167	2077.40991210938
2965.07783773535	2060.68994140625
2967.14360419382	2050.77001953125
2969.2087785217	2053.73999023438
2971.27336095352	2036.71997070313
2973.33735172366	2000.71997070313
2975.40075106641	1973.9599609375
2977.46355921591	1958.39001464844
2979.52577640618	1949.56994628906
2981.58740287112	1944.67004394531
2983.64843884452	1920.31005859375
2985.70888456003	1887.01000976563
2987.76874025117	1867.84997558594
2989.82800615137	1849.43005371094
2991.88668249391	1823.83996582031
2993.94476951194	1810.40002441406
2996.00226743852	1806.10998535156
2998.05917650657	1778.72998046875
3000.11549694887	1748.80004882813
3002.17122899812	1722.48999023438
3004.22637288685	1705.97998046875
3006.2809288475	1689.69995117188
3008.33489711238	1683.94995117188
3010.38827791368	1663.68005371094
3012.44107148345	1649.96997070313
3014.49327805366	1637.10998535156
3016.5448978561	1625.22998046875
3018.59593112249	1625.9599609375
3020.64637808441	1623.5
3022.6962389733	1618.65002441406
3024.74551402051	1603.31994628906
3026.79420345725	1583.69995117188
3028.84230751461	1578.9599609375
3030.88982642357	1580.31005859375
3032.93676041497	1579.56005859375
3034.98310971955	1574.32995605469
3037.02887456791	1582.22998046875
3039.07405519054	1589.92004394531
3041.11865181781	1592.05004882813
3043.16266467996	1593.30004882813
3045.20609400713	1593.85998535156
3047.24894002932	1607.34997558594
3049.2912029764	1616.06005859375
3051.33288307815	1617.01000976563
3053.37398056421	1614.05004882813
3055.41449566411	1606.81005859375
3057.45442860725	1617.27001953125
3059.49377962291	1639.92004394531
3061.53254894026	1654.33996582031
3063.57073678834	1662.30004882813
3065.60834339607	1657.76000976563
3067.64536899227	1644.4599609375
3069.68181380561	1635.56005859375
3071.71767806467	1629.32995605469
3073.75296199788	1626.06005859375
3075.78766583357	1616.56994628906
3077.82178979997	1611.89001464844
3079.85533412513	1600.7099609375
3081.88829903705	1582.57995605469
3083.92068476356	1569.2900390625
3085.95249153241	1563.78002929688
3087.98371957119	1559.67004394531
3090.01436910741	1558.78002929688
3092.04444036844	1559.56994628906
3094.07393358152	1563.32995605469
3096.10284897381	1563.15002441406
3098.13118677232	1558.80004882813
3100.15894720395	1545.53002929688
3102.18613049548	1543.93994140625
3104.21273687357	1549.56005859375
3106.23876656477	1545.93994140625
3108.2642197955	1539.67004394531
3110.28909679208	1533.75
3112.31339778069	1527.17004394531
3114.33712298741	1526.06005859375
3116.36027263819	1534.84997558594
3118.38284695887	1541.31005859375
3120.40484617516	1547.77001953125
3122.42627051268	1538.47998046875
3124.4471201969	1535.35998535156
3126.46739545319	1541.46997070313
3128.4870965068	1541.76000976563
3130.50622358287	1542.05004882813
3132.5247769064	1537.30004882813
3134.54275670229	1538.77001953125
3136.56016319534	1540.11999511719
3138.57699661019	1540.22998046875
3140.59325717139	1536.7900390625
3142.60894510338	1535.0400390625
3144.62406063047	1538.01000976563
3146.63860397686	1537.34997558594
3148.65257536662	1542.02001953125
3150.66597502371	1550.61999511719
3152.67880317199	1549.93005371094
3154.69106003518	1548.0400390625
3156.70274583691	1548.19995117188
3158.71386080065	1551.31005859375
3160.72440514981	1551.80004882813
3162.73437910763	1552.13000488281
3164.74378289728	1555.82995605469
3166.75261674179	1561.48999023438
3168.76088086407	1559.66003417969
3170.76857548692	1561.86999511719
3172.77570083303	1566.23999023438
3174.78225712498	1566.46997070313
3176.78824458521	1570.10998535156
3178.79366343607	1568.39331054688
3180.79851389977	1566.67663574219
3182.80279619844	1564.9599609375
3184.80651055405	1565.2099609375
3186.80965718849	1565.22998046875
3188.81223632353	1562.89001464844
3190.81424818081	1569.31994628906
3192.81569298186	1571.68994140625
3194.8165709481	1570.09997558594
3196.81688230084	1567.60998535156
3198.81662726126	1573.6650390625
3200.81580605044	1579.71997070313
3202.81441888933	1578.5
3204.81246599879	1568.82995605469
3206.80994759954	1576.51000976563
3208.80686391219	1577.66003417969
3210.80321515726	1584.46997070313
3212.79900155512	1594.31994628906
3214.79422332605	1592.1298828125
3216.78888069021	1589.93994140625
3218.78297386765	1587.27001953125
3220.77650307828	1587.61999511719
3222.76946854195	1594.98999023438
3224.76187047834	1594.78002929688
3226.75370910705	1596.92004394531
3228.74498464755	1604.0400390625
3230.73569731921	1608.5400390625
3232.72584734127	1604.75
3234.71543493287	1605.41003417969
3236.70446031304	1597.17004394531
3238.69292370068	1600.64001464844
3240.68082531459	1614.57995605469
3242.66816537345	1611.66003417969
3244.65494409583	1612.17004394531
3246.6411617002	1616.16003417969
3248.62681840488	1611.84997558594
3250.61191442812	1610.90002441406
3252.59644998804	1606.10998535156
3254.58042530263	1601.93005371094
3256.56384058979	1603.75
3258.54669606731	1613.86999511719
3260.52899195285	1616.16003417969
3262.51072846396	1614.86999511719
3264.4919058181	1607.97998046875
3266.47252423259	1615.89001464844
3268.45258392464	1626.07995605469
3270.43208511138	1629.76000976563
3272.41102800978	1637.2900390625
3274.38941283675	1634.22998046875
3276.36723980904	1636.05004882813
3278.34450914332	1646.07995605469
3280.32122105613	1649.08996582031
3282.29737576392	1654.61999511719
3284.272973483	1650.18994140625
3286.24801442958	1647.68005371094
3288.22249881978	1642.2099609375
3290.19642686957	1644.58996582031
3292.16979879485	1647.67004394531
3294.14261481136	1646.81994628906
3296.11487513478	1650.14001464844
3298.08657998065	1643.85998535156
3300.0577295644	1642.46997070313
3302.02832410136	1644.419921875
3303.99836380673	1646.36999511719
3305.96784889563	1641.97998046875
3307.93677958303	1644.69995117188
3309.90515608383	1639.57995605469
3311.87297861278	1631.35998535156
3313.84024738456	1630.16003417969
3315.80696261371	1635.27001953125
3317.77312451466	1635.55004882813
3319.73873330175	1629.33996582031
3321.70378918919	1620.58996582031
3323.66829239109	1612.43005371094
3325.63224312145	1609.41003417969
3327.59564159416	1605.68994140625
3329.55848802299	1611.25
3331.52078262162	1619.10998535156
3333.4825256036	1618.56994628906
3335.44371718237	1610.82995605469
3337.40435757128	1600.75
3339.36444698356	1596.91003417969
3341.32398563232	1596.09997558594
3343.28297373058	1603.64001464844
3345.24141149124	1601.96508789063
3347.19929912709	1600.2900390625
3349.15663685081	1594.28002929688
3351.11342487497	1600.02001953125
3353.06966341204	1610
3355.02535267437	1605.36999511719
3356.98049287421	1589.93005371094
3358.9350842237	1590.06994628906
3360.88912693486	1581.61999511719
3362.84262121962	1582.2099609375
3364.79556728978	1588.91003417969
3366.74796535705	1590.68994140625
3368.69981563302	1592.48999023438
3370.65111832917	1596.13000488281
3372.60187365689	1589.38000488281
3374.55208182744	1589.42004394531
3376.50174305198	1579.33996582031
3378.45085754157	1571.91003417969
3380.39942550714	1571.23999023438
3382.34744715954	1564.02001953125
3384.29492270949	1560.56994628906
3386.24185236761	1565.83996582031
3388.18823634442	1560.38000488281
3390.13407485031	1555.60998535156
3392.07936809559	1560.86999511719
3394.02411629045	1561.68005371094
3395.96831964496	1565.23999023438
3397.91197836911	1565.53002929688
3399.85509267275	1567.53002929688
3401.79766276564	1556.18994140625
3403.73968885745	1550.52001953125
3405.68117115771	1542.86999511719
3407.62210987586	1536.28002929688
3409.56250522123	1532.39001464844
3411.50235740305	1526.32995605469
3413.44166663043	1527.11999511719
3415.38043311238	1534.92004394531
3417.3186570578	1536.01000976563
3419.2563386755	1536.88000488281
3421.19347817415	1537.2099609375
3423.13007576235	1542.41003417969
3425.06613164857	1538.5400390625
3427.00164604118	1532.5400390625
3428.93661914844	1529.75
3430.87105117852	1534.32995605469
3432.80494233945	1537.16003417969
3434.73829283919	1535.40002441406
3436.67110288558	1519.30004882813
3438.60337268634	1518.89001464844
3440.53510244911	1522.33996582031
3442.4662923814	1523.31994628906
3444.39694269064	1518.73999023438
3446.32705358412	1512.0400390625
3448.25662526905	1508.7900390625
3450.18565795254	1506.94995117188
3452.11415184156	1509.96997070313
3454.04210714302	1505.0400390625
3455.96952406369	1505.23999023438
3457.89640281024	1510.33996582031
3459.82274358924	1511.61999511719
3461.74854660717	1507.91003417969
3463.67381207038	1496.9599609375
3465.59854018513	1486.19995117188
3467.52273115756	1477.41003417969
3469.44638519373	1471.75
3471.36950249956	1471.97998046875
3473.29208328091	1472.28002929688
3475.21412774349	1473.71508789063
3477.13563609293	1475.15002441406
3479.05660853476	1473.72998046875
3480.97704527438	1472.55004882813
3482.89694651712	1468.81994628906
3484.81631246818	1465.41003417969
3486.73514333266	1462.94995117188
3488.65343931557	1453.32995605469
3490.57120062179	1448.76000976563
3492.48842745612	1432.58996582031
3494.40512002324	1429.25
3496.32127852773	1441.07995605469
3498.23690317408	1444.25
3500.15199416666	1439.93994140625
3502.06655170974	1437.43994140625
3503.98057600749	1433.0400390625
3505.89406726396	1427.83996582031
3507.80702568312	1427.41003417969
3509.71945146883	1423.41003417969
3511.63134482483	1422.31005859375
3513.54270595478	1418.88000488281
3515.45353506222	1418.68005371094
3517.3638323506	1415.31994628906
3519.27359802324	1410.21997070313
3521.1828322834	1411.75
3523.09153533419	1407.34997558594
3524.99970737866	1406.4599609375
3526.90734861972	1412.02001953125
3528.81445926021	1410.56994628906
3530.72103950283	1402.43994140625
3532.62708955022	1398.01000976563
3534.53260960488	1393.5400390625
3536.43759986923	1384.68005371094
3538.34206054558	1380.5
3540.24599183613	1374.91003417969
3542.149393943	1369.82995605469
3544.05226706817	1368.46997070313
3545.95461141357	1369.7900390625
3547.85642718097	1365.25
3549.75771457208	1368.53002929688
3551.6584737885	1367.71997070313
3553.55870503171	1362.59997558594
3555.4584085031	1362.46997070313
3557.35758440396	1361.9599609375
3559.25623293548	1358.38000488281
3561.15435429874	1356.91003417969
3563.05194869473	1348.53002929688
3564.94901632432	1345.92004394531
3566.84555738829	1349.63000488281
3568.74157208732	1349.46997070313
3570.63706062199	1346.07995605469
3572.53202319277	1352.40002441406
3574.42646000003	1347.22998046875
3576.32037124406	1339.82995605469
3578.213757125	1344.28002929688
3580.10661784295	1342.39001464844
3581.99895359786	1344.09997558594
3583.8907645896	1342.56994628906
3585.78205101794	1340.10998535156
3587.67281308254	1340.02001953125
3589.56305098297	1341.05004882813
3591.4527649187	1339.72998046875
3593.34195508907	1330.18994140625
3595.23062169338	1332.06005859375
3597.11876493075	1331.64001464844
3599.00638500027	1329.44995117188
3600.89348210089	1327.51000976563
3602.78005643148	1331.82336425781
3604.66610819078	1336.13659667969
3606.55163757747	1340.44995117188
3608.4366447901	1331.16003417969
3610.32113002713	1323.40002441406
3612.20509348693	1320.73999023438
3614.08853536774	1313.58996582031
3615.97145586773	1308.82995605469
3617.85385518497	1308.42004394531
3619.7357335174	1308.28002929688
3621.61709106289	1300.9599609375
3623.4979280192	1297.0400390625
3625.37824458399	1296.91003417969
3627.25804095482	1297.96997070313
3629.13731732915	1294.48999023438
3631.01607390435	1295.47998046875
3632.89431087767	1295.26000976563
3634.77202844629	1296.01000976563
3636.64922680726	1292.65002441406
3638.52590615754	1291.60998535156
3640.40206669402	1294.18994140625
3642.27770861344	1293.96667480469
3644.15283211248	1293.74328613281
3646.02743738771	1293.52001953125
3647.90152463559	1292.26000976563
3649.77509405251	1291.89001464844
3651.64814583473	1285.81994628906
3653.52068017842	1288.30004882813
3655.39269727965	1283.58996582031
3657.26419733442	1273.60998535156
3659.13518053858	1271.26000976563
3661.00564708793	1273.18994140625
3662.87559717814	1273.07995605469
3664.7450310048	1270.06994628906
3666.61394876338	1268.58996582031
3668.48235064928	1265.34997558594
3670.35023685779	1269.58996582031
3672.21760758409	1265.36999511719
3674.08446302327	1259.61999511719
3675.95080337033	1257.97998046875
3677.81662882017	1258.15002441406
3679.68193956758	1257.08996582031
3681.54673580727	1257.3349609375
3683.41101773383	1257.57995605469
3685.27478554178	1256.19995117188
3687.13803942551	1255.9599609375
3689.00077957934	1257.56994628906
3690.86300619748	1253.5400390625
3692.72471947405	1246.52001953125
3694.58591960306	1237.41003417969
3696.44660677844	1240.91003417969
3698.306781194	1247.17004394531
3700.16644304348	1246.05004882813
3702.02559252049	1250.41003417969
3703.88422981859	1249.07995605469
3705.74235513119	1249.13000488281
3707.59996865164	1248.60998535156
3709.45707057318	1247.75
3711.31366108895	1240.5
3713.16974039199	1236.56994628906
3715.02530867527	1225.60998535156
3716.88036613164	1223.36999511719
3718.73491295385	1217.94995117188
3720.58894933456	1213.77001953125
3722.44247546634	1218.05004882813
3724.29549154166	1222.56994628906
3726.14799775289	1224.18994140625
3727.9999942923	1221.69995117188
3729.85148135209	1219.2099609375
3731.70245912432	1217.93994140625
3733.55292780098	1216.75
3735.40288757397	1212.52001953125
3737.25233863509	1214.09997558594
3739.10128117603	1214.53002929688
3740.9497153884	1212.31994628906
3742.7976414637	1209.52001953125
3744.64505959335	1212.78002929688
3746.49196996866	1213.49499511719
3748.33837278086	1214.2099609375
3750.18426822108	1211.56994628906
3752.02965648033	1214.71997070313
3753.87453774956	1213.71496582031
3755.7189122196	1212.7099609375
3757.5627800812	1212.2099609375
3759.40614152501	1209.2900390625
3761.24899674159	1204.43005371094
3763.09134592138	1200.26000976563
3764.93318925476	1210.68994140625
3766.77452693199	1217.89001464844
3768.61535914325	1215.14001464844
3770.45568607861	1210.73999023438
3772.29550792807	1203.38000488281
3774.1348248815	1201.58996582031
3775.9736371287	1196.67004394531
3777.81194485938	1200.06994628906
