32.6816976106991	717.559997558594
35.6535599501435	717.405029296875
38.6244374909659	717.5
41.5943306947054	717.369995117188
44.5632400226282	717.409973144531
47.5311659356917	717.224975585938
50.4981088945929	717.169982910156
53.4640693597127	717.244995117188
56.4290477911676	717.169982910156
59.3930446487746	717.179992675781
62.356060392067	717.190002441406
65.3180954802906	717.255004882813
68.2791503724084	717.190002441406
71.2392255270922	717.22998046875
74.1983214027271	717.304992675781
77.1564384574159	717.279968261719
80.113577148983	717.255004882813
83.0697379349549	717.22998046875
86.0249212725722	717.239990234375
88.9791276188058	717.390014648438
91.9323574303255	717.409973144531
94.8846111635238	717.554992675781
97.8358892745121	717.700012207031
100.786192219114	717.52001953125
103.73552045287	717.635009765625
106.683874431037	717.75
109.631254608583	717.924987792969
112.577661440203	717.950012207031
115.523095380307	718.190002441406
118.467556883015	718.89501953125
121.411046402175	719.674987792969
124.353564391344	721.440002441406
127.295111303796	723.765014648438
130.235687592532	728.780029296875
133.175293710265	737.005004882813
136.113930109434	750.5
139.051597242185	771.239990234375
141.98829556039	798.085021972656
144.92402551564	833.109985351563
147.858787559244	871.280029296875
150.792582142239	909.690002441406
153.725409715372	943.515014648438
156.65727072911	970.02001953125
159.588165633643	991.289978027344
162.518094878884	1008.38000488281
165.447058914469	1021.21502685547
168.375058189747	1025.01501464844
171.302093153792	1029.09497070313
174.228164255401	1030.44995117188
177.153271943091	1035.16003417969
180.077416665101	1042.11499023438
183.000598869394	1047.10498046875
185.922819003656	1050.34997558594
188.84407751529	1052.60498046875
191.764374851424	1061.9150390625
194.683711458919	1069.69494628906
197.60208778434	1077.05505371094
200.519504273992	1086.80505371094
203.435961373894	1098.14501953125
206.351459529801	1113.46496582031
209.265999187174	1131.77502441406
212.179580791207	1153.63000488281
215.092204786825	1176.38000488281
218.003871618673	1198
220.914581731116	1217.88500976563
223.824335568247	1234.14001464844
226.733133573893	1251.78002929688
229.640976191593	1267.30505371094
232.547863864614	1281.75500488281
235.453797035961	1294.10498046875
238.358776148354	1300.52502441406
241.26280164424	1304
244.1658739658	1309.69494628906
247.067993554929	1311.94995117188
249.969160853266	1308.72497558594
252.869376302162	1311.13500976563
255.768640342707	1311.14831542969
258.666953415705	1311.16174316406
261.564315961705	1311.17504882813
264.46072842097	1311.68005371094
267.356191233499	1311.06494140625
270.25070483901	1307.67004394531
273.144269676967	1309.0849609375
276.036886186551	1312.05505371094
278.928554806671	1311.46496582031
281.819275975966	1307.30004882813
284.709050132812	1302.68505859375
287.597877715306	1303.57495117188
290.485759161281	1308.47998046875
293.372694908298	1309.31494140625
296.258685393644	1310.15002441406
299.143731054352	1306.63000488281
302.027832327156	1305.36999511719
304.910989648557	1309.51501464844
307.79320345476	1307.93505859375
310.674474181717	1307.61999511719
313.554802265101	1307.06994628906
316.434188140326	1307.49499511719
319.312632242533	1303.17004394531
322.190135006593	1302.81005859375
325.066696867117	1304.50500488281
327.942318258443	1301.31005859375
330.816999614641	1304.91003417969
333.690741369517	1305.78002929688
336.56354395661	1305.66003417969
339.435407809193	1303.85998535156
342.306333360273	1298.82495117188
345.176321042591	1293.19494628906
348.045371288612	1285.40002441406
350.913484530551	1286.76000976563
353.78066120035	1291.80505371094
356.64690172969	1295.6650390625
359.512206549972	1295.41748046875
362.376576092357	1295.17004394531
365.240010787716	1290.96496582031
368.102511066677	1287.47497558594
370.964077359587	1286.01000976563
373.82471009654	1286.64501953125
376.684409707364	1289.2099609375
379.543176621612	1287.9150390625
382.401011268595	1284.40002441406
385.257914077343	1283.90002441406
388.113885476627	1282.31005859375
390.968925894961	1285.71997070313
393.823035760591	1292.15502929688
396.676215501503	1297.46496582031
399.528465545415	1303.7900390625
402.379786319791	1309.88000488281
405.230178251834	1314.83996582031
408.079641768472	1313.39001464844
410.928177296387	1308.67004394531
413.775785261992	1302.53503417969
416.622466091445	1310.57995605469
419.468220210631	1325.125
422.313048045182	1328.625
425.156950020479	1328
427.999926561623	1326.70495605469
430.841978093471	1323.15002441406
433.683105040613	1324.21997070313
436.523307827384	1319.38000488281
439.362586877851	1315.91003417969
442.200942615829	1314.89501953125
445.038375464876	1315.82495117188
447.874885848283	1316.69494628906
450.710474189089	1320.35498046875
453.54514091007	1319.3349609375
456.37888643375	1313.125
459.211711182386	1310.34497070313
462.043615577986	1303.26000976563
464.874600042297	1303.21997070313
467.704664996804	1303.51501464844
470.533810862741	1309.22497558594
473.36203806108	1311.88000488281
476.189347012547	1312.41003417969
479.015738137594	1310.32495117188
481.841211856432	1304.43994140625
484.665768589008	1309.85498046875
487.489408755009	1313.92504882813
490.312132773878	1315.75500488281
493.133941064796	1320.14501953125
495.954834046683	1317.03002929688
498.77481213821	1313.81994628906
501.593875757797	1318.18005371094
504.412025323601	1324.25500488281
507.229261253524	1327.91003417969
510.045583965226	1332.02502441406
512.860993876093	1331.31005859375
515.675491403271	1329.92504882813
518.489076963649	1330.71997070313
521.301750973863	1330.28002929688
524.113513850293	1331.91003417969
526.924366009065	1326.47497558594
529.734307866052	1322.78503417969
532.543339836881	1320.78002929688
535.35146233692	1322.17004394531
538.158675781281	1316.84497070313
540.964980584833	1315.31005859375
543.770377162182	1313.97998046875
546.574865927692	1315.23498535156
549.378447295465	1316.74499511719
552.181121679365	1313.54504394531
554.982889492993	1311.23999023438
557.783751149701	1309.78503417969
560.583707062591	1309.71997070313
563.38275764452	1306.31994628906
566.180903308083	1300.48999023438
568.978144465633	1296.55505371094
571.774481529266	1299.02001953125
574.569914910839	1300.43005371094
577.364445021949	1301.35498046875
580.158072273946	1302.28002929688
582.950797077926	1296.01501464844
585.742619844752	1292.94995117188
588.533540985018	1292.53002929688
591.323560909078	1292.27001953125
594.112680027034	1290.82995605469
596.90089874875	1292.44494628906
599.688217483828	1292.65002441406
602.474636641629	1290.17004394531
605.260156631263	1283.27502441406
608.044777861596	1281.70495605469
610.828500741241	1288.71496582031
613.611325678567	1289.21496582031
616.393253081697	1291.32495117188
619.174283358506	1291.47497558594
621.954416916616	1297.17504882813
624.733654163414	1296.23669433594
627.511995506029	1295.29833984375
630.289441351351	1294.35998535156
633.065992106022	1290.02502441406
635.841648176434	1287.23999023438
638.616409968744	1287.91003417969
641.390277888847	1288.88000488281
644.163252342408	1293.81494140625
646.93533373484	1299.09497070313
649.706522471307	1303.47998046875
652.47681895674	1304.625
655.246223595811	1302.17004394531
658.014736792957	1299.125
660.782358952371	1300.67504882813
663.549090477999	1303.30004882813
666.314931773542	1305.375
669.079883242452	1304.05004882813
671.843945287955	1305.73498535156
674.607118313019	1305.11499023438
677.369402720366	1304.79248046875
680.130798912488	1304.46997070313
682.891307291627	1303.57495117188
685.650928259784	1304.625
688.409662218708	1307.82495117188
691.167509569927	1307.43005371094
693.924470714705	1309.48754882813
696.680546054078	1311.54504394531
699.435735988832	1308.48498535156
702.190040919516	1305
704.943461246442	1311.05505371094
707.695997369667	1315.28503417969
710.447649689022	1317.40002441406
713.198418604088	1318.35498046875
715.948304514206	1317.43005371094
718.697307818481	1313.30505371094
721.445428915779	1312.44995117188
724.192668204716	1317.91003417969
726.93902608368	1319.43505859375
729.684502950805	1321.59497070313
732.429099204005	1319.65747070313
735.172815240936	1317.71997070313
737.915651459026	1315.39001464844
740.657608255463	1316.81994628906
743.398686027186	1320.48498535156
746.13888517091	1321.71997070313
748.878206083102	1326.48999023438
751.616649159998	1329.78503417969
754.354214797584	1329.29504394531
757.09090339162	1332.43994140625
759.826715337622	1334.52502441406
762.561651030868	1327.80505371094
765.295710866406	1324.71997070313
768.028895239041	1318.81494140625
770.761204543336	1317.11999511719
773.492639173626	1314.40502929688
776.223199524006	1310.46997070313
778.952885988334	1307.125
781.681698960235	1299.39001464844
784.40963883309	1301.34497070313
787.136706000052	1303.10998535156
789.862900854037	1303.4599609375
792.588223787721	1302.02502441406
795.312675193549	1296.99499511719
798.036255463728	1295.00500488281
800.758964990228	1300.46997070313
803.480804164792	1306.17504882813
806.201773378919	1306.92504882813
808.921873023884	1312.57495117188
811.641103490712	1313.56494140625
814.359465170214	1314.32495117188
817.076958452946	1319.125
819.793583729246	1324.95495605469
822.509341389214	1336.69494628906
825.224231822712	1337.6650390625
827.938255419375	1343.27001953125
830.651412568596	1352.73498535156
833.363703659544	1361.08996582031
836.075129081157	1364.88000488281
838.785689222127	1368.50500488281
841.495384470928	1370.86999511719
844.204215215788	1365.77502441406
846.912181844721	1366.45495605469
849.619284745491	1375.25500488281
852.325524305638	1386.29504394531
855.030900912475	1388.09497070313
857.735414953079	1389.69494628906
860.439066814289	1392.31994628906
863.141856882725	1389.73999023438
865.843785544769	1384.94494628906
868.544853186571	1381.72998046875
871.245060194063	1378.45495605469
873.944406952925	1378.36499023438
876.642893848625	1377.75500488281
879.340521266398	1376.06994628906
882.037289591241	1378.81994628906
884.733199207927	1385.39501953125
887.428250501001	1389.48498535156
890.122443854778	1390.42004394531
892.815779653335	1385.14001464844
895.508258280534	1384.33996582031
898.199880119997	1390.41003417969
900.890645555129	1392.43505859375
903.580554969094	1395.07995605469
906.269608744832	1390.96997070313
908.957807265056	1390.61499023438
911.645150912257	1389.90002441406
914.331640068689	1385.15002441406
917.017275116375	1383.40002441406
919.702056437128	1389.30004882813
922.385984412518	1397.10998535156
925.069059423886	1401.15502929688
927.751281852366	1405.95495605469
930.432652078842	1407.47998046875
933.113170483983	1403.43994140625
935.79283744823	1405.56005859375
938.471653351806	1407.43005371094
941.149618574686	1412.86499023438
943.826733496641	1414.89501953125
946.502998497206	1419.84497070313
949.178413955689	1414.31005859375
951.85298025118	1416.72998046875
954.526697762544	1415.32495117188
957.199566868403	1411.7099609375
959.87158794718	1413.99499511719
962.542761377054	1414.52502441406
965.213087535987	1413.17993164063
967.882566801719	1411.8349609375
970.551199551761	1411.72998046875
973.218986163399	1409.40002441406
975.885927013698	1404.76501464844
978.552022479501	1406.5400390625
981.217272937423	1407.39501953125
983.88167876386	1408.03002929688
986.545240334978	1409.44995117188
989.207958026729	1413.64501953125
991.869832214835	1424.67004394531
994.530863274798	1440.57495117188
997.191051581895	1458.05505371094
999.850397511185	1484.0849609375
1002.50890143751	1520.46997070313
1005.16656373546	1541.66003417969
1007.82338477944	1545.72998046875
1010.47936494363	1539.7099609375
1013.13450460195	1524.54504394531
1015.78880412815	1496.38500976563
1018.44226389572	1462.77502441406
1021.09488427794	1440.81494140625
1023.74666564789	1425.30004882813
1026.3976083784	1421.04504394531
1029.04771284208	1421.9599609375
1031.69697941135	1427.86499023438
1034.34540845838	1435.19995117188
1036.99300035512	1438.63500976563
1039.63975547333	1439.83996582031
1042.28567418452	1434.81994628906
1044.93075685998	1434.11999511719
1047.57500387081	1435.21997070313
1050.21841558786	1430.13000488281
1052.86099238177	1429.27502441406
1055.50273462297	1426.48498535156
1058.14364268167	1427.49499511719
1060.78371692784	1434.53503417969
1063.42295773126	1441.81994628906
1066.06136546148	1448.66003417969
1068.69894048781	1444.00244140625
1071.33568317939	1439.34497070313
1073.9715939051	1439.31994628906
1076.60667303362	1434.61999511719
1079.24092093341	1426.60498046875
1081.87433797271	1426.59497070313
1084.50692451954	1424.43505859375
1087.13868094172	1426.19494628906
1089.76960760684	1421.27502441406
1092.39970488226	1422.09997558594
1095.02897313516	1418.51501464844
1097.65741273246	1414.6650390625
1100.28502404089	1412.98498535156
1102.91180742697	1412.72998046875
1105.53776325698	1413.03002929688
1108.16289189701	1413.27001953125
1110.78719371291	1413.59252929688
1113.41066907033	1413.9150390625
1116.0333183347	1417.06994628906
1118.65514187124	1423.21496582031
1121.27614004495	1423.55004882813
1123.89631322061	1426.93005371094
1126.51566176279	1428.03002929688
1129.13418603585	1431.21496582031
1131.75188640394	1428.04504394531
1134.36876323098	1420.22497558594
1136.98481688069	1408.72497558594
1139.60004771655	1396.38000488281
1142.21445610187	1383.5400390625
1144.82804239972	1377.81994628906
1147.44080697295	1372.71997070313
1150.05275018421	1381.54504394531
1152.66387239593	1390.13500976563
1155.27417397034	1393.06494140625
1157.88365526943	1399.20495605469
1160.49231665502	1404.4150390625
1163.10015848867	1403.29504394531
1165.70718113176	1401.93005371094
1168.31338494544	1397.78002929688
1170.91877029067	1388.03002929688
1173.52333752817	1383.89501953125
1176.12708701847	1380.93994140625
1178.73001912187	1379.82495117188
1181.33213419848	1385.0849609375
1183.93343260819	1383.78002929688
1186.53391471068	1375.93005371094
1189.13358086539	1371.06494140625
1191.73243143161	1371.11999511719
1194.33046676836	1372.07995605469
1196.92768723449	1373.06994628906
1199.52409318861	1375.56994628906
1202.11968498915	1380.44494628906
1204.7144629943	1383.23999023438
1207.30842756206	1389.85498046875
1209.90157905021	1398.77001953125
1212.49391781634	1406.88500976563
1215.08544421779	1408.85498046875
1217.67615861174	1406.57751464844
1220.26606135512	1404.30004882813
1222.85515280468	1399.15502929688
1225.44343331694	1398.23498535156
1228.03090324823	1399.93005371094
1230.61756295466	1405.24499511719
1233.20341279213	1411.10998535156
1235.78845311634	1420.09497070313
1238.37268428278	1430.60498046875
1240.95610664673	1440.77502441406
1243.53872056325	1447.55505371094
1246.12052638722	1445.60998535156
1248.70152447329	1443.26501464844
1251.28171517591	1441.20495605469
1253.86109884934	1441.09497070313
1256.43967584759	1448.14501953125
1259.0174465245	1448.65002441406
1261.5944112337	1455.82995605469
1264.1705703286	1460.31994628906
1266.74592416241	1460.13500976563
1269.32047308814	1457.71997070313
1271.89421745858	1457.18994140625
1274.46715762633	1459.14001464844
1277.03929394377	1462.47497558594
1279.61062676308	1459.4599609375
1282.18115643624	1451.14001464844
1284.75088331502	1443
1287.31980775098	1443.84997558594
1289.88793009548	1449.875
1292.45525069969	1448.12670898438
1295.02176991454	1446.37829589844
1297.58748809078	1444.63000488281
1300.15240557897	1440.31494140625
1302.71652272942	1440.01501464844
1305.27983989229	1443.08996582031
1307.84235741749	1448.07995605469
1310.40407565475	1461.48999023438
1312.9649949536	1466.44494628906
1315.52511566335	1476.73999023438
1318.08443813311	1473.33996582031
1320.64296271181	1471.69494628906
1323.20068974815	1469.21496582031
1325.75761959063	1467.61999511719
1328.31375258756	1471.38500976563
1330.86908908704	1473.107421875
1333.42362943696	1474.82995605469
1335.97737398503	1470.47497558594
1338.53032307874	1472.11999511719
1341.08247706537	1475.82495117188
1343.63383629202	1480.92504882813
1346.18440110558	1480.31994628906
1348.73417185274	1466.92504882813
1351.28314887997	1460.1650390625
1353.83133253357	1448.19494628906
1356.37872315961	1434.11999511719
1358.92532110398	1424.92004394531
1361.47112671237	1417.02001953125
1364.01614033024	1409.22998046875
1366.56036230288	1401.7900390625
1369.10379297537	1394.6650390625
1371.64643269258	1388.125
1374.18828179921	1382.66003417969
1376.72934063972	1376.9599609375
1379.2696095584	1372.52001953125
1381.80908889932	1372.48498535156
1384.34777900637	1367.51000976563
1386.88568022323	1364.19494628906
1389.42279289337	1368.89001464844
1391.95911736009	1375.30505371094
1394.49465396645	1383.24499511719
1397.02940305537	1381.33837890625
1399.5633649695	1379.431640625
1402.09654005135	1377.52502441406
1404.6289286432	1373.81494140625
1407.16053108714	1375.92504882813
1409.69134772507	1381.99499511719
1412.22137889868	1386.92504882813
1414.75062494947	1386.44995117188
1417.27908621874	1380.28503417969
1419.80676304759	1383.89001464844
1422.33365577692	1389.31494140625
1424.85976474744	1391.56005859375
1427.38509029967	1392.90502929688
1429.90963277392	1396.65002441406
1432.4333925103	1408.27502441406
1434.95636984873	1416.84497070313
1437.47856512894	1423.81494140625
1439.99997869045	1445.68505859375
1442.5206108726	1464.16003417969
1445.04046201452	1478.83996582031
1447.55953245515	1496.8349609375
1450.07782253323	1515.57495117188
1452.59533258731	1513.41662597656
1455.11206295574	1511.25830078125
1457.62801397668	1509.09997558594
1460.14318598809	1503.18005371094
1462.65757932774	1487.84497070313
1465.1711943332	1468.46496582031
1467.68403134184	1450.43994140625
1470.19609069085	1431.54504394531
1472.70737271721	1411.19995117188
1475.21787775772	1390.73999023438
1477.72760614897	1372.08996582031
1480.23655822738	1344.14001464844
1482.74473432914	1324.26501464844
1485.25213479029	1311.48999023438
1487.75875994664	1296.76000976563
1490.26461013382	1292.04504394531
1492.76968568726	1288.47497558594
1495.27398694222	1282.96997070313
1497.77751423374	1275.74499511719
1500.28026789667	1276.21997070313
1502.78224826569	1279.72998046875
1505.28345567526	1280.89501953125
1507.78389045967	1278.60998535156
1510.28355295299	1280.10498046875
1512.78244348913	1280.18505859375
1515.28056240178	1282.71997070313
1517.77791002445	1284.19995117188
1520.27448669047	1285.29504394531
1522.77029273296	1286.69995117188
1525.26532848486	1280.02502441406
1527.75959427889	1283.375
1530.25309044764	1286.72998046875
1532.74581732344	1285.10498046875
1535.23777523847	1277.89001464844
1537.72896452471	1277.55505371094
1540.21938551394	1285.73498535156
1542.70903853778	1286.73999023438
1545.19792392761	1292.60998535156
1547.68604201466	1297.90502929688
1550.17339312997	1298.09497070313
1552.65997760434	1294.52502441406
1555.14579576845	1299.28002929688
1557.63084795275	1304.4150390625
1560.11513448749	1308.24499511719
1562.59865570276	1307.30004882813
1565.08141192845	1305.65002441406
1567.56340349426	1299.15502929688
1570.04463072969	1297.10998535156
1572.52509396406	1292.70495605469
1575.00479352652	1290.01501464844
1577.48372974599	1294.53503417969
1579.96190295124	1301.61999511719
1582.43931347083	1309.11999511719
1584.91596163314	1312.55004882813
1587.39184776636	1317.77001953125
1589.86697219849	1320.59997558594
1592.34133525734	1322.03002929688
1594.81493727054	1318.19995117188
1597.28777856553	1316.21496582031
1599.75985946955	1318.26000976563
1602.23118030968	1330.82995605469
1604.70174141278	1346.52502441406
1607.17154310555	1354.31994628906
1609.64058571449	1360.27001953125
1612.10886956591	1360.00500488281
1614.57639498595	1359.73999023438
1617.04316230054	1356.90002441406
1619.50917183543	1350.35498046875
1621.97442391621	1344.78503417969
1624.43891886825	1339.47497558594
1626.90265701674	1334.84997558594
1629.36563868671	1331.59497070313
1631.82786420296	1329.94995117188
1634.28933389016	1330.57995605469
1636.75004807274	1336.70495605469
1639.21000707498	1338.9599609375
1641.66921122097	1348.27001953125
1644.12766083459	1361.83996582031
1646.58535623956	1373.29504394531
1649.04229775941	1381.75
1651.4984857175	1392.2099609375
1653.95392043697	1405.06994628906
1656.40860224079	1420.06494140625
1658.86253145177	1429.65502929688
1661.3157083925	1433.7900390625
1663.76813338542	1431.52502441406
1666.21980675275	1432.15502929688
1668.67072881656	1429.56494140625
1671.1208998987	1425.05004882813
1673.57032032089	1412.64001464844
1676.0189904046	1401.51501464844
1678.46691047118	1393.33996582031
1680.91408084174	1380.9599609375
1683.36050183726	1365.86499023438
1685.8061737785	1350.56994628906
1688.25109698605	1330.31005859375
1690.69527178032	1314.80004882813
1693.13869848153	1300.04504394531
1695.58137740972	1287.96997070313
1698.02330888476	1280.14001464844
1700.46449322631	1268.18994140625
1702.90493075388	1251.88000488281
1705.34462178678	1238.78503417969
1707.78356664414	1232.76501464844
1710.22176564492	1227.5400390625
1712.65921910787	1224.82995605469
1715.0959273516	1222.42504882813
1717.53189069449	1219.27001953125
1719.9671094548	1212.0849609375
1722.40158395054	1207.73498535156
1724.8353144996	1207.63500976563
1727.26830141965	1207.52001953125
1729.70054502819	1207.09997558594
1732.13204564255	1205.26000976563
1734.56280357987	1203.19494628906
1736.99281915711	1202.13500976563
1739.42209269106	1202.44995117188
1741.85062449831	1205.57995605469
1744.27841489529	1206.01489257813
1746.70546419823	1206.44995117188
1749.13177272321	1203.94494628906
1751.5573407861	1201.32995605469
1753.98216870262	1200.98498535156
1756.40625678828	1201.64501953125
1758.82960535844	1201.06994628906
1761.25221472825	1200.64501953125
1763.67408521271	1199.59997558594
1766.09521712663	1198.01501464844
1768.51561078464	1198.3349609375
1770.93526650119	1198.67993164063
1773.35418459056	1199.02502441406
1775.77236536684	1197.73498535156
1778.18980914396	1196.3349609375
1780.60651623565	1193.72497558594
1783.02248695548	1197.625
1785.43772161684	1197.5849609375
1787.85222053292	1197.24499511719
1790.26598401677	1195.27502441406
1792.67901238123	1195.55004882813
1795.09130593899	1194.955078125
1797.50286500254	1194.35998535156
1799.9136898842	1194.00500488281
1802.32378089613	1194.67504882813
1804.73313835028	1194.01000976563
1807.14176255846	1190.67504882813
1809.54965383228	1190.07495117188
1811.95681248317	1189.16003417969
1814.36323882242	1188.10998535156
1816.76893316109	1188.66003417969
1819.17389581011	1190.64501953125
1821.57812708021	1189.06005859375
1823.98162728196	1186.2099609375
1826.38439672573	1185.11499023438
1828.78643572174	1186.60498046875
1831.18774458003	1189.28002929688
1833.58832361045	1191.4150390625
1835.98817312269	1187.26501464844
1838.38729342625	1182.4150390625
1840.78568483048	1180.89001464844
1843.18334764454	1180.44995117188
1845.58028217741	1183.29504394531
1847.9764887379	1184.16003417969
1850.37196763465	1183.72497558594
1852.76671917613	1183.38000488281
1855.16074367062	1184.82995605469
1857.55404142624	1185.81494140625
1859.94661275094	1179.88000488281
1862.33845795247	1176.81494140625
1864.72957733844	1175.09497070313
1867.11997121627	1174.05004882813
1869.5096398932	1174.06005859375
1871.89858367631	1178.84997558594
1874.28680287251	1180.92248535156
1876.67429778851	1182.99499511719
1879.06106873089	1180.30505371094
1881.44711600601	1177.15002441406
1883.8324399201	1175.43994140625
1886.21704077919	1175.38500976563
1888.60091888915	1177.69995117188
1890.98407455567	1176.294921875
1893.36650808428	1174.89001464844
1895.74821978033	1171.46997070313
1898.12920994899	1174.9150390625
1900.50947889527	1177.75
1902.88902692401	1176.06005859375
1905.26785433986	1173.67504882813
1907.64596144734	1174.67004394531
1910.02334855075	1178.29504394531
1912.40001595424	1176.2900390625
1914.7759639618	1176.27502441406
1917.15119287724	1176.54833984375
1919.52570300419	1176.82165527344
1921.89949464611	1177.09497070313
1924.27256810632	1175.67504882813
1926.64492368793	1175.76000976563
1929.0165616939	1174.35498046875
1931.38748242701	1174.39501953125
1933.75768618989	1175.71997070313
1936.12717328497	1175.59997558594
1938.49594401455	1175.47998046875
1940.86399868071	1174.75
1943.23133758541	1175.01501464844
1945.5979610304	1176.93505859375
1947.96386931729	1178.94995117188
1950.32906274751	1178.65502929688
1952.69354162232	1179.73498535156
1955.0573062428	1180.2724609375
1957.42035690989	1180.81005859375
1959.78269392434	1177.73498535156
1962.14431758673	1176.52001953125
1964.50522819748	1174.61999511719
1966.86542605684	1169.86499023438
1969.22491146488	1167.4599609375
1971.58368472153	1169.67504882813
1973.94174612654	1174.94494628906
1976.29909597945	1178.0400390625
1978.65573457971	1175.78503417969
1981.01166222654	1174.48999023438
1983.36687921902	1171.71496582031
1985.72138585606	1168.25500488281
1988.07518243639	1165.77001953125
1990.42826925859	1169.625
1992.78064662106	1173.66003417969
1995.13231482205	1175.25
1997.48327415961	1174.17004394531
1999.83352493167	1173.32995605469
2002.18306743594	1171.95495605469
2004.53190197002	1168.82495117188
2006.8800288313	1166.56494140625
2009.22744831703	1166.30004882813
2011.57416072427	1167.34497070313
2013.92016634993	1168.1650390625
2016.26546549076	1166.99499511719
2018.61005844332	1168.88500976563
2020.95394550404	1170.77502441406
2023.29712696915	1168.65002441406
2025.63960313474	1166.18005371094
2027.98137429672	1165.31005859375
2030.32244075083	1162.4150390625
2032.66280279266	1164.13000488281
2035.00246071763	1166.92504882813
2037.34141482099	1166.42504882813
2039.67966539784	1169.60998535156
2042.01721274309	1168.76000976563
2044.35405715151	1167.69494628906
2046.69019891769	1166.52502441406
2049.02563833606	1164.85498046875
2051.3603757009	1164.83996582031
2053.6944113063	1168.00500488281
2056.0277454462	1168.82995605469
2058.36037841439	1170.56494140625
2060.69231050446	1170.56994628906
2063.02354200988	1165.27502441406
2065.35407322392	1163.09497070313
2067.68390443971	1168.98999023438
2070.01303595021	1167.23498535156
2072.3414680482	1168.11999511719
2074.66920102633	1169.22497558594
2076.99623517706	1164.51501464844
2079.32257079271	1165.45495605469
2081.6482081654	1166.9599609375
2083.97314758713	1170.23498535156
2086.29738934971	1170.40502929688
2088.62093374481	1171.35998535156
2090.94378106391	1171.01159667969
2093.26593159835	1170.66333007813
2095.5873856393	1170.31494140625
2097.90814347777	1169.92004394531
2100.2282054046	1168.81005859375
2102.54757171048	1169.11999511719
2104.86624268594	1169.02502441406
2107.18421862133	1167.17504882813
2109.50149980686	1166.72497558594
2111.81808653257	1172.04504394531
2114.13397908834	1173.91003417969
2116.44917776388	1175.2900390625
2118.76368284875	1177.81494140625
2121.07749463235	1177.93005371094
2123.39061340391	1173.47998046875
2125.70303945252	1169.71496582031
2128.01477306707	1167.48498535156
2130.32581453634	1166.99499511719
2132.63616414891	1171.43505859375
2134.94582219322	1174.44995117188
2137.25478895754	1176.6650390625
2139.56306472999	1175.84497070313
2141.87064979851	1174.93505859375
2144.17754445092	1178.36999511719
2146.48374897484	1177.1875
2148.78926365774	1176.00500488281
2151.09408878695	1172.84497070313
2153.39822464963	1173.70495605469
2155.70167153277	1172.25500488281
2158.00442972321	1172.32250976563
2160.30649950763	1172.39001464844
2162.60788117256	1173.31005859375
2164.90857500436	1172.30505371094
2167.20858128923	1173.5
2169.50790031323	1170.97497558594
2171.80653236223	1167.43994140625
2174.10447772198	1170.10498046875
2176.40173667804	1168.94995117188
2178.69830951582	1169.80004882813
2180.99419652058	1167.11999511719
2183.28939797743	1168.13500976563
2185.5839141713	1168.54504394531
2187.87774538698	1169.60498046875
2190.17089190908	1166.18994140625
2192.46335402209	1167.44494628906
2194.75513201032	1164.54504394531
2197.04622615791	1165.94995117188
2199.33663674886	1166.27490234375
2201.62636406702	1166.59997558594
2203.91540839606	1166.92504882813
2206.20377001952	1167.25
2208.49144922077	1164.06005859375
2210.77844628302	1165.31494140625
2213.06476148933	1165.68505859375
2215.3503951226	1160.60498046875
2217.63534746557	1160.7900390625
2219.91961880085	1162.8349609375
2222.20320941085	1161.46997070313
2224.48611957785	1164.17504882813
2226.76834958399	1168.26000976563
2229.04989971122	1167.11499023438
2231.33077024136	1167.2099609375
2233.61096145607	1165.47497558594
2235.89047363683	1164.44995117188
2238.169307065	1161.625
2240.44746202178	1162.30505371094
2242.72493878819	1162.59997558594
2245.00173764511	1164.39501953125
2247.27785887327	1168.09997558594
2249.55330275324	1169.71496582031
2251.82806956545	1168.28247070313
2254.10215959014	1166.84997558594
2256.37557310744	1166.07495117188
2258.64831039729	1165.36999511719
2260.92037173949	1163.06494140625
2263.19175741368	1167.43005371094
2265.46246769938	1165.99499511719
2267.7325028759	1165.16003417969
2270.00186322243	1169.10498046875
2272.270549018	1173.4599609375
2274.5385605415	1169.78503417969
2276.80589807165	1170.75500488281
2279.07256188702	1171.50500488281
2281.33855226601	1169.8349609375
2283.60386948691	1168.32495117188
2285.86851382782	1166.54504394531
2288.1324855667	1166.11999511719
2290.39578498136	1168.34497070313
2292.65841234945	1174.51000976563
2294.92036794847	1175.96997070313
2297.18165205578	1174.74499511719
2299.44226494856	1174.57495117188
2301.70220690387	1172.06494140625
2303.96147819859	1174.30505371094
2306.22007910947	1172.43005371094
2308.47800991309	1170.07995605469
2310.73527088589	1170.68505859375
2312.99186230416	1170.51672363281
2315.24778444403	1170.34838867188
2317.50303758149	1170.18005371094
2319.75762199235	1169.5849609375
2322.01153795231	1169.9150390625
2324.26478573689	1170.26245117188
2326.51736562147	1170.60998535156
2328.76927788127	1171.41003417969
2331.02052279137	1169.42004394531
2333.2711006267	1168.39501953125
2335.52101166203	1169.31005859375
2337.77025617198	1168.88500976563
2340.01883443103	1166.47497558594
2342.2667467135	1170.35998535156
2344.51399329356	1173.40502929688
2346.76057444525	1172.56994628906
2349.00649044241	1172.43505859375
2351.2517415588	1168.00500488281
2353.49632806796	1165.54504394531
2355.74025024334	1162.55004882813
2357.98350835819	1164.47998046875
2360.22610268566	1165.53002929688
2362.4680334987	1167.01501464844
2364.70930107016	1167.35498046875
2366.94990567269	1165.14501953125
2369.18984757884	1168.52001953125
2371.42912706098	1169.01000976563
2373.66774439134	1165.36999511719
2375.90569984199	1161.2900390625
2378.14299368488	1158.4150390625
2380.37962619179	1159.47998046875
2382.61559763435	1162.5400390625
2384.85090828405	1167.55004882813
2387.08555841222	1166.84008789063
2389.31954829006	1166.13000488281
2391.55287818861	1165.42004394531
2393.78554837877	1162.7900390625
2396.01755913128	1164.63000488281
2398.24891071673	1163.05505371094
2400.47960340558	1165.81005859375
2402.70963746814	1165.8076171875
2404.93901317456	1165.80505371094
2407.16773079485	1164.48498535156
2409.39579059887	1163.45495605469
2411.62319285633	1160.56494140625
2413.84993783681	1162.38000488281
2416.07602580971	1167.70495605469
2418.30145704432	1166.86999511719
2420.52623180977	1165.55004882813
2422.75035037503	1166.66003417969
2424.97381300893	1166.02758789063
2427.19661998017	1165.39501953125
2429.41877155729	1163.93505859375
2431.64026800867	1165.48999023438
2433.86110960257	1161.67004394531
2436.08129660709	1162.10998535156
2438.30082929019	1161.63000488281
2440.51970791967	1161.15002441406
2442.73793276321	1160.67004394531
2444.95550408832	1160.77001953125
2447.17242216237	1160.17834472656
2449.38868725259	1159.58666992188
2451.60429962607	1158.99499511719
2453.81925954975	1159.11499023438
2456.03356729041	1161.26000976563
2458.2472231147	1163.2099609375
2460.46022728913	1164.43005371094
2462.67258008005	1167.44995117188
2464.88428175368	1166.1650390625
2467.09533257608	1165.58996582031
2469.30573281318	1163.9150390625
2471.51548273076	1160.69494628906
2473.72458259445	1159.27502441406
2475.93303266974	1162.3349609375
2478.14083322198	1166.23498535156
2480.34798451637	1165.22998046875
2482.55448681797	1166.19494628906
2484.76034039169	1167.36499023438
2486.96554550231	1165.66003417969
2489.17010241445	1163.76501464844
2491.37401139259	1164.53503417969
2493.57727270109	1165.8349609375
2495.77988660412	1165.77001953125
2497.98185336574	1165.70495605469
2500.18317324987	1163.18505859375
2502.38384652028	1163.06494140625
2504.58387344058	1167.53503417969
2506.78325427425	1167.35498046875
2508.98198928465	1166.01000976563
2511.18007873495	1167.14501953125
2513.37752288821	1167.19995117188
2515.57432200735	1164.94995117188
2517.77047635514	1162.88500976563
2519.96598619419	1162.68505859375
2522.16085178699	1160.28503417969
2524.35507339589	1164.13500976563
2526.54865128308	1166.83996582031
2528.74158571062	1167.02001953125
2530.93387694042	1167.93505859375
2533.12552523427	1168.31005859375
2535.31653085379	1169.8349609375
2537.50689406046	1164.31994628906
2539.69661511566	1161.70495605469
2541.88569428057	1161.64001464844
2544.07413181627	1162.80004882813
2546.26192798368	1163.45495605469
2548.44908304359	1165.20495605469
2550.63559725664	1164.33996582031
2552.82147088333	1163.47497558594
2555.00670418402	1160.53002929688
2557.19129741894	1160.72998046875
2559.37525084817	1162.53503417969
2561.55856473164	1166.4599609375
2563.74123932917	1168.09997558594
2565.92327490039	1166.75500488281
2568.10467170484	1165.13000488281
2570.28543000189	1163.26501464844
2572.46555005079	1162.86499023438
2574.64503211063	1161.93505859375
2576.82387644036	1162.17504882813
2579.00208329882	1161.94165039063
2581.17965294468	1161.70837402344
2583.35658563648	1161.47497558594
2585.53288163263	1161.09997558594
2587.70854119137	1165.09497070313
2589.88356457084	1165.75500488281
2592.05795202902	1166.35998535156
2594.23170382376	1163.99499511719
2596.40482021275	1164.53503417969
2598.57730145356	1163.78503417969
2600.74914780363	1159.93505859375
2602.92035952023	1160.67004394531
2605.09093686053	1161.51501464844
2607.26088008153	1162.47509765625
2609.4301894401	1163.43505859375
2611.59886519299	1161.94995117188
2613.76690759678	1159.4599609375
2615.93431690793	1163.63000488281
2618.10109338277	1169.57995605469
2620.26723727748	1171.39001464844
2622.4327488481	1171.93505859375
2624.59762835054	1169.83996582031
2626.76187604057	1163.5400390625
2628.92549217382	1166.51000976563
2631.08847700579	1175.25
2633.25083079182	1180.92504882813
2635.41255378715	1181.96496582031
2637.57364624684	1176.9150390625
2639.73410842586	1176.10498046875
2641.893940579	1175.06494140625
2644.05314296094	1174.64501953125
2646.21171582621	1170.65002441406
2648.36965942921	1169.34997558594
2650.5269740242	1177.65002441406
2652.6836598653	1184.63500976563
2654.83971720651	1184.26000976563
2656.99514630167	1180.07995605469
2659.1499474045	1177.94494628906
2661.30412076857	1181.7900390625
2663.45766664734	1179.78002929688
2665.61058529411	1177.93505859375
2667.76287696204	1180.2900390625
2669.91454190418	1180.48498535156
2672.06558037342	1180.68005371094
2674.21599262253	1180.875
2676.36577890413	1178.40002441406
2678.51493947072	1182.14501953125
2680.66347457466	1182.80004882813
2682.81138446816	1185.28503417969
2684.95866940332	1184.98498535156
2687.10532963209	1186.50756835938
2689.25136540628	1188.03002929688
2691.39677697757	1183.34497070313
2693.54156459752	1181.68005371094
2695.68572851753	1179.60498046875
2697.82926898888	1176.81994628906
2699.97218626272	1182.53503417969
2702.11448059006	1190.55004882813
2704.25615222175	1190.71997070313
2706.39720140856	1191.99499511719
2708.53762840109	1188.70495605469
2710.67743344979	1188.63000488281
2712.81661680503	1192.75500488281
2714.95517871698	1194.38000488281
2717.09311943574	1193.4150390625
2719.23043921123	1196.32495117188
2721.36713829325	1200.03002929688
2723.50321693148	1205.25
2725.63867537545	1206.63000488281
2727.77351387456	1206.86499023438
2729.90773267809	1210.82495117188
2732.04133203516	1212.4716796875
2734.17431219478	1214.11828613281
2736.30667340581	1215.76501464844
2738.438415917	1207.44494628906
2740.56953997695	1207.38500976563
2742.70004583414	1205.39001464844
2744.82993373688	1202.84997558594
2746.9592039334	1199.14001464844
2749.08785667177	1197.92504882813
2751.21589219993	1199.23498535156
2753.34331076568	1200.39001464844
2755.4701126167	1199.81494140625
2757.59629800054	1197.80505371094
2759.7218671646	1195.35498046875
2761.84682035617	1191.25500488281
2763.9711578224	1188.11999511719
2766.0948798103	1192.15002441406
2768.21798656676	1191.830078125
2770.34047833852	1191.51000976563
2772.46235537222	1191.18994140625
2774.58361791434	1190.86999511719
2776.70426621124	1191.69995117188
2778.82430050915	1191.59997558594
2780.94372105416	1188.56994628906
2783.06252809224	1188.81994628906
2785.18072186922	1190.64501953125
2787.29830263081	1191.74499511719
2789.41527062257	1191.11999511719
2791.53162608996	1190.49499511719
2793.64736927828	1188.38500976563
2795.76250043271	1189.03503417969
2797.8770197983	1187.09497070313
2799.99092761997	1188.375
2802.10422414252	1190.68505859375
2804.21690961059	1196.86499023438
2806.32898426873	1201.94995117188
2808.44044836132	1204.63000488281
2810.55130213264	1208.85998535156
2812.66154582682	1207.53503417969
2814.77117968788	1208.92504882813
2816.8802039597	1209.15002441406
2818.98861888601	1213.74499511719
2821.09642471046	1219.72998046875
2823.20362167653	1220.80505371094
2825.31021002756	1228.14501953125
2827.41619000682	1236.01501464844
2829.52156185738	1243.93994140625
2831.62632582224	1248.3349609375
2833.73048214422	1252.75
2835.83403106606	1261.23498535156
2837.93697283033	1275.32995605469
2840.03930767951	1288.09997558594
2842.1410358559	1299.2099609375
2844.24215760173	1309.53503417969
2846.34267315905	1332.02502441406
2848.44258276982	1357.71496582031
2850.54188667585	1380.83996582031
2852.64058511883	1414.35498046875
2854.73867834032	1439.11999511719
2856.83616658175	1461.8349609375
2858.93305008443	1484.06994628906
2861.02932908952	1510.96496582031
2863.12500383809	1550.40002441406
2865.22007457104	1597.53002929688
2867.31454152918	1643.13000488281
2869.40840495316	1674.59997558594
2871.50166508353	1709.44995117188
2873.59432216069	1742.86499023438
2875.68637642493	1775.5849609375
2877.77782811641	1799.61499023438
2879.86867747515	1798.6650390625
2881.95892474105	1803.17504882813
2884.0485701539	1811.93505859375
2886.13761395333	1814.36499023438
2888.22605637886	1825.61999511719
2890.3138976699	1838.48999023438
2892.40113806571	1855.56494140625
2894.48777780544	1871.03503417969
2896.57381712808	1886.78503417969
2898.65925627254	1897.68994140625
2900.74409547758	1915.30004882813
2902.82833498183	1925.9150390625
2904.9119750238	1938.43994140625
2906.99501584188	1960.56494140625
2909.07745767432	1995.81494140625
2911.15930075925	2037.48498535156
2913.24054533469	2073.28491210938
2915.3211916385	2105.96508789063
2917.40123990846	2142.03002929688
2919.48069038217	2193.9150390625
2921.55954329716	2251.22509765625
2923.63779889079	2281.55493164063
2925.71545740033	2293.88989257813
2927.79251906289	2294.30004882813
2929.86898411548	2304.10009765625
2931.94485279498	2336.2548828125
2934.02012533815	2372.5048828125
2936.0948019816	2385.93994140625
2938.16888296184	2372.419921875
2940.24236851525	2348.46508789063
2942.31525887809	2321.81005859375
2944.38755428648	2282.76489257813
2946.45925497643	2246.38500976563
2948.53036118382	2203.55004882813
2950.6008731444	2158.375
2952.67079109381	2111.419921875
2954.74011526755	2065.0048828125
2956.80884590101	2023.69494628906
2958.87698322944	1992.86999511719
2960.94452748799	1967.03503417969
2963.01147891167	1949.24499511719
2965.07783773535	1934.24499511719
2967.14360419382	1916
2969.2087785217	1910.52502441406
2971.27336095352	1891.44494628906
2973.33735172366	1858.63500976563
2975.40075106641	1828.875
2977.46355921591	1804.59997558594
2979.52577640618	1789
2981.58740287112	1774.34997558594
2983.64843884452	1748.86999511719
2985.70888456003	1712.875
2987.76874025117	1686.28002929688
2989.82800615137	1662.29504394531
2991.88668249391	1634.2900390625
2993.94476951194	1611.15502929688
2996.00226743852	1596.82495117188
2998.05917650657	1569.28002929688
3000.11549694887	1531.94494628906
3002.17122899812	1504.49499511719
3004.22637288685	1478.06005859375
3006.2809288475	1455.89001464844
3008.33489711238	1439.75
3010.38827791368	1422.96496582031
3012.44107148345	1407.5400390625
3014.49327805366	1391.56494140625
3016.5448978561	1372.31994628906
3018.59593112249	1362.39001464844
3020.64637808441	1355.91003417969
3022.6962389733	1349.89001464844
3024.74551402051	1336.4150390625
3026.79420345725	1322.90502929688
3028.84230751461	1317.22497558594
3030.88982642357	1312.5
3032.93676041497	1310.27001953125
3034.98310971955	1309.15502929688
3037.02887456791	1317.18994140625
3039.07405519054	1318.52502441406
3041.11865181781	1320.25500488281
3043.16266467996	1321.06994628906
3045.20609400713	1323.63500976563
3047.24894002932	1335.72497558594
3049.2912029764	1343.3349609375
3051.33288307815	1345.56005859375
3053.37398056421	1347.96496582031
3055.41449566411	1348.48498535156
3057.45442860725	1360.00500488281
3059.49377962291	1377.98498535156
3061.53254894026	1387.59497070313
3063.57073678834	1391.43005371094
3065.60834339607	1392.32995605469
3067.64536899227	1382.10998535156
3069.68181380561	1368.25
3071.71767806467	1363.17004394531
3073.75296199788	1355.63000488281
3075.78766583357	1344.30505371094
3077.82178979997	1334.42004394531
3079.85533412513	1321.72497558594
3081.88829903705	1304.07495117188
3083.92068476356	1289.55505371094
3085.95249153241	1278.8349609375
3087.98371957119	1269.60498046875
3090.01436910741	1269.84997558594
3092.04444036844	1270.23498535156
3094.07393358152	1267.61499023438
3096.10284897381	1267.80505371094
3098.13118677232	1259.98999023438
3100.15894720395	1253.1650390625
3102.18613049548	1250.72998046875
3104.21273687357	1252.49499511719
3106.23876656477	1253.04504394531
3108.2642197955	1249.5
3110.28909679208	1246.11999511719
3112.31339778069	1241.53002929688
3114.33712298741	1241.0849609375
3116.36027263819	1247.70495605469
3118.38284695887	1252.85998535156
3120.40484617516	1254.67004394531
3122.42627051268	1251.32995605469
3124.4471201969	1247.63000488281
3126.46739545319	1252.09997558594
3128.4870965068	1253.17504882813
3130.50622358287	1252.17504882813
3132.5247769064	1247.07495117188
3134.54275670229	1248.41003417969
3136.56016319534	1249.74499511719
3138.57699661019	1245.76000976563
3140.59325717139	1244.02001953125
3142.60894510338	1245.92004394531
3144.62406063047	1245.03503417969
3146.63860397686	1245.92004394531
3148.65257536662	1248.72497558594
3150.66597502371	1253.59497070313
3152.67880317199	1253.57495117188
3154.69106003518	1251.27502441406
3156.70274583691	1251.17504882813
3158.71386080065	1256.88500976563
3160.72440514981	1257.90002441406
3162.73437910763	1260.29504394531
3164.74378289728	1260.89001464844
3166.75261674179	1262.9150390625
3168.76088086407	1261.08996582031
3170.76857548692	1262.32995605469
3172.77570083303	1265.43005371094
3174.78225712498	1265.2099609375
3176.78824458521	1268.79504394531
3178.79366343607	1269.05004882813
3180.79851389977	1269.30505371094
3182.80279619844	1267.27001953125
3184.80651055405	1265.89001464844
3186.80965718849	1266.2099609375
3188.81223632353	1268.10498046875
3190.81424818081	1276.88500976563
3192.81569298186	1279.25
3194.8165709481	1272.625
3196.81688230084	1272.81494140625
3198.81662726126	1278.32995605469
3200.81580605044	1285.91003417969
3202.81441888933	1285.96997070313
3204.81246599879	1284.07495117188
3206.80994759954	1284.58996582031
3208.80686391219	1287.56005859375
3210.80321515726	1289.57995605469
3212.79900155512	1299.48498535156
3214.79422332605	1296.03491210938
3216.78888069021	1292.5849609375
3218.78297386765	1293.16003417969
3220.77650307828	1293.28002929688
3222.76946854195	1298.18505859375
3224.76187047834	1296.81994628906
3226.75370910705	1301.14501953125
3228.74498464755	1307.25500488281
3230.73569731921	1310.6650390625
3232.72584734127	1310.52502441406
3234.71543493287	1310.30004882813
3236.70446031304	1304.61999511719
3238.69292370068	1311.06005859375
3240.68082531459	1319.4150390625
3242.66816537345	1319.89001464844
3244.65494409583	1319.28002929688
3246.6411617002	1322.1650390625
3248.62681840488	1323.80004882813
3250.61191442812	1321.40502929688
3252.59644998804	1316.27502441406
3254.58042530263	1312.14001464844
3256.56384058979	1315.46496582031
3258.54669606731	1323.36999511719
3260.52899195285	1328.47497558594
3262.51072846396	1329.05004882813
3264.4919058181	1325.09497070313
3266.47252423259	1333.55004882813
3268.45258392464	1340.31994628906
3270.43208511138	1341.625
3272.41102800978	1346.25
3274.38941283675	1347.73999023438
3276.36723980904	1353.75
3278.34450914332	1358.3349609375
3280.32122105613	1363.47998046875
3282.29737576392	1363.83996582031
3284.272973483	1362.07495117188
3286.24801442958	1362.82995605469
3288.22249881978	1363.28503417969
3290.19642686957	1363.92004394531
3292.16979879485	1363.80627441406
3294.14261481136	1363.69250488281
3296.11487513478	1363.57873535156
3298.08657998065	1363.46496582031
3300.0577295644	1362.22998046875
3302.02832410136	1365.17504882813
3303.99836380673	1366.98999023438
3305.96784889563	1365.32495117188
3307.93677958303	1363.84497070313
3309.90515608383	1359.60998535156
3311.87297861278	1353.52502441406
3313.84024738456	1353.70495605469
3315.80696261371	1353.52001953125
3317.77312451466	1354.47998046875
3319.73873330175	1349.15002441406
3321.70378918919	1346.97497558594
3323.66829239109	1341.01501464844
3325.63224312145	1336.4599609375
3327.59564159416	1332.14001464844
3329.55848802299	1333.11999511719
3331.52078262162	1335.06494140625
3333.4825256036	1337.01000976563
3335.44371718237	1332.28503417969
3337.40435757128	1330.13500976563
3339.36444698356	1323.29504394531
3341.32398563232	1323.5849609375
3343.28297373058	1322.93994140625
3345.24141149124	1322.29504394531
3347.19929912709	1321.65002441406
3349.15663685081	1318.56005859375
3351.11342487497	1321.58996582031
3353.06966341204	1320.68249511719
3355.02535267437	1319.77502441406
3356.98049287421	1312.31494140625
3358.9350842237	1312.67004394531
3360.88912693486	1307.76501464844
3362.84262121962	1310.71496582031
3364.79556728978	1308.72497558594
3366.74796535705	1311.36499023438
3368.69981563302	1312.37255859375
3370.65111832917	1313.38000488281
3372.60187365689	1310.27001953125
3374.55208182744	1308.93005371094
3376.50174305198	1306.79504394531
3378.45085754157	1297.40002441406
3380.39942550714	1298.73498535156
3382.34744715954	1288.2099609375
3384.29492270949	1289.1650390625
3386.24185236761	1292.13000488281
3388.18823634442	1292.27502441406
3390.13407485031	1284.77502441406
3392.07936809559	1284.06994628906
3394.02411629045	1285.22998046875
3395.96831964496	1286.31494140625
3397.91197836911	1288.82495117188
3399.85509267275	1285.125
3401.79766276564	1276.22998046875
3403.73968885745	1276.39001464844
3405.68117115771	1269.56005859375
3407.62210987586	1265.39001464844
3409.56250522123	1261.85998535156
3411.50235740305	1258.43005371094
3413.44166663043	1259.26501464844
3415.38043311238	1264.18994140625
3417.3186570578	1265.10998535156
3419.2563386755	1262
3421.19347817415	1261.78503417969
3423.13007576235	1264.0849609375
3425.06613164857	1263.94494628906
3427.00164604118	1258.44494628906
3428.93661914844	1256.33996582031
3430.87105117852	1257.00500488281
3432.80494233945	1259.05505371094
3434.73829283919	1256.02502441406
3436.67110288558	1246.05505371094
3438.60337268634	1244.83996582031
3440.53510244911	1244.18994140625
3442.4662923814	1244.10998535156
3444.39694269064	1243.74499511719
3446.32705358412	1240.52502441406
3448.25662526905	1239.33996582031
3450.18565795254	1239.5
3452.11415184156	1240.31994628906
3454.04210714302	1236.80004882813
3455.96952406369	1233.875
3457.89640281024	1233.39001464844
3459.82274358924	1234.48498535156
3461.74854660717	1231.71997070313
3463.67381207038	1225.81994628906
3465.59854018513	1217.42504882813
3467.52273115756	1212.56005859375
3469.44638519373	1209.2099609375
3471.36950249956	1206.0400390625
3473.29208328091	1207.71997070313
3475.21412774349	1208.23999023438
3477.13563609293	1207.80004882813
3479.05660853476	1205.32495117188
3480.97704527438	1201.72497558594
3482.89694651712	1201.14501953125
3484.81631246818	1200.375
3486.73514333266	1196.80505371094
3488.65343931557	1190.92504882813
3490.57120062179	1185.46496582031
3492.48842745612	1176.14501953125
3494.40512002324	1172.78503417969
3496.32127852773	1175.92004394531
3498.23690317408	1178.68005371094
3500.15199416666	1176.8349609375
3502.06655170974	1174.42504882813
3503.98057600749	1169.17504882813
3505.89406726396	1163.60998535156
3507.80702568312	1160.97497558594
3509.71945146883	1160.96496582031
3511.63134482483	1162.14501953125
3513.54270595478	1159.01000976563
3515.45353506222	1157.11999511719
3517.3638323506	1155.14001464844
3519.27359802324	1148.69494628906
3521.1828322834	1148.48498535156
3523.09153533419	1148.48999023438
3524.99970737866	1144.48498535156
3526.90734861972	1143.51000976563
3528.81445926021	1142.74499511719
3530.72103950283	1138.35498046875
3532.62708955022	1135.90502929688
3534.53260960488	1134.83996582031
3536.43759986923	1129
3538.34206054558	1123.06994628906
3540.24599183613	1117.44995117188
3542.149393943	1116.81994628906
3544.05226706817	1115.38500976563
3545.95461141357	1115.30004882813
3547.85642718097	1112.20495605469
3549.75771457208	1112.23498535156
3551.6584737885	1112.19494628906
3553.55870503171	1110.26000976563
3555.4584085031	1106.36499023438
3557.35758440396	1106.89501953125
3559.25623293548	1105.29504394531
3561.15435429874	1100.76501464844
3563.05194869473	1094.55004882813
3564.94901632432	1093.4150390625
3566.84555738829	1093.91003417969
3568.74157208732	1093.73254394531
3570.63706062199	1093.55505371094
3572.53202319277	1094.52502441406
3574.42646000003	1091.90002441406
3576.32037124406	1090.00500488281
3578.213757125	1089.86999511719
3580.10661784295	1090.8349609375
3581.99895359786	1089.79504394531
3583.8907645896	1088.21997070313
3585.78205101794	1085.4150390625
3587.67281308254	1082.61499023438
3589.56305098297	1082.15502929688
3591.4527649187	1083.48999023438
3593.34195508907	1078.04504394531
3595.23062169338	1079.4150390625
3597.11876493075	1077.91003417969
3599.00638500027	1076.03002929688
3600.89348210089	1075.43994140625
3602.78005643148	1079.06994628906
3604.66610819078	1077.23657226563
3606.55163757747	1075.4033203125
3608.4366447901	1073.56994628906
3610.32113002713	1071.26501464844
3612.20509348693	1070.75500488281
3614.08853536774	1067.33996582031
3615.97145586773	1061.96997070313
3617.85385518497	1059.19995117188
3619.7357335174	1060.09997558594
3621.61709106289	1053.96496582031
3623.4979280192	1053.27001953125
3625.37824458399	1052.15502929688
3627.25804095482	1051
3629.13731732915	1050.82995605469
3631.01607390435	1049.40502929688
3632.89431087767	1048.80004882813
3634.77202844629	1049.19995117188
3636.64922680726	1047.89001464844
3638.52590615754	1044.68994140625
3640.40206669402	1047.28503417969
3642.27770861344	1046.71752929688
3644.15283211248	1046.15002441406
3646.02743738771	1046.375
3647.90152463559	1044.96496582031
3649.77509405251	1046.00500488281
3651.64814583473	1041.69995117188
3653.52068017842	1042.375
3655.39269727965	1040.96997070313
3657.26419733442	1034.20495605469
3659.13518053858	1033.0849609375
3661.00564708793	1032.81005859375
3662.87559717814	1032.81994628906
3664.7450310048	1031.85998535156
3666.61394876338	1029.58996582031
3668.48235064928	1029.00500488281
3670.35023685779	1027.85498046875
3672.21760758409	1025.43005371094
3674.08446302327	1024.53002929688
3675.95080337033	1025.72998046875
3677.81662882017	1026.23999023438
3679.68193956758	1025.14001464844
3681.54673580727	1022.83502197266
3683.41101773383	1017.85998535156
3685.27478554178	1019.25500488281
3687.13803942551	1019.14001464844
3689.00077957934	1020.26000976563
3690.86300619748	1017.04498291016
3692.72471947405	1012.97998046875
3694.58591960306	1009.63500976563
3696.44660677844	1010.55999755859
3698.306781194	1011.72497558594
3700.16644304348	1014.21002197266
3702.02559252049	1013.74499511719
3703.88422981859	1014.55499267578
3705.74235513119	1013.375
3707.59996865164	1015.88500976563
3709.45707057318	1013.22998046875
3711.31366108895	1009.46002197266
3713.16974039199	1006.07501220703
3715.02530867527	1000.81500244141
3716.88036613164	998.724975585938
3718.73491295385	996.330017089844
3720.58894933456	994.794982910156
3722.44247546634	995.130004882813
3724.29549154166	998.315002441406
3726.14799775289	998.232543945313
3727.9999942923	998.150024414063
3729.85148135209	997.190002441406
3731.70245912432	995.440002441406
3733.55292780098	995.734985351563
3735.40288757397	993.909973144531
3737.25233863509	992.315002441406
3739.10128117603	994.640014648438
3740.9497153884	993.030029296875
3742.7976414637	992.27001953125
3744.64505959335	994.265014648438
3746.49196996866	994.515014648438
3748.33837278086	993.719970703125
3750.18426822108	993.179992675781
3752.02965648033	993.780029296875
3753.87453774956	995.02001953125
3755.7189122196	993.64501953125
3757.5627800812	991.369995117188
3759.40614152501	990.059997558594
3761.24899674159	988.164978027344
3763.09134592138	987.414978027344
3764.93318925476	990.734985351563
3766.77452693199	992.320007324219
3768.61535914325	991.869995117188
3770.45568607861	991.419982910156
3772.29550792807	989.325012207031
3774.1348248815	987.469970703125
3775.9736371287	985.484985351563
3777.81194485938	985.309997558594
