32.6816976106991	716.739990234375
35.6535599501435	716.539978027344
38.6244374909659	716.625
41.5943306947054	716.715026855469
44.5632400226282	716.474975585938
47.5311659356917	716.60498046875
50.4981088945929	716.465026855469
53.4640693597127	716.45751953125
56.4290477911676	716.450012207031
59.3930446487746	716.489990234375
62.356060392067	716.534973144531
65.3180954802906	716.505004882813
68.2791503724084	716.474975585938
71.2392255270922	716.52001953125
74.1983214027271	716.455017089844
77.1564384574159	716.684997558594
80.113577148983	716.89501953125
83.0697379349549	716.710021972656
86.0249212725722	716.619995117188
88.9791276188058	716.840026855469
91.9323574303255	716.994995117188
94.8846111635238	716.715026855469
97.8358892745121	716.905029296875
100.786192219114	716.924987792969
103.73552045287	717.109985351563
106.683874431037	717.255004882813
109.631254608583	717.344970703125
112.577661440203	717.650024414063
115.523095380307	718.090026855469
118.467556883015	718.830017089844
121.411046402175	720.025024414063
124.353564391344	721.900024414063
127.295111303796	725.380004882813
130.235687592532	732.390014648438
133.175293710265	743.27001953125
136.113930109434	760.974975585938
139.051597242185	786.940002441406
141.98829556039	820.47998046875
144.92402551564	860.164978027344
147.858787559244	902.684997558594
150.792582142239	944.239990234375
153.725409715372	977.484985351563
156.65727072911	1002.21502685547
159.588165633643	1020.71502685547
162.518094878884	1033.21997070313
165.447058914469	1041.99499511719
168.375058189747	1045.69494628906
171.302093153792	1045.71496582031
174.228164255401	1042.86499023438
177.153271943091	1041.66003417969
180.077416665101	1041.5849609375
183.000598869394	1043.2900390625
185.922819003656	1045.25500488281
188.84407751529	1045.81494140625
191.764374851424	1048.47497558594
194.683711458919	1051.81005859375
197.60208778434	1057.74499511719
200.519504273992	1064.98498535156
203.435961373894	1073.79504394531
206.351459529801	1089.80004882813
209.265999187174	1103.88500976563
212.179580791207	1122.375
215.092204786825	1140.31494140625
218.003871618673	1160.74499511719
220.914581731116	1177.69995117188
223.824335568247	1195.84997558594
226.733133573893	1204.34997558594
229.640976191593	1218.94995117188
232.547863864614	1232.48498535156
235.453797035961	1241.34497070313
238.358776148354	1241.86499023438
241.26280164424	1232.92504882813
244.1658739658	1234.28002929688
247.067993554929	1237.53503417969
249.969160853266	1237.34497070313
252.869376302162	1232.88000488281
255.768640342707	1230.4599609375
258.666953415705	1226.18994140625
261.564315961705	1222.47998046875
264.46072842097	1219.93005371094
267.356191233499	1218.90002441406
270.25070483901	1219.32995605469
273.144269676967	1213.60998535156
276.036886186551	1209.86499023438
278.928554806671	1206.24499511719
281.819275975966	1202.77502441406
284.709050132812	1201.47998046875
287.597877715306	1198.18005371094
290.485759161281	1194.13000488281
293.372694908298	1197.46997070313
296.258685393644	1198.65502929688
299.143731054352	1196.625
302.027832327156	1192.28002929688
304.910989648557	1188.31494140625
307.79320345476	1189.36999511719
310.674474181717	1192.28002929688
313.554802265101	1192.94250488281
316.434188140326	1193.60498046875
319.312632242533	1189.30505371094
322.190135006593	1188.28002929688
325.066696867117	1183.97998046875
327.942318258443	1179.76501464844
330.816999614641	1179.34997558594
333.690741369517	1175.65502929688
336.56354395661	1175.56494140625
339.435407809193	1172.44995117188
342.306333360273	1174.01501464844
345.176321042591	1169.85498046875
348.045371288612	1161.41003417969
350.913484530551	1158.0400390625
353.78066120035	1160.32495117188
356.64690172969	1161.72497558594
359.512206549972	1160.875
362.376576092357	1157.28503417969
365.240010787716	1154.76501464844
368.102511066677	1153.43505859375
370.964077359587	1150.3349609375
373.82471009654	1147.50500488281
376.684409707364	1146.47497558594
379.543176621612	1148.38500976563
382.401011268595	1143.96496582031
385.257914077343	1143.09497070313
388.113885476627	1147.56994628906
390.968925894961	1150.09997558594
393.823035760591	1154.93994140625
396.676215501503	1158.65002441406
399.528465545415	1162.6650390625
402.379786319791	1169.18994140625
405.230178251834	1177.91003417969
408.079641768472	1183.66003417969
410.928177296387	1179.82995605469
413.775785261992	1174.88000488281
416.622466091445	1180.70495605469
419.468220210631	1187.60498046875
422.313048045182	1192.01000976563
425.156950020479	1194.89501953125
427.999926561623	1192.68994140625
430.841978093471	1189.55004882813
433.683105040613	1186.14501953125
436.523307827384	1181.1650390625
439.362586877851	1177.78503417969
442.200942615829	1180.11499023438
445.038375464876	1178.25
447.874885848283	1173.72998046875
450.710474189089	1174.65002441406
453.54514091007	1176.03002929688
456.37888643375	1169.51501464844
459.211711182386	1166.16003417969
462.043615577986	1164.95495605469
464.874600042297	1162
467.704664996804	1159.56994628906
470.533810862741	1156.88000488281
473.36203806108	1158.60498046875
476.189347012547	1156.13000488281
479.015738137594	1154.26501464844
481.841211856432	1153.23999023438
484.665768589008	1156.79504394531
487.489408755009	1163.99499511719
490.312132773878	1172.06494140625
493.133941064796	1175.77502441406
495.954834046683	1172.57995605469
498.77481213821	1168.65502929688
501.593875757797	1166.75500488281
504.412025323601	1166.68005371094
507.229261253524	1166.89501953125
510.045583965226	1164.90502929688
512.860993876093	1161.52502441406
515.675491403271	1156.58996582031
518.489076963649	1152.29504394531
521.301750973863	1151.63500976563
524.113513850293	1148.0849609375
526.924366009065	1142.8349609375
529.734307866052	1136.25
532.543339836881	1133.4599609375
535.35146233692	1131.08996582031
538.158675781281	1128.80505371094
540.964980584833	1124.21997070313
543.770377162182	1121.81994628906
546.574865927692	1122.53002929688
549.378447295465	1119.70495605469
552.181121679365	1113.6650390625
554.982889492993	1111.21496582031
557.783751149701	1106.81005859375
560.583707062591	1105.67004394531
563.38275764452	1102.72998046875
566.180903308083	1098.09997558594
568.978144465633	1095.31994628906
571.774481529266	1095.18505859375
574.569914910839	1096.98999023438
577.364445021949	1098.21997070313
580.158072273946	1095.92504882813
582.950797077926	1089.65502929688
585.742619844752	1085.19995117188
588.533540985018	1081.85498046875
591.323560909078	1080.3349609375
594.112680027034	1082.5400390625
596.90089874875	1080.76501464844
599.688217483828	1082.98999023438
602.474636641629	1081.65502929688
605.260156631263	1080.26000976563
608.044777861596	1077.99499511719
610.828500741241	1080.22497558594
613.611325678567	1082.09997558594
616.393253081697	1088.26000976563
619.174283358506	1085.19494628906
621.954416916616	1087.30004882813
624.733654163414	1089.01000976563
627.511995506029	1085.21997070313
630.289441351351	1079.52001953125
633.065992106022	1074.40502929688
635.841648176434	1073.47998046875
638.616409968744	1077.10498046875
641.390277888847	1082.57495117188
644.163252342408	1087.81494140625
646.93533373484	1089.76000976563
649.706522471307	1091.14501953125
652.47681895674	1091.46997070313
655.246223595811	1088.74499511719
658.014736792957	1084
660.782358952371	1085.57995605469
663.549090477999	1085.60498046875
666.314931773542	1088.13500976563
669.079883242452	1085.27001953125
671.843945287955	1086.15502929688
674.607118313019	1085.17504882813
677.369402720366	1086.83996582031
680.130798912488	1088.03503417969
682.891307291627	1087.63000488281
685.650928259784	1085.21496582031
688.409662218708	1087.20495605469
691.167509569927	1086.125
693.924470714705	1090.53002929688
696.680546054078	1092.76000976563
699.435735988832	1090.79504394531
702.190040919516	1089.875
704.943461246442	1089.4150390625
707.695997369667	1090.49499511719
710.447649689022	1093.5400390625
713.198418604088	1096.93994140625
715.948304514206	1096.30004882813
718.697307818481	1095.13000488281
721.445428915779	1094.53503417969
724.192668204716	1097.47998046875
726.93902608368	1098.68994140625
729.684502950805	1097.96997070313
732.429099204005	1099.03503417969
735.172815240936	1094.14501953125
737.915651459026	1095.15002441406
740.657608255463	1097.81494140625
743.398686027186	1104.72497558594
746.13888517091	1108.63000488281
748.878206083102	1109.28002929688
751.616649159998	1112.43505859375
754.354214797584	1117.51000976563
757.09090339162	1123.125
759.826715337622	1125.73999023438
762.561651030868	1121.79504394531
765.295710866406	1115.13500976563
768.028895239041	1107.44494628906
770.761204543336	1102.61499023438
773.492639173626	1100.81994628906
776.223199524006	1094.99499511719
778.952885988334	1088.77502441406
781.681698960235	1083.07495117188
784.40963883309	1082.125
787.136706000052	1081.76000976563
789.862900854037	1084.93005371094
792.588223787721	1084.52502441406
795.312675193549	1084.10998535156
798.036255463728	1083.23498535156
800.758964990228	1085.86499023438
803.480804164792	1088.91003417969
806.201773378919	1092.52001953125
808.921873023884	1098.6650390625
811.641103490712	1104.10998535156
814.359465170214	1109.08996582031
817.076958452946	1118.02001953125
819.793583729246	1125.54504394531
822.509341389214	1134.6650390625
825.224231822712	1142.43005371094
827.938255419375	1150.85498046875
830.651412568596	1163.1650390625
833.363703659544	1167.44995117188
836.075129081157	1172.13500976563
838.785689222127	1172.51000976563
841.495384470928	1172.54504394531
844.204215215788	1173.73498535156
846.912181844721	1177.01000976563
849.619284745491	1187.57995605469
852.325524305638	1198.89001464844
855.030900912475	1202.47497558594
857.735414953079	1202.70495605469
860.439066814289	1195.15502929688
863.141856882725	1188.42004394531
865.843785544769	1183.30004882813
868.544853186571	1179.3349609375
871.245060194063	1177.80004882813
873.944406952925	1179.63500976563
876.642893848625	1182.49499511719
879.340521266398	1185.09497070313
882.037289591241	1184.47998046875
884.733199207927	1186.91003417969
887.428250501001	1190.26000976563
890.122443854778	1189.48498535156
892.815779653335	1191.64001464844
895.508258280534	1190.06005859375
898.199880119997	1191.2900390625
900.890645555129	1193.75756835938
903.580554969094	1196.22497558594
906.269608744832	1192.15502929688
908.957807265056	1189.32495117188
911.645150912257	1188.29504394531
914.331640068689	1183.38000488281
917.017275116375	1183.56994628906
919.702056437128	1187.99499511719
922.385984412518	1194.20495605469
925.069059423886	1201.97497558594
927.751281852366	1208.5849609375
930.432652078842	1218.07995605469
933.113170483983	1227.24499511719
935.79283744823	1229.18994140625
938.471653351806	1227.43005371094
941.149618574686	1227.52001953125
943.826733496641	1233.01501464844
946.502998497206	1238.46496582031
949.178413955689	1233.15002441406
951.85298025118	1234.44506835938
954.526697762544	1235.73999023438
957.199566868403	1230.72497558594
959.87158794718	1230.92004394531
962.542761377054	1229.99499511719
965.213087535987	1228.82995605469
967.882566801719	1228.57495117188
970.551199551761	1228.36999511719
973.218986163399	1223.32495117188
975.885927013698	1217.50500488281
978.552022479501	1219.17504882813
981.217272937423	1220.18994140625
983.88167876386	1222.41003417969
986.545240334978	1227.60998535156
989.207958026729	1235.79504394531
991.869832214835	1250.64001464844
994.530863274798	1276.07495117188
997.191051581895	1308.6650390625
999.850397511185	1353.7099609375
1002.50890143751	1401.14501953125
1005.16656373546	1423.81994628906
1007.82338477944	1423.89001464844
1010.47936494363	1404.42504882813
1013.13450460195	1374.97998046875
1015.78880412815	1328.35498046875
1018.44226389572	1286
1021.09488427794	1257.5849609375
1023.74666564789	1246.82995605469
1026.3976083784	1243.40002441406
1029.04771284208	1243.92504882813
1031.69697941135	1251.28002929688
1034.34540845838	1259.5849609375
1036.99300035512	1259.82495117188
1039.63975547333	1255.63000488281
1042.28567418452	1252.86499023438
1044.93075685998	1251.25500488281
1047.57500387081	1246.84997558594
1050.21841558786	1247.65502929688
1052.86099238177	1248.11999511719
1055.50273462297	1248.60498046875
1058.14364268167	1250.57495117188
1060.78371692784	1255.55004882813
1063.42295773126	1261.5849609375
1066.06136546148	1265.39001464844
1068.69894048781	1266.14501953125
1071.33568317939	1270.71997070313
1073.9715939051	1269.05505371094
1076.60667303362	1267.98498535156
1079.24092093341	1260.88000488281
1081.87433797271	1255.51501464844
1084.50692451954	1255.43505859375
1087.13868094172	1253.24499511719
1089.76960760684	1252.27001953125
1092.39970488226	1251.83996582031
1095.02897313516	1249.26501464844
1097.65741273246	1247.05505371094
1100.28502404089	1239.96496582031
1102.91180742697	1234.22998046875
1105.53776325698	1231.34997558594
1108.16289189701	1234.69494628906
1110.78719371291	1234.94995117188
1113.41066907033	1234.99499511719
1116.0333183347	1233.46496582031
1118.65514187124	1234.09497070313
1121.27614004495	1237.20495605469
1123.89631322061	1244.13500976563
1126.51566176279	1249.26000976563
1129.13418603585	1250.57495117188
1131.75188640394	1244.86499023438
1134.36876323098	1235.23498535156
1136.98481688069	1219.96496582031
1139.60004771655	1201.45495605469
1142.21445610187	1188.19995117188
1144.82804239972	1179.38500976563
1147.44080697295	1178.43994140625
1150.05275018421	1189.15502929688
1152.66387239593	1197.35498046875
1155.27417397034	1201.86999511719
1157.88365526943	1210.81005859375
1160.49231665502	1216.21496582031
1163.10015848867	1217.06994628906
1165.70718113176	1214.63500976563
1168.31338494544	1207.73999023438
1170.91877029067	1199.89001464844
1173.52333752817	1191.56005859375
1176.12708701847	1188.0849609375
1178.73001912187	1189.9150390625
1181.33213419848	1189.10998535156
1183.93343260819	1185.02502441406
1186.53391471068	1182.64501953125
1189.13358086539	1176.79504394531
1191.73243143161	1176.43505859375
1194.33046676836	1180.07995605469
1196.92768723449	1182.96997070313
1199.52409318861	1190.65502929688
1202.11968498915	1202.65002441406
1204.7144629943	1211.96496582031
1207.30842756206	1221.16003417969
1209.90157905021	1228.2099609375
1212.49391781634	1231.65002441406
1215.08544421779	1232.96496582031
1217.67615861174	1229.40502929688
1220.26606135512	1224.79504394531
1222.85515280468	1223.7900390625
1225.44343331694	1229.0849609375
1228.03090324823	1237.11999511719
1230.61756295466	1248.1650390625
1233.20341279213	1256.14501953125
1235.78845311634	1265.53503417969
1238.37268428278	1281.07995605469
1240.95610664673	1291.33996582031
1243.53872056325	1296.93994140625
1246.12052638722	1297.47497558594
1248.70152447329	1298.1650390625
1251.28171517591	1300.25
1253.86109884934	1299.22497558594
1256.43967584759	1300.29504394531
1259.0174465245	1308.32495117188
1261.5944112337	1311.11999511719
1264.1705703286	1313.0400390625
1266.74592416241	1316.98498535156
1269.32047308814	1315.18994140625
1271.89421745858	1308.06494140625
1274.46715762633	1301.3349609375
1277.03929394377	1303.17004394531
1279.61062676308	1306.56494140625
1282.18115643624	1301.21997070313
1284.75088331502	1292.03503417969
1287.31980775098	1290.91003417969
1289.88793009548	1294.19494628906
1292.45525069969	1295.48999023438
1295.02176991454	1289.48999023438
1297.58748809078	1285.70495605469
1300.15240557897	1286.8349609375
1302.71652272942	1289.8349609375
1305.27983989229	1293.47497558594
1307.84235741749	1301.18005371094
1310.40407565475	1314.28002929688
1312.9649949536	1325.72998046875
1315.52511566335	1328.66003417969
1318.08443813311	1326.84497070313
1320.64296271181	1327.52502441406
1323.20068974815	1328.20495605469
1325.75761959063	1324.49499511719
1328.31375258756	1327.38500976563
1330.86908908704	1329.81005859375
1333.42362943696	1326.80004882813
1335.97737398503	1326.22497558594
1338.53032307874	1324.92004394531
1341.08247706537	1331.55505371094
1343.63383629202	1333.06005859375
1346.18440110558	1329.4150390625
1348.73417185274	1319.23498535156
1351.28314887997	1299.3349609375
1353.83133253357	1278.94995117188
1356.37872315961	1266.22497558594
1358.92532110398	1254.81494140625
1361.47112671237	1246.20495605469
1364.01614033024	1234.71496582031
1366.56036230288	1220.34497070313
1369.10379297537	1213.19494628906
1371.64643269258	1206.28503417969
1374.18828179921	1199.24499511719
1376.72934063972	1190.04504394531
1379.2696095584	1184.56005859375
1381.80908889932	1186.34497070313
1384.34777900637	1183.16003417969
1386.88568022323	1184.0849609375
1389.42279289337	1188.7900390625
1391.95911736009	1193.90502929688
1394.49465396645	1195.06494140625
1397.02940305537	1199.39001464844
1399.5633649695	1197.58752441406
1402.09654005135	1195.78503417969
1404.6289286432	1193.81005859375
1407.16053108714	1196.96997070313
1409.69134772507	1200.51000976563
1412.22137889868	1209.53503417969
1414.75062494947	1214.66003417969
1417.27908621874	1207.14001464844
1419.80676304759	1207.05004882813
1422.33365577692	1212.32495117188
1424.85976474744	1216.03002929688
1427.38509029967	1222.30505371094
1429.90963277392	1230.56005859375
1432.4333925103	1243.56494140625
1434.95636984873	1263.35498046875
1437.47856512894	1284.90002441406
1439.99997869045	1312.18005371094
1442.5206108726	1335.93994140625
1445.04046201452	1361.4150390625
1447.55953245515	1387.30505371094
1450.07782253323	1404.28002929688
1452.59533258731	1396.3466796875
1455.11206295574	1388.41333007813
1457.62801397668	1380.47998046875
1460.14318598809	1364.31994628906
1462.65757932774	1344.10498046875
1465.1711943332	1327.78002929688
1467.68403134184	1305.11999511719
1470.19609069085	1271.66003417969
1472.70737271721	1239.82995605469
1475.21787775772	1208.70495605469
1477.72760614897	1181.69494628906
1480.23655822738	1153.59997558594
1482.74473432914	1128.35498046875
1485.25213479029	1110.25
1487.75875994664	1093.48999023438
1490.26461013382	1082.17504882813
1492.76968568726	1075.53002929688
1495.27398694222	1069.32495117188
1497.77751423374	1062.90002441406
1500.28026789667	1064.18994140625
1502.78224826569	1067.55505371094
1505.28345567526	1070.32995605469
1507.78389045967	1073.51000976563
1510.28355295299	1075.7099609375
1512.78244348913	1076.48498535156
1515.28056240178	1077.65002441406
1517.77791002445	1077.09497070313
1520.27448669047	1078.07995605469
1522.77029273296	1079.84497070313
1525.26532848486	1073.80505371094
1527.75959427889	1075.11499023438
1530.25309044764	1080.34997558594
1532.74581732344	1075.61999511719
1535.23777523847	1070.21496582031
1537.72896452471	1067.81994628906
1540.21938551394	1070.38500976563
1542.70903853778	1073.22998046875
1545.19792392761	1079.51000976563
1547.68604201466	1083.625
1550.17339312997	1088.74499511719
1552.65997760434	1092.7099609375
1555.14579576845	1094.72998046875
1557.63084795275	1096.44494628906
1560.11513448749	1098.26000976563
1562.59865570276	1096.84997558594
1565.08141192845	1094.82995605469
1567.56340349426	1089.59497070313
1570.04463072969	1085.94995117188
1572.52509396406	1086.08996582031
1575.00479352652	1084.46496582031
1577.48372974599	1087.82495117188
1579.96190295124	1092.08996582031
1582.43931347083	1096.71496582031
1584.91596163314	1102.39001464844
1587.39184776636	1107.27502441406
1589.86697219849	1112.7900390625
1592.34133525734	1114.61999511719
1594.81493727054	1118.51501464844
1597.28777856553	1121.60998535156
1599.75985946955	1129.36999511719
1602.23118030968	1141.64501953125
1604.70174141278	1156.10998535156
1607.17154310555	1170.22497558594
1609.64058571449	1172.56994628906
1612.10886956591	1171.625
1614.57639498595	1167.64001464844
1617.04316230054	1168.88000488281
1619.50917183543	1164.7099609375
1621.97442391621	1161.30004882813
1624.43891886825	1152.24499511719
1626.90265701674	1144.47998046875
1629.36563868671	1142.82995605469
1631.82786420296	1143.77502441406
1634.28933389016	1146.99499511719
1636.75004807274	1155.78503417969
1639.21000707498	1169.15502929688
1641.66921122097	1181.31494140625
1644.12766083459	1192.61499023438
1646.58535623956	1203.74499511719
1649.04229775941	1221.30505371094
1651.4984857175	1236.02502441406
1653.95392043697	1254.5
1656.40860224079	1274.31005859375
1658.86253145177	1287.36999511719
1661.3157083925	1292.98498535156
1663.76813338542	1292.10498046875
1666.21980675275	1296.09997558594
1668.67072881656	1299.06494140625
1671.1208998987	1291.30004882813
1673.57032032089	1276.23999023438
1676.0189904046	1255.92504882813
1678.46691047118	1235.70495605469
1680.91408084174	1218.23498535156
1683.36050183726	1198.68005371094
1685.8061737785	1177.65002441406
1688.25109698605	1157.32995605469
1690.69527178032	1136.06994628906
1693.13869848153	1116.3349609375
1695.58137740972	1101.39501953125
1698.02330888476	1084.10998535156
1700.46449322631	1070.42004394531
1702.90493075388	1052.40002441406
1705.34462178678	1042.02001953125
1707.78356664414	1029.34997558594
1710.22176564492	1020.01000976563
1712.65921910787	1012.41497802734
1715.0959273516	1009.06500244141
1717.53189069449	1004.45501708984
1719.9671094548	1001.14501953125
1722.40158395054	998.02001953125
1724.8353144996	995.960021972656
1727.26830141965	997.460021972656
1729.70054502819	996.195007324219
1732.13204564255	994.669982910156
1734.56280357987	991.599975585938
1736.99281915711	989.739990234375
1739.42209269106	989.200012207031
1741.85062449831	990.405029296875
1744.27841489529	991.809997558594
1746.70546419823	988.830017089844
1749.13177272321	987.929992675781
1751.5573407861	987.344970703125
1753.98216870262	986.52001953125
1756.40625678828	985.969970703125
1758.82960535844	986.010009765625
1761.25221472825	987.044982910156
1763.67408521271	985.72998046875
1766.09521712663	983.820007324219
1768.51561078464	983.419982910156
1770.93526650119	983.739990234375
1773.35418459056	985.210021972656
1775.77236536684	986.590026855469
1778.18980914396	986.760009765625
1780.60651623565	985.809997558594
1783.02248695548	984.375
1785.43772161684	982.695007324219
1787.85222053292	984.5
1790.26598401677	983.929992675781
1792.67901238123	984.325012207031
1795.09130593899	984.114990234375
1797.50286500254	982.609985351563
1799.9136898842	980.330017089844
1802.32378089613	980.409973144531
1804.73313835028	980.815002441406
1807.14176255846	980.539978027344
1809.54965383228	980.469970703125
1811.95681248317	981.005004882813
1814.36323882242	979.465026855469
1816.76893316109	981.094970703125
1819.17389581011	981.809997558594
1821.57812708021	980.804992675781
1823.98162728196	975.630004882813
1826.38439672573	975.599975585938
1828.78643572174	978.89501953125
1831.18774458003	979.960021972656
1833.58832361045	981.164978027344
1835.98817312269	978.695007324219
1838.38729342625	977.445007324219
1840.78568483048	976.700012207031
1843.18334764454	976.099975585938
1845.58028217741	976.585021972656
1847.9764887379	976.614990234375
1850.37196763465	976.775024414063
1852.76671917613	976.760009765625
1855.16074367062	977.14501953125
1857.55404142624	978.140014648438
1859.94661275094	977.690002441406
1862.33845795247	977.099975585938
1864.72957733844	976.215026855469
1867.11997121627	975.164978027344
1869.5096398932	973.47998046875
1871.89858367631	977.344970703125
1874.28680287251	976.929992675781
1876.67429778851	976.760009765625
1879.06106873089	976.39501953125
1881.44711600601	976.787475585938
1883.8324399201	977.179992675781
1886.21704077919	976.625
1888.60091888915	978.804992675781
1890.98407455567	978.794982910156
1893.36650808428	975.710021972656
1895.74821978033	973.585021972656
1898.12920994899	975.179992675781
1900.50947889527	977.054992675781
1902.88902692401	976.909973144531
1905.26785433986	976.465026855469
1907.64596144734	976.200012207031
1910.02334855075	977.10498046875
1912.40001595424	978.265014648438
1914.7759639618	977.635009765625
1917.15119287724	978.655029296875
1919.52570300419	978.059997558594
1921.89949464611	977.265014648438
1924.27256810632	976.164978027344
1926.64492368793	975.474975585938
1929.0165616939	976.575012207031
1931.38748242701	976.4775390625
1933.75768618989	976.380004882813
1936.12717328497	978.950012207031
1938.49594401455	977.565002441406
1940.86399868071	978.234985351563
1943.23133758541	976.945007324219
1945.5979610304	978.869995117188
1947.96386931729	978.390014648438
1950.32906274751	979.85498046875
1952.69354162232	980.044982910156
1955.0573062428	981.080017089844
1957.42035690989	982.794982910156
1959.78269392434	984.650024414063
1962.14431758673	983.72998046875
1964.50522819748	980.39501953125
1966.86542605684	977.044982910156
1969.22491146488	975.25
1971.58368472153	975.390014648438
1973.94174612654	981.984985351563
1976.29909597945	979.815002441406
1978.65573457971	980.114990234375
1981.01166222654	981.630004882813
1983.36687921902	980.385009765625
1985.72138585606	978.075012207031
1988.07518243639	974.164978027344
1990.42826925859	976.724975585938
1992.78064662106	978.090026855469
1995.13231482205	978.590026855469
1997.48327415961	979.825012207031
1999.83352493167	980.719970703125
2002.18306743594	980.219970703125
2004.53190197002	979.640014648438
2006.8800288313	978.380004882813
2009.22744831703	978.630004882813
2011.57416072427	976.5
2013.92016634993	976.97998046875
2016.26546549076	977.804992675781
2018.61005844332	978.215026855469
2020.95394550404	979.580017089844
2023.29712696915	981.340026855469
2025.63960313474	981.585021972656
2027.98137429672	982.049987792969
2030.32244075083	979.919982910156
2032.66280279266	978.599975585938
2035.00246071763	978.315002441406
2037.34141482099	976.724975585938
2039.67966539784	980.859985351563
2042.01721274309	982.255004882813
2044.35405715151	980.804992675781
2046.69019891769	981.650024414063
2049.02563833606	982.02001953125
2051.3603757009	980.655029296875
2053.6944113063	982.929992675781
2056.0277454462	982.369995117188
2058.36037841439	983.244995117188
2060.69231050446	982.890014648438
2063.02354200988	980.090026855469
2065.35407322392	980.109985351563
2067.68390443971	982.594970703125
2070.01303595021	985.349975585938
2072.3414680482	985.89501953125
2074.66920102633	985.010009765625
2076.99623517706	981.934997558594
2079.32257079271	982.400024414063
2081.6482081654	984.664978027344
2083.97314758713	988.02001953125
2086.29738934971	987.294982910156
2088.62093374481	985.219970703125
2090.94378106391	984.530029296875
2093.26593159835	985.015014648438
2095.5873856393	985.780029296875
2097.90814347777	987.775024414063
2100.2282054046	989.809997558594
2102.54757171048	990.309997558594
2104.86624268594	988.669982910156
2107.18421862133	986.075012207031
2109.50149980686	985.52001953125
2111.81808653257	985.695007324219
2114.13397908834	988.22998046875
2116.44917776388	988.739990234375
2118.76368284875	992.424987792969
2121.07749463235	993.424987792969
2123.39061340391	995.549987792969
2125.70303945252	992.844970703125
2128.01477306707	988.789978027344
2130.32581453634	987.265014648438
2132.63616414891	990.085021972656
2134.94582219322	991.265014648438
2137.25478895754	993.159973144531
2139.56306472999	992.700012207031
2141.87064979851	993.455017089844
2144.17754445092	993.109985351563
2146.48374897484	994.179992675781
2148.78926365774	994.364990234375
2151.09408878695	994.090026855469
2153.39822464963	993.39501953125
2155.70167153277	994.820007324219
2158.00442972321	996.244995117188
2160.30649950763	997.119995117188
2162.60788117256	994.215026855469
2164.90857500436	992.72998046875
2167.20858128923	993.210021972656
2169.50790031323	991.150024414063
2171.80653236223	992.25
2174.10447772198	993.489990234375
2176.40173667804	993.700012207031
2178.69830951582	992.184997558594
2180.99419652058	993.265014648438
2183.28939797743	992.815002441406
2185.5839141713	993.469970703125
2187.87774538698	992.440002441406
2190.17089190908	994.27001953125
2192.46335402209	994.325012207031
2194.75513201032	996.260009765625
2197.04622615791	993.265014648438
2199.33663674886	994.205017089844
2201.62636406702	995.200012207031
2203.91540839606	996.432495117188
2206.20377001952	997.664978027344
2208.49144922077	994.184997558594
2210.77844628302	993.390014648438
2213.06476148933	995.539978027344
2215.3503951226	993.244995117188
2217.63534746557	991.614990234375
2219.91961880085	993.080017089844
2222.20320941085	992.994995117188
2224.48611957785	992.659973144531
2226.76834958399	995.924987792969
2229.04989971122	996.765014648438
2231.33077024136	995.864990234375
2233.61096145607	995.190002441406
2235.89047363683	994.315002441406
2238.169307065	993.575012207031
2240.44746202178	993.205017089844
2242.72493878819	991.585021972656
2245.00173764511	993.900024414063
2247.27785887327	996.320007324219
2249.55330275324	996.359985351563
2251.82806956545	998.330017089844
2254.10215959014	998.60498046875
2256.37557310744	998.289978027344
2258.64831039729	999.525024414063
2260.92037173949	998.815002441406
2263.19175741368	997.22998046875
2265.46246769938	998.585021972656
2267.7325028759	1000.19500732422
2270.00186322243	1000.42999267578
2272.270549018	1001.34497070313
2274.5385605415	999.320007324219
2276.80589807165	998.955017089844
2279.07256188702	1001.86499023438
2281.33855226601	1002.19500732422
2283.60386948691	1003.78002929688
2285.86851382782	1002.03497314453
2288.1324855667	1002.40502929688
2290.39578498136	1003.15997314453
2292.65841234945	1004.95501708984
2294.92036794847	1006.83001708984
2297.18165205578	1007.92999267578
2299.44226494856	1006.60998535156
2301.70220690387	1006.88000488281
2303.96147819859	1006.38000488281
2306.22007910947	1007.22998046875
2308.47800991309	1006.79998779297
2310.73527088589	1007.86499023438
2312.99186230416	1007.56500244141
2315.24778444403	1009.01000976563
2317.50303758149	1008.83001708984
2319.75762199235	1006.61999511719
2322.01153795231	1006.375
2324.26478573689	1006.93499755859
2326.51736562147	1008.28997802734
2328.76927788127	1007.60998535156
2331.02052279137	1005.89501953125
2333.2711006267	1002.01000976563
2335.52101166203	1004.58502197266
2337.77025617198	1008.02001953125
2340.01883443103	1006.72998046875
2342.2667467135	1005.17999267578
2344.51399329356	1008.99499511719
2346.76057444525	1010.64001464844
2349.00649044241	1010.33502197266
2351.2517415588	1008.90502929688
2353.49632806796	1008.18499755859
2355.74025024334	1005.69500732422
2357.98350835819	1007.21997070313
2360.22610268566	1006.08001708984
2362.4680334987	1007.15997314453
2364.70930107016	1006.08001708984
2366.94990567269	1004.46997070313
2369.18984757884	1006.90997314453
2371.42912706098	1008.23498535156
2373.66774439134	1009.85498046875
2375.90569984199	1007.21502685547
2378.14299368488	1005.85998535156
2380.37962619179	1006.99499511719
2382.61559763435	1007.92999267578
2384.85090828405	1008.89501953125
2387.08555841222	1010.46002197266
2389.31954829006	1013.875
2391.55287818861	1016.22497558594
2393.78554837877	1009.25
2396.01755913128	1012.42999267578
2398.24891071673	1011.93499755859
2400.47960340558	1010.22497558594
2402.70963746814	1011.15002441406
2404.93901317456	1012.16998291016
2407.16773079485	1011.75500488281
2409.39579059887	1012.15502929688
2411.62319285633	1011.55999755859
2413.84993783681	1011.58502197266
2416.07602580971	1011.99499511719
2418.30145704432	1011.99749755859
2420.52623180977	1012
2422.75035037503	1013.45001220703
2424.97381300893	1016.11999511719
2427.19661998017	1015.30999755859
2429.41877155729	1014.35998535156
2431.64026800867	1015.29498291016
2433.86110960257	1016.39001464844
2436.08129660709	1016.89501953125
2438.30082929019	1017.14001464844
2440.51970791967	1017.22998046875
2442.73793276321	1015.84497070313
2444.95550408832	1017.41998291016
2447.17242216237	1015.93499755859
2449.38868725259	1014.94000244141
2451.60429962607	1014.56500244141
2453.81925954975	1015.01501464844
2456.03356729041	1015.03997802734
2458.2472231147	1013.64001464844
2460.46022728913	1016.95501708984
2462.67258008005	1020.45001220703
2464.88428175368	1020.21502685547
2467.09533257608	1018.32501220703
2469.30573281318	1019.51501464844
2471.51548273076	1019.26000976563
2473.72458259445	1018.27001953125
2475.93303266974	1020.83502197266
2478.14083322198	1022.96002197266
2480.34798451637	1021.74499511719
2482.55448681797	1019.03497314453
2484.76034039169	1022.39501953125
2486.96554550231	1025.44995117188
2489.17010241445	1024.65502929688
2491.37401139259	1022.26000976563
2493.57727270109	1022.69500732422
2495.77988660412	1025.78002929688
2497.98185336574	1026.32995605469
2500.18317324987	1025.2099609375
2502.38384652028	1024.10998535156
2504.58387344058	1024.76000976563
2506.78325427425	1026.54504394531
2508.98198928465	1028.03503417969
2511.18007873495	1028.89501953125
2513.37752288821	1029.18505859375
2515.57432200735	1028.10498046875
2517.77047635514	1027.31994628906
2519.96598619419	1025.90502929688
2522.16085178699	1026.5849609375
2524.35507339589	1030.01000976563
2526.54865128308	1029.79504394531
2528.74158571062	1030.95495605469
2530.93387694042	1031.96997070313
2533.12552523427	1032.67504882813
2535.31653085379	1031.99499511719
2537.50689406046	1031.31494140625
2539.69661511566	1030.71997070313
2541.88569428057	1030.34997558594
2544.07413181627	1030.8349609375
2546.26192798368	1032.76501464844
2548.44908304359	1036.22998046875
2550.63559725664	1035.2900390625
2552.82147088333	1034.34997558594
2555.00670418402	1031.79504394531
2557.19129741894	1031.73498535156
2559.37525084817	1034.23498535156
2561.55856473164	1037.07495117188
2563.74123932917	1040.01501464844
2565.92327490039	1038.0849609375
2568.10467170484	1037.98498535156
2570.28543000189	1037.38500976563
2572.46555005079	1037.58996582031
2574.64503211063	1036.72497558594
2576.82387644036	1036.71496582031
2579.00208329882	1041.13000488281
2581.17965294468	1043.9150390625
2583.35658563648	1040.02001953125
2585.53288163263	1038.80004882813
2587.70854119137	1040.88500976563
2589.88356457084	1040.38500976563
2592.05795202902	1040.57995605469
2594.23170382376	1042.18994140625
2596.40482021275	1041.84497070313
2598.57730145356	1044.68505859375
2600.74914780363	1046.32495117188
2602.92035952023	1044.54504394531
2605.09093686053	1045.22998046875
2607.26088008153	1048.21997070313
2609.4301894401	1048.52502441406
2611.59886519299	1049.69494628906
2613.76690759678	1048.46496582031
2615.93431690793	1048.44995117188
2618.10109338277	1049.78002929688
2620.26723727748	1052.98999023438
2622.4327488481	1053.33996582031
2624.59762835054	1054.48498535156
2626.76187604057	1053.97998046875
2628.92549217382	1058.73999023438
2631.08847700579	1061.23498535156
2633.25083079182	1063.85998535156
2635.41255378715	1065.42504882813
2637.57364624684	1065.92004394531
2639.73410842586	1064.77001953125
2641.893940579	1064.35998535156
2644.05314296094	1063.85498046875
2646.21171582621	1061.04504394531
2648.36965942921	1062.98498535156
2650.5269740242	1068.73999023438
2652.6836598653	1071.72497558594
2654.83971720651	1074.31994628906
2656.99514630167	1074.26501464844
2659.1499474045	1069.78002929688
2661.30412076857	1070.43994140625
2663.45766664734	1071.10498046875
2665.61058529411	1073.60498046875
2667.76287696204	1075.81994628906
2669.91454190418	1076.78002929688
2672.06558037342	1081.32995605469
2674.21599262253	1081.18994140625
2676.36577890413	1079.57995605469
2678.51493947072	1078.90502929688
2680.66347457466	1078.7900390625
2682.81138446816	1079.13500976563
2684.95866940332	1082.45495605469
2687.10532963209	1086.43005371094
2689.25136540628	1084.11499023438
2691.39677697757	1081.125
2693.54156459752	1082
2695.68572851753	1082.875
2697.82926898888	1083.13000488281
2699.97218626272	1084.89001464844
2702.11448059006	1089.56494140625
2704.25615222175	1094.19995117188
2706.39720140856	1097.31494140625
2708.53762840109	1097.74499511719
2710.67743344979	1094.47998046875
2712.81661680503	1095.90002441406
2714.95517871698	1102.65502929688
2717.09311943574	1106.86999511719
2719.23043921123	1107.93005371094
2721.36713829325	1110.5
2723.50321693148	1113.90502929688
2725.63867537545	1117.22998046875
2727.77351387456	1117.52001953125
2729.90773267809	1118.82995605469
2732.04133203516	1122.68994140625
2734.17431219478	1123.06994628906
2736.30667340581	1122.14501953125
2738.438415917	1124.40502929688
2740.56953997695	1120.70495605469
2742.70004583414	1118.78503417969
2744.82993373688	1116.60498046875
2746.9592039334	1115.18505859375
2749.08785667177	1112.6650390625
2751.21589219993	1114.56005859375
2753.34331076568	1113.14501953125
2755.4701126167	1115.9599609375
2757.59629800054	1116.75
2759.7218671646	1116.67004394531
2761.84682035617	1114.05505371094
2763.9711578224	1108.88000488281
2766.0948798103	1112.07995605469
2768.21798656676	1118.72998046875
2770.34047833852	1120.59997558594
2772.46235537222	1119.18505859375
2774.58361791434	1117.91003417969
2776.70426621124	1115.375
2778.82430050915	1116.64501953125
2780.94372105416	1114.44995117188
2783.06252809224	1112.50500488281
2785.18072186922	1117.70495605469
2787.29830263081	1120.73498535156
2789.41527062257	1124.00500488281
2791.53162608996	1121.50500488281
2793.64736927828	1121.74499511719
2795.76250043271	1122.59997558594
2797.8770197983	1118.64501953125
2799.99092761997	1121.10998535156
2802.10422414252	1124.58996582031
2804.21690961059	1128.30505371094
2806.32898426873	1131.78002929688
2808.44044836132	1133.25
2810.55130213264	1135.99499511719
2812.66154582682	1141.16003417969
2814.77117968788	1142.74499511719
2816.8802039597	1146.58996582031
2818.98861888601	1152.95495605469
2821.09642471046	1159.18994140625
2823.20362167653	1165.44494628906
2825.31021002756	1169.46496582031
2827.41619000682	1175.63000488281
2829.52156185738	1185.4150390625
2831.62632582224	1190.6650390625
2833.73048214422	1196.59997558594
2835.83403106606	1205.28002929688
2837.93697283033	1217.97497558594
2840.03930767951	1233.19494628906
2842.1410358559	1248.06994628906
2844.24215760173	1265.57995605469
2846.34267315905	1288.44494628906
2848.44258276982	1315.84997558594
2850.54188667585	1341.22998046875
2852.64058511883	1362.93005371094
2854.73867834032	1391.67004394531
2856.83616658175	1418.59497070313
2858.93305008443	1443.97497558594
2861.02932908952	1468.44494628906
2863.12500383809	1509.96496582031
2865.22007457104	1558.56994628906
2867.31454152918	1600.53002929688
2869.40840495316	1639.24499511719
2871.50166508353	1675.57495117188
2873.59432216069	1709.89501953125
2875.68637642493	1736.84497070313
2877.77782811641	1758.90002441406
2879.86867747515	1762.21496582031
2881.95892474105	1762.06994628906
2884.0485701539	1767.19494628906
2886.13761395333	1768.60498046875
2888.22605637886	1777.42004394531
2890.3138976699	1789.35998535156
2892.40113806571	1807.10498046875
2894.48777780544	1828.02001953125
2896.57381712808	1846.69995117188
2898.65925627254	1854.43005371094
2900.74409547758	1885.60998535156
2902.82833498183	1896.625
2904.9119750238	1903.06994628906
2906.99501584188	1927.0400390625
2909.07745767432	1974.66003417969
2911.15930075925	2007.68994140625
2913.24054533469	2029.18005371094
2915.3211916385	2060.57006835938
2917.40123990846	2102.46997070313
2919.48069038217	2150.125
2921.55954329716	2215.580078125
2923.63779889079	2264.65502929688
2925.71545740033	2295.39501953125
2927.79251906289	2285.330078125
2929.86898411548	2278.76000976563
2931.94485279498	2314.0048828125
2934.02012533815	2344.3349609375
2936.0948019816	2349.65502929688
2938.16888296184	2342.78002929688
2940.24236851525	2312.96508789063
2942.31525887809	2276.05004882813
2944.38755428648	2236.56494140625
2946.45925497643	2194.97998046875
2948.53036118382	2156.2451171875
2950.6008731444	2121.18505859375
2952.67079109381	2082.544921875
2954.74011526755	2043.85998535156
2956.80884590101	1989.625
2958.87698322944	1962.93994140625
2960.94452748799	1944.72998046875
2963.01147891167	1924.15502929688
2965.07783773535	1906.27502441406
2967.14360419382	1886.54504394531
2969.2087785217	1874.9150390625
2971.27336095352	1859.4599609375
2973.33735172366	1832.17504882813
2975.40075106641	1812.10998535156
2977.46355921591	1790.92004394531
2979.52577640618	1770.90002441406
2981.58740287112	1753.49499511719
2983.64843884452	1740.85498046875
2985.70888456003	1709.76000976563
2987.76874025117	1675.55004882813
2989.82800615137	1641.5
2991.88668249391	1615.51501464844
2993.94476951194	1594.47497558594
2996.00226743852	1574.80004882813
2998.05917650657	1551.5849609375
3000.11549694887	1525.22998046875
3002.17122899812	1496.85998535156
3004.22637288685	1470.56994628906
3006.2809288475	1448.6650390625
3008.33489711238	1441.28002929688
3010.38827791368	1420.41003417969
3012.44107148345	1399.60498046875
3014.49327805366	1384.90002441406
3016.5448978561	1373.80004882813
3018.59593112249	1367.0400390625
3020.64637808441	1360.73999023438
3022.6962389733	1354.0849609375
3024.74551402051	1347.01000976563
3026.79420345725	1331.15502929688
3028.84230751461	1324.31994628906
3030.88982642357	1320.60998535156
3032.93676041497	1319.15002441406
3034.98310971955	1319.2099609375
3037.02887456791	1332
3039.07405519054	1339.89001464844
3041.11865181781	1339.78503417969
3043.16266467996	1343.97998046875
3045.20609400713	1347.15002441406
3047.24894002932	1354.41003417969
3049.2912029764	1356.63000488281
3051.33288307815	1356.55004882813
3053.37398056421	1360.44494628906
3055.41449566411	1364.06994628906
3057.45442860725	1374.56494140625
3059.49377962291	1392.09997558594
3061.53254894026	1402.92004394531
3063.57073678834	1406.44494628906
3065.60834339607	1410.42504882813
3067.64536899227	1408.28503417969
3069.68181380561	1394.7900390625
3071.71767806467	1381.75500488281
3073.75296199788	1368.69494628906
3075.78766583357	1358.68505859375
3077.82178979997	1352.13500976563
3079.85533412513	1338.13000488281
3081.88829903705	1319.55505371094
3083.92068476356	1312.26501464844
3085.95249153241	1307.32495117188
3087.98371957119	1299.18005371094
3090.01436910741	1295.17004394531
3092.04444036844	1293.00500488281
3094.07393358152	1291.20495605469
3096.10284897381	1294.45495605469
3098.13118677232	1293.22497558594
3100.15894720395	1290.93005371094
3102.18613049548	1290.65002441406
3104.21273687357	1292.32495117188
3106.23876656477	1286.77001953125
3108.2642197955	1281.43005371094
3110.28909679208	1284.63000488281
3112.31339778069	1280.60498046875
3114.33712298741	1282.35998535156
3116.36027263819	1286.89501953125
3118.38284695887	1291.7900390625
3120.40484617516	1294.32495117188
3122.42627051268	1291.48498535156
3124.4471201969	1285.74499511719
3126.46739545319	1289.19494628906
3128.4870965068	1291.65502929688
3130.50622358287	1291.02502441406
3132.5247769064	1286.625
3134.54275670229	1288.85998535156
3136.56016319534	1288.39501953125
3138.57699661019	1288.125
3140.59325717139	1287.06005859375
3142.60894510338	1291.32495117188
3144.62406063047	1292.73498535156
3146.63860397686	1292.31494140625
3148.65257536662	1293.20495605469
3150.66597502371	1297.64501953125
3152.67880317199	1298.47497558594
3154.69106003518	1299.81005859375
3156.70274583691	1303.67504882813
3158.71386080065	1303.4599609375
3160.72440514981	1304.43505859375
3162.73437910763	1308.78002929688
3164.74378289728	1313.43994140625
3166.75261674179	1315.93994140625
3168.76088086407	1311.98498535156
3170.76857548692	1307.82495117188
3172.77570083303	1310.97998046875
3174.78225712498	1315.59497070313
3176.78824458521	1317.6650390625
3178.79366343607	1319.49499511719
3180.79851389977	1322.28503417969
3182.80279619844	1323.34997558594
3184.80651055405	1322.68505859375
3186.80965718849	1323.7099609375
3188.81223632353	1326.43505859375
3190.81424818081	1329.63000488281
3192.81569298186	1329.83996582031
3194.8165709481	1325.90502929688
3196.81688230084	1327.10498046875
3198.81662726126	1334.47998046875
3200.81580605044	1340.70495605469
3202.81441888933	1344.28503417969
3204.81246599879	1345.10498046875
3206.80994759954	1342.02502441406
3208.80686391219	1340.57995605469
3210.80321515726	1341.29504394531
3212.79900155512	1349.35498046875
3214.79422332605	1359.18005371094
3216.78888069021	1353.15002441406
3218.78297386765	1352.26501464844
3220.77650307828	1354.17504882813
3222.76946854195	1360.19494628906
3224.76187047834	1359.875
3226.75370910705	1362.80505371094
3228.74498464755	1371.21496582031
3230.73569731921	1372.32995605469
3232.72584734127	1372.24499511719
3234.71543493287	1372.78503417969
3236.70446031304	1365.81494140625
3238.69292370068	1367.93505859375
3240.68082531459	1377.71997070313
3242.66816537345	1377.57995605469
3244.65494409583	1374.94494628906
3246.6411617002	1379.13000488281
3248.62681840488	1384.65502929688
3250.61191442812	1389.19494628906
3252.59644998804	1382.50500488281
3254.58042530263	1380.31994628906
3256.56384058979	1377.71496582031
3258.54669606731	1387.3349609375
3260.52899195285	1391.28503417969
3262.51072846396	1388.59997558594
3264.4919058181	1384.28002929688
3266.47252423259	1393.36499023438
3268.45258392464	1400.25500488281
3270.43208511138	1399.64501953125
3272.41102800978	1401.68994140625
3274.38941283675	1404.82995605469
3276.36723980904	1412.33996582031
3278.34450914332	1413.79504394531
3280.32122105613	1415.43994140625
3282.29737576392	1425.88000488281
3284.272973483	1425.67004394531
3286.24801442958	1420.09497070313
3288.22249881978	1424.22998046875
3290.19642686957	1423.73999023438
3292.16979879485	1417.73999023438
3294.14261481136	1412.67004394531
3296.11487513478	1413.29504394531
3298.08657998065	1408.33996582031
3300.0577295644	1410.11499023438
3302.02832410136	1412.34497070313
3303.99836380673	1415.21997070313
3305.96784889563	1418.01000976563
3307.93677958303	1420.23498535156
3309.90515608383	1416.10998535156
3311.87297861278	1403.82495117188
3313.84024738456	1403.71997070313
3315.80696261371	1411.71997070313
3317.77312451466	1408.2900390625
3319.73873330175	1401.21496582031
3321.70378918919	1396.60998535156
3323.66829239109	1397.41003417969
3325.63224312145	1392.94995117188
3327.59564159416	1387.29504394531
3329.55848802299	1384.13500976563
3331.52078262162	1385.42504882813
3333.4825256036	1389.58996582031
3335.44371718237	1380.89001464844
3337.40435757128	1372.73498535156
3339.36444698356	1369.57495117188
3341.32398563232	1368.15002441406
3343.28297373058	1381.10498046875
3345.24141149124	1380.86743164063
3347.19929912709	1380.63000488281
3349.15663685081	1373.32495117188
3351.11342487497	1372.79504394531
3353.06966341204	1379.08996582031
3355.02535267437	1371.9599609375
3356.98049287421	1368.21496582031
3358.9350842237	1366.40002441406
3360.88912693486	1363.05505371094
3362.84262121962	1359.68005371094
3364.79556728978	1361.86499023438
3366.74796535705	1363.47497558594
3368.69981563302	1366.77502441406
3370.65111832917	1365.73498535156
3372.60187365689	1365.98999023438
3374.55208182744	1370.2900390625
3376.50174305198	1364.28503417969
3378.45085754157	1351.00500488281
3380.39942550714	1346.22998046875
3382.34744715954	1340.86999511719
3384.29492270949	1338.46496582031
3386.24185236761	1346
3388.18823634442	1347.89501953125
3390.13407485031	1343.83996582031
3392.07936809559	1343.76501464844
3394.02411629045	1342.07995605469
3395.96831964496	1338.22998046875
3397.91197836911	1336.82495117188
3399.85509267275	1341.93505859375
3401.79766276564	1340.42504882813
3403.73968885745	1334.46997070313
3405.68117115771	1327.63000488281
3407.62210987586	1323.2099609375
3409.56250522123	1319.80505371094
3411.50235740305	1315.82495117188
3413.44166663043	1314.81494140625
3415.38043311238	1319.30004882813
3417.3186570578	1320.02502441406
3419.2563386755	1320.75
3421.19347817415	1315.52001953125
3423.13007576235	1316.65002441406
3425.06613164857	1316.93005371094
3427.00164604118	1318.18005371094
3428.93661914844	1316.86499023438
3430.87105117852	1311.97497558594
3432.80494233945	1307.51000976563
3434.73829283919	1304.30004882813
3436.67110288558	1303.53002929688
3438.60337268634	1305.47998046875
3440.53510244911	1307.07995605469
3442.4662923814	1309.4150390625
3444.39694269064	1306.89001464844
3446.32705358412	1302.55505371094
3448.25662526905	1297.5400390625
3450.18565795254	1294.11999511719
3452.11415184156	1294.81494140625
3454.04210714302	1289.46496582031
3455.96952406369	1291.6650390625
3457.89640281024	1294.07995605469
3459.82274358924	1290.45495605469
3461.74854660717	1282.97497558594
3463.67381207038	1278.86499023438
3465.59854018513	1274.78002929688
3467.52273115756	1269.63500976563
3469.44638519373	1265.72497558594
3471.36950249956	1262.03002929688
3473.29208328091	1259.86999511719
3475.21412774349	1264.01501464844
3477.13563609293	1265.43505859375
3479.05660853476	1259.46997070313
3480.97704527438	1256.9599609375
3482.89694651712	1255.71496582031
3484.81631246818	1251.51000976563
3486.73514333266	1247.88000488281
3488.65343931557	1248.55004882813
3490.57120062179	1246.95495605469
3492.48842745612	1238
3494.40512002324	1227.64001464844
3496.32127852773	1228.67004394531
3498.23690317408	1233.65002441406
3500.15199416666	1234.125
3502.06655170974	1230.98999023438
3503.98057600749	1226.52502441406
3505.89406726396	1224.93994140625
3507.80702568312	1219.94494628906
3509.71945146883	1218.59497070313
3511.63134482483	1221.31994628906
3513.54270595478	1220.21496582031
3515.45353506222	1217.98999023438
3517.3638323506	1210.63000488281
3519.27359802324	1201.67504882813
3521.1828322834	1202.32995605469
3523.09153533419	1200.93005371094
3524.99970737866	1199.88000488281
3526.90734861972	1200.29504394531
3528.81445926021	1203.94494628906
3530.72103950283	1201.13500976563
3532.62708955022	1199.3349609375
3534.53260960488	1196.50500488281
3536.43759986923	1190.43505859375
3538.34206054558	1183.57995605469
3540.24599183613	1176.18505859375
3542.149393943	1169.59497070313
3544.05226706817	1171.15502929688
3545.95461141357	1176.26000976563
3547.85642718097	1172.59997558594
3549.75771457208	1169.19494628906
3551.6584737885	1165.85998535156
3553.55870503171	1166.25500488281
3555.4584085031	1165.73498535156
3557.35758440396	1165.59997558594
3559.25623293548	1168.32995605469
3561.15435429874	1164.69995117188
3563.05194869473	1160.18994140625
3564.94901632432	1155.51501464844
3566.84555738829	1152.19494628906
3568.74157208732	1154.09497070313
3570.63706062199	1153.36499023438
3572.53202319277	1151.16003417969
3574.42646000003	1150.01000976563
3576.32037124406	1148.02502441406
3578.213757125	1148.02001953125
3580.10661784295	1148.90002441406
3581.99895359786	1152.28503417969
3583.8907645896	1153.96496582031
3585.78205101794	1152.57495117188
3587.67281308254	1145.10998535156
3589.56305098297	1142.38000488281
3591.4527649187	1143.57995605469
3593.34195508907	1137.43505859375
3595.23062169338	1137.28002929688
3597.11876493075	1134.88500976563
3599.00638500027	1133.01501464844
3600.89348210089	1132.03503417969
3602.78005643148	1137.18505859375
3604.66610819078	1140.11999511719
3606.55163757747	1140.4599609375
3608.4366447901	1137.80004882813
3610.32113002713	1132.4150390625
3612.20509348693	1130.94995117188
3614.08853536774	1128.44995117188
3615.97145586773	1125.43505859375
3617.85385518497	1122.18994140625
3619.7357335174	1122.34997558594
3621.61709106289	1115.70495605469
3623.4979280192	1112.69995117188
3625.37824458399	1113.73999023438
3627.25804095482	1109.01501464844
3629.13731732915	1106.18005371094
3631.01607390435	1107.44995117188
3632.89431087767	1109.1650390625
3634.77202844629	1109.40502929688
3636.64922680726	1108.06494140625
3638.52590615754	1105.90002441406
3640.40206669402	1107.74499511719
3642.27770861344	1107.46496582031
3644.15283211248	1106.04504394531
3646.02743738771	1106.45495605469
3647.90152463559	1104.57995605469
3649.77509405251	1106.01000976563
3651.64814583473	1103.22998046875
3653.52068017842	1102.36999511719
3655.39269727965	1099.26000976563
3657.26419733442	1093.18005371094
3659.13518053858	1089.29504394531
3661.00564708793	1091.5
3662.87559717814	1092.94494628906
3664.7450310048	1090.73498535156
3666.61394876338	1086.92504882813
3668.48235064928	1084.81994628906
3670.35023685779	1084.81005859375
3672.21760758409	1081.85498046875
3674.08446302327	1080.25500488281
3675.95080337033	1080.38500976563
3677.81662882017	1084.20495605469
3679.68193956758	1083.482421875
3681.54673580727	1082.76000976563
3683.41101773383	1080.47497558594
3685.27478554178	1079.07495117188
3687.13803942551	1077.08996582031
3689.00077957934	1077.09497070313
3690.86300619748	1075.02001953125
3692.72471947405	1071.59497070313
3694.58591960306	1068.93005371094
3696.44660677844	1069.0849609375
3698.306781194	1067.50500488281
3700.16644304348	1068.4599609375
3702.02559252049	1067.97998046875
3703.88422981859	1067.48999023438
3705.74235513119	1068.21496582031
3707.59996865164	1067.27001953125
3709.45707057318	1067
3711.31366108895	1066.05505371094
3713.16974039199	1063.54504394531
3715.02530867527	1058.78002929688
3716.88036613164	1056.1650390625
3718.73491295385	1054.69995117188
3720.58894933456	1050.625
3722.44247546634	1048.56494140625
3724.29549154166	1047.44995117188
3726.14799775289	1054.53002929688
3727.9999942923	1052.71496582031
3729.85148135209	1050.90002441406
3731.70245912432	1049.0849609375
3733.55292780098	1047.63500976563
3735.40288757397	1047.40502929688
3737.25233863509	1046.07495117188
3739.10128117603	1045.36499023438
3740.9497153884	1044.875
3742.7976414637	1042.96997070313
3744.64505959335	1045.33996582031
3746.49196996866	1048.54504394531
3748.33837278086	1049.73498535156
3750.18426822108	1048.61499023438
3752.02965648033	1047.03503417969
3753.87453774956	1047.80004882813
3755.7189122196	1049.34497070313
3757.5627800812	1045.76000976563
3759.40614152501	1042.25500488281
3761.24899674159	1039.47998046875
3763.09134592138	1040.48498535156
3764.93318925476	1041.875
3766.77452693199	1042.66003417969
3768.61535914325	1043.88500976563
3770.45568607861	1043.36499023438
3772.29550792807	1041.42004394531
3774.1348248815	1039.04504394531
3775.9736371287	1039.74499511719
3777.81194485938	1039.68005371094
