32.6816976106991	715.25
35.6535599501435	715.315002441406
38.6244374909659	715.255004882813
41.5943306947054	715.22998046875
44.5632400226282	715.164978027344
47.5311659356917	715.135009765625
50.4981088945929	715.049987792969
53.4640693597127	715.179992675781
56.4290477911676	715.215026855469
59.3930446487746	715.239990234375
62.356060392067	715.255004882813
65.3180954802906	715.140014648438
68.2791503724084	715.330017089844
71.2392255270922	715.330017089844
74.1983214027271	715.424987792969
77.1564384574159	715.570007324219
80.113577148983	715.489990234375
83.0697379349549	715.405029296875
86.0249212725722	715.335021972656
88.9791276188058	715.5
91.9323574303255	715.455017089844
94.8846111635238	715.590026855469
97.8358892745121	715.525024414063
100.786192219114	715.635009765625
103.73552045287	715.669982910156
106.683874431037	715.844970703125
109.631254608583	716.210021972656
112.577661440203	716.25
115.523095380307	716.585021972656
118.467556883015	717.169982910156
121.411046402175	718.344970703125
124.353564391344	720.219970703125
127.295111303796	723.77001953125
130.235687592532	730.315002441406
133.175293710265	741.14501953125
136.113930109434	758.60498046875
139.051597242185	784.070007324219
141.98829556039	818.775024414063
144.92402551564	857.684997558594
147.858787559244	902.010009765625
150.792582142239	945.635009765625
153.725409715372	982.614990234375
156.65727072911	1010.17999267578
159.588165633643	1029.22497558594
162.518094878884	1040.72998046875
165.447058914469	1049.29504394531
168.375058189747	1055.78002929688
171.302093153792	1055.63000488281
174.228164255401	1053.28002929688
177.153271943091	1053.69494628906
180.077416665101	1060.30004882813
183.000598869394	1063.57495117188
185.922819003656	1062.35998535156
188.84407751529	1065.04504394531
191.764374851424	1069.77001953125
194.683711458919	1075.75
197.60208778434	1082.43505859375
200.519504273992	1092.95495605469
203.435961373894	1102.625
206.351459529801	1119.11499023438
209.265999187174	1138.74499511719
212.179580791207	1156.02502441406
215.092204786825	1173.71496582031
218.003871618673	1194.45495605469
220.914581731116	1212.25
223.824335568247	1230.36499023438
226.733133573893	1240.97998046875
229.640976191593	1258.45495605469
232.547863864614	1272.18505859375
235.453797035961	1283.86499023438
238.358776148354	1284.76501464844
241.26280164424	1281.0400390625
244.1658739658	1283.06005859375
247.067993554929	1284.22998046875
249.969160853266	1282.97998046875
252.869376302162	1281.25500488281
255.768640342707	1277.48498535156
258.666953415705	1277.27502441406
261.564315961705	1271.14501953125
264.46072842097	1266.41003417969
267.356191233499	1264
270.25070483901	1265.99499511719
273.144269676967	1266.05505371094
276.036886186551	1263.82995605469
278.928554806671	1259.22998046875
281.819275975966	1254.59997558594
284.709050132812	1254.96496582031
287.597877715306	1251.18005371094
290.485759161281	1244.09997558594
293.372694908298	1248.14501953125
296.258685393644	1249.35498046875
299.143731054352	1244.44494628906
302.027832327156	1241.25500488281
304.910989648557	1240.89501953125
307.79320345476	1241.80004882813
310.674474181717	1249.30004882813
313.554802265101	1251.78002929688
316.434188140326	1249.73498535156
319.312632242533	1245.18994140625
322.190135006593	1240.36499023438
325.066696867117	1239.52502441406
327.942318258443	1234.04504394531
330.816999614641	1233.35498046875
333.690741369517	1227.23498535156
336.56354395661	1222.27001953125
339.435407809193	1222.97998046875
342.306333360273	1226.51000976563
345.176321042591	1222.2900390625
348.045371288612	1217.20495605469
350.913484530551	1212.85998535156
353.78066120035	1216.23498535156
356.64690172969	1215.86499023438
359.512206549972	1212.05004882813
362.376576092357	1213.15502929688
365.240010787716	1208.10998535156
368.102511066677	1207.79504394531
370.964077359587	1205.49499511719
373.82471009654	1200.72998046875
376.684409707364	1200.79504394531
379.543176621612	1203.45495605469
382.401011268595	1203.2900390625
385.257914077343	1198.69995117188
388.113885476627	1196.55004882813
390.968925894961	1201
393.823035760591	1208.11499023438
396.676215501503	1213.44494628906
399.528465545415	1216.94494628906
402.379786319791	1220.19494628906
405.230178251834	1227.11499023438
408.079641768472	1229.78503417969
410.928177296387	1232.18505859375
413.775785261992	1228.0849609375
416.622466091445	1233.35998535156
419.468220210631	1239.17004394531
422.313048045182	1241.84997558594
425.156950020479	1244.28503417969
427.999926561623	1243.42504882813
430.841978093471	1237.4150390625
433.683105040613	1236.44494628906
436.523307827384	1231.59497070313
439.362586877851	1229.54504394531
442.200942615829	1231.04504394531
445.038375464876	1230.22497558594
447.874885848283	1227.89501953125
450.710474189089	1227.2099609375
453.54514091007	1227.68994140625
456.37888643375	1225.10998535156
459.211711182386	1223.76501464844
462.043615577986	1221.03503417969
464.874600042297	1217.66003417969
467.704664996804	1214.54504394531
470.533810862741	1212.72497558594
473.36203806108	1215.15502929688
476.189347012547	1217.68505859375
479.015738137594	1213.48498535156
481.841211856432	1209.06994628906
484.665768589008	1208.75
487.489408755009	1217.02001953125
490.312132773878	1226.29504394531
493.133941064796	1235
495.954834046683	1228.44995117188
498.77481213821	1227.0849609375
501.593875757797	1227.42004394531
504.412025323601	1231.13500976563
507.229261253524	1234.1650390625
510.045583965226	1238.08996582031
512.860993876093	1239.13500976563
515.675491403271	1235.14501953125
518.489076963649	1228.15502929688
521.301750973863	1227.55004882813
524.113513850293	1226.90002441406
526.924366009065	1223.125
529.734307866052	1219.47998046875
532.543339836881	1214.05505371094
535.35146233692	1219.03503417969
538.158675781281	1214.78002929688
540.964980584833	1208.1650390625
543.770377162182	1206.70495605469
546.574865927692	1208.54504394531
549.378447295465	1207.19995117188
552.181121679365	1203.7900390625
554.982889492993	1203.92504882813
557.783751149701	1200.01501464844
560.583707062591	1195.51000976563
563.38275764452	1192.13500976563
566.180903308083	1188.65002441406
568.978144465633	1184.58996582031
571.774481529266	1186.73999023438
574.569914910839	1185.81005859375
577.364445021949	1190.25
580.158072273946	1189.43994140625
582.950797077926	1180.15002441406
585.742619844752	1174.45495605469
588.533540985018	1173.61499023438
591.323560909078	1169.32495117188
594.112680027034	1169.15002441406
596.90089874875	1168.96997070313
599.688217483828	1169.40502929688
602.474636641629	1170.07495117188
605.260156631263	1168.06994628906
608.044777861596	1169.39501953125
610.828500741241	1172.625
613.611325678567	1173.06005859375
616.393253081697	1175.48999023438
619.174283358506	1174.26501464844
621.954416916616	1174.51501464844
624.733654163414	1178.88000488281
627.511995506029	1178.43005371094
630.289441351351	1172.81994628906
633.065992106022	1168.38500976563
635.841648176434	1167.68994140625
638.616409968744	1169.31005859375
641.390277888847	1174.64501953125
644.163252342408	1177.78503417969
646.93533373484	1180.81005859375
649.706522471307	1184.18505859375
652.47681895674	1184.21496582031
655.246223595811	1179.95495605469
658.014736792957	1180.18994140625
660.782358952371	1179.47497558594
663.549090477999	1179.88000488281
666.314931773542	1183.07495117188
669.079883242452	1181.2900390625
671.843945287955	1179.4150390625
674.607118313019	1181.15002441406
677.369402720366	1182.6650390625
680.130798912488	1183.52001953125
682.891307291627	1180.84497070313
685.650928259784	1184.04504394531
688.409662218708	1186.67504882813
691.167509569927	1185.50500488281
693.924470714705	1186.27001953125
696.680546054078	1188.52001953125
699.435735988832	1183.64001464844
702.190040919516	1181.0849609375
704.943461246442	1185.38500976563
707.695997369667	1188.18005371094
710.447649689022	1188.52001953125
713.198418604088	1189.24499511719
715.948304514206	1187.77502441406
718.697307818481	1183.82995605469
721.445428915779	1182.31005859375
724.192668204716	1187.01501464844
726.93902608368	1191.125
729.684502950805	1193.44995117188
732.429099204005	1193.99499511719
735.172815240936	1189.94995117188
737.915651459026	1185.23498535156
740.657608255463	1189.81005859375
743.398686027186	1196.93505859375
746.13888517091	1199.09497070313
748.878206083102	1197.66003417969
751.616649159998	1198.91003417969
754.354214797584	1202.7900390625
757.09090339162	1207.375
759.826715337622	1209.99499511719
762.561651030868	1206.68005371094
765.295710866406	1197.27001953125
768.028895239041	1190.04504394531
770.761204543336	1187.58996582031
773.492639173626	1187.21496582031
776.223199524006	1180.31994628906
778.952885988334	1173.5400390625
781.681698960235	1170.38500976563
784.40963883309	1170.83996582031
787.136706000052	1172.83996582031
789.862900854037	1173.32495117188
792.588223787721	1170.61999511719
795.312675193549	1170.72998046875
798.036255463728	1167.49499511719
800.758964990228	1171.45495605469
803.480804164792	1171.68994140625
806.201773378919	1173.98999023438
808.921873023884	1181.07995605469
811.641103490712	1188.54504394531
814.359465170214	1192.84997558594
817.076958452946	1201.76000976563
819.793583729246	1207.39501953125
822.509341389214	1216.23999023438
825.224231822712	1223.26501464844
827.938255419375	1228.52001953125
830.651412568596	1242.10498046875
833.363703659544	1247.18994140625
836.075129081157	1250.34497070313
838.785689222127	1252.78002929688
841.495384470928	1255.43505859375
844.204215215788	1256.06005859375
846.912181844721	1258.88000488281
849.619284745491	1267.57495117188
852.325524305638	1279.85498046875
855.030900912475	1283.92504882813
857.735414953079	1284.55004882813
860.439066814289	1278.97998046875
863.141856882725	1278.83996582031
865.843785544769	1273.82495117188
868.544853186571	1268.55505371094
871.245060194063	1264.13000488281
873.944406952925	1263.67504882813
876.642893848625	1266.21997070313
879.340521266398	1268.15502929688
882.037289591241	1270.55505371094
884.733199207927	1271.67004394531
887.428250501001	1269.26501464844
890.122443854778	1269.57495117188
892.815779653335	1276.01000976563
895.508258280534	1279.38500976563
898.199880119997	1281.32995605469
900.890645555129	1284.06494140625
903.580554969094	1284.36999511719
906.269608744832	1281.95495605469
908.957807265056	1276.96496582031
911.645150912257	1276.81005859375
914.331640068689	1273.44995117188
917.017275116375	1272.77502441406
919.702056437128	1273.78002929688
922.385984412518	1280.23999023438
925.069059423886	1285.27502441406
927.751281852366	1293.73498535156
930.432652078842	1304.19995117188
933.113170483983	1311.32995605469
935.79283744823	1315.3349609375
938.471653351806	1315.56005859375
941.149618574686	1318.80004882813
943.826733496641	1325.57495117188
946.502998497206	1330.93505859375
949.178413955689	1320.78503417969
951.85298025118	1321.23999023438
954.526697762544	1322.51501464844
957.199566868403	1318.77001953125
959.87158794718	1318.07995605469
962.542761377054	1316.65002441406
965.213087535987	1315.73999023438
967.882566801719	1315.69494628906
970.551199551761	1314.84497070313
973.218986163399	1313.35498046875
975.885927013698	1307.77001953125
978.552022479501	1306.04504394531
981.217272937423	1301.25500488281
983.88167876386	1305.20495605469
986.545240334978	1312.55505371094
989.207958026729	1317.40502929688
991.869832214835	1324.34997558594
994.530863274798	1346.4150390625
997.191051581895	1379.91003417969
999.850397511185	1421.43994140625
1002.50890143751	1475.93505859375
1005.16656373546	1498.98999023438
1007.82338477944	1499.54504394531
1010.47936494363	1479.94494628906
1013.13450460195	1454.57495117188
1015.78880412815	1412.69494628906
1018.44226389572	1372.07495117188
1021.09488427794	1345.06994628906
1023.74666564789	1334.625
1026.3976083784	1331.35998535156
1029.04771284208	1330.17504882813
1031.69697941135	1334.73999023438
1034.34540845838	1344.29504394531
1036.99300035512	1352.21496582031
1039.63975547333	1351.26000976563
1042.28567418452	1347.33996582031
1044.93075685998	1339.86499023438
1047.57500387081	1336.19995117188
1050.21841558786	1337.54504394531
1052.86099238177	1345.22998046875
1055.50273462297	1347.6650390625
1058.14364268167	1348.93994140625
1060.78371692784	1352.95495605469
1063.42295773126	1358.125
1066.06136546148	1364.65002441406
1068.69894048781	1371.375
1071.33568317939	1372.82995605469
1073.9715939051	1367.52502441406
1076.60667303362	1359.15002441406
1079.24092093341	1348.6650390625
1081.87433797271	1342.0400390625
1084.50692451954	1341.53503417969
1087.13868094172	1338.90502929688
1089.76960760684	1333.78002929688
1092.39970488226	1333.17504882813
1095.02897313516	1333.69995117188
1097.65741273246	1330.72998046875
1100.28502404089	1327.15002441406
1102.91180742697	1323.50500488281
1105.53776325698	1320.85998535156
1108.16289189701	1322.06005859375
1110.78719371291	1323.82995605469
1113.41066907033	1321.42504882813
1116.0333183347	1320.43505859375
1118.65514187124	1320.35998535156
1121.27614004495	1320.99499511719
1123.89631322061	1325.88000488281
1126.51566176279	1332.68994140625
1129.13418603585	1333.99499511719
1131.75188640394	1333.46496582031
1134.36876323098	1328.10998535156
1136.98481688069	1314.86499023438
1139.60004771655	1295.95495605469
1142.21445610187	1281.875
1144.82804239972	1277.0849609375
1147.44080697295	1280.01000976563
1150.05275018421	1289.9599609375
1152.66387239593	1300.56005859375
1155.27417397034	1308.51000976563
1157.88365526943	1317.1650390625
1160.49231665502	1324.22998046875
1163.10015848867	1322.82995605469
1165.70718113176	1317.03503417969
1168.31338494544	1309.29504394531
1170.91877029067	1296.82995605469
1173.52333752817	1286.17004394531
1176.12708701847	1283.70495605469
1178.73001912187	1281.30505371094
1181.33213419848	1278.5
1183.93343260819	1275.73999023438
1186.53391471068	1270.83996582031
1189.13358086539	1270.28002929688
1191.73243143161	1267.27001953125
1194.33046676836	1264.43505859375
1196.92768723449	1266.81994628906
1199.52409318861	1273.61499023438
1202.11968498915	1285.61499023438
1204.7144629943	1292.2099609375
1207.30842756206	1301.78503417969
1209.90157905021	1308.28002929688
1212.49391781634	1311.42004394531
1215.08544421779	1314.82995605469
1217.67615861174	1309.93994140625
1220.26606135512	1303.15002441406
1222.85515280468	1301.06494140625
1225.44343331694	1300.86999511719
1228.03090324823	1303.56494140625
1230.61756295466	1311.69995117188
1233.20341279213	1317.28002929688
1235.78845311634	1326.35498046875
1238.37268428278	1336.9599609375
1240.95610664673	1349.81494140625
1243.53872056325	1359.06005859375
1246.12052638722	1356.61999511719
1248.70152447329	1355.17504882813
1251.28171517591	1358.93994140625
1253.86109884934	1366.14501953125
1256.43967584759	1367.84997558594
1259.0174465245	1372.57995605469
1261.5944112337	1372.93005371094
1264.1705703286	1373.21496582031
1266.74592416241	1379.38500976563
1269.32047308814	1386.04504394531
1271.89421745858	1382.02502441406
1274.46715762633	1373.64001464844
1277.03929394377	1371.17504882813
1279.61062676308	1377.31994628906
1282.18115643624	1376.58996582031
1284.75088331502	1370.54504394531
1287.31980775098	1366.25
1289.88793009548	1365.08996582031
1292.45525069969	1368.61499023438
1295.02176991454	1364.40502929688
1297.58748809078	1363.5849609375
1300.15240557897	1369.5400390625
1302.71652272942	1370.86999511719
1305.27983989229	1374.14001464844
1307.84235741749	1376.81994628906
1310.40407565475	1387.43994140625
1312.9649949536	1395.31994628906
1315.52511566335	1402.64501953125
1318.08443813311	1402.18505859375
1320.64296271181	1403.47998046875
1323.20068974815	1403.55505371094
1325.75761959063	1403.70495605469
1328.31375258756	1403.57995605469
1330.86908908704	1408.41003417969
1333.42362943696	1407.875
1335.97737398503	1406.59997558594
1338.53032307874	1407.31994628906
1341.08247706537	1407.32995605469
1343.63383629202	1403.43505859375
1346.18440110558	1399.49499511719
1348.73417185274	1397.19494628906
1351.28314887997	1381.60498046875
1353.83133253357	1363.23498535156
1356.37872315961	1347.42504882813
1358.92532110398	1331.15502929688
1361.47112671237	1321.81494140625
1364.01614033024	1313.28002929688
1366.56036230288	1302.21997070313
1369.10379297537	1294.78002929688
1371.64643269258	1288.93005371094
1374.18828179921	1284.93005371094
1376.72934063972	1277.81005859375
1379.2696095584	1269.75
1381.80908889932	1267.07995605469
1384.34777900637	1264.68505859375
1386.88568022323	1266.56994628906
1389.42279289337	1268.98498535156
1391.95911736009	1275.40502929688
1394.49465396645	1278.05505371094
1397.02940305537	1278.99499511719
1399.5633649695	1281.36999511719
1402.09654005135	1276.9150390625
1404.6289286432	1278
1407.16053108714	1285.78002929688
1409.69134772507	1287.55004882813
1412.22137889868	1295.18994140625
1414.75062494947	1298.84497070313
1417.27908621874	1293.28002929688
1419.80676304759	1292.31494140625
1422.33365577692	1298.34497070313
1424.85976474744	1300.36999511719
1427.38509029967	1304.6650390625
1429.90963277392	1311.375
1432.4333925103	1320.99499511719
1434.95636984873	1336.21496582031
1437.47856512894	1356.875
1439.99997869045	1388.18005371094
1442.5206108726	1410.7099609375
1445.04046201452	1432.74499511719
1447.55953245515	1458.48999023438
1450.07782253323	1472.44995117188
1452.59533258731	1471.70495605469
1455.11206295574	1472.65002441406
1457.62801397668	1452.375
1460.14318598809	1439.67504882813
1462.65757932774	1423.39001464844
1465.1711943332	1405.13000488281
1467.68403134184	1386.82995605469
1470.19609069085	1357.5400390625
1472.70737271721	1324.57495117188
1475.21787775772	1297.4599609375
1477.72760614897	1272.57495117188
1480.23655822738	1246.45495605469
1482.74473432914	1222.73999023438
1485.25213479029	1201.31005859375
1487.75875994664	1185.98999023438
1490.26461013382	1178.80004882813
1492.76968568726	1171.84497070313
1495.27398694222	1165.65002441406
1497.77751423374	1158.09497070313
1500.28026789667	1159.38500976563
1502.78224826569	1166.23999023438
1505.28345567526	1173.47998046875
1507.78389045967	1177.39501953125
1510.28355295299	1180.69995117188
1512.78244348913	1185.4150390625
1515.28056240178	1189.68005371094
1517.77791002445	1192.26000976563
1520.27448669047	1191.88000488281
1522.77029273296	1191.51000976563
1525.26532848486	1185.98498535156
1527.75959427889	1183.69995117188
1530.25309044764	1184.69995117188
1532.74581732344	1180.99499511719
1535.23777523847	1172.42004394531
1537.72896452471	1167.71997070313
1540.21938551394	1165.52001953125
1542.70903853778	1165.90502929688
1545.19792392761	1171.31494140625
1547.68604201466	1174.375
1550.17339312997	1174.84997558594
1552.65997760434	1174.86999511719
1555.14579576845	1176.10498046875
1557.63084795275	1181.4150390625
1560.11513448749	1183.88500976563
1562.59865570276	1183.25500488281
1565.08141192845	1182.36999511719
1567.56340349426	1177.31494140625
1570.04463072969	1175.81994628906
1572.52509396406	1175.10498046875
1575.00479352652	1174.11999511719
1577.48372974599	1178.3349609375
1579.96190295124	1183.6650390625
1582.43931347083	1186.69494628906
1584.91596163314	1191.67004394531
1587.39184776636	1194.26501464844
1589.86697219849	1202.67004394531
1592.34133525734	1207.15502929688
1594.81493727054	1209.82995605469
1597.28777856553	1210.39001464844
1599.75985946955	1212.09997558594
1602.23118030968	1223.01501464844
1604.70174141278	1244.56994628906
1607.17154310555	1257.69995117188
1609.64058571449	1258.40002441406
1612.10886956591	1253.55004882813
1614.57639498595	1250.23498535156
1617.04316230054	1253.06494140625
1619.50917183543	1250.85998535156
1621.97442391621	1244.02502441406
1624.43891886825	1233.93994140625
1626.90265701674	1226.39501953125
1629.36563868671	1223.19494628906
1631.82786420296	1228.92504882813
1634.28933389016	1230.63000488281
1636.75004807274	1237.98498535156
1639.21000707498	1250.27502441406
1641.66921122097	1262.2900390625
1644.12766083459	1276.03503417969
1646.58535623956	1285.49499511719
1649.04229775941	1299.9150390625
1651.4984857175	1317.8349609375
1653.95392043697	1339.03002929688
1656.40860224079	1352.9599609375
1658.86253145177	1363.73498535156
1661.3157083925	1369.17004394531
1663.76813338542	1368.22998046875
1666.21980675275	1365.42504882813
1668.67072881656	1364.97998046875
1671.1208998987	1356.65502929688
1673.57032032089	1340.51501464844
1676.0189904046	1322.06494140625
1678.46691047118	1301.55505371094
1680.91408084174	1285.03503417969
1683.36050183726	1269.54504394531
1685.8061737785	1250.88500976563
1688.25109698605	1228.98999023438
1690.69527178032	1215.76000976563
1693.13869848153	1199
1695.58137740972	1183.22998046875
1698.02330888476	1170.96496582031
1700.46449322631	1156.96496582031
1702.90493075388	1140.41003417969
1705.34462178678	1127.08996582031
1707.78356664414	1118.73498535156
1710.22176564492	1110.18005371094
1712.65921910787	1105.11499023438
1715.0959273516	1100.19494628906
1717.53189069449	1097.0400390625
1719.9671094548	1093
1722.40158395054	1089.75500488281
1724.8353144996	1087.9150390625
1727.26830141965	1088.17004394531
1729.70054502819	1090.10498046875
1732.13204564255	1087.125
1734.56280357987	1086.01000976563
1736.99281915711	1083.0400390625
1739.42209269106	1080.07995605469
1741.85062449831	1081.70495605469
1744.27841489529	1085.46496582031
1746.70546419823	1081.88000488281
1749.13177272321	1080.25500488281
1751.5573407861	1078.49499511719
1753.98216870262	1078.92004394531
1756.40625678828	1080.32495117188
1758.82960535844	1079.63500976563
1761.25221472825	1079.15502929688
1763.67408521271	1079.02502441406
1766.09521712663	1079.36499023438
1768.51561078464	1078.70495605469
1770.93526650119	1074.4150390625
1773.35418459056	1074.33996582031
1775.77236536684	1077.22497558594
1778.18980914396	1080.3349609375
1780.60651623565	1077.11999511719
1783.02248695548	1075.11999511719
1785.43772161684	1074.38500976563
1787.85222053292	1076.71997070313
1790.26598401677	1074.03002929688
1792.67901238123	1073.70495605469
1795.09130593899	1075.96496582031
1797.50286500254	1075.81005859375
1799.9136898842	1072.16003417969
1802.32378089613	1073.17504882813
1804.73313835028	1072.84997558594
1807.14176255846	1071.30505371094
1809.54965383228	1069.17004394531
1811.95681248317	1070.21496582031
1814.36323882242	1069.79504394531
1816.76893316109	1071.27001953125
1819.17389581011	1073.23498535156
1821.57812708021	1070.98999023438
1823.98162728196	1068.93994140625
1826.38439672573	1068.78503417969
1828.78643572174	1069.19494628906
1831.18774458003	1069.24499511719
1833.58832361045	1070.60998535156
1835.98817312269	1070.93005371094
1838.38729342625	1068.82995605469
1840.78568483048	1064.72497558594
1843.18334764454	1062.61499023438
1845.58028217741	1065.31494140625
1847.9764887379	1066.52001953125
1850.37196763465	1067.43994140625
1852.76671917613	1067.25500488281
1855.16074367062	1068.19995117188
1857.55404142624	1065.4599609375
1859.94661275094	1064.54504394531
1862.33845795247	1061.61499023438
1864.72957733844	1060.81005859375
1867.11997121627	1063.25
1869.5096398932	1066.03002929688
1871.89858367631	1067.5849609375
1874.28680287251	1070.59997558594
1876.67429778851	1068.39001464844
1879.06106873089	1065.5400390625
1881.44711600601	1064.32995605469
1883.8324399201	1063.76501464844
1886.21704077919	1064.17504882813
1888.60091888915	1063.61499023438
1890.98407455567	1064.14001464844
1893.36650808428	1060.9599609375
1895.74821978033	1063.77001953125
1898.12920994899	1067.05505371094
1900.50947889527	1066.61999511719
1902.88902692401	1065.58996582031
1905.26785433986	1064.00500488281
1907.64596144734	1063.27502441406
1910.02334855075	1065.0849609375
1912.40001595424	1066.94494628906
1914.7759639618	1065.06005859375
1917.15119287724	1065.75500488281
1919.52570300419	1067.28002929688
1921.89949464611	1065.20495605469
1924.27256810632	1063.20495605469
1926.64492368793	1062.69995117188
1929.0165616939	1061.93994140625
1931.38748242701	1061.93994140625
1933.75768618989	1063.72998046875
1936.12717328497	1065.44494628906
1938.49594401455	1063.64501953125
1940.86399868071	1064.57995605469
1943.23133758541	1066.49499511719
1945.5979610304	1066.90002441406
1947.96386931729	1065.875
1950.32906274751	1065.5849609375
1952.69354162232	1069.17004394531
1955.0573062428	1071.96496582031
1957.42035690989	1069.71997070313
1959.78269392434	1069.39501953125
1962.14431758673	1069.9599609375
1964.50522819748	1067.9150390625
1966.86542605684	1065.04504394531
1969.22491146488	1061.45495605469
1971.58368472153	1061.71997070313
1973.94174612654	1065.51501464844
1976.29909597945	1066.38000488281
1978.65573457971	1065.07495117188
1981.01166222654	1065.52502441406
1983.36687921902	1064.11499023438
1985.72138585606	1062.01501464844
1988.07518243639	1061.45495605469
1990.42826925859	1064.7900390625
1992.78064662106	1066.93994140625
1995.13231482205	1065.64501953125
1997.48327415961	1066.24499511719
1999.83352493167	1067.78002929688
2002.18306743594	1068.51000976563
2004.53190197002	1063.7900390625
2006.8800288313	1062.91003417969
2009.22744831703	1063.72998046875
2011.57416072427	1063.9150390625
2013.92016634993	1065.19494628906
2016.26546549076	1062.18505859375
2018.61005844332	1063.11499023438
2020.95394550404	1063.49499511719
2023.29712696915	1067.94995117188
2025.63960313474	1065.7900390625
2027.98137429672	1063.04504394531
2030.32244075083	1065.39001464844
2032.66280279266	1064.73999023438
2035.00246071763	1062.2099609375
2037.34141482099	1060.98999023438
2039.67966539784	1062.86999511719
2042.01721274309	1064.93994140625
2044.35405715151	1066.82495117188
2046.69019891769	1065.0400390625
2049.02563833606	1063.4599609375
2051.3603757009	1064.86999511719
2053.6944113063	1067.875
2056.0277454462	1067
2058.36037841439	1065.52502441406
2060.69231050446	1067.67504882813
2063.02354200988	1062.61999511719
2065.35407322392	1061.9150390625
2067.68390443971	1063.36999511719
2070.01303595021	1071.11499023438
2072.3414680482	1071.16003417969
2074.66920102633	1070.27502441406
2076.99623517706	1068.10498046875
2079.32257079271	1066.48498535156
2081.6482081654	1068.34497070313
2083.97314758713	1070.18994140625
2086.29738934971	1072.19995117188
2088.62093374481	1071.19494628906
2090.94378106391	1069.11499023438
2093.26593159835	1068.63000488281
2095.5873856393	1068.11999511719
2097.90814347777	1071.14001464844
2100.2282054046	1072.68505859375
2102.54757171048	1073.40502929688
2104.86624268594	1072.38000488281
2107.18421862133	1070.71496582031
2109.50149980686	1069.88500976563
2111.81808653257	1070.90502929688
2114.13397908834	1072.35998535156
2116.44917776388	1073.53503417969
2118.76368284875	1076.0400390625
2121.07749463235	1077.51501464844
2123.39061340391	1078.31494140625
2125.70303945252	1077.21496582031
2128.01477306707	1071.75500488281
2130.32581453634	1072.96496582031
2132.63616414891	1072.93005371094
2134.94582219322	1075.00500488281
2137.25478895754	1077.72497558594
2139.56306472999	1076.78503417969
2141.87064979851	1076.31994628906
2144.17754445092	1075.65002441406
2146.48374897484	1078.61499023438
2148.78926365774	1079.08996582031
2151.09408878695	1078.93505859375
2153.39822464963	1079.09997558594
2155.70167153277	1078.50500488281
2158.00442972321	1079.11499023438
2160.30649950763	1078.91003417969
2162.60788117256	1079.88000488281
2164.90857500436	1077.92504882813
2167.20858128923	1079.67004394531
2169.50790031323	1076.43994140625
2171.80653236223	1074.9150390625
2174.10447772198	1075.88500976563
2176.40173667804	1076.85498046875
2178.69830951582	1077.76000976563
2180.99419652058	1076.92504882813
2183.28939797743	1074.91003417969
2185.5839141713	1076.91003417969
2187.87774538698	1076.50500488281
2190.17089190908	1075.49499511719
2192.46335402209	1077.29504394531
2194.75513201032	1077.375
2197.04622615791	1075.61999511719
2199.33663674886	1074.27502441406
2201.62636406702	1074.19494628906
2203.91540839606	1077.70495605469
2206.20377001952	1076.9599609375
2208.49144922077	1076.06005859375
2210.77844628302	1077.375
2213.06476148933	1076.56005859375
2215.3503951226	1076.07495117188
2217.63534746557	1076.34997558594
2219.91961880085	1076.76000976563
2222.20320941085	1075.27502441406
2224.48611957785	1075.21496582031
2226.76834958399	1078.36499023438
2229.04989971122	1077.06494140625
2231.33077024136	1076.39501953125
2233.61096145607	1075.82495117188
2235.89047363683	1076.56494140625
2238.169307065	1078.19494628906
2240.44746202178	1074.0849609375
2242.72493878819	1072.14001464844
2245.00173764511	1073.65502929688
2247.27785887327	1075.50500488281
2249.55330275324	1075.17504882813
2251.82806956545	1077.43994140625
2254.10215959014	1082.57995605469
2256.37557310744	1080.24499511719
2258.64831039729	1082.93505859375
2260.92037173949	1079.5849609375
2263.19175741368	1078.34997558594
2265.46246769938	1079.05004882813
2267.7325028759	1081.96997070313
2270.00186322243	1084.34497070313
2272.270549018	1081.06494140625
2274.5385605415	1083.2099609375
2276.80589807165	1083.83996582031
2279.07256188702	1083.76000976563
2281.33855226601	1085.00500488281
2283.60386948691	1083.5849609375
2285.86851382782	1082.28002929688
2288.1324855667	1083.07495117188
2290.39578498136	1084.65502929688
2292.65841234945	1085.27001953125
2294.92036794847	1088.79504394531
2297.18165205578	1090.80004882813
2299.44226494856	1088.80004882813
2301.70220690387	1086.9599609375
2303.96147819859	1087.76000976563
2306.22007910947	1086.875
2308.47800991309	1088.23999023438
2310.73527088589	1086.96496582031
2312.99186230416	1088.41003417969
2315.24778444403	1093.06994628906
2317.50303758149	1093.26000976563
2319.75762199235	1088.85498046875
2322.01153795231	1088.1650390625
2324.26478573689	1091.24499511719
2326.51736562147	1090.93505859375
2328.76927788127	1089.52502441406
2331.02052279137	1086.31005859375
2333.2711006267	1081.55004882813
2335.52101166203	1083.49499511719
2337.77025617198	1087.10998535156
2340.01883443103	1086.02001953125
2342.2667467135	1085.9150390625
2344.51399329356	1088.09497070313
2346.76057444525	1090.26000976563
2349.00649044241	1089.86999511719
2351.2517415588	1089.60998535156
2353.49632806796	1090.00500488281
2355.74025024334	1091.63000488281
2357.98350835819	1090.0400390625
2360.22610268566	1087.1650390625
2362.4680334987	1084.58996582031
2364.70930107016	1082.13000488281
2366.94990567269	1082.71997070313
2369.18984757884	1084.96496582031
2371.42912706098	1088.09997558594
2373.66774439134	1088.125
2375.90569984199	1087.17504882813
2378.14299368488	1082.50500488281
2380.37962619179	1081.86499023438
2382.61559763435	1084.7900390625
2384.85090828405	1085.73498535156
2387.08555841222	1087.0400390625
2389.31954829006	1090.58996582031
2391.55287818861	1091.07495117188
2393.78554837877	1087.59497070313
2396.01755913128	1088.44494628906
2398.24891071673	1088.90002441406
2400.47960340558	1087.82995605469
2402.70963746814	1090.68005371094
2404.93901317456	1091.19494628906
2407.16773079485	1089.18005371094
2409.39579059887	1090.89001464844
2411.62319285633	1087.90502929688
2413.84993783681	1089.77502441406
2416.07602580971	1090.18005371094
2418.30145704432	1089.11999511719
2420.52623180977	1090.20495605469
2422.75035037503	1091.58996582031
2424.97381300893	1094.48999023438
2427.19661998017	1094.60998535156
2429.41877155729	1094.18994140625
2431.64026800867	1092.63500976563
2433.86110960257	1093.22497558594
2436.08129660709	1095.125
2438.30082929019	1095.85998535156
2440.51970791967	1094.09497070313
2442.73793276321	1093.98999023438
2444.95550408832	1091.06994628906
2447.17242216237	1092.68505859375
2449.38868725259	1096.43005371094
2451.60429962607	1095.5
2453.81925954975	1092.40502929688
2456.03356729041	1089.48999023438
2458.2472231147	1088.65502929688
2460.46022728913	1091.10498046875
2462.67258008005	1097.54504394531
2464.88428175368	1097.63500976563
2467.09533257608	1093.38500976563
2469.30573281318	1094.5400390625
2471.51548273076	1096.40502929688
2473.72458259445	1096.85998535156
2475.93303266974	1098.43505859375
2478.14083322198	1100.56994628906
2480.34798451637	1097.72998046875
2482.55448681797	1095.26501464844
2484.76034039169	1098.02001953125
2486.96554550231	1101.07495117188
2489.17010241445	1100.93505859375
2491.37401139259	1099.125
2493.57727270109	1098.56994628906
2495.77988660412	1103.28002929688
2497.98185336574	1104.23999023438
2500.18317324987	1101.43994140625
2502.38384652028	1098.94995117188
2504.58387344058	1099.04504394531
2506.78325427425	1103.42504882813
2508.98198928465	1108
2511.18007873495	1104.33996582031
2513.37752288821	1103.34497070313
2515.57432200735	1103.42004394531
2517.77047635514	1101.8349609375
2519.96598619419	1100.67504882813
2522.16085178699	1101.14001464844
2524.35507339589	1106.00500488281
2526.54865128308	1106.55505371094
2528.74158571062	1107.01501464844
2530.93387694042	1107.47497558594
2533.12552523427	1107.44494628906
2535.31653085379	1107.9150390625
2537.50689406046	1105.93994140625
2539.69661511566	1104.10998535156
2541.88569428057	1104.73999023438
2544.07413181627	1104.02001953125
2546.26192798368	1107.92004394531
2548.44908304359	1108.64501953125
2550.63559725664	1110.75500488281
2552.82147088333	1107.94494628906
2555.00670418402	1102.93994140625
2557.19129741894	1105.13000488281
2559.37525084817	1109.375
2561.55856473164	1110.01501464844
2563.74123932917	1113.57995605469
2565.92327490039	1114.64501953125
2568.10467170484	1113.51501464844
2570.28543000189	1111.7900390625
2572.46555005079	1112.07995605469
2574.64503211063	1110.51501464844
2576.82387644036	1108.83996582031
2579.00208329882	1111.4599609375
2581.17965294468	1112.69995117188
2583.35658563648	1110.875
2585.53288163263	1114.03002929688
2587.70854119137	1114.86999511719
2589.88356457084	1116.15002441406
2592.05795202902	1115.51501464844
2594.23170382376	1118.10998535156
2596.40482021275	1119.09497070313
2598.57730145356	1120.19995117188
2600.74914780363	1116.81005859375
2602.92035952023	1116.74499511719
2605.09093686053	1116.21997070313
2607.26088008153	1119.26000976563
2609.4301894401	1117.91003417969
2611.59886519299	1118.84497070313
2613.76690759678	1121.34997558594
2615.93431690793	1122.06994628906
2618.10109338277	1121.43505859375
2620.26723727748	1123.125
2622.4327488481	1124.08996582031
2624.59762835054	1125.38500976563
2626.76187604057	1127.2099609375
2628.92549217382	1131.56994628906
2631.08847700579	1135.52502441406
2633.25083079182	1138.93505859375
2635.41255378715	1140.11999511719
2637.57364624684	1140.42504882813
2639.73410842586	1141.22497558594
2641.893940579	1138.36499023438
2644.05314296094	1135.55004882813
2646.21171582621	1133.30004882813
2648.36965942921	1139.07495117188
2650.5269740242	1146.07495117188
2652.6836598653	1149.17504882813
2654.83971720651	1146.97998046875
2656.99514630167	1147.06005859375
2659.1499474045	1146.43505859375
2661.30412076857	1146.86499023438
2663.45766664734	1147.86499023438
2665.61058529411	1148.01501464844
2667.76287696204	1150.22998046875
2669.91454190418	1151.11999511719
2672.06558037342	1155.14001464844
2674.21599262253	1152.7099609375
2676.36577890413	1154.83996582031
2678.51493947072	1155.56494140625
2680.66347457466	1155.68005371094
2682.81138446816	1153.75
2684.95866940332	1156.97998046875
2687.10532963209	1157.98498535156
2689.25136540628	1159.86999511719
2691.39677697757	1153.29504394531
2693.54156459752	1153.125
2695.68572851753	1157.07495117188
2697.82926898888	1155.76000976563
2699.97218626272	1157.77502441406
2702.11448059006	1160.86999511719
2704.25615222175	1166.2099609375
2706.39720140856	1171.0400390625
2708.53762840109	1174.31994628906
2710.67743344979	1169.85498046875
2712.81661680503	1167.32995605469
2714.95517871698	1169.53503417969
2717.09311943574	1175.56005859375
2719.23043921123	1179.81494140625
2721.36713829325	1183.10498046875
2723.50321693148	1186.4150390625
2725.63867537545	1191.06005859375
2727.77351387456	1192.49499511719
2729.90773267809	1195.53503417969
2732.04133203516	1194.99499511719
2734.17431219478	1196.25
2736.30667340581	1196.39001464844
2738.438415917	1198.55004882813
2740.56953997695	1196.82495117188
2742.70004583414	1195.09497070313
2744.82993373688	1191.54504394531
2746.9592039334	1187.69995117188
2749.08785667177	1186.5400390625
2751.21589219993	1189.90502929688
2753.34331076568	1191.81005859375
2755.4701126167	1190.39501953125
2757.59629800054	1188.125
2759.7218671646	1188.2900390625
2761.84682035617	1186.46496582031
2763.9711578224	1184.47998046875
2766.0948798103	1185.60498046875
2768.21798656676	1188.14001464844
2770.34047833852	1191.4150390625
2772.46235537222	1190.34997558594
2774.58361791434	1189.90002441406
2776.70426621124	1187.65502929688
2778.82430050915	1190.70495605469
2780.94372105416	1189.71496582031
2783.06252809224	1185.46997070313
2785.18072186922	1189.02001953125
2787.29830263081	1191.55004882813
2789.41527062257	1196.78002929688
2791.53162608996	1195.55004882813
2793.64736927828	1193.72497558594
2795.76250043271	1194.02001953125
2797.8770197983	1192.33996582031
2799.99092761997	1195.54504394531
2802.10422414252	1199.22998046875
2804.21690961059	1202.17504882813
2806.32898426873	1207.76000976563
2808.44044836132	1208.77001953125
2810.55130213264	1212.125
2812.66154582682	1218.14501953125
2814.77117968788	1219.41003417969
2816.8802039597	1222.56494140625
2818.98861888601	1228.48999023438
2821.09642471046	1234.80505371094
2823.20362167653	1242.55505371094
2825.31021002756	1251.02001953125
2827.41619000682	1259.90002441406
2829.52156185738	1263.93994140625
2831.62632582224	1271.97998046875
2833.73048214422	1279.39501953125
2835.83403106606	1285.15002441406
2837.93697283033	1297.40502929688
2840.03930767951	1314.29504394531
2842.1410358559	1331.30004882813
2844.24215760173	1353.96496582031
2846.34267315905	1379.51501464844
2848.44258276982	1409.09497070313
2850.54188667585	1436.31005859375
2852.64058511883	1463.33996582031
2854.73867834032	1498.72998046875
2856.83616658175	1527.10498046875
2858.93305008443	1549.86999511719
2861.02932908952	1579.77001953125
2863.12500383809	1619.44494628906
2865.22007457104	1673.40502929688
2867.31454152918	1724.82495117188
2869.40840495316	1765.90502929688
2871.50166508353	1806.8349609375
2873.59432216069	1841.98999023438
2875.68637642493	1863.66003417969
2877.77782811641	1885.77001953125
2879.86867747515	1895.15002441406
2881.95892474105	1905.56494140625
2884.0485701539	1915.34997558594
2886.13761395333	1921.79504394531
2888.22605637886	1926.8349609375
2890.3138976699	1944
2892.40113806571	1957.42504882813
2894.48777780544	1963.89001464844
2896.57381712808	1990.03002929688
2898.65925627254	2010.19995117188
2900.74409547758	2040.38000488281
2902.82833498183	2069.544921875
2904.9119750238	2086.69506835938
2906.99501584188	2106.10009765625
2909.07745767432	2147.5
2911.15930075925	2190.01000976563
2913.24054533469	2213.38500976563
2915.3211916385	2233.1201171875
2917.40123990846	2275.5400390625
2919.48069038217	2335.330078125
2921.55954329716	2405.76000976563
2923.63779889079	2456.47998046875
2925.71545740033	2505.15502929688
2927.79251906289	2499.9599609375
2929.86898411548	2481.93505859375
2931.94485279498	2500.11499023438
2934.02012533815	2525.67504882813
2936.0948019816	2533.830078125
2938.16888296184	2536.46508789063
2940.24236851525	2517.64501953125
2942.31525887809	2485.42993164063
2944.38755428648	2445.48510742188
2946.45925497643	2404.27490234375
2948.53036118382	2360.2900390625
2950.6008731444	2309.32006835938
2952.67079109381	2253.1201171875
2954.74011526755	2215.80004882813
2956.80884590101	2174.19506835938
2958.87698322944	2140.28002929688
2960.94452748799	2114.86010742188
2963.01147891167	2094.15502929688
2965.07783773535	2073.294921875
2967.14360419382	2044.75
2969.2087785217	2026.21496582031
2971.27336095352	2009.48999023438
2973.33735172366	1979.04504394531
2975.40075106641	1957.2900390625
2977.46355921591	1935.44995117188
2979.52577640618	1915.92004394531
2981.58740287112	1905.76000976563
2983.64843884452	1888.20495605469
2985.70888456003	1855.43994140625
2987.76874025117	1822.32995605469
2989.82800615137	1784.93505859375
2991.88668249391	1749.43994140625
2993.94476951194	1722.82995605469
2996.00226743852	1702.61999511719
2998.05917650657	1681.73999023438
3000.11549694887	1647.59497070313
3002.17122899812	1612.4599609375
3004.22637288685	1582.07995605469
3006.2809288475	1561.05004882813
3008.33489711238	1552.78503417969
3010.38827791368	1537.98999023438
3012.44107148345	1512.52001953125
3014.49327805366	1496.32995605469
3016.5448978561	1484.27502441406
3018.59593112249	1475.52001953125
3020.64637808441	1468.18505859375
3022.6962389733	1456.03002929688
3024.74551402051	1446.78002929688
3026.79420345725	1437.69494628906
3028.84230751461	1432.74499511719
3030.88982642357	1429.53002929688
3032.93676041497	1428.10498046875
3034.98310971955	1428.11499023438
3037.02887456791	1442.48498535156
3039.07405519054	1447.43994140625
3041.11865181781	1442.01501464844
3043.16266467996	1445.45495605469
3045.20609400713	1453.98999023438
3047.24894002932	1462.06994628906
3049.2912029764	1469.02502441406
3051.33288307815	1468.74499511719
3053.37398056421	1470.21997070313
3055.41449566411	1472.94494628906
3057.45442860725	1482.7099609375
3059.49377962291	1503.17004394531
3061.53254894026	1518.31994628906
3063.57073678834	1521.82495117188
3065.60834339607	1521.50500488281
3067.64536899227	1515.36499023438
3069.68181380561	1506.42504882813
3071.71767806467	1499.92004394531
3073.75296199788	1487.13000488281
3075.78766583357	1469.02001953125
3077.82178979997	1456.83996582031
3079.85533412513	1443.09497070313
3081.88829903705	1429.68994140625
3083.92068476356	1419.76501464844
3085.95249153241	1413.92004394531
3087.98371957119	1407.48498535156
3090.01436910741	1402.625
3092.04444036844	1398.97998046875
3094.07393358152	1393.98999023438
3096.10284897381	1391.48999023438
3098.13118677232	1390.54504394531
3100.15894720395	1388.875
3102.18613049548	1385.38000488281
3104.21273687357	1391.13500976563
3106.23876656477	1388.47497558594
3108.2642197955	1384.125
3110.28909679208	1383.30505371094
3112.31339778069	1378.84497070313
3114.33712298741	1379.49499511719
3116.36027263819	1388.82995605469
3118.38284695887	1398.43005371094
3120.40484617516	1398.99499511719
3122.42627051268	1390.5400390625
3124.4471201969	1385.09497070313
3126.46739545319	1390.9599609375
3128.4870965068	1398.56494140625
3130.50622358287	1397.22497558594
3132.5247769064	1394.65502929688
3134.54275670229	1395.40002441406
3136.56016319534	1394.22497558594
3138.57699661019	1395.06994628906
3140.59325717139	1393.86499023438
3142.60894510338	1393.69995117188
3144.62406063047	1396.4599609375
3146.63860397686	1396.67504882813
3148.65257536662	1396.60498046875
3150.66597502371	1400.52001953125
3152.67880317199	1402.73999023438
3154.69106003518	1400.71997070313
3156.70274583691	1408.90002441406
3158.71386080065	1412.86499023438
3160.72440514981	1411.56005859375
3162.73437910763	1414.09997558594
3164.74378289728	1420.30004882813
3166.75261674179	1425.19995117188
3168.76088086407	1419.72998046875
3170.76857548692	1417.90502929688
3172.77570083303	1420.63000488281
3174.78225712498	1423.29504394531
3176.78824458521	1426.94494628906
3178.79366343607	1428.75500488281
3180.79851389977	1431.59497070313
3182.80279619844	1431.625
3184.80651055405	1431.31994628906
3186.80965718849	1428.05004882813
3188.81223632353	1431.95495605469
3190.81424818081	1439.375
3192.81569298186	1438.13500976563
3194.8165709481	1436.68005371094
3196.81688230084	1441.46997070313
3198.81662726126	1447.36499023438
3200.81580605044	1451.68005371094
3202.81441888933	1452.55004882813
3204.81246599879	1457.26000976563
3206.80994759954	1459.875
3208.80686391219	1458.60498046875
3210.80321515726	1460.60998535156
3212.79900155512	1465.18505859375
3214.79422332605	1471.15502929688
3216.78888069021	1465.45495605469
3218.78297386765	1463.59497070313
3220.77650307828	1468.30505371094
3222.76946854195	1481.73999023438
3224.76187047834	1479.17504882813
3226.75370910705	1476.18505859375
3228.74498464755	1482.63000488281
3230.73569731921	1486.69494628906
3232.72584734127	1485.88000488281
3234.71543493287	1489.18994140625
3236.70446031304	1485.73999023438
3238.69292370068	1492.71997070313
3240.68082531459	1500.65502929688
3242.66816537345	1503.66003417969
3244.65494409583	1496.08996582031
3246.6411617002	1495.17004394531
3248.62681840488	1502.20495605469
3250.61191442812	1506.34497070313
3252.59644998804	1502.90002441406
3254.58042530263	1497.76501464844
3256.56384058979	1501.24499511719
3258.54669606731	1510.34497070313
3260.52899195285	1515.38000488281
3262.51072846396	1510.14501953125
3264.4919058181	1508.18505859375
3266.47252423259	1513.78002929688
3268.45258392464	1520.35998535156
3270.43208511138	1525.9599609375
3272.41102800978	1528.22497558594
3274.38941283675	1526.96496582031
3276.36723980904	1532.88000488281
3278.34450914332	1536.86499023438
3280.32122105613	1542.40002441406
3282.29737576392	1552.38500976563
3284.272973483	1555.54504394531
3286.24801442958	1560.96997070313
3288.22249881978	1566.68994140625
3290.19642686957	1563.14001464844
3292.16979879485	1551.61499023438
3294.14261481136	1547.05505371094
3296.11487513478	1546.92004394531
3298.08657998065	1545.57995605469
3300.0577295644	1544.61999511719
3302.02832410136	1546.84497070313
3303.99836380673	1553.28503417969
3305.96784889563	1551.15502929688
3307.93677958303	1551.02001953125
3309.90515608383	1550.9150390625
3311.87297861278	1538.72497558594
3313.84024738456	1533.73999023438
3315.80696261371	1537.48999023438
3317.77312451466	1539.96997070313
3319.73873330175	1535.60998535156
3321.70378918919	1528.52502441406
3323.66829239109	1528.81005859375
3325.63224312145	1530.51000976563
3327.59564159416	1523.36999511719
3329.55848802299	1513.73498535156
3331.52078262162	1514.53503417969
3333.4825256036	1522.80505371094
3335.44371718237	1516.48498535156
3337.40435757128	1506.59497070313
3339.36444698356	1496.10498046875
3341.32398563232	1494.30004882813
3343.28297373058	1500.25
3345.24141149124	1516.75
3347.19929912709	1509.42504882813
3349.15663685081	1497.82495117188
3351.11342487497	1500.43994140625
3353.06966341204	1506.57995605469
3355.02535267437	1502.52502441406
3356.98049287421	1493.43994140625
3358.9350842237	1494.49499511719
3360.88912693486	1490.85498046875
3362.84262121962	1495.20495605469
3364.79556728978	1498.34997558594
3366.74796535705	1498.19995117188
3368.69981563302	1493.52001953125
3370.65111832917	1492.42504882813
3372.60187365689	1494.47998046875
3374.55208182744	1495.72998046875
3376.50174305198	1487.1650390625
3378.45085754157	1476.05004882813
3380.39942550714	1469.50500488281
3382.34744715954	1461.44494628906
3384.29492270949	1463.84497070313
3386.24185236761	1472.40002441406
3388.18823634442	1473.48498535156
3390.13407485031	1465.27001953125
3392.07936809559	1458.93005371094
3394.02411629045	1457.36999511719
3395.96831964496	1459.96496582031
3397.91197836911	1458.05004882813
3399.85509267275	1455.78002929688
3401.79766276564	1458.09497070313
3403.73968885745	1463.28002929688
3405.68117115771	1457.15502929688
3407.62210987586	1450.53002929688
3409.56250522123	1437.30004882813
3411.50235740305	1429.88500976563
3413.44166663043	1431.06005859375
3415.38043311238	1437.83996582031
3417.3186570578	1443.77001953125
3419.2563386755	1439.85998535156
3421.19347817415	1429.65502929688
3423.13007576235	1426.60498046875
3425.06613164857	1425.31994628906
3427.00164604118	1426.48999023438
3428.93661914844	1429.43005371094
3430.87105117852	1427.42504882813
3432.80494233945	1426.63000488281
3434.73829283919	1420.69494628906
3436.67110288558	1417.125
3438.60337268634	1420.32995605469
3440.53510244911	1420.82995605469
3442.4662923814	1420.26000976563
3444.39694269064	1418.01000976563
3446.32705358412	1416.90502929688
3448.25662526905	1411.31005859375
3450.18565795254	1408.53002929688
3452.11415184156	1406.85998535156
3454.04210714302	1403.86999511719
3455.96952406369	1405.3349609375
3457.89640281024	1405.73999023438
3459.82274358924	1401.22998046875
3461.74854660717	1392.69494628906
3463.67381207038	1388.97497558594
3465.59854018513	1386.03002929688
3467.52273115756	1382.65002441406
3469.44638519373	1377.84497070313
3471.36950249956	1374.27001953125
3473.29208328091	1369.04504394531
3475.21412774349	1365.65502929688
3477.13563609293	1369.17004394531
3479.05660853476	1363.97497558594
3480.97704527438	1361.49499511719
3482.89694651712	1353.7900390625
3484.81631246818	1348.51501464844
3486.73514333266	1347
3488.65343931557	1343.46997070313
3490.57120062179	1342.82495117188
3492.48842745612	1338.65002441406
3494.40512002324	1330.63000488281
3496.32127852773	1333.99499511719
3498.23690317408	1336.77502441406
3500.15199416666	1334.34497070313
3502.06655170974	1328.32995605469
3503.98057600749	1323.81494140625
3505.89406726396	1319.35998535156
3507.80702568312	1316.36999511719
3509.71945146883	1316.61499023438
3511.63134482483	1322.23999023438
3513.54270595478	1317.35998535156
3515.45353506222	1307.80505371094
3517.3638323506	1298.5400390625
3519.27359802324	1292.40502929688
3521.1828322834	1295.07995605469
3523.09153533419	1294.44995117188
3524.99970737866	1290.30004882813
3526.90734861972	1292.7900390625
3528.81445926021	1296.86499023438
3530.72103950283	1293.55004882813
3532.62708955022	1287.01000976563
3534.53260960488	1284.875
3536.43759986923	1276.13500976563
3538.34206054558	1267.80505371094
3540.24599183613	1259.56494140625
3542.149393943	1253.84997558594
3544.05226706817	1251.8349609375
3545.95461141357	1258.18505859375
3547.85642718097	1261.49499511719
3549.75771457208	1253.26501464844
3551.6584737885	1244.32995605469
3553.55870503171	1240.15502929688
3555.4584085031	1242.44494628906
3557.35758440396	1244.19995117188
3559.25623293548	1244.67504882813
3561.15435429874	1244.39001464844
3563.05194869473	1240.44494628906
3564.94901632432	1234.01000976563
3566.84555738829	1233.09997558594
3568.74157208732	1234.06994628906
3570.63706062199	1227.24499511719
3572.53202319277	1224.40502929688
3574.42646000003	1229.88500976563
3576.32037124406	1230.51000976563
3578.213757125	1228.60998535156
3580.10661784295	1224.05004882813
3581.99895359786	1226.44494628906
3583.8907645896	1229.50500488281
3585.78205101794	1227.72497558594
3587.67281308254	1222.94995117188
3589.56305098297	1219.06005859375
3591.4527649187	1217.68005371094
3593.34195508907	1212.01501464844
3595.23062169338	1212.07995605469
3597.11876493075	1207.67504882813
3599.00638500027	1205.23498535156
3600.89348210089	1202.65502929688
3602.78005643148	1202.57995605469
3604.66610819078	1205.28002929688
3606.55163757747	1205.25500488281
3608.4366447901	1206.77001953125
3610.32113002713	1204.42004394531
3612.20509348693	1199.85998535156
3614.08853536774	1195.2099609375
3615.97145586773	1192.74499511719
3617.85385518497	1192.82995605469
3619.7357335174	1191.97497558594
3621.61709106289	1187.13500976563
3623.4979280192	1183.05004882813
3625.37824458399	1177.79504394531
3627.25804095482	1175.46496582031
3629.13731732915	1173.64001464844
3631.01607390435	1170.34997558594
3632.89431087767	1168.44494628906
3634.77202844629	1171.17004394531
3636.64922680726	1174.52502441406
3638.52590615754	1180.9150390625
3640.40206669402	1185.76501464844
3642.27770861344	1173.1650390625
3644.15283211248	1169.14001464844
3646.02743738771	1167.44494628906
3647.90152463559	1166.84997558594
3649.77509405251	1165.46997070313
3651.64814583473	1162.45495605469
3653.52068017842	1162.60498046875
3655.39269727965	1160.5849609375
3657.26419733442	1157.00500488281
3659.13518053858	1151.48498535156
3661.00564708793	1152.43005371094
3662.87559717814	1153.10498046875
3664.7450310048	1148.6650390625
3666.61394876338	1143.17504882813
3668.48235064928	1141.44995117188
3670.35023685779	1141.54504394531
3672.21760758409	1139.20495605469
3674.08446302327	1134.42504882813
3675.95080337033	1133.16003417969
3677.81662882017	1135.98999023438
3679.68193956758	1138.41003417969
3681.54673580727	1140.48498535156
3683.41101773383	1139.33996582031
3685.27478554178	1137.69494628906
3687.13803942551	1136.06005859375
3689.00077957934	1130.58996582031
3690.86300619748	1126.31005859375
3692.72471947405	1120.89001464844
3694.58591960306	1120.76501464844
3696.44660677844	1119.06494140625
3698.306781194	1118.56494140625
3700.16644304348	1120.24499511719
3702.02559252049	1119.40502929688
3703.88422981859	1121.03503417969
3705.74235513119	1120.93005371094
3707.59996865164	1119.42004394531
3709.45707057318	1116.875
3711.31366108895	1115.50500488281
3713.16974039199	1115.68505859375
3715.02530867527	1113.2900390625
3716.88036613164	1105.56994628906
3718.73491295385	1102.06005859375
3720.58894933456	1103.17504882813
3722.44247546634	1100.9599609375
3724.29549154166	1101.9150390625
3726.14799775289	1104.68005371094
3727.9999942923	1104.65002441406
3729.85148135209	1099.97998046875
3731.70245912432	1095.56494140625
3733.55292780098	1094.13500976563
3735.40288757397	1094.07995605469
3737.25233863509	1093.63500976563
3739.10128117603	1093.97497558594
3740.9497153884	1091.06005859375
3742.7976414637	1093.10998535156
3744.64505959335	1095.5400390625
3746.49196996866	1099.30505371094
3748.33837278086	1099.67504882813
3750.18426822108	1096.5400390625
3752.02965648033	1095.29504394531
3753.87453774956	1097.98498535156
3755.7189122196	1098.76000976563
3757.5627800812	1095.28503417969
3759.40614152501	1089.14501953125
3761.24899674159	1083.0849609375
3763.09134592138	1084.27001953125
3764.93318925476	1088.5400390625
3766.77452693199	1084.28002929688
3768.61535914325	1083.84497070313
3770.45568607861	1086.75500488281
3772.29550792807	1086.52001953125
3774.1348248815	1086.35998535156
3775.9736371287	1086.82495117188
3777.81194485938	1087.17004394531
