32.6816976106991	717.890014648438
35.6535599501435	718.090026855469
38.6244374909659	717.669982910156
41.5943306947054	717.869995117188
44.5632400226282	717.75
47.5311659356917	717.489990234375
50.4981088945929	717.390014648438
53.4640693597127	717.380004882813
56.4290477911676	717.580017089844
59.3930446487746	717.590026855469
62.356060392067	717.705017089844
65.3180954802906	717.820007324219
68.2791503724084	717.590026855469
71.2392255270922	717.849975585938
74.1983214027271	717.739990234375
77.1564384574159	717.760009765625
80.113577148983	717.690002441406
83.0697379349549	717.714965820313
86.0249212725722	717.739990234375
88.9791276188058	717.869995117188
91.9323574303255	717.849975585938
94.8846111635238	717.940002441406
97.8358892745121	717.825012207031
100.786192219114	717.710021972656
103.73552045287	718.25
106.683874431037	717.97998046875
109.631254608583	718.619995117188
112.577661440203	718.549987792969
115.523095380307	719.239990234375
118.467556883015	719.619995117188
121.411046402175	720.900024414063
124.353564391344	722.380004882813
127.295111303796	725.440002441406
130.235687592532	731.330017089844
133.175293710265	741.669982910156
136.113930109434	758.609985351563
139.051597242185	783.080017089844
141.98829556039	817.039978027344
144.92402551564	859.179992675781
147.858787559244	905.349975585938
150.792582142239	952.609985351563
153.725409715372	994.830017089844
156.65727072911	1029.89001464844
159.588165633643	1054.2900390625
162.518094878884	1075.38000488281
165.447058914469	1090.48999023438
168.375058189747	1093.26000976563
171.302093153792	1096.91003417969
174.228164255401	1100.27001953125
177.153271943091	1104.55004882813
180.077416665101	1116.38000488281
183.000598869394	1122.11999511719
185.922819003656	1125.18005371094
188.84407751529	1128.13000488281
191.764374851424	1139.69995117188
194.683711458919	1147.30004882813
197.60208778434	1153.65002441406
200.519504273992	1164.9599609375
203.435961373894	1177.2099609375
206.351459529801	1199.19995117188
209.265999187174	1225
212.179580791207	1247.26000976563
215.092204786825	1275.23999023438
218.003871618673	1306.03002929688
220.914581731116	1326.38000488281
223.824335568247	1350.72998046875
226.733133573893	1371.41003417969
229.640976191593	1391.55004882813
232.547863864614	1410.68994140625
235.453797035961	1424.91003417969
238.358776148354	1430.19995117188
241.26280164424	1437.91003417969
244.1658739658	1442.03002929688
247.067993554929	1444.42004394531
249.969160853266	1445.0400390625
252.869376302162	1441.9599609375
255.768640342707	1444.57006835938
258.666953415705	1447.18005371094
261.564315961705	1444.71997070313
264.46072842097	1447.59997558594
267.356191233499	1444.08996582031
270.25070483901	1439.21997070313
273.144269676967	1443.06994628906
276.036886186551	1445.23999023438
278.928554806671	1441.85998535156
281.819275975966	1439.02001953125
284.709050132812	1435.52001953125
287.597877715306	1436.18005371094
290.485759161281	1438.90002441406
293.372694908298	1438.5966796875
296.258685393644	1438.29333496094
299.143731054352	1437.98999023438
302.027832327156	1435.52001953125
304.910989648557	1439.07495117188
307.79320345476	1442.63000488281
310.674474181717	1439.53002929688
313.554802265101	1438.97998046875
316.434188140326	1440.21997070313
319.312632242533	1438.06994628906
322.190135006593	1436.94995117188
325.066696867117	1433.91003417969
327.942318258443	1436.80004882813
330.816999614641	1439.13000488281
333.690741369517	1439.90002441406
336.56354395661	1436.41003417969
339.435407809193	1433.7900390625
342.306333360273	1427.02001953125
345.176321042591	1421.11999511719
348.045371288612	1413.42004394531
350.913484530551	1410.28002929688
353.78066120035	1419.63000488281
356.64690172969	1425.84997558594
359.512206549972	1423.30004882813
362.376576092357	1422.14001464844
365.240010787716	1417.83996582031
368.102511066677	1413.34997558594
370.964077359587	1410.96997070313
373.82471009654	1412.57995605469
376.684409707364	1412.24328613281
379.543176621612	1411.90661621094
382.401011268595	1411.56994628906
385.257914077343	1412.67004394531
388.113885476627	1410.7099609375
390.968925894961	1413.89001464844
393.823035760591	1423.40002441406
396.676215501503	1431.25
399.528465545415	1439.88000488281
402.379786319791	1445.93005371094
405.230178251834	1447.38000488281
408.079641768472	1451.68005371094
410.928177296387	1450.89001464844
413.775785261992	1440.40002441406
416.622466091445	1446.63000488281
419.468220210631	1464.07995605469
422.313048045182	1467.34997558594
425.156950020479	1472.7099609375
427.999926561623	1468.90991210938
430.841978093471	1465.10998535156
433.683105040613	1462.88000488281
436.523307827384	1459.52001953125
439.362586877851	1455.72998046875
442.200942615829	1455.35998535156
445.038375464876	1450.94995117188
447.874885848283	1452.26000976563
450.710474189089	1456.97998046875
453.54514091007	1456.18005371094
456.37888643375	1449.93994140625
459.211711182386	1445.36999511719
462.043615577986	1440.59997558594
464.874600042297	1439.59997558594
467.704664996804	1437.64001464844
470.533810862741	1439.46997070313
473.36203806108	1440.4599609375
476.189347012547	1441.44995117188
479.015738137594	1440.34997558594
481.841211856432	1435.31005859375
484.665768589008	1441.44995117188
487.489408755009	1449.19995117188
490.312132773878	1455.61999511719
493.133941064796	1456.86999511719
495.954834046683	1455.60998535156
498.77481213821	1455.26000976563
501.593875757797	1458.56005859375
504.412025323601	1462.05004882813
507.229261253524	1471.94995117188
510.045583965226	1478.56005859375
512.860993876093	1480.39001464844
515.675491403271	1480.73999023438
518.489076963649	1478.46997070313
521.301750973863	1480.69995117188
524.113513850293	1478.95495605469
526.924366009065	1477.2099609375
529.734307866052	1476.14001464844
532.543339836881	1472.22998046875
535.35146233692	1468.93005371094
538.158675781281	1463.36999511719
540.964980584833	1457.59997558594
543.770377162182	1454.28002929688
546.574865927692	1457.71997070313
549.378447295465	1459.32995605469
552.181121679365	1455.91003417969
554.982889492993	1458.18994140625
557.783751149701	1458.56005859375
560.583707062591	1459.39001464844
563.38275764452	1448.2099609375
566.180903308083	1441.34997558594
568.978144465633	1437.80004882813
571.774481529266	1443.11999511719
574.569914910839	1440.31005859375
577.364445021949	1440.97998046875
580.158072273946	1437.7099609375
582.950797077926	1432.90002441406
585.742619844752	1426.98999023438
588.533540985018	1426.32995605469
591.323560909078	1424.65002441406
594.112680027034	1425.68005371094
596.90089874875	1429.5
599.688217483828	1424.90002441406
602.474636641629	1420.02001953125
605.260156631263	1413.96997070313
608.044777861596	1412.21997070313
610.828500741241	1421.58996582031
613.611325678567	1421.61999511719
616.393253081697	1425.89001464844
619.174283358506	1426.44995117188
621.954416916616	1426.43249511719
624.733654163414	1426.4150390625
627.511995506029	1426.3974609375
630.289441351351	1426.38000488281
633.065992106022	1422.07995605469
635.841648176434	1419.66003417969
638.616409968744	1420.28002929688
641.390277888847	1421.01000976563
644.163252342408	1426.82995605469
646.93533373484	1432.27001953125
649.706522471307	1438.35998535156
652.47681895674	1437.19506835938
655.246223595811	1436.03002929688
658.014736792957	1427.75
660.782358952371	1432.22998046875
663.549090477999	1436.77001953125
666.314931773542	1442.0400390625
669.079883242452	1439.44995117188
671.843945287955	1441.0400390625
674.607118313019	1436.08996582031
677.369402720366	1439.14001464844
680.130798912488	1441.2900390625
682.891307291627	1437.85998535156
685.650928259784	1443.13000488281
688.409662218708	1444.40002441406
691.167509569927	1441.28002929688
693.924470714705	1445.71997070313
696.680546054078	1444.92004394531
699.435735988832	1445.02001953125
702.190040919516	1437.76000976563
704.943461246442	1441.25
707.695997369667	1450.96997070313
710.447649689022	1449.48999023438
713.198418604088	1451.28002929688
715.948304514206	1455.5
718.697307818481	1446.43994140625
721.445428915779	1446.56994628906
724.192668204716	1451.88000488281
726.93902608368	1455.06005859375
729.684502950805	1453.71667480469
732.429099204005	1452.37341308594
735.172815240936	1451.03002929688
737.915651459026	1451.22998046875
740.657608255463	1454.68994140625
743.398686027186	1457.93994140625
746.13888517091	1458.82995605469
748.878206083102	1467.33996582031
751.616649159998	1467.2900390625
754.354214797584	1467.86999511719
757.09090339162	1468.18994140625
759.826715337622	1467.44995117188
762.561651030868	1461.43005371094
765.295710866406	1458.07995605469
768.028895239041	1447.76000976563
770.761204543336	1446.31994628906
773.492639173626	1448.15002441406
776.223199524006	1439.9599609375
778.952885988334	1436.06994628906
781.681698960235	1428.16003417969
784.40963883309	1430.14001464844
787.136706000052	1434.56994628906
789.862900854037	1434.42993164063
792.588223787721	1434.2900390625
795.312675193549	1425.33996582031
798.036255463728	1422.80004882813
800.758964990228	1427.18005371094
803.480804164792	1434.85998535156
806.201773378919	1437.40002441406
808.921873023884	1444.76000976563
811.641103490712	1446.66003417969
814.359465170214	1447.34997558594
817.076958452946	1453.89001464844
819.793583729246	1462.57995605469
822.509341389214	1472.84997558594
825.224231822712	1477.38000488281
827.938255419375	1482.13000488281
830.651412568596	1495.31994628906
833.363703659544	1500.83996582031
836.075129081157	1507.93994140625
838.785689222127	1515.4599609375
841.495384470928	1516.4599609375
844.204215215788	1514.11999511719
846.912181844721	1514.71997070313
849.619284745491	1526.56005859375
852.325524305638	1536.17004394531
855.030900912475	1544.31005859375
857.735414953079	1545.81005859375
860.439066814289	1547.02001953125
863.141856882725	1543.65002441406
865.843785544769	1537.25
868.544853186571	1535.02001953125
871.245060194063	1535.31005859375
873.944406952925	1532.08996582031
876.642893848625	1527.25
879.340521266398	1523.88000488281
882.037289591241	1528.17004394531
884.733199207927	1534.31994628906
887.428250501001	1538.5400390625
890.122443854778	1544.91003417969
892.815779653335	1542.38000488281
895.508258280534	1542.18994140625
898.199880119997	1542.26245117188
900.890645555129	1542.3349609375
903.580554969094	1542.40747070313
906.269608744832	1542.47998046875
908.957807265056	1542.55004882813
911.645150912257	1546.15002441406
914.331640068689	1543.5400390625
917.017275116375	1545.57995605469
919.702056437128	1547.57995605469
922.385984412518	1555.9599609375
925.069059423886	1559.53002929688
927.751281852366	1568.14001464844
930.432652078842	1565.31005859375
933.113170483983	1563.22998046875
935.79283744823	1565.18994140625
938.471653351806	1569.94995117188
941.149618574686	1574.0400390625
943.826733496641	1582.93994140625
946.502998497206	1583.28002929688
949.178413955689	1575.41003417969
951.85298025118	1578.5400390625
954.526697762544	1577.60998535156
957.199566868403	1574.34997558594
959.87158794718	1574.75
962.542761377054	1576.2900390625
965.213087535987	1572.68005371094
967.882566801719	1567.33996582031
970.551199551761	1570.93005371094
973.218986163399	1566.90002441406
975.885927013698	1562.86999511719
978.552022479501	1564.5
981.217272937423	1560.93994140625
983.88167876386	1563.2099609375
986.545240334978	1564.39001464844
989.207958026729	1572.7099609375
991.869832214835	1583.19995117188
994.530863274798	1599.21997070313
997.191051581895	1618.43005371094
999.850397511185	1652.61999511719
1002.50890143751	1699.13000488281
1005.16656373546	1725.09997558594
1007.82338477944	1730.15002441406
1010.47936494363	1721.34997558594
1013.13450460195	1702.48999023438
1015.78880412815	1657.05004882813
1018.44226389572	1616.0400390625
1021.09488427794	1589.72998046875
1023.74666564789	1567.98999023438
1026.3976083784	1561.92004394531
1029.04771284208	1567.56005859375
1031.69697941135	1575.31005859375
1034.34540845838	1581.81005859375
1036.99300035512	1585.64001464844
1039.63975547333	1585.63000488281
1042.28567418452	1580.82995605469
1044.93075685998	1583.11999511719
1047.57500387081	1581.75
1050.21841558786	1578.82995605469
1052.86099238177	1581.32995605469
1055.50273462297	1576.52001953125
1058.14364268167	1578.98999023438
1060.78371692784	1586.36999511719
1063.42295773126	1592.43005371094
1066.06136546148	1600.57995605469
1068.69894048781	1597.47998046875
1071.33568317939	1593.47998046875
1073.9715939051	1598.52001953125
1076.60667303362	1594.42004394531
1079.24092093341	1587.7099609375
1081.87433797271	1589.63000488281
1084.50692451954	1588.94995117188
1087.13868094172	1588.76000976563
1089.76960760684	1588
1092.39970488226	1589.31005859375
1095.02897313516	1578.90002441406
1097.65741273246	1574.85998535156
1100.28502404089	1575.2900390625
1102.91180742697	1572.18005371094
1105.53776325698	1572.38000488281
1108.16289189701	1579.61999511719
1110.78719371291	1586.06005859375
1113.41066907033	1587.0400390625
1116.0333183347	1589.41003417969
1118.65514187124	1594.47998046875
1121.27614004495	1593.31005859375
1123.89631322061	1596.46997070313
1126.51566176279	1601.43005371094
1129.13418603585	1605.57995605469
1131.75188640394	1599.4599609375
1134.36876323098	1587.47998046875
1136.98481688069	1570.25
1139.60004771655	1554.23999023438
1142.21445610187	1544.5
1144.82804239972	1536.05004882813
1147.44080697295	1529
1150.05275018421	1540.25
1152.66387239593	1546.93005371094
1155.27417397034	1549.06994628906
1157.88365526943	1556.33996582031
1160.49231665502	1561.91003417969
1163.10015848867	1561.18005371094
1165.70718113176	1560.64001464844
1168.31338494544	1551.26000976563
1170.91877029067	1546.78002929688
1173.52333752817	1541.07995605469
1176.12708701847	1531.31994628906
1178.73001912187	1532.52001953125
1181.33213419848	1534.71997070313
1183.93343260819	1533.30004882813
1186.53391471068	1518.72998046875
1189.13358086539	1518.7900390625
1191.73243143161	1517.34997558594
1194.33046676836	1515.64001464844
1196.92768723449	1518.98999023438
1199.52409318861	1515.88000488281
1202.11968498915	1525.47998046875
1204.7144629943	1529.67004394531
1207.30842756206	1541.16003417969
1209.90157905021	1552.58996582031
1212.49391781634	1555.88000488281
1215.08544421779	1557.72998046875
1217.67615861174	1558.25
1220.26606135512	1548.51000976563
1222.85515280468	1545.57995605469
1225.44343331694	1538.58996582031
1228.03090324823	1544.28002929688
1230.61756295466	1549.80004882813
1233.20341279213	1557.09997558594
1235.78845311634	1572.23999023438
1238.37268428278	1576.18994140625
1240.95610664673	1587.21997070313
1243.53872056325	1597.48999023438
1246.12052638722	1596.55004882813
1248.70152447329	1596.4599609375
1251.28171517591	1597.25
1253.86109884934	1601.30004882813
1256.43967584759	1605.69995117188
1259.0174465245	1610.01000976563
1261.5944112337	1612.94995117188
1264.1705703286	1620.71997070313
1266.74592416241	1620.91003417969
1269.32047308814	1619.46997070313
1271.89421745858	1617.31994628906
1274.46715762633	1622.41003417969
1277.03929394377	1628.2099609375
1279.61062676308	1628.59997558594
1282.18115643624	1620.25
1284.75088331502	1609.43994140625
1287.31980775098	1608.13000488281
1289.88793009548	1617.01000976563
1292.45525069969	1614.88500976563
1295.02176991454	1612.76000976563
1297.58748809078	1606.68005371094
1300.15240557897	1602.65002441406
1302.71652272942	1603.76000976563
1305.27983989229	1605.2900390625
1307.84235741749	1612.84997558594
1310.40407565475	1631.92004394531
1312.9649949536	1639.5400390625
1315.52511566335	1646.38000488281
1318.08443813311	1646.5
1320.64296271181	1645.36999511719
1323.20068974815	1643.01000976563
1325.75761959063	1641.32995605469
1328.31375258756	1643.46325683594
1330.86908908704	1645.5966796875
1333.42362943696	1647.72998046875
1335.97737398503	1644.05004882813
1338.53032307874	1644
1341.08247706537	1651.53002929688
1343.63383629202	1656.52001953125
1346.18440110558	1655.67004394531
1348.73417185274	1642.66003417969
1351.28314887997	1629.15002441406
1353.83133253357	1614.89001464844
1356.37872315961	1594.03002929688
1358.92532110398	1583.16003417969
1361.47112671237	1573.65002441406
1364.01614033024	1559.68994140625
1366.56036230288	1549.02001953125
1369.10379297537	1544.23999023438
1371.64643269258	1539.11999511719
1374.18828179921	1534.81994628906
1376.72934063972	1524.30004882813
1379.2696095584	1518.27001953125
1381.80908889932	1517.31005859375
1384.34777900637	1507.88000488281
1386.88568022323	1508.83996582031
1389.42279289337	1511.81994628906
1391.95911736009	1515.31994628906
1394.49465396645	1524.84997558594
1397.02940305537	1523.34997558594
1399.5633649695	1521.84997558594
1402.09654005135	1520.34997558594
1404.6289286432	1520.18994140625
1407.16053108714	1521.94995117188
1409.69134772507	1529.77490234375
1412.22137889868	1537.59997558594
1414.75062494947	1535.28002929688
1417.27908621874	1525.01000976563
1419.80676304759	1530.19995117188
1422.33365577692	1536.25
1424.85976474744	1543.63000488281
1427.38509029967	1548.67004394531
1429.90963277392	1547.31994628906
1432.4333925103	1558.48999023438
1434.95636984873	1570.28002929688
1437.47856512894	1578.71997070313
1439.99997869045	1608.28002929688
1442.5206108726	1633.4599609375
1445.04046201452	1652.55004882813
1447.55953245515	1678.28002929688
1450.07782253323	1696.65002441406
1452.59533258731	1696.84997558594
1455.11206295574	1697.05004882813
1457.62801397668	1697.25
1460.14318598809	1684.68994140625
1462.65757932774	1668.68005371094
1465.1711943332	1643.31994628906
1467.68403134184	1617.32995605469
1470.19609069085	1594
1472.70737271721	1567.64001464844
1475.21787775772	1547.16003417969
1477.72760614897	1518.81994628906
1480.23655822738	1487.81994628906
1482.74473432914	1463.11999511719
1485.25213479029	1445.52001953125
1487.75875994664	1425.73999023438
1490.26461013382	1417.10998535156
1492.76968568726	1412.47998046875
1495.27398694222	1404.9599609375
1497.77751423374	1397.65002441406
1500.28026789667	1394.34997558594
1502.78224826569	1399.93994140625
1505.28345567526	1404.30004882813
1507.78389045967	1403.43994140625
1510.28355295299	1404.06005859375
1512.78244348913	1406.22998046875
1515.28056240178	1410.81005859375
1517.77791002445	1408.60998535156
1520.27448669047	1407.69995117188
1522.77029273296	1406.7900390625
1525.26532848486	1405.88000488281
1527.75959427889	1406.19995117188
1530.25309044764	1407.86999511719
1532.74581732344	1408.01000976563
1535.23777523847	1398.07995605469
1537.72896452471	1397.57995605469
1540.21938551394	1405.84997558594
1542.70903853778	1409.15002441406
1545.19792392761	1413.60998535156
1547.68604201466	1417.7099609375
1550.17339312997	1416.65002441406
1552.65997760434	1417.06994628906
1555.14579576845	1416.69995117188
1557.63084795275	1420.97998046875
1560.11513448749	1422.55334472656
1562.59865570276	1424.12658691406
1565.08141192845	1425.69995117188
1567.56340349426	1417.78002929688
1570.04463072969	1416.2099609375
1572.52509396406	1414.02001953125
1575.00479352652	1413.65002441406
1577.48372974599	1415.48999023438
1579.96190295124	1423.98999023438
1582.43931347083	1433.94995117188
1584.91596163314	1440.71997070313
1587.39184776636	1444.07995605469
1589.86697219849	1450.68994140625
1592.34133525734	1449.71997070313
1594.81493727054	1450.51000976563
1597.28777856553	1447.85998535156
1599.75985946955	1453.60998535156
1602.23118030968	1465
1604.70174141278	1484.43005371094
1607.17154310555	1489.4599609375
1609.64058571449	1501.96997070313
1612.10886956591	1505.01000976563
1614.57639498595	1498.53002929688
1617.04316230054	1496.31005859375
1619.50917183543	1494.5400390625
1621.97442391621	1483.5
1624.43891886825	1475.69995117188
1626.90265701674	1468.67004394531
1629.36563868671	1464.2099609375
1631.82786420296	1462.77001953125
1634.28933389016	1465.56005859375
1636.75004807274	1475.47998046875
1639.21000707498	1479.98999023438
1641.66921122097	1489.38000488281
1644.12766083459	1508.33996582031
1646.58535623956	1521.82995605469
1649.04229775941	1535.36999511719
1651.4984857175	1546.27001953125
1653.95392043697	1565.18994140625
1656.40860224079	1581.72998046875
1658.86253145177	1592.85998535156
1661.3157083925	1593
1663.76813338542	1588.16003417969
1666.21980675275	1590.21997070313
1668.67072881656	1583.35998535156
1671.1208998987	1577.33996582031
1673.57032032089	1558.02001953125
1676.0189904046	1536.46997070313
1678.46691047118	1528.72998046875
1680.91408084174	1514.39001464844
1683.36050183726	1495.47998046875
1685.8061737785	1475.75
1688.25109698605	1449.80004882813
1690.69527178032	1432.02001953125
1693.13869848153	1414.19995117188
1695.58137740972	1403.48999023438
1698.02330888476	1391.68994140625
1700.46449322631	1380.43005371094
1702.90493075388	1361.92004394531
1705.34462178678	1345.44995117188
1707.78356664414	1335.30004882813
1710.22176564492	1331.03002929688
1712.65921910787	1328.57995605469
1715.0959273516	1327.88000488281
1717.53189069449	1322.90002441406
1719.9671094548	1313.7900390625
1722.40158395054	1307.7099609375
1724.8353144996	1308.90002441406
1727.26830141965	1310.44995117188
1729.70054502819	1312
1732.13204564255	1308.21997070313
1734.56280357987	1304.82995605469
1736.99281915711	1301.47998046875
1739.42209269106	1298.27001953125
1741.85062449831	1302.97998046875
1744.27841489529	1305.53002929688
1746.70546419823	1303.58996582031
1749.13177272321	1303.41003417969
1751.5573407861	1301.28002929688
1753.98216870262	1302.10998535156
1756.40625678828	1303.41003417969
1758.82960535844	1305.14001464844
1761.25221472825	1303.11999511719
1763.67408521271	1299.44995117188
1766.09521712663	1298.89001464844
1768.51561078464	1299.89001464844
1770.93526650119	1297.93994140625
1773.35418459056	1294.68005371094
1775.77236536684	1297.61999511719
1778.18980914396	1297.42004394531
1780.60651623565	1293.03002929688
1783.02248695548	1296.90002441406
1785.43772161684	1296.06994628906
1787.85222053292	1297.93005371094
1790.26598401677	1294.21997070313
1792.67901238123	1295.68005371094
1795.09130593899	1295.19995117188
1797.50286500254	1293.36999511719
1799.9136898842	1290.65002441406
1802.32378089613	1287.64001464844
1804.73313835028	1288.84997558594
1807.14176255846	1286.82995605469
1809.54965383228	1282.65002441406
1811.95681248317	1281.03002929688
1814.36323882242	1281.97998046875
1816.76893316109	1283.38000488281
1819.17389581011	1284.78002929688
1821.57812708021	1286.18005371094
1823.98162728196	1280.26000976563
1826.38439672573	1279.90002441406
1828.78643572174	1285.02001953125
1831.18774458003	1284.55004882813
1833.58832361045	1284.07995605469
1835.98817312269	1281.91003417969
1838.38729342625	1277.94995117188
1840.78568483048	1275.09997558594
1843.18334764454	1278.16003417969
1845.58028217741	1279.01000976563
1847.9764887379	1278.56994628906
1850.37196763465	1278.81994628906
1852.76671917613	1275.48999023438
1855.16074367062	1277.96997070313
1857.55404142624	1275.98999023438
1859.94661275094	1272.89001464844
1862.33845795247	1267.66003417969
1864.72957733844	1267.47998046875
1867.11997121627	1265.66003417969
1869.5096398932	1268
1871.89858367631	1268.54748535156
1874.28680287251	1269.09497070313
1876.67429778851	1269.64245605469
1879.06106873089	1270.18994140625
1881.44711600601	1271.17004394531
1883.8324399201	1267.65002441406
1886.21704077919	1265.08996582031
1888.60091888915	1269.56994628906
1890.98407455567	1271.78002929688
1893.36650808428	1267.48999023438
1895.74821978033	1262.08996582031
1898.12920994899	1264.35998535156
1900.50947889527	1272.17004394531
1902.88902692401	1269.78002929688
1905.26785433986	1266.68994140625
1907.64596144734	1267.23999023438
1910.02334855075	1271.4599609375
1912.40001595424	1273.22998046875
1914.7759639618	1272.88000488281
1917.15119287724	1273.90002441406
1919.52570300419	1271.68994140625
1921.89949464611	1266.07995605469
1924.27256810632	1265.48999023438
1926.64492368793	1267.02001953125
1929.0165616939	1266.06005859375
1931.38748242701	1268.59997558594
1933.75768618989	1269.96997070313
1936.12717328497	1273.39001464844
1938.49594401455	1270.05004882813
1940.86399868071	1266.64001464844
1943.23133758541	1263.73999023438
1945.5979610304	1267.39001464844
1947.96386931729	1267.46997070313
1950.32906274751	1269.27001953125
1952.69354162232	1268.74499511719
1955.0573062428	1268.21997070313
1957.42035690989	1267.69506835938
1959.78269392434	1267.17004394531
1962.14431758673	1266.75
1964.50522819748	1265.7099609375
1966.86542605684	1259.41003417969
1969.22491146488	1258.4599609375
1971.58368472153	1264.66003417969
1973.94174612654	1267.5
1976.29909597945	1267.46997070313
1978.65573457971	1267.56005859375
1981.01166222654	1263.03002929688
1983.36687921902	1259.63000488281
1985.72138585606	1254.26000976563
1988.07518243639	1253.96997070313
1990.42826925859	1262.21997070313
1992.78064662106	1266.18994140625
1995.13231482205	1267.27001953125
1997.48327415961	1263.31005859375
1999.83352493167	1262.68994140625
2002.18306743594	1262.15002441406
2004.53190197002	1261.25
2006.8800288313	1258.96997070313
2009.22744831703	1257.06994628906
2011.57416072427	1255.63000488281
2013.92016634993	1255.56994628906
2016.26546549076	1253.9599609375
2018.61005844332	1254.00500488281
2020.95394550404	1254.05004882813
2023.29712696915	1254.09497070313
2025.63960313474	1254.14001464844
2027.98137429672	1253.89001464844
2030.32244075083	1252.88000488281
2032.66280279266	1251.67004394531
2035.00246071763	1253.42004394531
2037.34141482099	1254.30004882813
2039.67966539784	1257.39001464844
2042.01721274309	1256.18005371094
2044.35405715151	1256.53002929688
2046.69019891769	1257.80004882813
2049.02563833606	1256.53002929688
2051.3603757009	1251.97998046875
2053.6944113063	1254.43005371094
2056.0277454462	1252.68994140625
2058.36037841439	1255.68505859375
2060.69231050446	1258.68005371094
2063.02354200988	1258.34997558594
2065.35407322392	1252.40002441406
2067.68390443971	1255.85998535156
2070.01303595021	1257.23999023438
2072.3414680482	1253.15002441406
2074.66920102633	1257.32995605469
2076.99623517706	1250.71997070313
2079.32257079271	1251.78002929688
2081.6482081654	1256.58996582031
2083.97314758713	1262.22998046875
2086.29738934971	1264.16003417969
2088.62093374481	1259.58996582031
2090.94378106391	1259.63000488281
2093.26593159835	1259.68005371094
2095.5873856393	1257.81005859375
2097.90814347777	1261.56005859375
2100.2282054046	1259.125
2102.54757171048	1256.68994140625
2104.86624268594	1257.02001953125
2107.18421862133	1255.93005371094
2109.50149980686	1259.26000976563
2111.81808653257	1260.98999023438
2114.13397908834	1262.33996582031
2116.44917776388	1264.10998535156
2118.76368284875	1265.76000976563
2121.07749463235	1264.33996582031
2123.39061340391	1260.23999023438
2125.70303945252	1258.94995117188
2128.01477306707	1257.66003417969
2130.32581453634	1259.76000976563
2132.63616414891	1258.35998535156
2134.94582219322	1258.96997070313
2137.25478895754	1263.96997070313
2139.56306472999	1265.81005859375
2141.87064979851	1262.75
2144.17754445092	1262.99670410156
2146.48374897484	1263.24328613281
2148.78926365774	1263.48999023438
2151.09408878695	1261.03002929688
2153.39822464963	1261.85998535156
2155.70167153277	1265.73999023438
2158.00442972321	1265.76000976563
2160.30649950763	1264.47998046875
2162.60788117256	1264.14001464844
2164.90857500436	1265.88000488281
2167.20858128923	1267.41003417969
2169.50790031323	1258.26000976563
2171.80653236223	1254.53002929688
2174.10447772198	1257.84997558594
2176.40173667804	1257.4599609375
2178.69830951582	1258.23999023438
2180.99419652058	1258.11999511719
2183.28939797743	1258.65002441406
2185.5839141713	1258.76000976563
2187.87774538698	1257.86999511719
2190.17089190908	1254.5
2192.46335402209	1253.57995605469
2194.75513201032	1254.63000488281
2197.04622615791	1253.27001953125
2199.33663674886	1253.65258789063
2201.62636406702	1254.03503417969
2203.91540839606	1254.41748046875
2206.20377001952	1254.80004882813
2208.49144922077	1250.26000976563
2210.77844628302	1253.23999023438
2213.06476148933	1252.02001953125
2215.3503951226	1247.05004882813
2217.63534746557	1246.81005859375
2219.91961880085	1250.77001953125
2222.20320941085	1248.15002441406
2224.48611957785	1254.91003417969
2226.76834958399	1256.16003417969
2229.04989971122	1258.23999023438
2231.33077024136	1256.63000488281
2233.61096145607	1252.10998535156
2235.89047363683	1250.60998535156
2238.169307065	1244.9599609375
2240.44746202178	1247.28002929688
2242.72493878819	1251.94995117188
2245.00173764511	1255.18005371094
2247.27785887327	1255.11999511719
2249.55330275324	1257.38000488281
2251.82806956545	1258.88000488281
2254.10215959014	1256.57995605469
2256.37557310744	1256.09997558594
2258.64831039729	1253.30004882813
2260.92037173949	1249.09997558594
2263.19175741368	1249.42004394531
2265.46246769938	1251.64001464844
2267.7325028759	1251.2099609375
2270.00186322243	1254.68005371094
2272.270549018	1261.36999511719
2274.5385605415	1261.53002929688
2276.80589807165	1260
2279.07256188702	1260.85998535156
2281.33855226601	1257.91003417969
2283.60386948691	1256.35998535156
2285.86851382782	1256.77001953125
2288.1324855667	1256.66003417969
2290.39578498136	1260.47998046875
2292.65841234945	1267.53002929688
2294.92036794847	1268.23999023438
2297.18165205578	1262.93994140625
2299.44226494856	1263.94995117188
2301.70220690387	1260.69995117188
2303.96147819859	1261.05004882813
2306.22007910947	1257.56994628906
2308.47800991309	1261.53002929688
2310.73527088589	1264.97998046875
2312.99186230416	1263.98999023438
2315.24778444403	1262.80004882813
2317.50303758149	1258.43994140625
2319.75762199235	1257.75
2322.01153795231	1256.17004394531
2324.26478573689	1258.68005371094
2326.51736562147	1259.73999023438
2328.76927788127	1260.10998535156
2331.02052279137	1259.43994140625
2333.2711006267	1255.06994628906
2335.52101166203	1259.28002929688
2337.77025617198	1259.0400390625
2340.01883443103	1256.68005371094
2342.2667467135	1259.52001953125
2344.51399329356	1260.94506835938
2346.76057444525	1262.36999511719
2349.00649044241	1257.39001464844
2351.2517415588	1257.43994140625
2353.49632806796	1251.0400390625
2355.74025024334	1249.67004394531
2357.98350835819	1252.18994140625
2360.22610268566	1252.31005859375
2362.4680334987	1252.64343261719
2364.70930107016	1252.97668457031
2366.94990567269	1253.31005859375
2369.18984757884	1251.78002929688
2371.42912706098	1253.36999511719
2373.66774439134	1250.42004394531
2375.90569984199	1249.31994628906
2378.14299368488	1243.40002441406
2380.37962619179	1243.94995117188
2382.61559763435	1248.56005859375
2384.85090828405	1251.88000488281
2387.08555841222	1254.81005859375
2389.31954829006	1253.06005859375
2391.55287818861	1251.31005859375
2393.78554837877	1251.81994628906
2396.01755913128	1255.31994628906
2398.24891071673	1251.53002929688
2400.47960340558	1254
2402.70963746814	1253.60498046875
2404.93901317456	1253.2099609375
2407.16773079485	1251.22998046875
2409.39579059887	1251.58996582031
2411.62319285633	1245.73999023438
2413.84993783681	1250.59997558594
2416.07602580971	1253.96997070313
2418.30145704432	1254.69995117188
2420.52623180977	1248.53002929688
2422.75035037503	1251.31994628906
2424.97381300893	1252.0400390625
2427.19661998017	1250.19995117188
2429.41877155729	1247.25
2431.64026800867	1247.23999023438
2433.86110960257	1248.96997070313
2436.08129660709	1249.56994628906
2438.30082929019	1249.18664550781
2440.51970791967	1248.80334472656
2442.73793276321	1248.42004394531
2444.95550408832	1251.4599609375
2447.17242216237	1248.56994628906
2449.38868725259	1249.86999511719
2451.60429962607	1246.84997558594
2453.81925954975	1246.39001464844
2456.03356729041	1246.25
2458.2472231147	1248.90002441406
2460.46022728913	1249.9599609375
2462.67258008005	1251.06005859375
2464.88428175368	1252.16003417969
2467.09533257608	1252.5400390625
2469.30573281318	1248.88000488281
2471.51548273076	1244.65002441406
2473.72458259445	1246.97998046875
2475.93303266974	1252.51000976563
2478.14083322198	1253.9599609375
2480.34798451637	1253.82995605469
2482.55448681797	1251.92004394531
2484.76034039169	1252.45666503906
2486.96554550231	1252.99340820313
2489.17010241445	1253.53002929688
2491.37401139259	1252.30004882813
2493.57727270109	1252.5
2495.77988660412	1253.51000976563
2497.98185336574	1252.5
2500.18317324987	1249.10998535156
2502.38384652028	1251.83996582031
2504.58387344058	1256.06994628906
2506.78325427425	1256.96997070313
2508.98198928465	1256.2099609375
2511.18007873495	1257.15002441406
2513.37752288821	1253.15002441406
2515.57432200735	1248.42004394531
2517.77047635514	1249.09997558594
2519.96598619419	1249.80004882813
2522.16085178699	1250.10998535156
2524.35507339589	1255.84997558594
2526.54865128308	1256.19995117188
2528.74158571062	1255.81005859375
2530.93387694042	1257.96997070313
2533.12552523427	1256.91003417969
2535.31653085379	1257.39001464844
2537.50689406046	1251.59997558594
2539.69661511566	1249.68994140625
2541.88569428057	1250.96997070313
2544.07413181627	1248.92004394531
2546.26192798368	1248.18005371094
2548.44908304359	1252.90002441406
2550.63559725664	1252.875
2552.82147088333	1252.84997558594
2555.00670418402	1249.81005859375
2557.19129741894	1250.4599609375
2559.37525084817	1251.28002929688
2561.55856473164	1251.10998535156
2563.74123932917	1250.94006347656
2565.92327490039	1250.77001953125
2568.10467170484	1249.51000976563
2570.28543000189	1249.19995117188
2572.46555005079	1252.23999023438
2574.64503211063	1247.01000976563
2576.82387644036	1251.21997070313
2579.00208329882	1254.03002929688
2581.17965294468	1252.82006835938
2583.35658563648	1251.60998535156
2585.53288163263	1251.31005859375
2587.70854119137	1254.09997558594
2589.88356457084	1253.7099609375
2592.05795202902	1253.32006835938
2594.23170382376	1252.93005371094
2596.40482021275	1252.41003417969
2598.57730145356	1251.21997070313
2600.74914780363	1249.71997070313
2602.92035952023	1247.72998046875
2605.09093686053	1249.68005371094
2607.26088008153	1251.6201171875
2609.4301894401	1253.56005859375
2611.59886519299	1252.48999023438
2613.76690759678	1247.85998535156
2615.93431690793	1253.44995117188
2618.10109338277	1258.92004394531
2620.26723727748	1262.93994140625
2622.4327488481	1259.52490234375
2624.59762835054	1256.10998535156
2626.76187604057	1252.65002441406
2628.92549217382	1253.84997558594
2631.08847700579	1266.22998046875
2633.25083079182	1275.82995605469
2635.41255378715	1275.92004394531
2637.57364624684	1273.55004882813
2639.73410842586	1271.32995605469
2641.893940579	1268.96997070313
2644.05314296094	1266.33996582031
2646.21171582621	1263.07995605469
2648.36965942921	1264.76000976563
2650.5269740242	1273.38000488281
2652.6836598653	1280.0400390625
2654.83971720651	1277.93005371094
2656.99514630167	1276.125
2659.1499474045	1274.31994628906
2661.30412076857	1275.08996582031
2663.45766664734	1273.71997070313
2665.61058529411	1272.5
2667.76287696204	1273.84997558594
2669.91454190418	1274.64001464844
2672.06558037342	1275.42993164063
2674.21599262253	1276.21997070313
2676.36577890413	1274.26000976563
2678.51493947072	1276.52001953125
2680.66347457466	1278.21997070313
2682.81138446816	1279.15002441406
2684.95866940332	1283.32995605469
2687.10532963209	1284.10998535156
2689.25136540628	1284.89001464844
2691.39677697757	1281.21997070313
2693.54156459752	1277.31994628906
2695.68572851753	1279.40002441406
2697.82926898888	1277.60998535156
2699.97218626272	1282.58996582031
2702.11448059006	1286.61999511719
2704.25615222175	1287.28002929688
2706.39720140856	1290.22998046875
2708.53762840109	1292.88000488281
2710.67743344979	1289.5
2712.81661680503	1293.18005371094
2714.95517871698	1295.03002929688
2717.09311943574	1295.7099609375
2719.23043921123	1299.93005371094
2721.36713829325	1304.26000976563
2723.50321693148	1311.08996582031
2725.63867537545	1308.41003417969
2727.77351387456	1310.56005859375
2729.90773267809	1315.82995605469
2732.04133203516	1321.84997558594
2734.17431219478	1319.39001464844
2736.30667340581	1316.93005371094
2738.438415917	1313.40002441406
2740.56953997695	1313.16003417969
2742.70004583414	1308.32995605469
2744.82993373688	1306.18994140625
2746.9592039334	1302.35998535156
2749.08785667177	1301.89001464844
2751.21589219993	1302.06994628906
2753.34331076568	1302.66003417969
2755.4701126167	1299.83996582031
2757.59629800054	1299.14001464844
2759.7218671646	1297.57995605469
2761.84682035617	1296.44995117188
2763.9711578224	1290.67004394531
2766.0948798103	1297.18005371094
2768.21798656676	1301.41003417969
2770.34047833852	1301.27001953125
2772.46235537222	1295.46997070313
2774.58361791434	1292.21997070313
2776.70426621124	1289.46997070313
2778.82430050915	1290.69995117188
2780.94372105416	1287.17004394531
2783.06252809224	1291.34997558594
2785.18072186922	1294
2787.29830263081	1291.81005859375
2789.41527062257	1294.41003417969
2791.53162608996	1286.64001464844
2793.64736927828	1288.33996582031
2795.76250043271	1291.35998535156
2797.8770197983	1290.18994140625
2799.99092761997	1292.34997558594
2802.10422414252	1294.2099609375
2804.21690961059	1300.23999023438
2806.32898426873	1306.21997070313
2808.44044836132	1307.58996582031
2810.55130213264	1314.69995117188
2812.66154582682	1313.82995605469
2814.77117968788	1316.91003417969
2816.8802039597	1315.39001464844
2818.98861888601	1320.7099609375
2821.09642471046	1328.7099609375
2823.20362167653	1333.18005371094
2825.31021002756	1340.9599609375
2827.41619000682	1353.7900390625
2829.52156185738	1361.43994140625
2831.62632582224	1365.78002929688
2833.73048214422	1372.96997070313
2835.83403106606	1385.57995605469
2837.93697283033	1404.89001464844
2840.03930767951	1421.60998535156
2842.1410358559	1435.67004394531
2844.24215760173	1450.94995117188
2846.34267315905	1475.86999511719
2848.44258276982	1509.33996582031
2850.54188667585	1541.91003417969
2852.64058511883	1578.60998535156
2854.73867834032	1619.18994140625
2856.83616658175	1646.31994628906
2858.93305008443	1671.76000976563
2861.02932908952	1706.30004882813
2863.12500383809	1758.36999511719
2865.22007457104	1819.80004882813
2867.31454152918	1877.08996582031
2869.40840495316	1915.61999511719
2871.50166508353	1952.59997558594
2873.59432216069	1997.77001953125
2875.68637642493	2038.47998046875
2877.77782811641	2074.7900390625
2879.86867747515	2081.46997070313
2881.95892474105	2083.82006835938
2884.0485701539	2091.52001953125
2886.13761395333	2096.72998046875
2888.22605637886	2112.0400390625
2890.3138976699	2124.1298828125
2892.40113806571	2147.830078125
2894.48777780544	2169.64990234375
2896.57381712808	2186.1298828125
2898.65925627254	2201.6298828125
2900.74409547758	2225.55004882813
2902.82833498183	2243.42993164063
2904.9119750238	2263.3798828125
2906.99501584188	2283.71997070313
2909.07745767432	2333.63989257813
2911.15930075925	2371.92993164063
2913.24054533469	2423.919921875
2915.3211916385	2473.4599609375
2917.40123990846	2517.1298828125
2919.48069038217	2581.23999023438
2921.55954329716	2646.64990234375
2923.63779889079	2687.1201171875
2925.71545740033	2706.98999023438
2927.79251906289	2687.35009765625
2929.86898411548	2693.31005859375
2931.94485279498	2738.23999023438
2934.02012533815	2792.5
2936.0948019816	2804.46997070313
2938.16888296184	2778.830078125
2940.24236851525	2750.2900390625
2942.31525887809	2718.40991210938
2944.38755428648	2666.26000976563
2946.45925497643	2617.77001953125
2948.53036118382	2571.080078125
2950.6008731444	2508.44995117188
2952.67079109381	2459.5400390625
2954.74011526755	2405.15991210938
2956.80884590101	2344
2958.87698322944	2300.17993164063
2960.94452748799	2267.60009765625
2963.01147891167	2241.75
2965.07783773535	2221.76000976563
2967.14360419382	2201.40991210938
2969.2087785217	2192.8798828125
2971.27336095352	2163.59008789063
2973.33735172366	2121.11010742188
2975.40075106641	2076.2099609375
2977.46355921591	2048.5400390625
2979.52577640618	2037.11999511719
2981.58740287112	2017
2983.64843884452	1985.53002929688
2985.70888456003	1942.34997558594
2987.76874025117	1901.03002929688
2989.82800615137	1866.31005859375
2991.88668249391	1836.32995605469
2993.94476951194	1812.7099609375
2996.00226743852	1797.18005371094
2998.05917650657	1757.52001953125
3000.11549694887	1713.32995605469
3002.17122899812	1681.15002441406
3004.22637288685	1647.51000976563
3006.2809288475	1621.81994628906
3008.33489711238	1599.85998535156
3010.38827791368	1575.71997070313
3012.44107148345	1557.93005371094
3014.49327805366	1535.5400390625
3016.5448978561	1517.06994628906
3018.59593112249	1508.94995117188
3020.64637808441	1497.26000976563
3022.6962389733	1489.7900390625
3024.74551402051	1474.32995605469
3026.79420345725	1454.32995605469
3028.84230751461	1444.01000976563
3030.88982642357	1445.27001953125
3032.93676041497	1443.06005859375
3034.98310971955	1437.01000976563
3037.02887456791	1445.98999023438
3039.07405519054	1454.13000488281
3041.11865181781	1453.33996582031
3043.16266467996	1451.4599609375
3045.20609400713	1456.36999511719
3047.24894002932	1471.22998046875
3049.2912029764	1482.63000488281
3051.33288307815	1485.51000976563
3053.37398056421	1485.51000976563
3055.41449566411	1487.01000976563
3057.45442860725	1501.16003417969
3059.49377962291	1522.01000976563
3061.53254894026	1541.75
3063.57073678834	1542.19995117188
3065.60834339607	1538.73999023438
3067.64536899227	1524.28002929688
3069.68181380561	1509.28002929688
3071.71767806467	1501.66003417969
3073.75296199788	1491.48999023438
3075.78766583357	1481.44995117188
3077.82178979997	1469.06994628906
3079.85533412513	1448.5400390625
3081.88829903705	1430.51000976563
3083.92068476356	1411.75
3085.95249153241	1400.68994140625
3087.98371957119	1389.96997070313
3090.01436910741	1388.03002929688
3092.04444036844	1390.56005859375
3094.07393358152	1389.86999511719
3096.10284897381	1387.56005859375
3098.13118677232	1382.75
3100.15894720395	1376.02001953125
3102.18613049548	1369.26000976563
3104.21273687357	1368.35998535156
3106.23876656477	1372.09997558594
3108.2642197955	1364.48999023438
3110.28909679208	1361.09997558594
3112.31339778069	1355.19995117188
3114.33712298741	1355.84997558594
3116.36027263819	1359.69995117188
3118.38284695887	1371.2900390625
3120.40484617516	1377.65002441406
3122.42627051268	1367.69995117188
3124.4471201969	1363.67004394531
3126.46739545319	1369.86999511719
3128.4870965068	1369.71508789063
3130.50622358287	1369.56005859375
3132.5247769064	1365.9599609375
3134.54275670229	1365.05004882813
3136.56016319534	1368.0400390625
3138.57699661019	1363.14001464844
3140.59325717139	1361.75
3142.60894510338	1360.98999023438
3144.62406063047	1361.42004394531
3146.63860397686	1361.52001953125
3148.65257536662	1367.36999511719
3150.66597502371	1371.68994140625
3152.67880317199	1373.13000488281
3154.69106003518	1371.18005371094
3156.70274583691	1375
3158.71386080065	1376.59997558594
3160.72440514981	1376.41003417969
3162.73437910763	1378.56005859375
3164.74378289728	1384.71997070313
3166.75261674179	1385.81994628906
3168.76088086407	1384.5
3170.76857548692	1388.60998535156
3172.77570083303	1390.42004394531
3174.78225712498	1392.10998535156
3176.78824458521	1394.06005859375
3178.79366343607	1393.98999023438
3180.79851389977	1393.92004394531
3182.80279619844	1393.84997558594
3184.80651055405	1394.21997070313
3186.80965718849	1394.19995117188
3188.81223632353	1396.7900390625
3190.81424818081	1399.83996582031
3192.81569298186	1403.90002441406
3194.8165709481	1401.97998046875
3196.81688230084	1403.51000976563
3198.81662726126	1408.89001464844
3200.81580605044	1417.18994140625
3202.81441888933	1415.03002929688
3204.81246599879	1410.71997070313
3206.80994759954	1416.18994140625
3208.80686391219	1416.93994140625
3210.80321515726	1422.01000976563
3212.79900155512	1431.06994628906
3214.79422332605	1434.93994140625
3216.78888069021	1428.67004394531
3218.78297386765	1430.65002441406
3220.77650307828	1432.03002929688
3222.76946854195	1436.16003417969
3224.76187047834	1432.72998046875
3226.75370910705	1437.51000976563
3228.74498464755	1444.4599609375
3230.73569731921	1447.97998046875
3232.72584734127	1449.02001953125
3234.71543493287	1450.03002929688
3236.70446031304	1443.85998535156
3238.69292370068	1448.72998046875
3240.68082531459	1457.0400390625
3242.66816537345	1458.05004882813
3244.65494409583	1457.86999511719
3246.6411617002	1460.16003417969
3248.62681840488	1461.22998046875
3250.61191442812	1462.30004882813
3252.59644998804	1459.89001464844
3254.58042530263	1457.18994140625
3256.56384058979	1460.43994140625
3258.54669606731	1467.88000488281
3260.52899195285	1472.67004394531
3262.51072846396	1472.89001464844
3264.4919058181	1465.56005859375
3266.47252423259	1477.09997558594
3268.45258392464	1488.71997070313
3270.43208511138	1495.72998046875
3272.41102800978	1502.72998046875
3274.38941283675	1503.84997558594
3276.36723980904	1508.18994140625
3278.34450914332	1512.56994628906
3280.32122105613	1517.59997558594
3282.29737576392	1523.97998046875
3284.272973483	1523.93994140625
3286.24801442958	1519.64001464844
3288.22249881978	1517.73999023438
3290.19642686957	1518.71997070313
3292.16979879485	1524.81005859375
3294.14261481136	1529.18994140625
3296.11487513478	1527.5966796875
3298.08657998065	1526.00329589844
3300.0577295644	1524.41003417969
3302.02832410136	1524.16003417969
3303.99836380673	1523.77001953125
3305.96784889563	1523.03002929688
3307.93677958303	1526.43994140625
3309.90515608383	1524.84997558594
3311.87297861278	1518.57995605469
3313.84024738456	1514.08996582031
3315.80696261371	1519.51000976563
3317.77312451466	1516.4599609375
3319.73873330175	1511.59997558594
3321.70378918919	1505.06994628906
3323.66829239109	1497.69995117188
3325.63224312145	1491.72998046875
3327.59564159416	1485.23999023438
3329.55848802299	1490.97998046875
3331.52078262162	1498.52001953125
3333.4825256036	1498.73999023438
3335.44371718237	1491.09997558594
3337.40435757128	1483.21997070313
3339.36444698356	1474.85998535156
3341.32398563232	1475.36999511719
3343.28297373058	1475.75671386719
3345.24141149124	1476.14331054688
3347.19929912709	1476.53002929688
3349.15663685081	1472.16003417969
3351.11342487497	1476.64001464844
3353.06966341204	1475.1650390625
3355.02535267437	1473.68994140625
3356.98049287421	1465.64001464844
3358.9350842237	1466.35998535156
3360.88912693486	1456.38000488281
3362.84262121962	1453.31005859375
3364.79556728978	1453.38000488281
3366.74796535705	1461.42004394531
3368.69981563302	1466.16003417969
3370.65111832917	1466.61999511719
3372.60187365689	1464.26000976563
3374.55208182744	1462.43994140625
3376.50174305198	1451.53002929688
3378.45085754157	1441.85998535156
3380.39942550714	1444.18005371094
3382.34744715954	1437.27001953125
3384.29492270949	1436.7099609375
3386.24185236761	1441.59997558594
3388.18823634442	1432.93005371094
3390.13407485031	1427.06005859375
3392.07936809559	1425.82995605469
3394.02411629045	1427.47998046875
3395.96831964496	1430.7900390625
3397.91197836911	1434.09997558594
3399.85509267275	1432.10998535156
3401.79766276564	1424.84997558594
3403.73968885745	1418.57995605469
3405.68117115771	1412.53002929688
3407.62210987586	1401.96997070313
3409.56250522123	1397.36999511719
3411.50235740305	1393.5
3413.44166663043	1395.39001464844
3415.38043311238	1402.46997070313
3417.3186570578	1403.9599609375
3419.2563386755	1401.55004882813
3421.19347817415	1400.09997558594
3423.13007576235	1403.35998535156
3425.06613164857	1401.15502929688
3427.00164604118	1398.94995117188
3428.93661914844	1396.92004394531
3430.87105117852	1397.88000488281
3432.80494233945	1399.85998535156
3434.73829283919	1392.7099609375
3436.67110288558	1382.86999511719
3438.60337268634	1383.86999511719
3440.53510244911	1384.19995117188
3442.4662923814	1384.05004882813
3444.39694269064	1379.56994628906
3446.32705358412	1372.83996582031
3448.25662526905	1370.06994628906
3450.18565795254	1370.05004882813
3452.11415184156	1370.56994628906
3454.04210714302	1369.51000976563
3455.96952406369	1364.28002929688
3457.89640281024	1366.0400390625
3459.82274358924	1369.56005859375
3461.74854660717	1365
3463.67381207038	1357.55004882813
3465.59854018513	1347.48999023438
3467.52273115756	1338.4599609375
3469.44638519373	1336.78002929688
3471.36950249956	1336.76000976563
3473.29208328091	1335.46997070313
3475.21412774349	1331.5
3477.13563609293	1332.4599609375
3479.05660853476	1332
3480.97704527438	1328.75
3482.89694651712	1327.4599609375
3484.81631246818	1323.67004394531
3486.73514333266	1319.81994628906
3488.65343931557	1315.0400390625
3490.57120062179	1307.53002929688
3492.48842745612	1294.05004882813
3494.40512002324	1288.98999023438
3496.32127852773	1294.38000488281
3498.23690317408	1301.65002441406
3500.15199416666	1297.28002929688
3502.06655170974	1290.2900390625
3503.98057600749	1283.58996582031
3505.89406726396	1278.69995117188
3507.80702568312	1274.5400390625
3509.71945146883	1278.22998046875
3511.63134482483	1280.23999023438
3513.54270595478	1272.82995605469
3515.45353506222	1271.73999023438
3517.3638323506	1268.32995605469
3519.27359802324	1258.43994140625
3521.1828322834	1261.25
3523.09153533419	1260.23999023438
3524.99970737866	1254.56994628906
3526.90734861972	1260.23999023438
3528.81445926021	1255.57995605469
3530.72103950283	1251.30004882813
3532.62708955022	1245.65002441406
3534.53260960488	1243.98999023438
3536.43759986923	1235.02001953125
3538.34206054558	1229.92004394531
3540.24599183613	1222.91003417969
3542.149393943	1217.7900390625
3544.05226706817	1218.93994140625
3545.95461141357	1219.57995605469
3547.85642718097	1215.35998535156
3549.75771457208	1215.5
3551.6584737885	1214.63000488281
3553.55870503171	1211.38000488281
3555.4584085031	1207.98999023438
3557.35758440396	1205.53002929688
3559.25623293548	1205.02001953125
3561.15435429874	1199.90002441406
3563.05194869473	1196.18005371094
3564.94901632432	1190.61999511719
3566.84555738829	1193.77001953125
3568.74157208732	1195.43005371094
3570.63706062199	1191.97998046875
3572.53202319277	1194.06994628906
3574.42646000003	1191.83996582031
3576.32037124406	1186.5
3578.213757125	1187.06994628906
3580.10661784295	1185.56994628906
3581.99895359786	1187.98999023438
3583.8907645896	1182.30004882813
3585.78205101794	1182.38500976563
3587.67281308254	1182.46997070313
3589.56305098297	1182.5400390625
3591.4527649187	1182.38000488281
3593.34195508907	1178.63000488281
3595.23062169338	1177
3597.11876493075	1174.57995605469
3599.00638500027	1172.19995117188
3600.89348210089	1171.5400390625
3602.78005643148	1174.67004394531
3604.66610819078	1176.01000976563
3606.55163757747	1174.90002441406
3608.4366447901	1166.56994628906
3610.32113002713	1162.42004394531
3612.20509348693	1160.85998535156
3614.08853536774	1157.72998046875
3615.97145586773	1150.7900390625
3617.85385518497	1152.0400390625
3619.7357335174	1152.0400390625
3621.61709106289	1146.63000488281
3623.4979280192	1142.5400390625
3625.37824458399	1141.51000976563
3627.25804095482	1141.81005859375
3629.13731732915	1139.77001953125
3631.01607390435	1139.08996582031
3632.89431087767	1139.32995605469
3634.77202844629	1139.48999023438
3636.64922680726	1139.5
3638.52590615754	1134.44995117188
3640.40206669402	1136.7099609375
3642.27770861344	1136.44995117188
3644.15283211248	1136.7900390625
3646.02743738771	1139.31994628906
3647.90152463559	1134.76000976563
3649.77509405251	1132.07995605469
3651.64814583473	1126.21997070313
3653.52068017842	1128.43005371094
3655.39269727965	1126.22998046875
3657.26419733442	1119.73999023438
3659.13518053858	1116.69995117188
3661.00564708793	1119.51000976563
3662.87559717814	1120.16003417969
3664.7450310048	1119.33996582031
3666.61394876338	1111.75
3668.48235064928	1109.16003417969
3670.35023685779	1111.98999023438
3672.21760758409	1110.81005859375
3674.08446302327	1107.18994140625
3675.95080337033	1107.09997558594
3677.81662882017	1107.93994140625
3679.68193956758	1106.02001953125
3681.54673580727	1106.08996582031
3683.41101773383	1102.22998046875
3685.27478554178	1102.13000488281
3687.13803942551	1102.44995117188
3689.00077957934	1101.82995605469
3690.86300619748	1099.9599609375
3692.72471947405	1097.92004394531
3694.58591960306	1094.11999511719
3696.44660677844	1092.59997558594
3698.306781194	1093.09997558594
3700.16644304348	1093.98999023438
3702.02559252049	1096.42004394531
3703.88422981859	1096.91003417969
3705.74235513119	1095.85998535156
3707.59996865164	1096.92004394531
3709.45707057318	1095.30004882813
3711.31366108895	1091.44995117188
3713.16974039199	1083.7099609375
3715.02530867527	1080.67004394531
3716.88036613164	1077.07995605469
3718.73491295385	1072.91003417969
3720.58894933456	1070.56005859375
3722.44247546634	1071.53002929688
3724.29549154166	1074.01000976563
3726.14799775289	1075.75500488281
3727.9999942923	1077.5
3729.85148135209	1077.15002441406
3731.70245912432	1073.35998535156
3733.55292780098	1074.56994628906
3735.40288757397	1071.85998535156
3737.25233863509	1068.58996582031
3739.10128117603	1068.77001953125
3740.9497153884	1069.05004882813
3742.7976414637	1066.96997070313
3744.64505959335	1069.97998046875
3746.49196996866	1072.17504882813
3748.33837278086	1074.36999511719
3750.18426822108	1070.57995605469
3752.02965648033	1072.68005371094
3753.87453774956	1073.92004394531
3755.7189122196	1070.68005371094
3757.5627800812	1066.2099609375
3759.40614152501	1065.40002441406
3761.24899674159	1062.7900390625
3763.09134592138	1062.68005371094
3764.93318925476	1069.06994628906
3766.77452693199	1070.76000976563
3768.61535914325	1069.96997070313
3770.45568607861	1069.83996582031
3772.29550792807	1065.36999511719
3774.1348248815	1062.30004882813
3775.9736371287	1061.47998046875
3777.81194485938	1062
