32.6816976106991	716.224975585938
35.6535599501435	716.489990234375
38.6244374909659	716.304992675781
41.5943306947054	716.14501953125
44.5632400226282	716.369995117188
47.5311659356917	716.039978027344
50.4981088945929	716.27001953125
53.4640693597127	716.284973144531
56.4290477911676	716.219970703125
59.3930446487746	716.275024414063
62.356060392067	716.219970703125
65.3180954802906	716.309997558594
68.2791503724084	716.434997558594
71.2392255270922	716.309997558594
74.1983214027271	716.349975585938
77.1564384574159	716.390014648438
80.113577148983	716.299987792969
83.0697379349549	716.299987792969
86.0249212725722	716.344970703125
88.9791276188058	716.265014648438
91.9323574303255	716.390014648438
94.8846111635238	716.349975585938
97.8358892745121	716.570007324219
100.786192219114	716.559997558594
103.73552045287	716.825012207031
106.683874431037	716.609985351563
109.631254608583	716.934997558594
112.577661440203	717.109985351563
115.523095380307	717.60498046875
118.467556883015	718.244995117188
121.411046402175	719.195007324219
124.353564391344	720.919982910156
127.295111303796	724.445007324219
130.235687592532	730.590026855469
133.175293710265	740.835021972656
136.113930109434	757.140014648438
139.051597242185	781.590026855469
141.98829556039	812.159973144531
144.92402551564	847.734985351563
147.858787559244	888.22998046875
150.792582142239	924.244995117188
153.725409715372	955.390014648438
156.65727072911	977.934997558594
159.588165633643	996.275024414063
162.518094878884	1006.29998779297
165.447058914469	1013.51000976563
168.375058189747	1017.30999755859
171.302093153792	1015.84497070313
174.228164255401	1013.20501708984
177.153271943091	1012.94000244141
180.077416665101	1013.18499755859
183.000598869394	1014.84002685547
185.922819003656	1017.51000976563
188.84407751529	1016.84002685547
191.764374851424	1018.875
194.683711458919	1022.69000244141
197.60208778434	1025.98498535156
200.519504273992	1033.73498535156
203.435961373894	1043.86999511719
206.351459529801	1057.18994140625
209.265999187174	1072.02001953125
212.179580791207	1088.41003417969
215.092204786825	1107.3349609375
218.003871618673	1126.04504394531
220.914581731116	1141.18005371094
223.824335568247	1157.23498535156
226.733133573893	1164.86499023438
229.640976191593	1177.05004882813
232.547863864614	1188.09997558594
235.453797035961	1197.81494140625
238.358776148354	1199.36499023438
241.26280164424	1191.10998535156
244.1658739658	1191.75500488281
247.067993554929	1194.03503417969
249.969160853266	1194.34497070313
252.869376302162	1189.43505859375
255.768640342707	1190.30505371094
258.666953415705	1184.84497070313
261.564315961705	1180.38000488281
264.46072842097	1178.8349609375
267.356191233499	1178.56994628906
270.25070483901	1178.99499511719
273.144269676967	1173.40502929688
276.036886186551	1170.53503417969
278.928554806671	1168.84997558594
281.819275975966	1165.8349609375
284.709050132812	1163.90502929688
287.597877715306	1159.23498535156
290.485759161281	1155.18994140625
293.372694908298	1157.75
296.258685393644	1161.17504882813
299.143731054352	1155.80004882813
302.027832327156	1153.9599609375
304.910989648557	1152.56494140625
307.79320345476	1153.32995605469
310.674474181717	1153.88500976563
313.554802265101	1156.40002441406
316.434188140326	1156.03503417969
319.312632242533	1152.5
322.190135006593	1151.00500488281
325.066696867117	1147.35998535156
327.942318258443	1144.03503417969
330.816999614641	1145.0849609375
333.690741369517	1140.72998046875
336.56354395661	1138.49499511719
339.435407809193	1139.24499511719
342.306333360273	1140.26000976563
345.176321042591	1137.65002441406
348.045371288612	1130.46997070313
350.913484530551	1126.67004394531
353.78066120035	1126.46997070313
356.64690172969	1128.47497558594
359.512206549972	1126.0400390625
362.376576092357	1126.32495117188
365.240010787716	1123.01000976563
368.102511066677	1122.40502929688
370.964077359587	1122.11499023438
373.82471009654	1117.10498046875
376.684409707364	1115.88500976563
379.543176621612	1117.6650390625
382.401011268595	1115.10498046875
385.257914077343	1114.69995117188
388.113885476627	1117.39501953125
390.968925894961	1118.47998046875
393.823035760591	1124.47998046875
396.676215501503	1129.69494628906
399.528465545415	1131.19494628906
402.379786319791	1138.64001464844
405.230178251834	1147.56494140625
408.079641768472	1153.01501464844
410.928177296387	1149.09997558594
413.775785261992	1144.56494140625
416.622466091445	1150.18505859375
419.468220210631	1156.44995117188
422.313048045182	1159.05004882813
425.156950020479	1162.375
427.999926561623	1158.98999023438
430.841978093471	1156.69995117188
433.683105040613	1154.72998046875
436.523307827384	1151.82495117188
439.362586877851	1146.02502441406
442.200942615829	1146.98999023438
445.038375464876	1146.36499023438
447.874885848283	1142.53503417969
450.710474189089	1144.23999023438
453.54514091007	1144.15502929688
456.37888643375	1139.69995117188
459.211711182386	1135.11499023438
462.043615577986	1134.85498046875
464.874600042297	1130.82995605469
467.704664996804	1127.27502441406
470.533810862741	1126.93994140625
473.36203806108	1126.89501953125
476.189347012547	1125.18005371094
479.015738137594	1123.91003417969
481.841211856432	1121.05505371094
484.665768589008	1124.625
487.489408755009	1130.60998535156
490.312132773878	1138.15502929688
493.133941064796	1142.97497558594
495.954834046683	1138.85998535156
498.77481213821	1134.0849609375
501.593875757797	1130.06005859375
504.412025323601	1128.22497558594
507.229261253524	1126.38500976563
510.045583965226	1123.0849609375
512.860993876093	1119.88500976563
515.675491403271	1110.7099609375
518.489076963649	1105.6650390625
521.301750973863	1104.15502929688
524.113513850293	1098.94995117188
526.924366009065	1093.11999511719
529.734307866052	1085.85998535156
532.543339836881	1083.31494140625
535.35146233692	1080.55004882813
538.158675781281	1076.27502441406
540.964980584833	1072.38500976563
543.770377162182	1071.49499511719
546.574865927692	1072.78503417969
549.378447295465	1070.36499023438
552.181121679365	1065.17504882813
554.982889492993	1059.9599609375
557.783751149701	1056.53503417969
560.583707062591	1054.01501464844
563.38275764452	1051.44995117188
566.180903308083	1048.40002441406
568.978144465633	1046.85498046875
571.774481529266	1047.06994628906
574.569914910839	1047.65002441406
577.364445021949	1045.77502441406
580.158072273946	1045.01501464844
582.950797077926	1039.19494628906
585.742619844752	1034.125
588.533540985018	1032.14501953125
591.323560909078	1030.88000488281
594.112680027034	1033.64001464844
596.90089874875	1032.85998535156
599.688217483828	1032.18505859375
602.474636641629	1032.78503417969
605.260156631263	1030.9599609375
608.044777861596	1029.83996582031
610.828500741241	1029.5849609375
613.611325678567	1031.38000488281
616.393253081697	1035.93005371094
619.174283358506	1035.35498046875
621.954416916616	1035.58996582031
624.733654163414	1037.30505371094
627.511995506029	1034.86499023438
630.289441351351	1028.85998535156
633.065992106022	1024.36499023438
635.841648176434	1022.57000732422
638.616409968744	1025.89001464844
641.390277888847	1029.51501464844
644.163252342408	1032.46496582031
646.93533373484	1034.65502929688
649.706522471307	1037.56005859375
652.47681895674	1035.83996582031
655.246223595811	1034.42004394531
658.014736792957	1030.80004882813
660.782358952371	1032.06994628906
663.549090477999	1033.61999511719
666.314931773542	1032.52502441406
669.079883242452	1031.43005371094
671.843945287955	1031.55004882813
674.607118313019	1030.64501953125
677.369402720366	1033.93505859375
680.130798912488	1034.46997070313
682.891307291627	1032.67504882813
685.650928259784	1032.02502441406
688.409662218708	1033.31994628906
691.167509569927	1031.30505371094
693.924470714705	1034.69494628906
696.680546054078	1035.42504882813
699.435735988832	1035.60498046875
702.190040919516	1034.38000488281
704.943461246442	1036.63500976563
707.695997369667	1035.98999023438
710.447649689022	1037.84997558594
713.198418604088	1039.14501953125
715.948304514206	1040.2900390625
718.697307818481	1038.0849609375
721.445428915779	1037.97497558594
724.192668204716	1042.51000976563
726.93902608368	1042.64001464844
729.684502950805	1041.43994140625
732.429099204005	1039.53503417969
735.172815240936	1037.52001953125
737.915651459026	1039.51501464844
740.657608255463	1040.52001953125
743.398686027186	1047.09497070313
746.13888517091	1050.79504394531
748.878206083102	1052.44995117188
751.616649159998	1054.01000976563
754.354214797584	1058.40002441406
757.09090339162	1065.04504394531
759.826715337622	1065.38000488281
762.561651030868	1062.07995605469
765.295710866406	1055.71997070313
768.028895239041	1049.19995117188
770.761204543336	1046.86999511719
773.492639173626	1046.56005859375
776.223199524006	1038.77502441406
778.952885988334	1035.04504394531
781.681698960235	1032.78002929688
784.40963883309	1029.35498046875
787.136706000052	1030.92504882813
789.862900854037	1032.09497070313
792.588223787721	1032.83996582031
795.312675193549	1032.7099609375
798.036255463728	1033.53002929688
800.758964990228	1035.71496582031
803.480804164792	1038.48498535156
806.201773378919	1040.13000488281
808.921873023884	1046.5400390625
811.641103490712	1049.98498535156
814.359465170214	1053.60498046875
817.076958452946	1062.57995605469
819.793583729246	1070.35998535156
822.509341389214	1077.94494628906
825.224231822712	1084.36499023438
827.938255419375	1092.23999023438
830.651412568596	1102.38500976563
833.363703659544	1107.73498535156
836.075129081157	1108.625
838.785689222127	1110.26501464844
841.495384470928	1110.39501953125
844.204215215788	1111.48999023438
846.912181844721	1117.10498046875
849.619284745491	1124.59997558594
852.325524305638	1133.15502929688
855.030900912475	1133.93505859375
857.735414953079	1132.9150390625
860.439066814289	1127.3349609375
863.141856882725	1121.08996582031
865.843785544769	1117.10998535156
868.544853186571	1112.15002441406
871.245060194063	1108.53503417969
873.944406952925	1111.31994628906
876.642893848625	1114.13500976563
879.340521266398	1116.5849609375
882.037289591241	1115.48999023438
884.733199207927	1117.75
887.428250501001	1121.53002929688
890.122443854778	1121.11999511719
892.815779653335	1122.26501464844
895.508258280534	1121.98999023438
898.199880119997	1125.02001953125
900.890645555129	1126.91003417969
903.580554969094	1128.80004882813
906.269608744832	1122.64501953125
908.957807265056	1121.23498535156
911.645150912257	1118.54504394531
914.331640068689	1116.2900390625
917.017275116375	1116.38500976563
919.702056437128	1120.89001464844
922.385984412518	1127.39501953125
925.069059423886	1131.21997070313
927.751281852366	1136.03002929688
930.432652078842	1146.06994628906
933.113170483983	1154.47497558594
935.79283744823	1157.68994140625
938.471653351806	1155.7099609375
941.149618574686	1155.42004394531
943.826733496641	1163.44494628906
946.502998497206	1165.64001464844
949.178413955689	1164.18505859375
951.85298025118	1166.02502441406
954.526697762544	1162.0849609375
957.199566868403	1158.35498046875
959.87158794718	1159.92504882813
962.542761377054	1160.53503417969
965.213087535987	1157.06494140625
967.882566801719	1155.73999023438
970.551199551761	1156.27502441406
973.218986163399	1151.25500488281
975.885927013698	1146.7900390625
978.552022479501	1148.69494628906
981.217272937423	1150.32495117188
983.88167876386	1152.38500976563
986.545240334978	1155.05505371094
989.207958026729	1162.95495605469
991.869832214835	1172.77502441406
994.530863274798	1193.71496582031
997.191051581895	1225.68994140625
999.850397511185	1265.25
1002.50890143751	1308.25
1005.16656373546	1328.53503417969
1007.82338477944	1326.06494140625
1010.47936494363	1310.34997558594
1013.13450460195	1284.49499511719
1015.78880412815	1243.22497558594
1018.44226389572	1203.7099609375
1021.09488427794	1181.78503417969
1023.74666564789	1171.34497070313
1026.3976083784	1169.43505859375
1029.04771284208	1170.82495117188
1031.69697941135	1178.33996582031
1034.34540845838	1184.42004394531
1036.99300035512	1187.10498046875
1039.63975547333	1182.34497070313
1042.28567418452	1178.85998535156
1044.93075685998	1176.97497558594
1047.57500387081	1174.22497558594
1050.21841558786	1178.45495605469
1052.86099238177	1178.21496582031
1055.50273462297	1180.50500488281
1058.14364268167	1184.79504394531
1060.78371692784	1189.31005859375
1063.42295773126	1193.85998535156
1066.06136546148	1198.60998535156
1068.69894048781	1201.375
1071.33568317939	1202.93005371094
1073.9715939051	1200.84497070313
1076.60667303362	1197.80004882813
1079.24092093341	1188.96496582031
1081.87433797271	1187.41003417969
1084.50692451954	1185.31494140625
1087.13868094172	1184.31005859375
1089.76960760684	1181.42504882813
1092.39970488226	1182.56994628906
1095.02897313516	1179.52001953125
1097.65741273246	1174.25500488281
1100.28502404089	1168.58996582031
1102.91180742697	1164.10498046875
1105.53776325698	1158.0400390625
1108.16289189701	1159.67504882813
1110.78719371291	1161.6650390625
1113.41066907033	1160.28503417969
1116.0333183347	1159.14501953125
1118.65514187124	1159.70495605469
1121.27614004495	1160.98999023438
1123.89631322061	1165.50500488281
1126.51566176279	1170.64001464844
1129.13418603585	1171.01000976563
1131.75188640394	1164.82995605469
1134.36876323098	1156.20495605469
1136.98481688069	1142.05004882813
1139.60004771655	1125.96496582031
1142.21445610187	1114.23999023438
1144.82804239972	1104.73999023438
1147.44080697295	1105.04504394531
1150.05275018421	1112.38500976563
1152.66387239593	1118.56005859375
1155.27417397034	1121.29504394531
1157.88365526943	1126.49499511719
1160.49231665502	1129.78002929688
1163.10015848867	1131.4150390625
1165.70718113176	1130.22998046875
1168.31338494544	1127.68994140625
1170.91877029067	1124.25
1173.52333752817	1118.22497558594
1176.12708701847	1116.7900390625
1178.73001912187	1115.28002929688
1181.33213419848	1114.96997070313
1183.93343260819	1113.4599609375
1186.53391471068	1110.01501464844
1189.13358086539	1104.7099609375
1191.73243143161	1103.81494140625
1194.33046676836	1106.23999023438
1196.92768723449	1108.91003417969
1199.52409318861	1117.67504882813
1202.11968498915	1128.18505859375
1204.7144629943	1136.29504394531
1207.30842756206	1144.9150390625
1209.90157905021	1149.625
1212.49391781634	1152.97497558594
1215.08544421779	1155.56494140625
1217.67615861174	1151.16003417969
1220.26606135512	1147.70495605469
1222.85515280468	1145.93505859375
1225.44343331694	1147.61999511719
1228.03090324823	1156.9150390625
1230.61756295466	1166.41003417969
1233.20341279213	1174.65502929688
1235.78845311634	1184.09997558594
1238.37268428278	1195.82995605469
1240.95610664673	1204.53503417969
1243.53872056325	1209.07495117188
1246.12052638722	1208.96496582031
1248.70152447329	1210.11499023438
1251.28171517591	1213.17504882813
1253.86109884934	1212.13500976563
1256.43967584759	1212
1259.0174465245	1218.25500488281
1261.5944112337	1223.18005371094
1264.1705703286	1224.71496582031
1266.74592416241	1229.40002441406
1269.32047308814	1228.02001953125
1271.89421745858	1218.79504394531
1274.46715762633	1214.96496582031
1277.03929394377	1216.10498046875
1279.61062676308	1219.32995605469
1282.18115643624	1212.28503417969
1284.75088331502	1204.41003417969
1287.31980775098	1201.99499511719
1289.88793009548	1207.67504882813
1292.45525069969	1207.69494628906
1295.02176991454	1201.68005371094
1297.58748809078	1198.47998046875
1300.15240557897	1201.4150390625
1302.71652272942	1208.34497070313
1305.27983989229	1211.56005859375
1307.84235741749	1216.78002929688
1310.40407565475	1227.55004882813
1312.9649949536	1235.85998535156
1315.52511566335	1239.15002441406
1318.08443813311	1237.63500976563
1320.64296271181	1237.31494140625
1323.20068974815	1239.14001464844
1325.75761959063	1236.59997558594
1328.31375258756	1236.30505371094
1330.86908908704	1238.13000488281
1333.42362943696	1238.65502929688
1335.97737398503	1236.81994628906
1338.53032307874	1237.73999023438
1341.08247706537	1243.9599609375
1343.63383629202	1243.5
1346.18440110558	1238.97497558594
1348.73417185274	1228.05004882813
1351.28314887997	1211.92504882813
1353.83133253357	1194.78503417969
1356.37872315961	1182.81005859375
1358.92532110398	1171.96997070313
1361.47112671237	1165.7900390625
1364.01614033024	1154.48999023438
1366.56036230288	1144.23999023438
1369.10379297537	1137.60498046875
1371.64643269258	1132.19995117188
1374.18828179921	1124.02001953125
1376.72934063972	1117.7900390625
1379.2696095584	1112.23498535156
1381.80908889932	1113.10998535156
1384.34777900637	1111.21496582031
1386.88568022323	1113.38500976563
1389.42279289337	1114.66003417969
1391.95911736009	1120.43994140625
1394.49465396645	1122.84497070313
1397.02940305537	1124.35498046875
1399.5633649695	1125.98498535156
1402.09654005135	1122.5
1404.6289286432	1120.46496582031
1407.16053108714	1122.78503417969
1409.69134772507	1127.4150390625
1412.22137889868	1135.73498535156
1414.75062494947	1139.73498535156
1417.27908621874	1133.43005371094
1419.80676304759	1132.66003417969
1422.33365577692	1136.98999023438
1424.85976474744	1140.48999023438
1427.38509029967	1145.94494628906
1429.90963277392	1153.5400390625
1432.4333925103	1165.375
1434.95636984873	1180.96997070313
1437.47856512894	1200.91003417969
1439.99997869045	1226.44494628906
1442.5206108726	1245.78002929688
1445.04046201452	1266.73999023438
1447.55953245515	1290.34497070313
1450.07782253323	1304.79504394531
1452.59533258731	1296.51171875
1455.11206295574	1288.22827148438
1457.62801397668	1279.94494628906
1460.14318598809	1268.55505371094
1462.65757932774	1254.24499511719
1465.1711943332	1237.45495605469
1467.68403134184	1215.7900390625
1470.19609069085	1188.89501953125
1472.70737271721	1157.46997070313
1475.21787775772	1132.22998046875
1477.72760614897	1110.07495117188
1480.23655822738	1084.74499511719
1482.74473432914	1062.59997558594
1485.25213479029	1044.83996582031
1487.75875994664	1033.43994140625
1490.26461013382	1023.625
1492.76968568726	1018.22497558594
1495.27398694222	1012.01000976563
1497.77751423374	1006.47998046875
1500.28026789667	1008.21502685547
1502.78224826569	1010.38500976563
1505.28345567526	1011.40002441406
1507.78389045967	1013.57000732422
1510.28355295299	1012.34497070313
1512.78244348913	1013.40002441406
1515.28056240178	1013.38000488281
1517.77791002445	1011.53002929688
1520.27448669047	1013.00500488281
1522.77029273296	1014.79998779297
1525.26532848486	1009.83001708984
1527.75959427889	1010.11999511719
1530.25309044764	1009.84332275391
1532.74581732344	1009.56665039063
1535.23777523847	1009.28997802734
1537.72896452471	1009.36499023438
1540.21938551394	1011.41998291016
1542.70903853778	1015.35998535156
1545.19792392761	1022.34997558594
1547.68604201466	1025.64501953125
1550.17339312997	1028.91003417969
1552.65997760434	1032.44995117188
1555.14579576845	1033.55004882813
1557.63084795275	1035.80505371094
1560.11513448749	1036.97998046875
1562.59865570276	1037.28503417969
1565.08141192845	1034.96997070313
1567.56340349426	1031.09997558594
1570.04463072969	1026.44494628906
1572.52509396406	1027.94995117188
1575.00479352652	1026.10498046875
1577.48372974599	1029.18005371094
1579.96190295124	1034.32995605469
1582.43931347083	1037.60498046875
1584.91596163314	1042.31994628906
1587.39184776636	1047.48498535156
1589.86697219849	1051.72497558594
1592.34133525734	1053.64501953125
1594.81493727054	1056.26501464844
1597.28777856553	1060.44995117188
1599.75985946955	1067.18994140625
1602.23118030968	1077.45495605469
1604.70174141278	1092.94494628906
1607.17154310555	1101.42004394531
1609.64058571449	1104.2099609375
1612.10886956591	1102.78002929688
1614.57639498595	1098.78002929688
1617.04316230054	1098.94494628906
1619.50917183543	1097.68994140625
1621.97442391621	1093.50500488281
1624.43891886825	1085.93005371094
1626.90265701674	1078.70495605469
1629.36563868671	1077.10498046875
1631.82786420296	1079.00500488281
1634.28933389016	1083.64001464844
1636.75004807274	1091.10498046875
1639.21000707498	1102.14001464844
1641.66921122097	1112.5400390625
1644.12766083459	1122.39001464844
1646.58535623956	1133.19995117188
1649.04229775941	1148.13500976563
1651.4984857175	1160.78503417969
1653.95392043697	1175.54504394531
1656.40860224079	1192.57995605469
1658.86253145177	1203.97497558594
1661.3157083925	1207.07995605469
1663.76813338542	1205.95495605469
1666.21980675275	1206.98498535156
1668.67072881656	1210.69995117188
1671.1208998987	1206.43994140625
1673.57032032089	1191.81005859375
1676.0189904046	1175.39501953125
1678.46691047118	1157.39001464844
1680.91408084174	1141.23498535156
1683.36050183726	1127.30505371094
1685.8061737785	1109.02001953125
1688.25109698605	1089.2900390625
1690.69527178032	1072.57995605469
1693.13869848153	1055.22497558594
1695.58137740972	1041.97497558594
1698.02330888476	1029.46496582031
1700.46449322631	1016.49499511719
1702.90493075388	1003.00500488281
1705.34462178678	992.690002441406
1707.78356664414	983.195007324219
1710.22176564492	974.890014648438
1712.65921910787	968.780029296875
1715.0959273516	963.135009765625
1717.53189069449	961.094970703125
1719.9671094548	958.974975585938
1722.40158395054	957.335021972656
1724.8353144996	955.390014648438
1727.26830141965	955.335021972656
1729.70054502819	955.015014648438
1732.13204564255	953.52001953125
1734.56280357987	951.025024414063
1736.99281915711	949.934997558594
1739.42209269106	949.174987792969
1741.85062449831	950.424987792969
1744.27841489529	951.72998046875
1746.70546419823	949.510009765625
1749.13177272321	947.784973144531
1751.5573407861	946.909973144531
1753.98216870262	945.539978027344
1756.40625678828	947.77001953125
1758.82960535844	948.929992675781
1761.25221472825	948.369995117188
1763.67408521271	946.190002441406
1766.09521712663	947.059997558594
1768.51561078464	945.174987792969
1770.93526650119	945.794982910156
1773.35418459056	946.950012207031
1775.77236536684	948.344970703125
1778.18980914396	948.275024414063
1780.60651623565	947.400024414063
1783.02248695548	946.794982910156
1785.43772161684	945.299987792969
1787.85222053292	945.299987792969
1790.26598401677	945.299987792969
1792.67901238123	944.784973144531
1795.09130593899	945.140014648438
1797.50286500254	944.460021972656
1799.9136898842	944.22998046875
1802.32378089613	942.684997558594
1804.73313835028	943.049987792969
1807.14176255846	944.47998046875
1809.54965383228	943.494995117188
1811.95681248317	943.184997558594
1814.36323882242	943.450012207031
1816.76893316109	944.369995117188
1819.17389581011	945.880004882813
1821.57812708021	944.635009765625
1823.98162728196	940.844970703125
1826.38439672573	940.400024414063
1828.78643572174	942.755004882813
1831.18774458003	942.97998046875
1833.58832361045	945.344970703125
1835.98817312269	944.900024414063
1838.38729342625	941.424987792969
1840.78568483048	940.905029296875
1843.18334764454	940.900024414063
1845.58028217741	942.609985351563
1847.9764887379	942.224975585938
1850.37196763465	942.150024414063
1852.76671917613	942.140014648438
1855.16074367062	942.760009765625
1857.55404142624	942.8525390625
1859.94661275094	942.945007324219
1862.33845795247	941.724975585938
1864.72957733844	941.815002441406
1867.11997121627	942.010009765625
1869.5096398932	940.630004882813
1871.89858367631	941.825012207031
1874.28680287251	943.015014648438
1876.67429778851	941.599975585938
1879.06106873089	942.505004882813
1881.44711600601	942.304992675781
1883.8324399201	941.880004882813
1886.21704077919	942.034973144531
1888.60091888915	943.369995117188
1890.98407455567	943.650024414063
1893.36650808428	940.690002441406
1895.74821978033	940.594970703125
1898.12920994899	943.065002441406
1900.50947889527	942.359985351563
1902.88902692401	943.530029296875
1905.26785433986	943.030029296875
1907.64596144734	942.719970703125
1910.02334855075	943.597473144531
1912.40001595424	944.474975585938
1914.7759639618	943.549987792969
1917.15119287724	944.419982910156
1919.52570300419	944.025024414063
1921.89949464611	943.174987792969
1924.27256810632	943.265014648438
1926.64492368793	943.320007324219
1929.0165616939	944.070007324219
1931.38748242701	944.289978027344
1933.75768618989	945.664978027344
1936.12717328497	946.715026855469
1938.49594401455	945.484985351563
1940.86399868071	945.510009765625
1943.23133758541	945.044982910156
1945.5979610304	945.385009765625
1947.96386931729	945.255004882813
1950.32906274751	946.640014648438
1952.69354162232	947.219970703125
1955.0573062428	948.919982910156
1957.42035690989	950.505004882813
1959.78269392434	950.440002441406
1962.14431758673	951.10498046875
1964.50522819748	948.690002441406
1966.86542605684	945.739990234375
1969.22491146488	943.179992675781
1971.58368472153	943.669982910156
1973.94174612654	948.22998046875
1976.29909597945	948.325012207031
1978.65573457971	947.755004882813
1981.01166222654	948.559997558594
1983.36687921902	948.434997558594
1985.72138585606	946.335021972656
1988.07518243639	944.619995117188
1990.42826925859	945.549987792969
1992.78064662106	949.054992675781
1995.13231482205	949.335021972656
1997.48327415961	948.530029296875
1999.83352493167	950.294982910156
2002.18306743594	949.429992675781
2004.53190197002	949.784973144531
2006.8800288313	950.025024414063
2009.22744831703	948.825012207031
2011.57416072427	946.734985351563
2013.92016634993	946.965026855469
2016.26546549076	947.174987792969
2018.61005844332	946.914978027344
2020.95394550404	948.044982910156
2023.29712696915	951.075012207031
2025.63960313474	952.405029296875
2027.98137429672	950.039978027344
2030.32244075083	949.405029296875
2032.66280279266	948.755004882813
2035.00246071763	949.434997558594
2037.34141482099	946.349975585938
2039.67966539784	949.135009765625
2042.01721274309	952.280029296875
2044.35405715151	952.14501953125
2046.69019891769	951.950012207031
2049.02563833606	950.705017089844
2051.3603757009	951.900024414063
2053.6944113063	952.135009765625
2056.0277454462	952.890014648438
2058.36037841439	953.890014648438
2060.69231050446	953.234985351563
2063.02354200988	950.335021972656
2065.35407322392	950.164978027344
2067.68390443971	952.424987792969
2070.01303595021	954.659973144531
2072.3414680482	955.429992675781
2074.66920102633	955.174987792969
2076.99623517706	952.955017089844
2079.32257079271	953.619995117188
2081.6482081654	955.989990234375
2083.97314758713	958.015014648438
2086.29738934971	956.409973144531
2088.62093374481	957.125
2090.94378106391	957.950012207031
2093.26593159835	956.690002441406
2095.5873856393	956.739990234375
2097.90814347777	958.255004882813
2100.2282054046	959.780029296875
2102.54757171048	961.265014648438
2104.86624268594	959.349975585938
2107.18421862133	957.864990234375
2109.50149980686	957.35498046875
2111.81808653257	957.450012207031
2114.13397908834	959.164978027344
2116.44917776388	960.409973144531
2118.76368284875	960.570007324219
2121.07749463235	964.409973144531
2123.39061340391	964.155029296875
2125.70303945252	963.900024414063
2128.01477306707	961.35498046875
2130.32581453634	959.945007324219
2132.63616414891	960.974975585938
2134.94582219322	962.174987792969
2137.25478895754	963.869995117188
2139.56306472999	964.320007324219
2141.87064979851	962.885009765625
2144.17754445092	963.960021972656
2146.48374897484	963.945007324219
2148.78926365774	965.909973144531
2151.09408878695	965.22998046875
2153.39822464963	965.530029296875
2155.70167153277	965.114990234375
2158.00442972321	966.609985351563
2160.30649950763	966.72998046875
2162.60788117256	966.849975585938
2164.90857500436	965.650024414063
2167.20858128923	965.825012207031
2169.50790031323	963.719970703125
2171.80653236223	963.924987792969
2174.10447772198	964.419982910156
2176.40173667804	965.585021972656
2178.69830951582	965.809997558594
2180.99419652058	965.340026855469
2183.28939797743	963.494995117188
2185.5839141713	964.780029296875
2187.87774538698	965.380004882813
2190.17089190908	965.054992675781
2192.46335402209	965.635009765625
2194.75513201032	968.075012207031
2197.04622615791	967.150024414063
2199.33663674886	966.205017089844
2201.62636406702	967.799987792969
2203.91540839606	970.034973144531
2206.20377001952	967.640014648438
2208.49144922077	967.669982910156
2210.77844628302	964.859985351563
2213.06476148933	967.635009765625
2215.3503951226	965.114990234375
2217.63534746557	965.169982910156
2219.91961880085	966.179992675781
2222.20320941085	964.940002441406
2224.48611957785	964.460021972656
2226.76834958399	968.044982910156
2229.04989971122	968.530029296875
2231.33077024136	970.659973144531
2233.61096145607	969.349975585938
2235.89047363683	968.465026855469
2238.169307065	967.965026855469
2240.44746202178	967.289978027344
2242.72493878819	966.14501953125
2245.00173764511	966.97998046875
2247.27785887327	968.989990234375
2249.55330275324	968.090026855469
2251.82806956545	970.539978027344
2254.10215959014	971.640014648438
2256.37557310744	971.364990234375
2258.64831039729	971.804992675781
2260.92037173949	971.89501953125
2263.19175741368	970.284973144531
2265.46246769938	970.669982910156
2267.7325028759	972.224975585938
2270.00186322243	973.804992675781
2272.270549018	973.614990234375
2274.5385605415	973.994995117188
2276.80589807165	972.364990234375
2279.07256188702	974.684997558594
2281.33855226601	975.440002441406
2283.60386948691	976.034973144531
2285.86851382782	973.880004882813
2288.1324855667	975.039978027344
2290.39578498136	976.440002441406
2292.65841234945	977.14501953125
2294.92036794847	979.429992675781
2297.18165205578	978.054992675781
2299.44226494856	978.255004882813
2301.70220690387	977.530029296875
2303.96147819859	979.760009765625
2306.22007910947	981.5
2308.47800991309	980.474975585938
2310.73527088589	979.080017089844
2312.99186230416	982.125
2315.24778444403	981.679992675781
2317.50303758149	980.489990234375
2319.75762199235	980.440002441406
2322.01153795231	980.440002441406
2324.26478573689	979.284973144531
2326.51736562147	980.025024414063
2328.76927788127	981.640014648438
2331.02052279137	979.929992675781
2333.2711006267	976.804992675781
2335.52101166203	977.150024414063
2337.77025617198	979.619995117188
2340.01883443103	979.450012207031
2342.2667467135	979.174987792969
2344.51399329356	982.760009765625
2346.76057444525	982.950012207031
2349.00649044241	983.494995117188
2351.2517415588	981.710021972656
2353.49632806796	981.119995117188
2355.74025024334	979.945007324219
2357.98350835819	980.070007324219
2360.22610268566	981.994995117188
2362.4680334987	980.179992675781
2364.70930107016	980.135009765625
2366.94990567269	979.119995117188
2369.18984757884	981.400024414063
2371.42912706098	982.914978027344
2373.66774439134	982.109985351563
2375.90569984199	982.409973144531
2378.14299368488	980.760009765625
2380.37962619179	980.869995117188
2382.61559763435	983.159973144531
2384.85090828405	984.429992675781
2387.08555841222	984.820007324219
2389.31954829006	984.97998046875
2391.55287818861	984.409973144531
2393.78554837877	983.700012207031
2396.01755913128	984.232543945313
2398.24891071673	984.765014648438
2400.47960340558	983.969970703125
2402.70963746814	986.125
2404.93901317456	986.044982910156
2407.16773079485	986.565002441406
2409.39579059887	986.794982910156
2411.62319285633	986.724975585938
2413.84993783681	985.030029296875
2416.07602580971	986.390014648438
2418.30145704432	987.094970703125
2420.52623180977	986.320007324219
2422.75035037503	988.179992675781
2424.97381300893	989.780029296875
2427.19661998017	989.580017089844
2429.41877155729	988.97998046875
2431.64026800867	989.820007324219
2433.86110960257	990.284973144531
2436.08129660709	991.744995117188
2438.30082929019	991.710021972656
2440.51970791967	991.5
2442.73793276321	989.890014648438
2444.95550408832	990.515014648438
2447.17242216237	990.974975585938
2449.38868725259	991.025024414063
2451.60429962607	990.820007324219
2453.81925954975	988.885009765625
2456.03356729041	987.784973144531
2458.2472231147	987.5
2460.46022728913	989.744995117188
2462.67258008005	994.135009765625
2464.88428175368	993.325012207031
2467.09533257608	992.359985351563
2469.30573281318	993.715026855469
2471.51548273076	992.340026855469
2473.72458259445	992.280029296875
2475.93303266974	993.85498046875
2478.14083322198	996.52001953125
2480.34798451637	996.530029296875
2482.55448681797	993.169982910156
2484.76034039169	996.140014648438
2486.96554550231	998.655029296875
2489.17010241445	998.85498046875
2491.37401139259	997.804992675781
2493.57727270109	997.309997558594
2495.77988660412	1000.32501220703
2497.98185336574	999.424987792969
2500.18317324987	998.210021972656
2502.38384652028	998.510009765625
2504.58387344058	999.659973144531
2506.78325427425	1001.5
2508.98198928465	1002.03997802734
2511.18007873495	1001.84497070313
2513.37752288821	1001.43499755859
2515.57432200735	1001.59497070313
2517.77047635514	1000.53002929688
2519.96598619419	999.400024414063
2522.16085178699	999.549987792969
2524.35507339589	1002.36499023438
2526.54865128308	1004.02502441406
2528.74158571062	1004.97998046875
2530.93387694042	1006.88000488281
2533.12552523427	1005.38000488281
2535.31653085379	1007.66998291016
2537.50689406046	1004.84997558594
2539.69661511566	1003.17999267578
2541.88569428057	1004.94000244141
2544.07413181627	1003.47497558594
2546.26192798368	1006.07501220703
2548.44908304359	1008.97998046875
2550.63559725664	1009.76000976563
2552.82147088333	1007.70001220703
2555.00670418402	1003.16497802734
2557.19129741894	1005.57501220703
2559.37525084817	1005.86999511719
2561.55856473164	1010.28997802734
2563.74123932917	1012.36999511719
2565.92327490039	1010.02502441406
2568.10467170484	1010.80499267578
2570.28543000189	1010.26000976563
2572.46555005079	1009.44000244141
2574.64503211063	1008.83001708984
2576.82387644036	1010.53002929688
2579.00208329882	1014.17498779297
2581.17965294468	1015.27502441406
2583.35658563648	1013.38000488281
2585.53288163263	1012.58001708984
2587.70854119137	1014.08502197266
2589.88356457084	1014.73498535156
2592.05795202902	1013.54498291016
2594.23170382376	1012.88500976563
2596.40482021275	1014.57000732422
2598.57730145356	1017.20501708984
2600.74914780363	1016.78497314453
2602.92035952023	1016.55499267578
2605.09093686053	1018.82501220703
2607.26088008153	1021.32000732422
2609.4301894401	1019.35998535156
2611.59886519299	1020.59497070313
2613.76690759678	1021.04998779297
2615.93431690793	1020.38500976563
2618.10109338277	1020.90502929688
2620.26723727748	1021.80499267578
2622.4327488481	1022.86999511719
2624.59762835054	1024.40002441406
2626.76187604057	1025.89001464844
2628.92549217382	1028.4599609375
2631.08847700579	1031.64501953125
2633.25083079182	1034.17004394531
2635.41255378715	1035.77502441406
2637.57364624684	1036.25
2639.73410842586	1035.73999023438
2641.893940579	1034.16003417969
2644.05314296094	1033.73999023438
2646.21171582621	1031.75500488281
2648.36965942921	1032.96496582031
2650.5269740242	1036.21496582031
2652.6836598653	1040.39501953125
2654.83971720651	1041.06994628906
2656.99514630167	1040.44494628906
2659.1499474045	1039.125
2661.30412076857	1038.32995605469
2663.45766664734	1041.09997558594
2665.61058529411	1041.23498535156
2667.76287696204	1043.35498046875
2669.91454190418	1046.18505859375
2672.06558037342	1049.3349609375
2674.21599262253	1049.47998046875
2676.36577890413	1048.96997070313
2678.51493947072	1048.59997558594
2680.66347457466	1044.98498535156
2682.81138446816	1046.90002441406
2684.95866940332	1049.85998535156
2687.10532963209	1052.68005371094
2689.25136540628	1051.22497558594
2691.39677697757	1048.16003417969
2693.54156459752	1050.59997558594
2695.68572851753	1049.96496582031
2697.82926898888	1050.0400390625
2699.97218626272	1053.54504394531
2702.11448059006	1055.5
2704.25615222175	1060.95495605469
2706.39720140856	1062.63000488281
2708.53762840109	1063.23999023438
2710.67743344979	1059.85498046875
2712.81661680503	1062.88000488281
2714.95517871698	1066.36999511719
2717.09311943574	1069.13000488281
2719.23043921123	1070.48999023438
2721.36713829325	1072.73999023438
2723.50321693148	1076.8349609375
2725.63867537545	1079.69995117188
2727.77351387456	1081.09497070313
2729.90773267809	1080.17004394531
2732.04133203516	1083.39501953125
2734.17431219478	1084.07995605469
2736.30667340581	1082.31005859375
2738.438415917	1085.36499023438
2740.56953997695	1084.875
2742.70004583414	1081.81494140625
2744.82993373688	1079.24499511719
2746.9592039334	1075.30004882813
2749.08785667177	1074.33996582031
2751.21589219993	1076.97998046875
2753.34331076568	1079.92004394531
2755.4701126167	1080.06994628906
2757.59629800054	1080.53002929688
2759.7218671646	1081.34497070313
2761.84682035617	1076.88500976563
2763.9711578224	1072.42504882813
2766.0948798103	1077.32995605469
2768.21798656676	1083.24499511719
2770.34047833852	1086.48498535156
2772.46235537222	1083.40002441406
2774.58361791434	1080.58996582031
2776.70426621124	1081.48999023438
2778.82430050915	1081.53503417969
2780.94372105416	1079.71496582031
2783.06252809224	1078.63000488281
2785.18072186922	1081.01501464844
2787.29830263081	1084.52502441406
2789.41527062257	1086.69995117188
2791.53162608996	1085.64001464844
2793.64736927828	1083.86499023438
2795.76250043271	1085.96496582031
2797.8770197983	1083.36499023438
2799.99092761997	1085.80004882813
2802.10422414252	1089.63000488281
2804.21690961059	1090.875
2806.32898426873	1095.64501953125
2808.44044836132	1097.875
2810.55130213264	1100.17004394531
2812.66154582682	1102.82495117188
2814.77117968788	1104.4599609375
2816.8802039597	1108.7900390625
2818.98861888601	1112.43505859375
2821.09642471046	1118.59997558594
2823.20362167653	1123.19494628906
2825.31021002756	1127.81494140625
2827.41619000682	1132.59497070313
2829.52156185738	1138.05505371094
2831.62632582224	1144.4599609375
2833.73048214422	1146.95495605469
2835.83403106606	1153.98999023438
2837.93697283033	1165.77502441406
2840.03930767951	1178.76000976563
2842.1410358559	1192.18994140625
2844.24215760173	1202.86999511719
2846.34267315905	1221.04504394531
2848.44258276982	1243.26501464844
2850.54188667585	1262.92504882813
2852.64058511883	1279.71997070313
2854.73867834032	1303.21496582031
2856.83616658175	1325.69995117188
2858.93305008443	1347.82495117188
2861.02932908952	1366.69494628906
2863.12500383809	1397.04504394531
2865.22007457104	1434.21997070313
2867.31454152918	1470.31994628906
2869.40840495316	1501.06994628906
2871.50166508353	1531.0849609375
2873.59432216069	1555.31494140625
2875.68637642493	1577.42504882813
2877.77782811641	1591.44494628906
2879.86867747515	1598.94494628906
2881.95892474105	1598.6650390625
2884.0485701539	1598.34997558594
2886.13761395333	1597.46496582031
2888.22605637886	1607.05004882813
2890.3138976699	1612.05505371094
2892.40113806571	1625.23999023438
2894.48777780544	1644.56005859375
2896.57381712808	1664.82495117188
2898.65925627254	1673.48498535156
2900.74409547758	1693.3349609375
2902.82833498183	1704.92004394531
2904.9119750238	1711.9150390625
2906.99501584188	1730.01501464844
2909.07745767432	1767.07495117188
2911.15930075925	1793.16003417969
2913.24054533469	1809.94995117188
2915.3211916385	1828.40502929688
2917.40123990846	1854.30505371094
2919.48069038217	1899.93505859375
2921.55954329716	1952.76501464844
2923.63779889079	1990.73999023438
2925.71545740033	2015.02001953125
2927.79251906289	2011.83996582031
2929.86898411548	2001.81994628906
2931.94485279498	2029.07495117188
2934.02012533815	2057.40502929688
2936.0948019816	2058.73510742188
2938.16888296184	2054.6298828125
2940.24236851525	2027.22998046875
2942.31525887809	1997.38500976563
2944.38755428648	1969.57495117188
2946.45925497643	1944.18005371094
2948.53036118382	1908.85498046875
2950.6008731444	1874.38500976563
2952.67079109381	1841.01000976563
2954.74011526755	1815.64501953125
2956.80884590101	1775.53503417969
2958.87698322944	1751.56994628906
2960.94452748799	1732.56005859375
2963.01147891167	1720.08996582031
2965.07783773535	1711.18005371094
2967.14360419382	1692.3349609375
2969.2087785217	1685.94995117188
2971.27336095352	1671.17004394531
2973.33735172366	1648.29504394531
2975.40075106641	1631.57995605469
2977.46355921591	1619.77502441406
2979.52577640618	1602.76000976563
2981.58740287112	1592.30505371094
2983.64843884452	1580
2985.70888456003	1557.71496582031
2987.76874025117	1527.64001464844
2989.82800615137	1499.89501953125
2991.88668249391	1480.39001464844
2993.94476951194	1466.21496582031
2996.00226743852	1450.31005859375
2998.05917650657	1434.59997558594
3000.11549694887	1414.93005371094
3002.17122899812	1394.9599609375
3004.22637288685	1374.11999511719
3006.2809288475	1356.84997558594
3008.33489711238	1350.92004394531
3010.38827791368	1339.98999023438
3012.44107148345	1319.16003417969
3014.49327805366	1307.17504882813
3016.5448978561	1295.84497070313
3018.59593112249	1295.66003417969
3020.64637808441	1292.85498046875
3022.6962389733	1288.23999023438
3024.74551402051	1281.73498535156
3026.79420345725	1271.26501464844
3028.84230751461	1264.24499511719
3030.88982642357	1264.23498535156
3032.93676041497	1261.83996582031
3034.98310971955	1262.60998535156
3037.02887456791	1270.35998535156
3039.07405519054	1276.23498535156
3041.11865181781	1276.77001953125
3043.16266467996	1280.36999511719
3045.20609400713	1283.5849609375
3047.24894002932	1290.23999023438
3049.2912029764	1294.36999511719
3051.33288307815	1291.65002441406
3053.37398056421	1291.30004882813
3055.41449566411	1292.46496582031
3057.45442860725	1304.19995117188
3059.49377962291	1319.52502441406
3061.53254894026	1329.55505371094
3063.57073678834	1333.80505371094
3065.60834339607	1333.26000976563
3067.64536899227	1330.39001464844
3069.68181380561	1321.64001464844
3071.71767806467	1315.17504882813
3073.75296199788	1302.84497070313
3075.78766583357	1293.72497558594
3077.82178979997	1290
3079.85533412513	1278.03002929688
3081.88829903705	1264.76501464844
3083.92068476356	1257.21496582031
3085.95249153241	1257.24499511719
3087.98371957119	1249.35998535156
3090.01436910741	1246.68005371094
3092.04444036844	1245.23498535156
3094.07393358152	1244.17004394531
3096.10284897381	1245.10998535156
3098.13118677232	1245.01000976563
3100.15894720395	1242.44494628906
3102.18613049548	1243.93005371094
3104.21273687357	1247.55505371094
3106.23876656477	1241.8349609375
3108.2642197955	1237.17004394531
3110.28909679208	1239.4150390625
3112.31339778069	1236.48999023438
3114.33712298741	1235.5849609375
3116.36027263819	1241.59997558594
3118.38284695887	1247.34997558594
3120.40484617516	1248.375
3122.42627051268	1244.13500976563
3124.4471201969	1238.85498046875
3126.46739545319	1241.48999023438
3128.4870965068	1244.82995605469
3130.50622358287	1245.07995605469
3132.5247769064	1241.46997070313
3134.54275670229	1241.20495605469
3136.56016319534	1241.46496582031
3138.57699661019	1241.44995117188
3140.59325717139	1241.43505859375
3142.60894510338	1243.75
3144.62406063047	1245.31005859375
3146.63860397686	1246.43005371094
3148.65257536662	1250.15502929688
3150.66597502371	1253.0400390625
3152.67880317199	1254.22998046875
3154.69106003518	1252.21997070313
3156.70274583691	1256.54504394531
3158.71386080065	1257.84997558594
3160.72440514981	1258.97998046875
3162.73437910763	1261.125
3164.74378289728	1264.06494140625
3166.75261674179	1266.06994628906
3168.76088086407	1264.30004882813
3170.76857548692	1259.05004882813
3172.77570083303	1261.77001953125
3174.78225712498	1266.56494140625
3176.78824458521	1268.23999023438
3178.79366343607	1268.84997558594
3180.79851389977	1270.04504394531
3182.80279619844	1271.40002441406
3184.80651055405	1272.31005859375
3186.80965718849	1271.60498046875
3188.81223632353	1275.65502929688
3190.81424818081	1277.75500488281
3192.81569298186	1279.85498046875
3194.8165709481	1272.98498535156
3196.81688230084	1273.43005371094
3198.81662726126	1279.77001953125
3200.81580605044	1284.81005859375
3202.81441888933	1290.33996582031
3204.81246599879	1287.76501464844
3206.80994759954	1283.95495605469
3208.80686391219	1287.05004882813
3210.80321515726	1284.53002929688
3212.79900155512	1293.9150390625
3214.79422332605	1300.97998046875
3216.78888069021	1298.2900390625
3218.78297386765	1295.35498046875
3220.77650307828	1296.25
3222.76946854195	1302.60498046875
3224.76187047834	1301.66003417969
3226.75370910705	1305.09497070313
3228.74498464755	1307.9150390625
3230.73569731921	1311.84497070313
3232.72584734127	1311.00500488281
3234.71543493287	1312.14001464844
3236.70446031304	1305.72497558594
3238.69292370068	1308.39501953125
3240.68082531459	1317.38000488281
3242.66816537345	1317.09997558594
3244.65494409583	1313.50500488281
3246.6411617002	1317.31494140625
3248.62681840488	1318.49499511719
3250.61191442812	1323.03002929688
3252.59644998804	1318.94995117188
3254.58042530263	1313.60498046875
3256.56384058979	1315.49499511719
3258.54669606731	1322.56005859375
3260.52899195285	1325.7099609375
3262.51072846396	1321.0849609375
3264.4919058181	1317.26000976563
3266.47252423259	1323.59497070313
3268.45258392464	1329.86499023438
3270.43208511138	1330.93994140625
3272.41102800978	1332.5400390625
3274.38941283675	1334.68505859375
3276.36723980904	1342.07495117188
3278.34450914332	1343.71997070313
3280.32122105613	1346.25500488281
3282.29737576392	1353.23999023438
3284.272973483	1352.07995605469
3286.24801442958	1346.82495117188
3288.22249881978	1347.94995117188
3290.19642686957	1348.69995117188
3292.16979879485	1346.30004882813
3294.14261481136	1340.43994140625
3296.11487513478	1337.47998046875
3298.08657998065	1336.93005371094
3300.0577295644	1336.05004882813
3302.02832410136	1339.72497558594
3303.99836380673	1342.34497070313
3305.96784889563	1342.5849609375
3307.93677958303	1345.80505371094
3309.90515608383	1341.54504394531
3311.87297861278	1333.68005371094
3313.84024738456	1333.0849609375
3315.80696261371	1337.30505371094
3317.77312451466	1336.42004394531
3319.73873330175	1331.01000976563
3321.70378918919	1329.77502441406
3323.66829239109	1327.40002441406
3325.63224312145	1322.59497070313
3327.59564159416	1317.19494628906
3329.55848802299	1312.96496582031
3331.52078262162	1315.52001953125
3333.4825256036	1321
3335.44371718237	1316.14001464844
3337.40435757128	1308.10498046875
3339.36444698356	1300.8349609375
3341.32398563232	1302.65502929688
3343.28297373058	1311.98999023438
3345.24141149124	1314.11499023438
3347.19929912709	1316.23999023438
3349.15663685081	1307.09997558594
3351.11342487497	1305.34497070313
3353.06966341204	1308.64501953125
3355.02535267437	1306.61499023438
3356.98049287421	1301.19494628906
3358.9350842237	1302.5
3360.88912693486	1297.61999511719
3362.84262121962	1297.3349609375
3364.79556728978	1298.875
3366.74796535705	1301.70495605469
3368.69981563302	1301.43994140625
3370.65111832917	1302.68994140625
3372.60187365689	1302.03002929688
3374.55208182744	1306.64501953125
3376.50174305198	1299.17004394531
3378.45085754157	1288.73999023438
3380.39942550714	1284.01501464844
3382.34744715954	1279.14501953125
3384.29492270949	1277.9150390625
3386.24185236761	1285.34497070313
3388.18823634442	1287.73999023438
3390.13407485031	1281.22497558594
3392.07936809559	1281.49499511719
3394.02411629045	1283.72497558594
3395.96831964496	1280.625
3397.91197836911	1278.06994628906
3399.85509267275	1280.38500976563
3401.79766276564	1280.31994628906
3403.73968885745	1276.24499511719
3405.68117115771	1269.19494628906
3407.62210987586	1267.05004882813
3409.56250522123	1263.63000488281
3411.50235740305	1258.89501953125
3413.44166663043	1258.51000976563
3415.38043311238	1264.48498535156
3417.3186570578	1262.76000976563
3419.2563386755	1261.03503417969
3421.19347817415	1259.31005859375
3423.13007576235	1259.95495605469
3425.06613164857	1259.0400390625
3427.00164604118	1263.56005859375
3428.93661914844	1261.11999511719
3430.87105117852	1257.31005859375
3432.80494233945	1255.29504394531
3434.73829283919	1251.73498535156
3436.67110288558	1248.61499023438
3438.60337268634	1249.51501464844
3440.53510244911	1251.50500488281
3442.4662923814	1250.89001464844
3444.39694269064	1250.64001464844
3446.32705358412	1247.5400390625
3448.25662526905	1243.31005859375
3450.18565795254	1243.30505371094
3452.11415184156	1241.5400390625
3454.04210714302	1239.46997070313
3455.96952406369	1240.19995117188
3457.89640281024	1241.85998535156
3459.82274358924	1237.93994140625
3461.74854660717	1232.15002441406
3463.67381207038	1228.66003417969
3465.59854018513	1225.60498046875
3467.52273115756	1219.95495605469
3469.44638519373	1217.5
3471.36950249956	1216.73498535156
3473.29208328091	1214.125
3475.21412774349	1216.93505859375
3477.13563609293	1215.9150390625
3479.05660853476	1212.7099609375
3480.97704527438	1210.8349609375
3482.89694651712	1209.5849609375
3484.81631246818	1207.69995117188
3486.73514333266	1203.38500976563
3488.65343931557	1204.85498046875
3490.57120062179	1200.67004394531
3492.48842745612	1190.67504882813
3494.40512002324	1184.60498046875
3496.32127852773	1184.96997070313
3498.23690317408	1191.32495117188
3500.15199416666	1190.26245117188
3502.06655170974	1189.19995117188
3503.98057600749	1184.03002929688
3505.89406726396	1183.29504394531
3507.80702568312	1180.32995605469
3509.71945146883	1179.64501953125
3511.63134482483	1182.2900390625
3513.54270595478	1182.18005371094
3515.45353506222	1178.31494140625
3517.3638323506	1170.03002929688
3519.27359802324	1165.11499023438
3521.1828322834	1165.82495117188
3523.09153533419	1166.97497558594
3524.99970737866	1164.55004882813
3526.90734861972	1166.17004394531
3528.81445926021	1168.52001953125
3530.72103950283	1165.61499023438
3532.62708955022	1161.67504882813
3534.53260960488	1161.31005859375
3536.43759986923	1157.18005371094
3538.34206054558	1149.86999511719
3540.24599183613	1142.91003417969
3542.149393943	1138.65002441406
3544.05226706817	1137.98999023438
3545.95461141357	1144.52001953125
3547.85642718097	1141.15002441406
3549.75771457208	1136.82995605469
3551.6584737885	1133.19494628906
3553.55870503171	1134.0400390625
3555.4584085031	1134.30505371094
3557.35758440396	1134.90502929688
3559.25623293548	1136.67004394531
3561.15435429874	1135.125
3563.05194869473	1129.18005371094
3564.94901632432	1127.01501464844
3566.84555738829	1125.49499511719
3568.74157208732	1124.96997070313
3570.63706062199	1123.98498535156
3572.53202319277	1123.44494628906
3574.42646000003	1121.51501464844
3576.32037124406	1120.24499511719
3578.213757125	1121.89501953125
3580.10661784295	1122.81494140625
3581.99895359786	1125.80004882813
3583.8907645896	1126.96997070313
3585.78205101794	1123.93005371094
3587.67281308254	1120.31005859375
3589.56305098297	1118.73498535156
3591.4527649187	1118.9599609375
3593.34195508907	1113.65002441406
3595.23062169338	1112.51000976563
3597.11876493075	1111.40502929688
3599.00638500027	1107.76000976563
3600.89348210089	1108.05505371094
3602.78005643148	1111.89501953125
3604.66610819078	1113.61999511719
3606.55163757747	1115.94494628906
3608.4366447901	1112.6650390625
3610.32113002713	1107.9150390625
3612.20509348693	1107.72998046875
3614.08853536774	1103.52502441406
3615.97145586773	1100.2900390625
3617.85385518497	1100.31494140625
3619.7357335174	1096.60998535156
3621.61709106289	1091.06005859375
3623.4979280192	1090.48498535156
3625.37824458399	1090.41003417969
3627.25804095482	1088.33996582031
3629.13731732915	1085.46997070313
3631.01607390435	1085.66003417969
3632.89431087767	1086.48999023438
3634.77202844629	1086.88000488281
3636.64922680726	1086.4375
3638.52590615754	1085.99499511719
3640.40206669402	1086.03503417969
3642.27770861344	1085.79504394531
3644.15283211248	1086.40002441406
3646.02743738771	1085.18994140625
3647.90152463559	1084.36499023438
3649.77509405251	1085.08996582031
3651.64814583473	1083.46496582031
3653.52068017842	1082.71496582031
3655.39269727965	1080.43005371094
3657.26419733442	1074.77001953125
3659.13518053858	1070.25
3661.00564708793	1070.98999023438
3662.87559717814	1073.46496582031
3664.7450310048	1071.57995605469
3666.61394876338	1071.26501464844
3668.48235064928	1069.68005371094
3670.35023685779	1067.96496582031
3672.21760758409	1064.06994628906
3674.08446302327	1061.77502441406
3675.95080337033	1062.75
3677.81662882017	1067.20495605469
3679.68193956758	1066.26000976563
3681.54673580727	1064.31494140625
3683.41101773383	1061.57495117188
3685.27478554178	1060.9150390625
3687.13803942551	1061.55004882813
3689.00077957934	1060.15002441406
3690.86300619748	1058.90002441406
3692.72471947405	1053.15002441406
3694.58591960306	1052.28002929688
3696.44660677844	1051.82495117188
3698.306781194	1051.53002929688
3700.16644304348	1051.19995117188
3702.02559252049	1049.89001464844
3703.88422981859	1048.93505859375
3705.74235513119	1050.13000488281
3707.59996865164	1049.94494628906
3709.45707057318	1050.88500976563
3711.31366108895	1050.83996582031
3713.16974039199	1048.42004394531
3715.02530867527	1044.84997558594
3716.88036613164	1042.03503417969
3718.73491295385	1038.45495605469
3720.58894933456	1035.22497558594
3722.44247546634	1031.55505371094
3724.29549154166	1034.2900390625
3726.14799775289	1038.18505859375
3727.9999942923	1038.89001464844
3729.85148135209	1037.95495605469
3731.70245912432	1034.47998046875
3733.55292780098	1032.06994628906
3735.40288757397	1031.68005371094
3737.25233863509	1030.0400390625
3739.10128117603	1030.79504394531
3740.9497153884	1030.89001464844
3742.7976414637	1031.25
3744.64505959335	1032.57495117188
3746.49196996866	1034.82995605469
3748.33837278086	1035.19494628906
3750.18426822108	1032.13000488281
3752.02965648033	1033.14001464844
3753.87453774956	1033.84497070313
3755.7189122196	1032.96997070313
3757.5627800812	1031.10498046875
3759.40614152501	1027.13000488281
3761.24899674159	1025.07495117188
3763.09134592138	1024.59997558594
3764.93318925476	1026.82995605469
3766.77452693199	1027.2099609375
3768.61535914325	1028.6650390625
3770.45568607861	1027.92504882813
3772.29550792807	1025.63000488281
3774.1348248815	1024.73999023438
3775.9736371287	1024.04504394531
3777.81194485938	1023.33001708984
