32.6816976106991	719.340026855469
35.6535599501435	719.340026855469
38.6244374909659	719.10498046875
41.5943306947054	719.094970703125
44.5632400226282	718.849975585938
47.5311659356917	718.919982910156
50.4981088945929	718.679992675781
53.4640693597127	718.765014648438
56.4290477911676	718.705017089844
59.3930446487746	718.760009765625
62.356060392067	718.650024414063
65.3180954802906	718.570007324219
68.2791503724084	718.489990234375
71.2392255270922	718.614990234375
74.1983214027271	718.619995117188
77.1564384574159	718.575012207031
80.113577148983	718.695007324219
83.0697379349549	718.775024414063
86.0249212725722	718.669982910156
88.9791276188058	718.679992675781
91.9323574303255	718.659973144531
94.8846111635238	718.815002441406
97.8358892745121	718.945007324219
100.786192219114	718.984985351563
103.73552045287	718.989990234375
106.683874431037	718.994995117188
109.631254608583	719.39501953125
112.577661440203	719.414978027344
115.523095380307	719.594970703125
118.467556883015	720.119995117188
121.411046402175	720.929992675781
124.353564391344	722.155029296875
127.295111303796	724.455017089844
130.235687592532	728.679992675781
133.175293710265	735.424987792969
136.113930109434	748.609985351563
139.051597242185	769.5
141.98829556039	799.799987792969
144.92402551564	838.594970703125
147.858787559244	883.224975585938
150.792582142239	931.484985351563
153.725409715372	980.265014648438
156.65727072911	1023.96002197266
159.588165633643	1057.65002441406
162.518094878884	1078.16003417969
165.447058914469	1093.47998046875
168.375058189747	1102.93994140625
171.302093153792	1103.98999023438
174.228164255401	1099.65002441406
177.153271943091	1094.40502929688
180.077416665101	1091.63000488281
183.000598869394	1091.15002441406
185.922819003656	1093.10998535156
188.84407751529	1092.4150390625
191.764374851424	1092.48254394531
194.683711458919	1092.55004882813
197.60208778434	1092.4150390625
200.519504273992	1102.26501464844
203.435961373894	1112.10998535156
206.351459529801	1122.63000488281
209.265999187174	1130.61999511719
212.179580791207	1150.38500976563
215.092204786825	1166.17504882813
218.003871618673	1186.82995605469
220.914581731116	1209.31994628906
223.824335568247	1219.8349609375
226.733133573893	1233.65502929688
229.640976191593	1252.11499023438
232.547863864614	1266.6650390625
235.453797035961	1276.15002441406
238.358776148354	1277.42504882813
241.26280164424	1278.25
244.1658739658	1282.66003417969
247.067993554929	1283.28002929688
249.969160853266	1280.09497070313
252.869376302162	1272.64001464844
255.768640342707	1262.38000488281
258.666953415705	1253.16003417969
261.564315961705	1250.64001464844
264.46072842097	1251.59497070313
267.356191233499	1242.17004394531
270.25070483901	1232.91003417969
273.144269676967	1229.57995605469
276.036886186551	1227.50500488281
278.928554806671	1225.06994628906
281.819275975966	1220.76501464844
284.709050132812	1216.97497558594
287.597877715306	1214.32495117188
290.485759161281	1212.75500488281
293.372694908298	1211.96997070313
296.258685393644	1205.93005371094
299.143731054352	1199.31494140625
302.027832327156	1198.98498535156
304.910989648557	1197.53002929688
307.79320345476	1196.53503417969
310.674474181717	1197.00500488281
313.554802265101	1196.61499023438
316.434188140326	1194.53002929688
319.312632242533	1192.38000488281
322.190135006593	1188.54504394531
325.066696867117	1187.07995605469
327.942318258443	1184.09997558594
330.816999614641	1181.39501953125
333.690741369517	1178.18994140625
336.56354395661	1178.68005371094
339.435407809193	1177.18005371094
342.306333360273	1172.2900390625
345.176321042591	1169.01501464844
348.045371288612	1162.42504882813
350.913484530551	1162.3349609375
353.78066120035	1159.35998535156
356.64690172969	1155.39501953125
359.512206549972	1155.41003417969
362.376576092357	1151.3349609375
365.240010787716	1149.04504394531
368.102511066677	1146.61499023438
370.964077359587	1147.68005371094
373.82471009654	1149.03002929688
376.684409707364	1150.38000488281
379.543176621612	1145.93505859375
382.401011268595	1140.49499511719
385.257914077343	1140.375
388.113885476627	1144.40502929688
390.968925894961	1146.51501464844
393.823035760591	1148.07995605469
396.676215501503	1151.18994140625
399.528465545415	1159.91003417969
402.379786319791	1166.58996582031
405.230178251834	1169.56005859375
408.079641768472	1176.58996582031
410.928177296387	1186.98999023438
413.775785261992	1190.68505859375
416.622466091445	1193.32495117188
419.468220210631	1195.24499511719
422.313048045182	1198.04504394531
425.156950020479	1202.77502441406
427.999926561623	1201.93994140625
430.841978093471	1201.82995605469
433.683105040613	1199.00500488281
436.523307827384	1194.71997070313
439.362586877851	1195.44494628906
442.200942615829	1187.15502929688
445.038375464876	1185.73999023438
447.874885848283	1183.91003417969
450.710474189089	1185.47998046875
453.54514091007	1180.15002441406
456.37888643375	1176.77001953125
459.211711182386	1176.64001464844
462.043615577986	1176.23999023438
464.874600042297	1176.26000976563
467.704664996804	1170.78503417969
470.533810862741	1167.48498535156
473.36203806108	1164.85498046875
476.189347012547	1162.32495117188
479.015738137594	1161.83996582031
481.841211856432	1161.69506835938
484.665768589008	1161.55004882813
487.489408755009	1167.85998535156
490.312132773878	1177.82995605469
493.133941064796	1182.03503417969
495.954834046683	1182.13000488281
498.77481213821	1182.5849609375
501.593875757797	1188.19494628906
504.412025323601	1194.28002929688
507.229261253524	1191.48999023438
510.045583965226	1188.49499511719
512.860993876093	1190.05505371094
515.675491403271	1190.06994628906
518.489076963649	1188.40002441406
521.301750973863	1184.06494140625
524.113513850293	1175
526.924366009065	1165.59497070313
529.734307866052	1165.57995605469
532.543339836881	1162.07995605469
535.35146233692	1155.34497070313
538.158675781281	1149.8349609375
540.964980584833	1145.41003417969
543.770377162182	1139.4150390625
546.574865927692	1135.69494628906
549.378447295465	1135.13000488281
552.181121679365	1128.20495605469
554.982889492993	1120.76501464844
557.783751149701	1117.98999023438
560.583707062591	1115.75
563.38275764452	1115.125
566.180903308083	1112.07995605469
568.978144465633	1110.01501464844
571.774481529266	1110.44995117188
574.569914910839	1104.46496582031
577.364445021949	1099.86999511719
580.158072273946	1094.57495117188
582.950797077926	1094.15502929688
585.742619844752	1088.57995605469
588.533540985018	1086.95495605469
591.323560909078	1087.26000976563
594.112680027034	1082.64501953125
596.90089874875	1082.14001464844
599.688217483828	1081.34497070313
602.474636641629	1078.64001464844
605.260156631263	1076.72998046875
608.044777861596	1075.11499023438
610.828500741241	1070.71496582031
613.611325678567	1072.20495605469
616.393253081697	1074.24499511719
619.174283358506	1075.53002929688
621.954416916616	1077.5
624.733654163414	1081.80505371094
627.511995506029	1084.47998046875
630.289441351351	1082.16003417969
633.065992106022	1078.43005371094
635.841648176434	1070.57495117188
638.616409968744	1068.42504882813
641.390277888847	1070.84997558594
644.163252342408	1076.23498535156
646.93533373484	1079.81494140625
649.706522471307	1083.39001464844
652.47681895674	1084.68005371094
655.246223595811	1084.15502929688
658.014736792957	1082.66003417969
660.782358952371	1081.79504394531
663.549090477999	1077.47998046875
666.314931773542	1077.22497558594
669.079883242452	1077.43994140625
671.843945287955	1077.65502929688
674.607118313019	1078.07995605469
677.369402720366	1083.32495117188
680.130798912488	1086.71997070313
682.891307291627	1083.25
685.650928259784	1080.26000976563
688.409662218708	1079.97998046875
691.167509569927	1076.96496582031
693.924470714705	1074.27001953125
696.680546054078	1073.93005371094
699.435735988832	1075.97497558594
702.190040919516	1072.32995605469
704.943461246442	1074.80505371094
707.695997369667	1077.75
710.447649689022	1076.25
713.198418604088	1076.26501464844
715.948304514206	1073.27001953125
718.697307818481	1073.49499511719
721.445428915779	1077.01501464844
724.192668204716	1084.0849609375
726.93902608368	1082.7099609375
729.684502950805	1081.3349609375
732.429099204005	1079.97497558594
735.172815240936	1081.75
737.915651459026	1084.67504882813
740.657608255463	1082.96496582031
743.398686027186	1084.97998046875
746.13888517091	1088.98999023438
748.878206083102	1093.93505859375
751.616649159998	1098.17504882813
754.354214797584	1097.48498535156
757.09090339162	1102.15502929688
759.826715337622	1105.08996582031
762.561651030868	1104.95495605469
765.295710866406	1102.01501464844
768.028895239041	1094.46997070313
770.761204543336	1088.76000976563
773.492639173626	1082.78002929688
776.223199524006	1074.26501464844
778.952885988334	1069.8349609375
781.681698960235	1070.50500488281
784.40963883309	1064.98498535156
787.136706000052	1062.46997070313
789.862900854037	1061.76501464844
792.588223787721	1065.15502929688
795.312675193549	1066.47998046875
798.036255463728	1064.90502929688
800.758964990228	1063.04504394531
803.480804164792	1061.51000976563
806.201773378919	1065.89001464844
808.921873023884	1071.54504394531
811.641103490712	1079.68505859375
814.359465170214	1086.65002441406
817.076958452946	1092.91003417969
819.793583729246	1101.81494140625
822.509341389214	1111.31994628906
825.224231822712	1123.55505371094
827.938255419375	1138.73498535156
830.651412568596	1152.70495605469
833.363703659544	1157.82495117188
836.075129081157	1164.34497070313
838.785689222127	1169.8349609375
841.495384470928	1171.78002929688
844.204215215788	1172.28002929688
846.912181844721	1183.04504394531
849.619284745491	1192.77502441406
852.325524305638	1199.31494140625
855.030900912475	1210.63500976563
857.735414953079	1213.0400390625
860.439066814289	1212.57995605469
863.141856882725	1212.3349609375
865.843785544769	1206.07495117188
868.544853186571	1190.32995605469
871.245060194063	1179.625
873.944406952925	1173.5400390625
876.642893848625	1169.76000976563
879.340521266398	1171.96496582031
882.037289591241	1177.31994628906
884.733199207927	1181.44995117188
887.428250501001	1185.125
890.122443854778	1187.2099609375
892.815779653335	1186.88000488281
895.508258280534	1188.45495605469
898.199880119997	1198.81494140625
900.890645555129	1207.26000976563
903.580554969094	1209.73999023438
906.269608744832	1211.73999023438
908.957807265056	1208.25500488281
911.645150912257	1213.55505371094
914.331640068689	1206.65002441406
917.017275116375	1200.22497558594
919.702056437128	1202.44494628906
922.385984412518	1200.33996582031
925.069059423886	1201.59497070313
927.751281852366	1213.46496582031
930.432652078842	1222.44995117188
933.113170483983	1233.15502929688
935.79283744823	1245.22497558594
938.471653351806	1256.45495605469
941.149618574686	1252.44995117188
943.826733496641	1255.05004882813
946.502998497206	1266.86999511719
949.178413955689	1263.41003417969
951.85298025118	1262.80505371094
954.526697762544	1260.375
957.199566868403	1257.80505371094
959.87158794718	1259.63000488281
962.542761377054	1263.73999023438
965.213087535987	1255.39001464844
967.882566801719	1242.23999023438
970.551199551761	1236.81005859375
973.218986163399	1234.47998046875
975.885927013698	1228
978.552022479501	1219.97998046875
981.217272937423	1213.63500976563
983.88167876386	1215.22497558594
986.545240334978	1222.38000488281
989.207958026729	1233.125
991.869832214835	1246.68505859375
994.530863274798	1263.95495605469
997.191051581895	1291.38500976563
999.850397511185	1338.03503417969
1002.50890143751	1405.26501464844
1005.16656373546	1468.75
1007.82338477944	1501.2099609375
1010.47936494363	1516.26000976563
1013.13450460195	1497.15002441406
1015.78880412815	1444.74499511719
1018.44226389572	1377.19494628906
1021.09488427794	1315.46496582031
1023.74666564789	1277.80505371094
1026.3976083784	1255.81494140625
1029.04771284208	1243.56005859375
1031.69697941135	1241.42504882813
1034.34540845838	1248.60498046875
1036.99300035512	1255.77001953125
1039.63975547333	1258.19995117188
1042.28567418452	1256.09497070313
1044.93075685998	1251.47998046875
1047.57500387081	1245.19494628906
1050.21841558786	1244.33996582031
1052.86099238177	1250.68994140625
1055.50273462297	1254.7099609375
1058.14364268167	1253.22497558594
1060.78371692784	1255.18005371094
1063.42295773126	1254.69995117188
1066.06136546148	1255.43005371094
1068.69894048781	1261.21997070313
1071.33568317939	1265.8349609375
1073.9715939051	1266.82995605469
1076.60667303362	1264.85998535156
1079.24092093341	1261.67504882813
1081.87433797271	1263.73999023438
1084.50692451954	1257.31005859375
1087.13868094172	1255.02502441406
1089.76960760684	1256.41003417969
1092.39970488226	1255.89001464844
1095.02897313516	1257.11499023438
1097.65741273246	1256.11999511719
1100.28502404089	1250.30505371094
1102.91180742697	1241.92004394531
1105.53776325698	1236.65502929688
1108.16289189701	1236.51501464844
1110.78719371291	1236.375
1113.41066907033	1237.18994140625
1116.0333183347	1240.53002929688
1118.65514187124	1241.80004882813
1121.27614004495	1241.33996582031
1123.89631322061	1238.89501953125
1126.51566176279	1242.53002929688
1129.13418603585	1246.16003417969
1131.75188640394	1249.77001953125
1134.36876323098	1247.15002441406
1136.98481688069	1231.47998046875
1139.60004771655	1212.90002441406
1142.21445610187	1192.34497070313
1144.82804239972	1170.15002441406
1147.44080697295	1155.4599609375
1150.05275018421	1153.56994628906
1152.66387239593	1151.30505371094
1155.27417397034	1153.32495117188
1157.88365526943	1160.84497070313
1160.49231665502	1170.68005371094
1163.10015848867	1178.03002929688
1165.70718113176	1179.39501953125
1168.31338494544	1176.47998046875
1170.91877029067	1175.16003417969
1173.52333752817	1176.7099609375
1176.12708701847	1177.65991210938
1178.73001912187	1178.60998535156
1181.33213419848	1173.40002441406
1183.93343260819	1172.2099609375
1186.53391471068	1169.375
1189.13358086539	1162.4599609375
1191.73243143161	1158.72998046875
1194.33046676836	1153.43505859375
1196.92768723449	1145.93994140625
1199.52409318861	1155.04504394531
1202.11968498915	1167.51000976563
1204.7144629943	1180.60998535156
1207.30842756206	1192.56994628906
1209.90157905021	1204.81994628906
1212.49391781634	1221.90502929688
1215.08544421779	1223.28002929688
1217.67615861174	1219.30505371094
1220.26606135512	1216.52502441406
1222.85515280468	1212.07495117188
1225.44343331694	1205.5
1228.03090324823	1203.45495605469
1230.61756295466	1211.9599609375
1233.20341279213	1225.11999511719
1235.78845311634	1236.75
1238.37268428278	1250.14501953125
1240.95610664673	1265.98999023438
1243.53872056325	1281.81005859375
1246.12052638722	1284.91003417969
1248.70152447329	1285.54504394531
1251.28171517591	1283.06494140625
1253.86109884934	1287.74499511719
1256.43967584759	1292.29504394531
1259.0174465245	1292.57495117188
1261.5944112337	1292.84497070313
1264.1705703286	1295.35998535156
1266.74592416241	1298.88500976563
1269.32047308814	1300.59497070313
1271.89421745858	1305.76501464844
1274.46715762633	1309.65002441406
1277.03929394377	1309.88500976563
1279.61062676308	1306.2099609375
1282.18115643624	1300.98999023438
1284.75088331502	1303.93005371094
1287.31980775098	1297.84997558594
1289.88793009548	1302.74499511719
1292.45525069969	1299.95495605469
1295.02176991454	1290.47497558594
1297.58748809078	1279.31494140625
1300.15240557897	1279.27502441406
1302.71652272942	1289.68005371094
1305.27983989229	1300.35498046875
1307.84235741749	1311.89501953125
1310.40407565475	1318.35998535156
1312.9649949536	1321.67504882813
1315.52511566335	1332.31494140625
1318.08443813311	1333.00500488281
1320.64296271181	1339.17504882813
1323.20068974815	1353.02502441406
1325.75761959063	1358.35998535156
1328.31375258756	1354.15502929688
1330.86908908704	1354.02502441406
1333.42362943696	1354.36999511719
1335.97737398503	1354.71508789063
1338.53032307874	1355.06005859375
1341.08247706537	1351.56994628906
1343.63383629202	1356.82495117188
1346.18440110558	1360.18505859375
1348.73417185274	1353.59997558594
1351.28314887997	1344.53002929688
1353.83133253357	1323.52502441406
1356.37872315961	1297.57495117188
1358.92532110398	1279.3349609375
1361.47112671237	1252.51501464844
1364.01614033024	1226.79504394531
1366.56036230288	1215.56005859375
1369.10379297537	1206.56005859375
1371.64643269258	1194.93505859375
1374.18828179921	1184.01000976563
1376.72934063972	1170.41003417969
1379.2696095584	1162.21496582031
1381.80908889932	1158.72998046875
1384.34777900637	1156.5849609375
1386.88568022323	1152.09997558594
1389.42279289337	1149.79504394531
1391.95911736009	1151.08996582031
1394.49465396645	1154.10498046875
1397.02940305537	1161.51501464844
1399.5633649695	1167.77502441406
1402.09654005135	1170.125
1404.6289286432	1174.84997558594
1407.16053108714	1178.90502929688
1409.69134772507	1176.45495605469
1412.22137889868	1181.07995605469
1414.75062494947	1189.48498535156
1417.27908621874	1189.59997558594
1419.80676304759	1192.02502441406
1422.33365577692	1196.2099609375
1424.85976474744	1199.32995605469
1427.38509029967	1201.3349609375
1429.90963277392	1207.86999511719
1432.4333925103	1211.56005859375
1434.95636984873	1221.1650390625
1437.47856512894	1236.67004394531
1439.99997869045	1260.51000976563
1442.5206108726	1281.34497070313
1445.04046201452	1316.51501464844
1447.55953245515	1360.24499511719
1450.07782253323	1391.42004394531
1452.59533258731	1460.22497558594
1455.11206295574	1436.83996582031
1457.62801397668	1413.45495605469
1460.14318598809	1414.66003417969
1462.65757932774	1401.42004394531
1465.1711943332	1373.23498535156
1467.68403134184	1347.38500976563
1470.19609069085	1317.43505859375
1472.70737271721	1288.4599609375
1475.21787775772	1256.86499023438
1477.72760614897	1216.9599609375
1480.23655822738	1178.21496582031
1482.74473432914	1139.36999511719
1485.25213479029	1103.40502929688
1487.75875994664	1073.96496582031
1490.26461013382	1050.67504882813
1492.76968568726	1036.14501953125
1495.27398694222	1023.20001220703
1497.77751423374	1017.34997558594
1500.28026789667	1013.36499023438
1502.78224826569	1009.13500976563
1505.28345567526	1003.40502929688
1507.78389045967	999.484985351563
1510.28355295299	996.10498046875
1512.78244348913	994.909973144531
1515.28056240178	993.679992675781
1517.77791002445	994.330017089844
1520.27448669047	995.049987792969
1522.77029273296	995.030029296875
1525.26532848486	994.655029296875
1527.75959427889	994.869995117188
1530.25309044764	995.497497558594
1532.74581732344	996.125
1535.23777523847	995.380004882813
1537.72896452471	997.340026855469
1540.21938551394	999.679992675781
1542.70903853778	1000.58001708984
1545.19792392761	1007.14501953125
1547.68604201466	1015.20001220703
1550.17339312997	1024.28503417969
1552.65997760434	1030.22998046875
1555.14579576845	1033.5
1557.63084795275	1039.92504882813
1560.11513448749	1042.80004882813
1562.59865570276	1041.68994140625
1565.08141192845	1039.0400390625
1567.56340349426	1036.39501953125
1570.04463072969	1033.71997070313
1572.52509396406	1034.97998046875
1575.00479352652	1033.57495117188
1577.48372974599	1035.81494140625
1579.96190295124	1041.6650390625
1582.43931347083	1044.41003417969
1584.91596163314	1050.26501464844
1587.39184776636	1055.64001464844
1589.86697219849	1062.55505371094
1592.34133525734	1065.28503417969
1594.81493727054	1070.02001953125
1597.28777856553	1074.20495605469
1599.75985946955	1081.91003417969
1602.23118030968	1090.21496582031
1604.70174141278	1103.01000976563
1607.17154310555	1119.4150390625
1609.64058571449	1132.80004882813
1612.10886956591	1143.43994140625
1614.57639498595	1149.73498535156
1617.04316230054	1155.18505859375
1619.50917183543	1150.30004882813
1621.97442391621	1146.56494140625
1624.43891886825	1140.44494628906
1626.90265701674	1130.69995117188
1629.36563868671	1125.125
1631.82786420296	1124.07495117188
1634.28933389016	1123.17504882813
1636.75004807274	1130.98498535156
1639.21000707498	1145.61999511719
1641.66921122097	1160.11999511719
1644.12766083459	1173.8349609375
1646.58535623956	1189.96997070313
1649.04229775941	1212.42504882813
1651.4984857175	1231.76501464844
1653.95392043697	1255.19995117188
1656.40860224079	1277.81005859375
1658.86253145177	1298.63000488281
1661.3157083925	1313.7099609375
1663.76813338542	1318.06494140625
1666.21980675275	1319.19494628906
1668.67072881656	1313.52502441406
1671.1208998987	1296.73498535156
1673.57032032089	1283.69494628906
1676.0189904046	1270.61499023438
1678.46691047118	1253.44995117188
1680.91408084174	1231.47497558594
1683.36050183726	1206.33996582031
1685.8061737785	1181.7900390625
1688.25109698605	1146.97998046875
1690.69527178032	1119.64501953125
1693.13869848153	1099.52001953125
1695.58137740972	1081.03503417969
1698.02330888476	1054.875
1700.46449322631	1032.64501953125
1702.90493075388	1014.46502685547
1705.34462178678	998.760009765625
1707.78356664414	984.179992675781
1710.22176564492	970.724975585938
1712.65921910787	961.335021972656
1715.0959273516	953.655029296875
1717.53189069449	944.275024414063
1719.9671094548	938.289978027344
1722.40158395054	935.424987792969
1724.8353144996	934.330017089844
1727.26830141965	931.97998046875
1729.70054502819	930.200012207031
1732.13204564255	928.539978027344
1734.56280357987	927.075012207031
1736.99281915711	925.52001953125
1739.42209269106	925.474975585938
1741.85062449831	926.625
1744.27841489529	922.960021972656
1746.70546419823	921.35498046875
1749.13177272321	920.955017089844
1751.5573407861	920.075012207031
1753.98216870262	918.869995117188
1756.40625678828	916.640014648438
1758.82960535844	917.440002441406
1761.25221472825	916.364990234375
1763.67408521271	915.710021972656
1766.09521712663	914.554992675781
1768.51561078464	914.955017089844
1770.93526650119	915.39501953125
1773.35418459056	912.140014648438
1775.77236536684	911.765014648438
1778.18980914396	913.10498046875
1780.60651623565	913.390014648438
1783.02248695548	914.387512207031
1785.43772161684	915.385009765625
1787.85222053292	913.179992675781
1790.26598401677	911.219970703125
1792.67901238123	909.544982910156
1795.09130593899	907.830017089844
1797.50286500254	908.929992675781
1799.9136898842	908.469970703125
1802.32378089613	906.950012207031
1804.73313835028	906.289978027344
1807.14176255846	906.657470703125
1809.54965383228	907.025024414063
1811.95681248317	906.684997558594
1814.36323882242	905.705017089844
1816.76893316109	904.135009765625
1819.17389581011	904.580017089844
1821.57812708021	905.164978027344
1823.98162728196	905.25
1826.38439672573	904.880004882813
1828.78643572174	904.445007324219
1831.18774458003	903.455017089844
1833.58832361045	904.419982910156
1835.98817312269	903.625
1838.38729342625	901.239990234375
1840.78568483048	899.539978027344
1843.18334764454	901.200012207031
1845.58028217741	900.609985351563
1847.9764887379	900.85498046875
1850.37196763465	901.965026855469
1852.76671917613	902.460021972656
1855.16074367062	901.664978027344
1857.55404142624	901.755004882813
1859.94661275094	900.409973144531
1862.33845795247	899.565002441406
1864.72957733844	898.679992675781
1867.11997121627	898.830017089844
1869.5096398932	898.440002441406
1871.89858367631	899.744995117188
1874.28680287251	898.510009765625
1876.67429778851	897.169982910156
1879.06106873089	898.97998046875
1881.44711600601	900.455017089844
1883.8324399201	898.880004882813
1886.21704077919	897.244995117188
1888.60091888915	897.659973144531
1890.98407455567	897.344970703125
1893.36650808428	898.75
1895.74821978033	899.099975585938
1898.12920994899	898.640014648438
1900.50947889527	898.994995117188
1902.88902692401	897.349975585938
1905.26785433986	896.859985351563
1907.64596144734	899.025024414063
1910.02334855075	898.674987792969
1912.40001595424	898.6025390625
1914.7759639618	898.530029296875
1917.15119287724	898.47998046875
1919.52570300419	897.260009765625
1921.89949464611	898.224975585938
1924.27256810632	898.330017089844
1926.64492368793	898.494995117188
1929.0165616939	898.75
1931.38748242701	898.669982910156
1933.75768618989	898.674987792969
1936.12717328497	899.3349609375
1938.49594401455	899.994995117188
1940.86399868071	898.469970703125
1943.23133758541	896.525024414063
1945.5979610304	896.239990234375
1947.96386931729	897.005004882813
1950.32906274751	897.719970703125
1952.69354162232	897.544982910156
1955.0573062428	896.400024414063
1957.42035690989	896.150024414063
1959.78269392434	898.234985351563
1962.14431758673	899.025024414063
1964.50522819748	898.945007324219
1966.86542605684	897.64501953125
1969.22491146488	896.525024414063
1971.58368472153	895.914978027344
1973.94174612654	895.989990234375
1976.29909597945	897.27001953125
1978.65573457971	894.614990234375
1981.01166222654	894.200012207031
1983.36687921902	896.734985351563
1985.72138585606	898.559997558594
1988.07518243639	897.442504882813
1990.42826925859	896.325012207031
1992.78064662106	896.434997558594
1995.13231482205	896.825012207031
1997.48327415961	897.215026855469
1999.83352493167	896.64501953125
2002.18306743594	897.049987792969
2004.53190197002	896.690002441406
2006.8800288313	895.075012207031
2009.22744831703	894.929992675781
2011.57416072427	894.799987792969
2013.92016634993	892.385009765625
2016.26546549076	894.409973144531
2018.61005844332	894.715026855469
2020.95394550404	894.940002441406
2023.29712696915	895.14501953125
2025.63960313474	894.969970703125
2027.98137429672	894.325012207031
2030.32244075083	895
2032.66280279266	893.299987792969
2035.00246071763	894.684997558594
2037.34141482099	896.549987792969
2039.67966539784	896.02001953125
2042.01721274309	896.85498046875
2044.35405715151	896.150024414063
2046.69019891769	895.445007324219
2049.02563833606	895.010009765625
2051.3603757009	894.864990234375
2053.6944113063	894.983337402344
2056.0277454462	895.101623535156
2058.36037841439	895.219970703125
2060.69231050446	894.434997558594
2063.02354200988	896.224975585938
2065.35407322392	895.984985351563
2067.68390443971	896.929992675781
2070.01303595021	897.559997558594
2072.3414680482	898.190002441406
2074.66920102633	896.344970703125
2076.99623517706	895.080017089844
2079.32257079271	895.224975585938
2081.6482081654	893.695007324219
2083.97314758713	897.015014648438
2086.29738934971	897.969970703125
2088.62093374481	898.159973144531
2090.94378106391	898.945007324219
2093.26593159835	898.080017089844
2095.5873856393	896.60498046875
2097.90814347777	895.215026855469
2100.2282054046	896.934997558594
2102.54757171048	897.025024414063
2104.86624268594	897.684997558594
2107.18421862133	898.039978027344
2109.50149980686	898.674987792969
2111.81808653257	898.690002441406
2114.13397908834	898.804992675781
2116.44917776388	897.304992675781
2118.76368284875	899.594970703125
2121.07749463235	899.599975585938
2123.39061340391	900.135009765625
2125.70303945252	900.099975585938
2128.01477306707	900.065002441406
2130.32581453634	900.469970703125
2132.63616414891	901.320007324219
2134.94582219322	900.585021972656
2137.25478895754	898.989990234375
2139.56306472999	898.679992675781
2141.87064979851	898.60498046875
2144.17754445092	898.130004882813
2146.48374897484	898.804992675781
2148.78926365774	899.284973144531
2151.09408878695	899.445007324219
2153.39822464963	898.880004882813
2155.70167153277	899.510009765625
2158.00442972321	899.080017089844
2160.30649950763	897.650024414063
2162.60788117256	899.075012207031
2164.90857500436	898.567504882813
2167.20858128923	898.059997558594
2169.50790031323	897.950012207031
2171.80653236223	898.005004882813
2174.10447772198	898.877502441406
2176.40173667804	899.75
2178.69830951582	898.900024414063
2180.99419652058	897.919982910156
2183.28939797743	896.914978027344
2185.5839141713	897.380004882813
2187.87774538698	898.655029296875
2190.17089190908	896.080017089844
2192.46335402209	897.494995117188
2194.75513201032	897.859985351563
2197.04622615791	898.705017089844
2199.33663674886	896.780029296875
2201.62636406702	895.125
2203.91540839606	897.02001953125
2206.20377001952	898.315002441406
2208.49144922077	896.864990234375
2210.77844628302	895.784973144531
2213.06476148933	896.20751953125
2215.3503951226	896.630004882813
2217.63534746557	896.419982910156
2219.91961880085	895.700012207031
2222.20320941085	894.349975585938
2224.48611957785	894.159973144531
2226.76834958399	894.172485351563
2229.04989971122	894.184997558594
2231.33077024136	894.969970703125
2233.61096145607	894.664978027344
2235.89047363683	893.60498046875
2238.169307065	893.830017089844
2240.44746202178	892.674987792969
2242.72493878819	893.469970703125
2245.00173764511	895.02001953125
2247.27785887327	896.130004882813
2249.55330275324	895.452514648438
2251.82806956545	894.775024414063
2254.10215959014	893.909973144531
2256.37557310744	894.27001953125
2258.64831039729	894.054992675781
2260.92037173949	896.325012207031
2263.19175741368	898.534973144531
2265.46246769938	897.900024414063
2267.7325028759	895.734985351563
2270.00186322243	894.234985351563
2272.270549018	896.289978027344
2274.5385605415	895.744995117188
2276.80589807165	894.64501953125
2279.07256188702	895.450012207031
2281.33855226601	894.940002441406
2283.60386948691	894.320007324219
2285.86851382782	894.015014648438
2288.1324855667	894.252502441406
2290.39578498136	894.489990234375
2292.65841234945	893.125
2294.92036794847	893.950012207031
2297.18165205578	896.549987792969
2299.44226494856	895.60498046875
2301.70220690387	895.630004882813
2303.96147819859	895.489990234375
2306.22007910947	894.599975585938
2308.47800991309	893.570007324219
2310.73527088589	894.335021972656
2312.99186230416	894.815002441406
2315.24778444403	896.460021972656
2317.50303758149	898.260009765625
2319.75762199235	898.635009765625
2322.01153795231	899.005004882813
2324.26478573689	897.875
2326.51736562147	897.484985351563
2328.76927788127	896.289978027344
2331.02052279137	897.289978027344
2333.2711006267	896.695007324219
2335.52101166203	897.489990234375
2337.77025617198	896.830017089844
2340.01883443103	895.835021972656
2342.2667467135	894.450012207031
2344.51399329356	895.434997558594
2346.76057444525	893.804992675781
2349.00649044241	893.155029296875
2351.2517415588	894.409973144531
2353.49632806796	894.844970703125
2355.74025024334	894.275024414063
2357.98350835819	892.830017089844
2360.22610268566	894.385009765625
2362.4680334987	894.037475585938
2364.70930107016	893.690002441406
2366.94990567269	892.544982910156
2369.18984757884	893.614990234375
2371.42912706098	892.705017089844
2373.66774439134	891.390014648438
2375.90569984199	892.244995117188
2378.14299368488	892.684997558594
2380.37962619179	891.849975585938
2382.61559763435	892.5
2384.85090828405	892.974975585938
2387.08555841222	894.565002441406
2389.31954829006	894.294982910156
2391.55287818861	893.804992675781
2393.78554837877	893
2396.01755913128	892.599975585938
2398.24891071673	891.325012207031
2400.47960340558	891.695007324219
2402.70963746814	891.890014648438
2404.93901317456	892.909973144531
2407.16773079485	894.260009765625
2409.39579059887	894.177490234375
2411.62319285633	894.094970703125
2413.84993783681	893.174987792969
2416.07602580971	890.955017089844
2418.30145704432	891.284973144531
2420.52623180977	892.455017089844
2422.75035037503	892.5400390625
2424.97381300893	892.625
2427.19661998017	892.710021972656
2429.41877155729	892.780029296875
2431.64026800867	892.817504882813
2433.86110960257	892.85498046875
2436.08129660709	892.794982910156
2438.30082929019	892.135009765625
2440.51970791967	892.914978027344
2442.73793276321	892.934997558594
2444.95550408832	893.215026855469
2447.17242216237	893.111694335938
2449.38868725259	893.008361816406
2451.60429962607	892.905029296875
2453.81925954975	892.909973144531
2456.03356729041	892.205017089844
2458.2472231147	891.830017089844
2460.46022728913	891.64501953125
2462.67258008005	893.239990234375
2464.88428175368	893.760009765625
2467.09533257608	894.02001953125
2469.30573281318	893.95751953125
2471.51548273076	893.89501953125
2473.72458259445	892.344970703125
2475.93303266974	893.065002441406
2478.14083322198	894.294982910156
2480.34798451637	894.505004882813
2482.55448681797	894.39501953125
2484.76034039169	894.047485351563
2486.96554550231	893.700012207031
2489.17010241445	894.070007324219
2491.37401139259	895.25
2493.57727270109	895.27001953125
2495.77988660412	895.565002441406
2497.98185336574	896.630004882813
2500.18317324987	896.717529296875
2502.38384652028	896.804992675781
2504.58387344058	895.375
2506.78325427425	894.190002441406
2508.98198928465	892.169982910156
2511.18007873495	892.85498046875
2513.37752288821	893.650024414063
2515.57432200735	894.330017089844
2517.77047635514	895.614990234375
2519.96598619419	896.715026855469
2522.16085178699	896.614990234375
2524.35507339589	897.282470703125
2526.54865128308	897.950012207031
2528.74158571062	897.580017089844
2530.93387694042	894.265014648438
2533.12552523427	893.364990234375
2535.31653085379	895.039978027344
2537.50689406046	896.974975585938
2539.69661511566	899.070007324219
2541.88569428057	897.945007324219
2544.07413181627	899.47998046875
2546.26192798368	898.755004882813
2548.44908304359	897.320007324219
2550.63559725664	895.919982910156
2552.82147088333	896.344970703125
2555.00670418402	897.630004882813
2557.19129741894	898.599975585938
2559.37525084817	899.570007324219
2561.55856473164	896.940002441406
2563.74123932917	898.849975585938
2565.92327490039	899.10498046875
2568.10467170484	897.289978027344
2570.28543000189	898.590026855469
2572.46555005079	900.200012207031
2574.64503211063	900.849975585938
2576.82387644036	901.924987792969
2579.00208329882	901.637451171875
2581.17965294468	901.349975585938
2583.35658563648	901.140014648438
2585.53288163263	900.89501953125
2587.70854119137	900.890014648438
2589.88356457084	899.590026855469
2592.05795202902	899.484985351563
2594.23170382376	899.679992675781
2596.40482021275	899.815002441406
2598.57730145356	899.950012207031
2600.74914780363	902.325012207031
2602.92035952023	904.025024414063
2605.09093686053	903.580017089844
2607.26088008153	900.484985351563
2609.4301894401	901.909973144531
2611.59886519299	903.465026855469
2613.76690759678	905.169982910156
2615.93431690793	906.390014648438
2618.10109338277	907.905029296875
2620.26723727748	907.72998046875
2622.4327488481	907.771667480469
2624.59762835054	907.813293457031
2626.76187604057	907.85498046875
2628.92549217382	907.950012207031
2631.08847700579	910.849975585938
2633.25083079182	910.900024414063
2635.41255378715	911.335021972656
2637.57364624684	911.77001953125
2639.73410842586	910.609985351563
2641.893940579	911.659973144531
2644.05314296094	911.39501953125
2646.21171582621	911.719970703125
2648.36965942921	912.044982910156
2650.5269740242	912.034973144531
2652.6836598653	912.969970703125
2654.83971720651	913.232482910156
2656.99514630167	913.494995117188
2659.1499474045	912.580017089844
2661.30412076857	913.489990234375
2663.45766664734	913.719970703125
2665.61058529411	913.950012207031
2667.76287696204	913.325012207031
2669.91454190418	916.450012207031
2672.06558037342	917.284973144531
2674.21599262253	918.39501953125
2676.36577890413	918.590026855469
2678.51493947072	919.140014648438
2680.66347457466	917.094970703125
2682.81138446816	918.47998046875
2684.95866940332	920.265014648438
2687.10532963209	921.594970703125
2689.25136540628	920.849975585938
2691.39677697757	920.10498046875
2693.54156459752	920.575012207031
2695.68572851753	918.64501953125
2697.82926898888	920.789978027344
2699.97218626272	921.924987792969
2702.11448059006	921.484985351563
2704.25615222175	926.109985351563
2706.39720140856	928.594970703125
2708.53762840109	929.284973144531
2710.67743344979	930.815002441406
2712.81661680503	933.494995117188
2714.95517871698	934.565002441406
2717.09311943574	936.304992675781
2719.23043921123	940.919982910156
2721.36713829325	944.614990234375
2723.50321693148	945.710021972656
2725.63867537545	951.169982910156
2727.77351387456	955.679992675781
2729.90773267809	956.655029296875
2732.04133203516	954.400024414063
2734.17431219478	952.130004882813
2736.30667340581	951.445007324219
2738.438415917	952.97998046875
2740.56953997695	950.559997558594
2742.70004583414	949.594970703125
2744.82993373688	950.424987792969
2746.9592039334	948.534973144531
2749.08785667177	947.195007324219
2751.21589219993	947.460021972656
2753.34331076568	946.094970703125
2755.4701126167	944.130004882813
2757.59629800054	942.914978027344
2759.7218671646	942.659973144531
2761.84682035617	942.570007324219
2763.9711578224	941.005004882813
2766.0948798103	940.27001953125
2768.21798656676	937.960021972656
2770.34047833852	939.309997558594
2772.46235537222	940.325012207031
2774.58361791434	938.799987792969
2776.70426621124	939.815002441406
2778.82430050915	939.72998046875
2780.94372105416	939.64501953125
2783.06252809224	939.534973144531
2785.18072186922	937.934997558594
2787.29830263081	935.919982910156
2789.41527062257	935.155029296875
2791.53162608996	932.864990234375
2793.64736927828	933.02001953125
2795.76250043271	932.945007324219
2797.8770197983	932.200012207031
2799.99092761997	931.710021972656
2802.10422414252	932.650024414063
2804.21690961059	933.335021972656
2806.32898426873	936.809997558594
2808.44044836132	938.934997558594
2810.55130213264	940.25
2812.66154582682	942.455017089844
2814.77117968788	944.445007324219
2816.8802039597	947.14501953125
2818.98861888601	953.669982910156
2821.09642471046	956.849975585938
2823.20362167653	959.700012207031
2825.31021002756	965.119995117188
2827.41619000682	972.320007324219
2829.52156185738	979.174987792969
2831.62632582224	985.169982910156
2833.73048214422	989.974975585938
2835.83403106606	997.570007324219
2837.93697283033	1001.34002685547
2840.03930767951	1007.03497314453
2842.1410358559	1018.54998779297
2844.24215760173	1032.65502929688
2846.34267315905	1051.48498535156
2848.44258276982	1073.49499511719
2850.54188667585	1095.48498535156
2852.64058511883	1123.98498535156
2854.73867834032	1155.94494628906
2856.83616658175	1184.79504394531
2858.93305008443	1213.01000976563
2861.02932908952	1236.97998046875
2863.12500383809	1262.67004394531
2865.22007457104	1304.51000976563
2867.31454152918	1357.1650390625
2869.40840495316	1401.01000976563
2871.50166508353	1452.09497070313
2873.59432216069	1503.96997070313
2875.68637642493	1547.35998535156
2877.77782811641	1588.05505371094
2879.86867747515	1618.78002929688
2881.95892474105	1634.57495117188
2884.0485701539	1632.3349609375
2886.13761395333	1627.67504882813
2888.22605637886	1630.15002441406
2890.3138976699	1632.625
2892.40113806571	1642.68505859375
2894.48777780544	1664.55004882813
2896.57381712808	1675.46997070313
2898.65925627254	1709.28503417969
2900.74409547758	1745.5
2902.82833498183	1755.09997558594
2904.9119750238	1751.53002929688
2906.99501584188	1777.46997070313
2909.07745767432	1809.07995605469
2911.15930075925	1844.20495605469
2913.24054533469	1896.92504882813
2915.3211916385	1933.74499511719
2917.40123990846	1961.35498046875
2919.48069038217	2019.11999511719
2921.55954329716	2076.86499023438
2923.63779889079	2123.65991210938
2925.71545740033	2175.31005859375
2927.79251906289	2204.72509765625
2929.86898411548	2242.51489257813
2931.94485279498	2246.15991210938
2934.02012533815	2255.86010742188
2936.0948019816	2259.86352539063
2938.16888296184	2263.86669921875
2940.24236851525	2267.8701171875
2942.31525887809	2257.0849609375
2944.38755428648	2249.73999023438
2946.45925497643	2213.35009765625
2948.53036118382	2152.76000976563
2950.6008731444	2076.294921875
2952.67079109381	2016.05004882813
2954.74011526755	1973.13000488281
2956.80884590101	1933.5
2958.87698322944	1910.19494628906
2960.94452748799	1898.07995605469
2963.01147891167	1866.94494628906
2965.07783773535	1816.98999023438
2967.14360419382	1765.82495117188
2969.2087785217	1744.83996582031
2971.27336095352	1740.78002929688
2973.33735172366	1718.1650390625
2975.40075106641	1678.47998046875
2977.46355921591	1652.11999511719
2979.52577640618	1633.59497070313
2981.58740287112	1610.30004882813
2983.64843884452	1584.82495117188
2985.70888456003	1557.375
2987.76874025117	1546
2989.82800615137	1513.95495605469
2991.88668249391	1466.28002929688
2993.94476951194	1432.0849609375
2996.00226743852	1398.23498535156
2998.05917650657	1358.78503417969
3000.11549694887	1330.81994628906
3002.17122899812	1311.80505371094
3004.22637288685	1285.07995605469
3006.2809288475	1251.06994628906
3008.33489711238	1220.27502441406
3010.38827791368	1196.53002929688
3012.44107148345	1178.17004394531
3014.49327805366	1155.95495605469
3016.5448978561	1131.98498535156
3018.59593112249	1116.67004394531
3020.64637808441	1103.07495117188
3022.6962389733	1091.56994628906
3024.74551402051	1081.08996582031
3026.79420345725	1071.25
3028.84230751461	1061.38500976563
3030.88982642357	1053.50500488281
3032.93676041497	1046.56494140625
3034.98310971955	1043.65002441406
3037.02887456791	1046.27502441406
3039.07405519054	1051.7900390625
3041.11865181781	1058.18005371094
3043.16266467996	1060.98498535156
3045.20609400713	1064.68505859375
3047.24894002932	1066.77502441406
3049.2912029764	1064.59497070313
3051.33288307815	1068.72497558594
3053.37398056421	1076.65002441406
3055.41449566411	1083.72497558594
3057.45442860725	1095.85498046875
3059.49377962291	1111.10498046875
3061.53254894026	1122.75
3063.57073678834	1125.89501953125
3065.60834339607	1124.55505371094
3067.64536899227	1128.26000976563
3069.68181380561	1131.96496582031
3071.71767806467	1124.47998046875
3073.75296199788	1112.19995117188
3075.78766583357	1093.52001953125
3077.82178979997	1073.40502929688
3079.85533412513	1058.82495117188
3081.88829903705	1046.35498046875
3083.92068476356	1037.5849609375
3085.95249153241	1025.97998046875
3087.98371957119	1015.70001220703
3090.01436910741	1010.19500732422
3092.04444036844	1003.21997070313
3094.07393358152	1000.33001708984
3096.10284897381	993.5
3098.13118677232	990.445007324219
3100.15894720395	987.419982910156
3102.18613049548	982.719970703125
3104.21273687357	979.765014648438
3106.23876656477	979.744995117188
3108.2642197955	979.493347167969
3110.28909679208	979.241638183594
3112.31339778069	978.989990234375
3114.33712298741	977.369995117188
3116.36027263819	976.705017089844
3118.38284695887	978.25
3120.40484617516	979.02001953125
3122.42627051268	980.929992675781
3124.4471201969	982.390014648438
3126.46739545319	985.085021972656
3128.4870965068	987.570007324219
3130.50622358287	986.66748046875
3132.5247769064	985.765014648438
3134.54275670229	985.070007324219
3136.56016319534	989.22998046875
3138.57699661019	990.705017089844
3140.59325717139	989.635009765625
3142.60894510338	989.534973144531
3144.62406063047	986.260009765625
3146.63860397686	984.385009765625
3148.65257536662	986.619995117188
3150.66597502371	987.679992675781
3152.67880317199	988.859985351563
3154.69106003518	990.794982910156
3156.70274583691	992.424987792969
3158.71386080065	995.544982910156
3160.72440514981	1000.71002197266
3162.73437910763	1001.71502685547
3164.74378289728	1000.78497314453
3166.75261674179	1002.21502685547
3168.76088086407	1003.36499023438
3170.76857548692	1008.65002441406
3172.77570083303	1011.98999023438
3174.78225712498	1009.80999755859
3176.78824458521	1008.55499267578
3178.79366343607	1012.84997558594
3180.79851389977	1014.53997802734
3182.80279619844	1015.83502197266
3184.80651055405	1020.23498535156
3186.80965718849	1025.85998535156
3188.81223632353	1028.4150390625
3190.81424818081	1028.12841796875
3192.81569298186	1027.84167480469
3194.8165709481	1027.55505371094
3196.81688230084	1029.45495605469
3198.81662726126	1035.48498535156
3200.81580605044	1039.18994140625
3202.81441888933	1042.90502929688
3204.81246599879	1044.22998046875
3206.80994759954	1046.34997558594
3208.80686391219	1051.57495117188
3210.80321515726	1053.94494628906
3212.79900155512	1053.76501464844
3214.79422332605	1056.50500488281
3216.78888069021	1057.75500488281
3218.78297386765	1060.41003417969
3220.77650307828	1062.09497070313
3222.76946854195	1071.5849609375
3224.76187047834	1078.46496582031
3226.75370910705	1079.7099609375
3228.74498464755	1077.86999511719
3230.73569731921	1084.30004882813
3232.72584734127	1085.83996582031
3234.71543493287	1083.25500488281
3236.70446031304	1082.84497070313
3238.69292370068	1081.73999023438
3240.68082531459	1084.15002441406
3242.66816537345	1088.80505371094
3244.65494409583	1093.28503417969
3246.6411617002	1100.98999023438
3248.62681840488	1106.21997070313
3250.61191442812	1106.88500976563
3252.59644998804	1106.50500488281
3254.58042530263	1103.2900390625
3256.56384058979	1102.44995117188
3258.54669606731	1107.67504882813
3260.52899195285	1113.6650390625
3262.51072846396	1115.67004394531
3264.4919058181	1116.86999511719
3266.47252423259	1119.84497070313
3268.45258392464	1122.24499511719
3270.43208511138	1128.40002441406
3272.41102800978	1135.75500488281
3274.38941283675	1138.42004394531
3276.36723980904	1145.05004882813
3278.34450914332	1147.00500488281
3280.32122105613	1151.17004394531
3282.29737576392	1153.35498046875
3284.272973483	1152.68005371094
3286.24801442958	1160.02502441406
3288.22249881978	1163.88500976563
3290.19642686957	1165.36999511719
3292.16979879485	1166.09997558594
3294.14261481136	1163.46496582031
3296.11487513478	1165.32995605469
3298.08657998065	1171.57495117188
3300.0577295644	1165.77502441406
3302.02832410136	1158.49499511719
3303.99836380673	1157.43005371094
3305.96784889563	1159.49499511719
3307.93677958303	1158.77758789063
3309.90515608383	1158.06005859375
3311.87297861278	1153.21496582031
3313.84024738456	1162.4150390625
3315.80696261371	1163.4150390625
3317.77312451466	1165.09497070313
3319.73873330175	1162.88500976563
3321.70378918919	1151.17504882813
3323.66829239109	1144.25500488281
3325.63224312145	1149.34497070313
3327.59564159416	1154.9150390625
3329.55848802299	1153.25500488281
3331.52078262162	1151.59497070313
3333.4825256036	1146.94995117188
3335.44371718237	1148.75500488281
3337.40435757128	1149.97497558594
3339.36444698356	1150.06005859375
3341.32398563232	1148.94995117188
3343.28297373058	1143.63500976563
3345.24141149124	1137.0849609375
3347.19929912709	1140.21496582031
3349.15663685081	1141.17004394531
3351.11342487497	1137.625
3353.06966341204	1132.56494140625
3355.02535267437	1131.55004882813
3356.98049287421	1140.16003417969
3358.9350842237	1143.55505371094
3360.88912693486	1140.56494140625
3362.84262121962	1144.36499023438
3364.79556728978	1146.56994628906
3366.74796535705	1146.90502929688
3368.69981563302	1142.97497558594
3370.65111832917	1140.81994628906
3372.60187365689	1132.23498535156
3374.55208182744	1131.47497558594
3376.50174305198	1129.86999511719
3378.45085754157	1125.875
3380.39942550714	1131.26501464844
3382.34744715954	1136.56005859375
3384.29492270949	1135.07995605469
3386.24185236761	1130.18505859375
3388.18823634442	1121.38500976563
3390.13407485031	1119.10498046875
3392.07936809559	1131.91003417969
3394.02411629045	1134.84497070313
3395.96831964496	1126.18505859375
3397.91197836911	1114.80505371094
3399.85509267275	1105.61499023438
3401.79766276564	1101.13500976563
3403.73968885745	1108.97497558594
3405.68117115771	1119.0849609375
3407.62210987586	1118.66003417969
3409.56250522123	1112.89501953125
3411.50235740305	1114.11499023438
3413.44166663043	1114.71997070313
3415.38043311238	1113.42504882813
3417.3186570578	1110.05004882813
3419.2563386755	1103.15502929688
3421.19347817415	1096.7099609375
3423.13007576235	1102.01000976563
3425.06613164857	1107.08996582031
3427.00164604118	1101.18505859375
3428.93661914844	1093.94494628906
3430.87105117852	1092.72998046875
3432.80494233945	1098.60998535156
3434.73829283919	1101.18005371094
3436.67110288558	1100.43005371094
3438.60337268634	1100.80505371094
3440.53510244911	1103.10498046875
3442.4662923814	1097.23999023438
3444.39694269064	1089.07495117188
3446.32705358412	1081.26501464844
3448.25662526905	1082.39001464844
3450.18565795254	1082.26245117188
3452.11415184156	1082.13500976563
3454.04210714302	1082.3349609375
3455.96952406369	1084.14001464844
3457.89640281024	1084.44494628906
3459.82274358924	1085.56005859375
3461.74854660717	1080.05505371094
3463.67381207038	1070.97998046875
3465.59854018513	1072.75
3467.52273115756	1071.875
3469.44638519373	1067.36999511719
3471.36950249956	1065.71496582031
3473.29208328091	1055.22497558594
3475.21412774349	1046.02502441406
3477.13563609293	1048.65002441406
3479.05660853476	1046.66748046875
3480.97704527438	1044.68505859375
3482.89694651712	1044.03002929688
3484.81631246818	1046.72497558594
3486.73514333266	1045.35998535156
3488.65343931557	1042.01000976563
3490.57120062179	1039.30505371094
3492.48842745612	1031.99499511719
3494.40512002324	1025.375
3496.32127852773	1020.86999511719
3498.23690317408	1015.08502197266
3500.15199416666	1008.30499267578
3502.06655170974	1011.36999511719
3503.98057600749	1012.00250244141
3505.89406726396	1012.63500976563
3507.80702568312	1007.52502441406
3509.71945146883	1001.19000244141
3511.63134482483	994.715026855469
3513.54270595478	990.369995117188
3515.45353506222	988.190002441406
3517.3638323506	984.679992675781
3519.27359802324	981.690002441406
3521.1828322834	980.969970703125
3523.09153533419	980.75
3524.99970737866	976.400024414063
3526.90734861972	969.315002441406
3528.81445926021	967.734985351563
3530.72103950283	968.77001953125
3532.62708955022	966.575012207031
3534.53260960488	957.864990234375
3536.43759986923	951.27001953125
3538.34206054558	948.484985351563
3540.24599183613	948.164978027344
3542.149393943	950.109985351563
3544.05226706817	945.554992675781
3545.95461141357	940.559997558594
3547.85642718097	934.630004882813
3549.75771457208	930.200012207031
3551.6584737885	930.059997558594
3553.55870503171	928.719970703125
3555.4584085031	926.130004882813
3557.35758440396	922.614990234375
3559.25623293548	920.434997558594
3561.15435429874	918.72998046875
3563.05194869473	914.625
3564.94901632432	915.25
3566.84555738829	914.195007324219
3568.74157208732	909.724975585938
3570.63706062199	906.969970703125
3572.53202319277	906.255004882813
3574.42646000003	906.094970703125
3576.32037124406	903.174987792969
3578.213757125	901.330017089844
3580.10661784295	901.299987792969
3581.99895359786	897.465026855469
3583.8907645896	893.059997558594
3585.78205101794	890.724975585938
3587.67281308254	891.710021972656
3589.56305098297	892.034973144531
3591.4527649187	890.60498046875
3593.34195508907	888.690002441406
3595.23062169338	886.924987792969
3597.11876493075	886.094970703125
3599.00638500027	882.405029296875
3600.89348210089	880.554992675781
3602.78005643148	876.880004882813
3604.66610819078	876.445007324219
3606.55163757747	876.205017089844
3608.4366447901	876.590026855469
3610.32113002713	873.590026855469
3612.20509348693	871.080017089844
3614.08853536774	868.070007324219
3615.97145586773	866.875
3617.85385518497	867.429992675781
3619.7357335174	866.27001953125
3621.61709106289	862.655029296875
3623.4979280192	860.869995117188
3625.37824458399	859.64501953125
3627.25804095482	858.155029296875
3629.13731732915	858
3631.01607390435	858.674987792969
3632.89431087767	854.755004882813
3634.77202844629	853.179992675781
3636.64922680726	852.255004882813
3638.52590615754	850.119995117188
3640.40206669402	851.010009765625
3642.27770861344	850.27001953125
3644.15283211248	849.52001953125
3646.02743738771	846.929992675781
3647.90152463559	844.724975585938
3649.77509405251	843.929992675781
3651.64814583473	843.02001953125
3653.52068017842	840.565002441406
3655.39269727965	838.039978027344
3657.26419733442	835.590026855469
3659.13518053858	835.255004882813
3661.00564708793	835.210021972656
3662.87559717814	835.309997558594
3664.7450310048	833.809997558594
3666.61394876338	832.150024414063
3668.48235064928	831.150024414063
3670.35023685779	831.340026855469
3672.21760758409	829.474975585938
3674.08446302327	829.474975585938
3675.95080337033	829.445007324219
3677.81662882017	827.205017089844
3679.68193956758	826.304992675781
3681.54673580727	824.844970703125
3683.41101773383	823.375
3685.27478554178	822.474975585938
3687.13803942551	822.195007324219
3689.00077957934	820.450012207031
3690.86300619748	820.775024414063
3692.72471947405	819.559997558594
3694.58591960306	818.789978027344
3696.44660677844	818.099975585938
3698.306781194	816.929992675781
3700.16644304348	816.265014648438
3702.02559252049	816.090026855469
3703.88422981859	816.39501953125
3705.74235513119	814.755004882813
3707.59996865164	813.710021972656
3709.45707057318	812.690002441406
3711.31366108895	812.359985351563
3713.16974039199	812.015014648438
3715.02530867527	811.530029296875
3716.88036613164	811.405029296875
3718.73491295385	809.820007324219
3720.58894933456	809.734985351563
3722.44247546634	808.760009765625
3724.29549154166	807.974975585938
3726.14799775289	807.780029296875
3727.9999942923	807.080017089844
3729.85148135209	805.994995117188
3731.70245912432	805.22998046875
3733.55292780098	804.090026855469
3735.40288757397	804.150024414063
3737.25233863509	804.210021972656
3739.10128117603	804.205017089844
3740.9497153884	804.304992675781
3742.7976414637	803.599975585938
3744.64505959335	803.60498046875
3746.49196996866	803.599975585938
3748.33837278086	803.47998046875
3750.18426822108	803.359985351563
3752.02965648033	802.784973144531
3753.87453774956	801.650024414063
3755.7189122196	801.669982910156
3757.5627800812	802.905029296875
3759.40614152501	803.289978027344
3761.24899674159	802.570007324219
3763.09134592138	802.369995117188
3764.93318925476	802.109985351563
3766.77452693199	801.664978027344
3768.61535914325	801.200012207031
3770.45568607861	801.655029296875
3772.29550792807	802.109985351563
3774.1348248815	801.630004882813
3775.9736371287	800.64501953125
3777.81194485938	800.710021972656
