32.6816976106991	717.39501953125
35.6535599501435	717.344970703125
38.6244374909659	717.184997558594
41.5943306947054	717.304992675781
44.5632400226282	717.275024414063
47.5311659356917	716.914978027344
50.4981088945929	716.927490234375
53.4640693597127	716.940002441406
56.4290477911676	716.924987792969
59.3930446487746	716.950012207031
62.356060392067	717.02001953125
65.3180954802906	717.080017089844
68.2791503724084	717.155029296875
71.2392255270922	717.135009765625
74.1983214027271	716.969970703125
77.1564384574159	717.025024414063
80.113577148983	717.080017089844
83.0697379349549	717.070007324219
86.0249212725722	716.784973144531
88.9791276188058	717.14501953125
91.9323574303255	717.195007324219
94.8846111635238	717.044982910156
97.8358892745121	717.255004882813
100.786192219114	717.049987792969
103.73552045287	717.190002441406
106.683874431037	717.195007324219
109.631254608583	717.494995117188
112.577661440203	717.484985351563
115.523095380307	717.539978027344
118.467556883015	717.900024414063
121.411046402175	718.309997558594
124.353564391344	719.150024414063
127.295111303796	720.125
130.235687592532	722.359985351563
133.175293710265	725.934997558594
136.113930109434	732.905029296875
139.051597242185	744.010009765625
141.98829556039	759.484985351563
144.92402551564	779.799987792969
147.858787559244	803.315002441406
150.792582142239	829.210021972656
153.725409715372	851.419982910156
156.65727072911	871.090026855469
159.588165633643	886.25
162.518094878884	896.505004882813
165.447058914469	904.135009765625
168.375058189747	906.429992675781
171.302093153792	908.135009765625
174.228164255401	906.635009765625
177.153271943091	905.505004882813
180.077416665101	904.72998046875
183.000598869394	904.125
185.922819003656	903.429992675781
188.84407751529	902.565002441406
191.764374851424	905.530029296875
194.683711458919	905.440002441406
197.60208778434	905.469970703125
200.519504273992	909.52001953125
203.435961373894	915.715026855469
206.351459529801	921.210021972656
209.265999187174	924.534973144531
212.179580791207	934.335021972656
215.092204786825	945.724975585938
218.003871618673	956.765014648438
220.914581731116	968.984985351563
223.824335568247	975.60498046875
226.733133573893	978.39501953125
229.640976191593	986.474975585938
232.547863864614	993.594970703125
235.453797035961	999.609985351563
238.358776148354	1001.17999267578
241.26280164424	1003.60498046875
244.1658739658	1005.91497802734
247.067993554929	1003.27502441406
249.969160853266	1000.53497314453
252.869376302162	999.419982910156
255.768640342707	996.159973144531
258.666953415705	992.734985351563
261.564315961705	990.609985351563
264.46072842097	987.054992675781
267.356191233499	982.010009765625
270.25070483901	977.210021972656
273.144269676967	977.117553710938
276.036886186551	977.025024414063
278.928554806671	976.364990234375
281.819275975966	972.630004882813
284.709050132812	969.320007324219
287.597877715306	971.570007324219
290.485759161281	969.109985351563
293.372694908298	966.780029296875
296.258685393644	963.719970703125
299.143731054352	959.27001953125
302.027832327156	959.97998046875
304.910989648557	960.659973144531
307.79320345476	959.940002441406
310.674474181717	958.909973144531
313.554802265101	957.070007324219
316.434188140326	956.140014648438
319.312632242533	957.585021972656
322.190135006593	957.469970703125
325.066696867117	955.674987792969
327.942318258443	954.215026855469
330.816999614641	952.554992675781
333.690741369517	949.190002441406
336.56354395661	949.150024414063
339.435407809193	947.789978027344
342.306333360273	946.190002441406
345.176321042591	945.280029296875
348.045371288612	940.77001953125
350.913484530551	938.289978027344
353.78066120035	935.900024414063
356.64690172969	935.705017089844
359.512206549972	935.60498046875
362.376576092357	933.505004882813
365.240010787716	932.849975585938
368.102511066677	931.455017089844
370.964077359587	931.215026855469
373.82471009654	931.72998046875
376.684409707364	932.494995117188
379.543176621612	929.419982910156
382.401011268595	927.614990234375
385.257914077343	927.219970703125
388.113885476627	930.344970703125
390.968925894961	930.554992675781
393.823035760591	931.89501953125
396.676215501503	932.239990234375
399.528465545415	936.679992675781
402.379786319791	940.77001953125
405.230178251834	943.330017089844
408.079641768472	949.794982910156
410.928177296387	951.630004882813
413.775785261992	952.380004882813
416.622466091445	955.054992675781
419.468220210631	957.179992675781
422.313048045182	957.744995117188
425.156950020479	958.924987792969
427.999926561623	958.320007324219
430.841978093471	958.924987792969
433.683105040613	957.815002441406
436.523307827384	955.815002441406
439.362586877851	953.72998046875
442.200942615829	950.400024414063
445.038375464876	949.72998046875
447.874885848283	950.135009765625
450.710474189089	949.880004882813
453.54514091007	949.244995117188
456.37888643375	946.159973144531
459.211711182386	944.789978027344
462.043615577986	944.114990234375
464.874600042297	943.505004882813
467.704664996804	943.109985351563
470.533810862741	941.054992675781
473.36203806108	939.284973144531
476.189347012547	937.744995117188
479.015738137594	936.27001953125
481.841211856432	934.35498046875
484.665768589008	933.294982910156
487.489408755009	937.35498046875
490.312132773878	942.765014648438
493.133941064796	946.580017089844
495.954834046683	946.434997558594
498.77481213821	946.760009765625
501.593875757797	946.348327636719
504.412025323601	945.936706542969
507.229261253524	945.525024414063
510.045583965226	944.929992675781
512.860993876093	944.919982910156
515.675491403271	944.224975585938
518.489076963649	944.539978027344
521.301750973863	942.130004882813
524.113513850293	939.760009765625
526.924366009065	935.289978027344
529.734307866052	933.859985351563
532.543339836881	932.809997558594
535.35146233692	931.094970703125
538.158675781281	928.200012207031
540.964980584833	923.659973144531
543.770377162182	922.085021972656
546.574865927692	920.679992675781
549.378447295465	920.049987792969
552.181121679365	918.195007324219
554.982889492993	911.070007324219
557.783751149701	910.455017089844
560.583707062591	909.664978027344
563.38275764452	909.359985351563
566.180903308083	907.445007324219
568.978144465633	908.244995117188
571.774481529266	907.320007324219
574.569914910839	903.090026855469
577.364445021949	901.929992675781
580.158072273946	901.484985351563
582.950797077926	900.789978027344
585.742619844752	897.400024414063
588.533540985018	894.099975585938
591.323560909078	893.835021972656
594.112680027034	894.119995117188
596.90089874875	894.234985351563
599.688217483828	894.530029296875
602.474636641629	891.820007324219
605.260156631263	890.119995117188
608.044777861596	890.065002441406
610.828500741241	889.025024414063
613.611325678567	889.869995117188
616.393253081697	891.335021972656
619.174283358506	892.489990234375
621.954416916616	894.400024414063
624.733654163414	895.025024414063
627.511995506029	894.760009765625
630.289441351351	892.554992675781
633.065992106022	890.35498046875
635.841648176434	886.85498046875
638.616409968744	885.594970703125
641.390277888847	888.070007324219
644.163252342408	890.775024414063
646.93533373484	893.679992675781
649.706522471307	897.130004882813
652.47681895674	896.525024414063
655.246223595811	895.780029296875
658.014736792957	893.400024414063
660.782358952371	893.565002441406
663.549090477999	893.554992675781
666.314931773542	891.994995117188
669.079883242452	892.630004882813
671.843945287955	891.200012207031
674.607118313019	891.299987792969
677.369402720366	892.844970703125
680.130798912488	894.390014648438
682.891307291627	892.284973144531
685.650928259784	889.299987792969
688.409662218708	889.664978027344
691.167509569927	889.702514648438
693.924470714705	889.739990234375
696.680546054078	890.065002441406
699.435735988832	889.912475585938
702.190040919516	889.760009765625
704.943461246442	890.179992675781
707.695997369667	892.630004882813
710.447649689022	891.594970703125
713.198418604088	892.030029296875
715.948304514206	890.744995117188
718.697307818481	891.549987792969
721.445428915779	893.715026855469
724.192668204716	894.77001953125
726.93902608368	894.474975585938
729.684502950805	893.275024414063
732.429099204005	892.039978027344
735.172815240936	893.335021972656
737.915651459026	896.859985351563
740.657608255463	896.344970703125
743.398686027186	896.190002441406
746.13888517091	896.344970703125
748.878206083102	899.775024414063
751.616649159998	902.200012207031
754.354214797584	902.599975585938
757.09090339162	903.054992675781
759.826715337622	906.114990234375
762.561651030868	907.065002441406
765.295710866406	905.924987792969
768.028895239041	902.119995117188
770.761204543336	899.125
773.492639173626	896.255004882813
776.223199524006	893.200012207031
778.952885988334	890.234985351563
781.681698960235	887.549987792969
784.40963883309	884.525024414063
787.136706000052	882.215026855469
789.862900854037	881.47998046875
792.588223787721	884.869995117188
795.312675193549	883.965026855469
798.036255463728	884.849975585938
800.758964990228	884.265014648438
803.480804164792	885.065002441406
806.201773378919	886.47998046875
808.921873023884	888.710021972656
811.641103490712	892.005004882813
814.359465170214	898.030029296875
817.076958452946	900.924987792969
819.793583729246	904.375
822.509341389214	911.049987792969
825.224231822712	917.905029296875
827.938255419375	922.72998046875
830.651412568596	929.275024414063
833.363703659544	933.85498046875
836.075129081157	939.35498046875
838.785689222127	943.034973144531
841.495384470928	945.255004882813
844.204215215788	945.530029296875
846.912181844721	948.830017089844
849.619284745491	952.294982910156
852.325524305638	957.039978027344
855.030900912475	961.070007324219
857.735414953079	963.320007324219
860.439066814289	963.445007324219
863.141856882725	962.02001953125
865.843785544769	958.405029296875
868.544853186571	951.10498046875
871.245060194063	945.940002441406
873.944406952925	942.409973144531
876.642893848625	942.414978027344
879.340521266398	943.015014648438
882.037289591241	945.994995117188
884.733199207927	949.265014648438
887.428250501001	952.294982910156
890.122443854778	951.625
892.815779653335	949.140014648438
895.508258280534	951.85498046875
898.199880119997	957.47998046875
900.890645555129	961.284973144531
903.580554969094	962.97998046875
906.269608744832	962.575012207031
908.957807265056	959.994995117188
911.645150912257	959.70751953125
914.331640068689	959.419982910156
917.017275116375	958.635009765625
919.702056437128	956.409973144531
922.385984412518	958.075012207031
925.069059423886	958.684997558594
927.751281852366	964.260009765625
930.432652078842	969.445007324219
933.113170483983	973.945007324219
935.79283744823	979.419982910156
938.471653351806	984.840026855469
941.149618574686	986.099975585938
943.826733496641	986.994995117188
946.502998497206	994.489990234375
949.178413955689	991.844970703125
951.85298025118	994.015014648438
954.526697762544	994.840026855469
957.199566868403	995.309997558594
959.87158794718	995.585021972656
962.542761377054	996.544982910156
965.213087535987	992.919982910156
967.882566801719	988.684997558594
970.551199551761	985.450012207031
973.218986163399	986.575012207031
975.885927013698	980.994995117188
978.552022479501	978.125
981.217272937423	972.864990234375
983.88167876386	970.635009765625
986.545240334978	974.760009765625
989.207958026729	980.025024414063
991.869832214835	988.255004882813
994.530863274798	998.109985351563
997.191051581895	1011.48498535156
999.850397511185	1035.0400390625
1002.50890143751	1068.94494628906
1005.16656373546	1099.55505371094
1007.82338477944	1121.92504882813
1010.47936494363	1130.2099609375
1013.13450460195	1116.16003417969
1015.78880412815	1085.43994140625
1018.44226389572	1051.96496582031
1021.09488427794	1020.84997558594
1023.74666564789	1004.22998046875
1026.3976083784	998.294982910156
1029.04771284208	993.14501953125
1031.69697941135	992.054992675781
1034.34540845838	995.390014648438
1036.99300035512	997.955017089844
1039.63975547333	1000.28002929688
1042.28567418452	1001.83502197266
1044.93075685998	997.14501953125
1047.57500387081	993.789978027344
1050.21841558786	992.22998046875
1052.86099238177	995.140014648438
1055.50273462297	996.075012207031
1058.14364268167	997.724975585938
1060.78371692784	1002.21502685547
1063.42295773126	1005.58502197266
1066.06136546148	1014.15002441406
1068.69894048781	1020.85998535156
1071.33568317939	1023.39501953125
1073.9715939051	1024.04504394531
1076.60667303362	1023.70501708984
1079.24092093341	1019.13500976563
1081.87433797271	1016.45501708984
1084.50692451954	1010.125
1087.13868094172	1007.51000976563
1089.76960760684	1007.48498535156
1092.39970488226	1005
1095.02897313516	1002.75500488281
1097.65741273246	1000.43499755859
1100.28502404089	996.369995117188
1102.91180742697	993.369995117188
1105.53776325698	992.030029296875
1108.16289189701	992.349975585938
1110.78719371291	989.130004882813
1113.41066907033	989
1116.0333183347	987.609985351563
1118.65514187124	989.950012207031
1121.27614004495	989.690002441406
1123.89631322061	990.390014648438
1126.51566176279	991.164978027344
1129.13418603585	991.819946289063
1131.75188640394	992.474975585938
1134.36876323098	990.799987792969
1136.98481688069	982.849975585938
1139.60004771655	973.700012207031
1142.21445610187	961.909973144531
1144.82804239972	949.679992675781
1147.44080697295	941.655029296875
1150.05275018421	939.465026855469
1152.66387239593	940.580017089844
1155.27417397034	940.554992675781
1157.88365526943	943.710021972656
1160.49231665502	948.739990234375
1163.10015848867	950.905029296875
1165.70718113176	950.462524414063
1168.31338494544	950.02001953125
1170.91877029067	948.284973144531
1173.52333752817	951.315002441406
1176.12708701847	950.8974609375
1178.73001912187	950.47998046875
1181.33213419848	950.280029296875
1183.93343260819	948.914978027344
1186.53391471068	945.849975585938
1189.13358086539	944.39501953125
1191.73243143161	939.835021972656
1194.33046676836	938.77001953125
1196.92768723449	938.030029296875
1199.52409318861	942.315002441406
1202.11968498915	950.284973144531
1204.7144629943	955.210021972656
1207.30842756206	963.974975585938
1209.90157905021	972.739990234375
1212.49391781634	980.400024414063
1215.08544421779	978.789978027344
1217.67615861174	977.929992675781
1220.26606135512	977.099975585938
1222.85515280468	974.14501953125
1225.44343331694	971.544982910156
1228.03090324823	972.315002441406
1230.61756295466	979.635009765625
1233.20341279213	984.544982910156
1235.78845311634	991.205017089844
1238.37268428278	1000.65997314453
1240.95610664673	1011.23498535156
1243.53872056325	1019.91998291016
1246.12052638722	1024.22998046875
1248.70152447329	1022.61749267578
1251.28171517591	1021.00500488281
1253.86109884934	1021.67999267578
1256.43967584759	1021.19000244141
1259.0174465245	1022.81500244141
1261.5944112337	1023.67999267578
1264.1705703286	1023.70001220703
1266.74592416241	1026.90002441406
1269.32047308814	1028.38000488281
1271.89421745858	1031.81494140625
1274.46715762633	1034.18505859375
1277.03929394377	1034.27502441406
1279.61062676308	1032.56005859375
1282.18115643624	1030.13000488281
1284.75088331502	1029.47497558594
1287.31980775098	1025.97497558594
1289.88793009548	1029.47497558594
1292.45525069969	1028.94995117188
1295.02176991454	1021.69000244141
1297.58748809078	1015.28002929688
1300.15240557897	1015.77502441406
1302.71652272942	1020.875
1305.27983989229	1024.4150390625
1307.84235741749	1031.09497070313
1310.40407565475	1035.875
1312.9649949536	1039.02502441406
1315.52511566335	1045.49499511719
1318.08443813311	1047.80505371094
1320.64296271181	1053.81494140625
1323.20068974815	1056.51000976563
1325.75761959063	1056.14501953125
1328.31375258756	1057.1650390625
1330.86908908704	1056.22253417969
1333.42362943696	1055.28002929688
1335.97737398503	1056.96496582031
1338.53032307874	1055.27502441406
1341.08247706537	1056.86499023438
1343.63383629202	1057.70251464844
1346.18440110558	1058.5400390625
1348.73417185274	1053.5400390625
1351.28314887997	1050.46496582031
1353.83133253357	1036.56494140625
1356.37872315961	1022.08502197266
1358.92532110398	1013.77001953125
1361.47112671237	1002.63500976563
1364.01614033024	989.909973144531
1366.56036230288	985.510009765625
1369.10379297537	980.070007324219
1371.64643269258	973.5
1374.18828179921	965.885009765625
1376.72934063972	958.559997558594
1379.2696095584	954.10498046875
1381.80908889932	952.169982910156
1384.34777900637	951.419982910156
1386.88568022323	951.065002441406
1389.42279289337	950.465026855469
1391.95911736009	950.890014648438
1394.49465396645	951.065002441406
1397.02940305537	954.539978027344
1399.5633649695	959.755004882813
1402.09654005135	961.77001953125
1404.6289286432	963.594970703125
1407.16053108714	965.304992675781
1409.69134772507	964.070007324219
1412.22137889868	966.940002441406
1414.75062494947	969.650024414063
1417.27908621874	970.565002441406
1419.80676304759	972.27001953125
1422.33365577692	972.25
1424.85976474744	975.219970703125
1427.38509029967	977.075012207031
1429.90963277392	979.575012207031
1432.4333925103	983.130004882813
1434.95636984873	989.445007324219
1437.47856512894	1000.16998291016
1439.99997869045	1014.34497070313
1442.5206108726	1031.56005859375
1445.04046201452	1051.125
1447.55953245515	1069.72998046875
1450.07782253323	1089.16003417969
1452.59533258731	1092.61840820313
1455.11206295574	1096.07666015625
1457.62801397668	1099.53503417969
1460.14318598809	1096.64501953125
1462.65757932774	1086.78002929688
1465.1711943332	1074.01000976563
1467.68403134184	1059.80004882813
1470.19609069085	1041.9599609375
1472.70737271721	1024.60998535156
1475.21787775772	1004.42999267578
1477.72760614897	982.219970703125
1480.23655822738	957.734985351563
1482.74473432914	936.010009765625
1485.25213479029	917.239990234375
1487.75875994664	902.375
1490.26461013382	889.804992675781
1492.76968568726	882.054992675781
1495.27398694222	875.880004882813
1497.77751423374	870.825012207031
1500.28026789667	867.335021972656
1502.78224826569	866.434997558594
1505.28345567526	862.820007324219
1507.78389045967	861.859985351563
1510.28355295299	859.580017089844
1512.78244348913	858.239990234375
1515.28056240178	857
1517.77791002445	857.885009765625
1520.27448669047	857.635009765625
1522.77029273296	857.737548828125
1525.26532848486	857.840026855469
1527.75959427889	858.190002441406
1530.25309044764	858.494995117188
1532.74581732344	859.135009765625
1535.23777523847	859.405029296875
1537.72896452471	861.234985351563
1540.21938551394	862.205017089844
1542.70903853778	863.505004882813
1545.19792392761	866.505004882813
1547.68604201466	872.794982910156
1550.17339312997	877.890014648438
1552.65997760434	880.825012207031
1555.14579576845	882.489990234375
1557.63084795275	886.280029296875
1560.11513448749	888.984985351563
1562.59865570276	887.794982910156
1565.08141192845	887.219970703125
1567.56340349426	885.039978027344
1570.04463072969	881.210021972656
1572.52509396406	881.315002441406
1575.00479352652	881.659973144531
1577.48372974599	883.469970703125
1579.96190295124	884.695007324219
1582.43931347083	885.380004882813
1584.91596163314	892.265014648438
1587.39184776636	895.909973144531
1589.86697219849	898.869995117188
1592.34133525734	901.094970703125
1594.81493727054	900.900024414063
1597.28777856553	903.794982910156
1599.75985946955	907.205017089844
1602.23118030968	912.825012207031
1604.70174141278	922.869995117188
1607.17154310555	932.905029296875
1609.64058571449	941.075012207031
1612.10886956591	946.119995117188
1614.57639498595	947.315002441406
1617.04316230054	948.22998046875
1619.50917183543	949.14501953125
1621.97442391621	944.919982910156
1624.43891886825	941.840026855469
1626.90265701674	934.974975585938
1629.36563868671	931.734985351563
1631.82786420296	932.414978027344
1634.28933389016	931.625
1636.75004807274	938.289978027344
1639.21000707498	947.049987792969
1641.66921122097	951.434997558594
1644.12766083459	962.155029296875
1646.58535623956	972.650024414063
1649.04229775941	985.900024414063
1651.4984857175	997.864990234375
1653.95392043697	1009.58001708984
1656.40860224079	1025.27001953125
1658.86253145177	1037.64001464844
1661.3157083925	1048.22998046875
1663.76813338542	1051.77502441406
1666.21980675275	1050.92004394531
1668.67072881656	1048.42504882813
1671.1208998987	1042.6650390625
1673.57032032089	1036.75500488281
1676.0189904046	1026.69494628906
1678.46691047118	1014.70501708984
1680.91408084174	1003.14501953125
1683.36050183726	990.320007324219
1685.8061737785	974.544982910156
1688.25109698605	956.244995117188
1690.69527178032	938.784973144531
1693.13869848153	926.905029296875
1695.58137740972	914.390014648438
1698.02330888476	897.784973144531
1700.46449322631	885.565002441406
1702.90493075388	873.594970703125
1705.34462178678	862.664978027344
1707.78356664414	854.22998046875
1710.22176564492	846.340026855469
1712.65921910787	839.965026855469
1715.0959273516	835.265014648438
1717.53189069449	831.094970703125
1719.9671094548	826.784973144531
1722.40158395054	824.594970703125
1724.8353144996	822.210021972656
1727.26830141965	822.570007324219
1729.70054502819	822.690002441406
1732.13204564255	821.015014648438
1734.56280357987	820.5
1736.99281915711	818.585021972656
1739.42209269106	818.559997558594
1741.85062449831	818.450012207031
1744.27841489529	817.715026855469
1746.70546419823	816.664978027344
1749.13177272321	814.994995117188
1751.5573407861	814.405029296875
1753.98216870262	814.489990234375
1756.40625678828	814.575012207031
1758.82960535844	813.934997558594
1761.25221472825	813.565002441406
1763.67408521271	812.840026855469
1766.09521712663	813.304992675781
1768.51561078464	812.72998046875
1770.93526650119	813.695007324219
1773.35418459056	811.434997558594
1775.77236536684	811.414978027344
1778.18980914396	811.340026855469
1780.60651623565	811.539978027344
1783.02248695548	811.407470703125
1785.43772161684	811.275024414063
1787.85222053292	811.359985351563
1790.26598401677	810.789978027344
1792.67901238123	809.825012207031
1795.09130593899	809.465026855469
1797.50286500254	809.179992675781
1799.9136898842	808.575012207031
1802.32378089613	807.919982910156
1804.73313835028	807.385009765625
1807.14176255846	807.715026855469
1809.54965383228	808.419982910156
1811.95681248317	807.969970703125
1814.36323882242	808
1816.76893316109	806.679992675781
1819.17389581011	806.765014648438
1821.57812708021	806.914978027344
1823.98162728196	806.054992675781
1826.38439672573	807.184997558594
1828.78643572174	807.109985351563
1831.18774458003	806.390014648438
1833.58832361045	806.635009765625
1835.98817312269	806.275024414063
1838.38729342625	805.434997558594
1840.78568483048	804.940002441406
1843.18334764454	804.47998046875
1845.58028217741	804.625
1847.9764887379	805.255004882813
1850.37196763465	805.66748046875
1852.76671917613	806.080017089844
1855.16074367062	805.364990234375
1857.55404142624	805.849975585938
1859.94661275094	805.080017089844
1862.33845795247	804.52001953125
1864.72957733844	803.724975585938
1867.11997121627	804.224975585938
1869.5096398932	804.460021972656
1871.89858367631	804.150024414063
1874.28680287251	804.705017089844
1876.67429778851	804.164978027344
1879.06106873089	804.191650390625
1881.44711600601	804.218322753906
1883.8324399201	804.244995117188
1886.21704077919	804.260009765625
1888.60091888915	803.674987792969
1890.98407455567	803.609985351563
1893.36650808428	803.924987792969
1895.74821978033	804.405029296875
1898.12920994899	804.72998046875
1900.50947889527	804.364990234375
1902.88902692401	804.10498046875
1905.26785433986	803.85498046875
1907.64596144734	803.614990234375
1910.02334855075	803.950012207031
1912.40001595424	803.795043945313
1914.7759639618	803.640014648438
1917.15119287724	803.5
1919.52570300419	803.460021972656
1921.89949464611	803.864990234375
1924.27256810632	804
1926.64492368793	804.474975585938
1929.0165616939	804.489990234375
1931.38748242701	804.505004882813
1933.75768618989	805.304992675781
1936.12717328497	805.429992675781
1938.49594401455	805.135009765625
1940.86399868071	804.099975585938
1943.23133758541	803.60498046875
1945.5979610304	803.710021972656
1947.96386931729	804.505004882813
1950.32906274751	804.364990234375
1952.69354162232	804.530029296875
1955.0573062428	804.60498046875
1957.42035690989	803.510009765625
1959.78269392434	804.460021972656
1962.14431758673	804.840026855469
1964.50522819748	804.840026855469
1966.86542605684	804.169982910156
1969.22491146488	803.875
1971.58368472153	802.929992675781
1973.94174612654	803.655029296875
1976.29909597945	803.642517089844
1978.65573457971	803.630004882813
1981.01166222654	803.510009765625
1983.36687921902	803.664978027344
1985.72138585606	804.215026855469
1988.07518243639	804.072509765625
1990.42826925859	803.929992675781
1992.78064662106	803.919982910156
1995.13231482205	804.234985351563
1997.48327415961	802.534973144531
1999.83352493167	803.97998046875
2002.18306743594	804.034973144531
2004.53190197002	804.400024414063
2006.8800288313	803.474975585938
2009.22744831703	804.025024414063
2011.57416072427	803.890014648438
2013.92016634993	802.984985351563
2016.26546549076	803.525024414063
2018.61005844332	803.405029296875
2020.95394550404	803.835021972656
2023.29712696915	803.690002441406
2025.63960313474	803.70751953125
2027.98137429672	803.724975585938
2030.32244075083	803.10498046875
2032.66280279266	803.265014648438
2035.00246071763	803.219970703125
2037.34141482099	804.109985351563
2039.67966539784	804.090026855469
2042.01721274309	804.234985351563
2044.35405715151	804.107482910156
2046.69019891769	803.97998046875
2049.02563833606	804.364990234375
2051.3603757009	803.75
2053.6944113063	804.359985351563
2056.0277454462	804.5224609375
2058.36037841439	804.684997558594
2060.69231050446	803.97998046875
2063.02354200988	804.244995117188
2065.35407322392	804.030029296875
2067.68390443971	804.549987792969
2070.01303595021	806.075012207031
2072.3414680482	805.799987792969
2074.66920102633	806.135009765625
2076.99623517706	804.815002441406
2079.32257079271	804.635009765625
2081.6482081654	804.075012207031
2083.97314758713	805.554992675781
2086.29738934971	806.494995117188
2088.62093374481	806.349975585938
2090.94378106391	806.299987792969
2093.26593159835	806.200012207031
2095.5873856393	805.140014648438
2097.90814347777	804.52001953125
2100.2282054046	804.565002441406
2102.54757171048	805.789978027344
2104.86624268594	806.304992675781
2107.18421862133	806.090026855469
2109.50149980686	805.695007324219
2111.81808653257	807.330017089844
2114.13397908834	807.140014648438
2116.44917776388	806.570007324219
2118.76368284875	807.325012207031
2121.07749463235	807.815002441406
2123.39061340391	808.065002441406
2125.70303945252	807.799987792969
2128.01477306707	807.77001953125
2130.32581453634	807.739990234375
2132.63616414891	807.64501953125
2134.94582219322	807.559997558594
2137.25478895754	807.635009765625
2139.56306472999	807.809997558594
2141.87064979851	807.375
2144.17754445092	806.97998046875
2146.48374897484	807.174987792969
2148.78926365774	807.460021972656
2151.09408878695	808.140014648438
2153.39822464963	808.450012207031
2155.70167153277	808.380004882813
2158.00442972321	807.784973144531
2160.30649950763	806.950012207031
2162.60788117256	806.400024414063
2164.90857500436	805.945007324219
2167.20858128923	806.289978027344
2169.50790031323	807.155029296875
2171.80653236223	808.164978027344
2174.10447772198	808.085021972656
2176.40173667804	808.065002441406
2178.69830951582	807.825012207031
2180.99419652058	807.119995117188
2183.28939797743	806.909973144531
2185.5839141713	806.886657714844
2187.87774538698	806.863342285156
2190.17089190908	806.840026855469
2192.46335402209	807.169982910156
2194.75513201032	807.532470703125
2197.04622615791	807.89501953125
2199.33663674886	806.890014648438
2201.62636406702	806.125
2203.91540839606	807.140014648438
2206.20377001952	807.900024414063
2208.49144922077	807.409973144531
2210.77844628302	806.35498046875
2213.06476148933	806.320007324219
2215.3503951226	806.934997558594
2217.63534746557	806.664978027344
2219.91961880085	805.72998046875
2222.20320941085	805.155029296875
2224.48611957785	806.14501953125
2226.76834958399	806.234985351563
2229.04989971122	806.094970703125
2231.33077024136	805.955017089844
2233.61096145607	805.815002441406
2235.89047363683	806.215026855469
2238.169307065	806.330017089844
2240.44746202178	805.450012207031
2242.72493878819	806.184997558594
2245.00173764511	806.919982910156
2247.27785887327	806.597534179688
2249.55330275324	806.275024414063
2251.82806956545	806.744995117188
2254.10215959014	805.155029296875
2256.37557310744	805.85498046875
2258.64831039729	806.114990234375
2260.92037173949	806.804992675781
2263.19175741368	807.135009765625
2265.46246769938	806.875
2267.7325028759	806.400024414063
2270.00186322243	805.825012207031
2272.270549018	806.090026855469
2274.5385605415	806.619995117188
2276.80589807165	807
2279.07256188702	806.85498046875
2281.33855226601	807.090026855469
2283.60386948691	806.510009765625
2285.86851382782	806.400024414063
2288.1324855667	806.630004882813
2290.39578498136	805
2292.65841234945	805.924987792969
2294.92036794847	806.099975585938
2297.18165205578	807.505004882813
2299.44226494856	807.244995117188
2301.70220690387	807.22998046875
2303.96147819859	807.377502441406
2306.22007910947	807.525024414063
2308.47800991309	807.364990234375
2310.73527088589	806.559997558594
2312.99186230416	806.664978027344
2315.24778444403	807.974975585938
2317.50303758149	808.469970703125
2319.75762199235	808.409973144531
2322.01153795231	808.368286132813
2324.26478573689	808.32666015625
2326.51736562147	808.284973144531
2328.76927788127	808.27001953125
2331.02052279137	808.359985351563
2333.2711006267	808.8125
2335.52101166203	809.265014648438
2337.77025617198	808.075012207031
2340.01883443103	807.119995117188
2342.2667467135	807.469970703125
2344.51399329356	807.625
2346.76057444525	806.60498046875
2349.00649044241	806.890014648438
2351.2517415588	806.85498046875
2353.49632806796	806.820007324219
2355.74025024334	806.409973144531
2357.98350835819	806.35498046875
2360.22610268566	806.434997558594
2362.4680334987	806.515014648438
2364.70930107016	806.570007324219
2366.94990567269	806.190002441406
2369.18984757884	806.202514648438
2371.42912706098	806.215026855469
2373.66774439134	806.130004882813
2375.90569984199	806.534973144531
2378.14299368488	807.294982910156
2380.37962619179	806.765014648438
2382.61559763435	807.049987792969
2384.85090828405	807.10498046875
2387.08555841222	807.184997558594
2389.31954829006	807.239990234375
2391.55287818861	807.294982910156
2393.78554837877	807.119995117188
2396.01755913128	806.369995117188
2398.24891071673	806.765014648438
2400.47960340558	807.200012207031
2402.70963746814	806.945007324219
2404.93901317456	806.835021972656
2407.16773079485	808.135009765625
2409.39579059887	808.830017089844
2411.62319285633	808.034973144531
2413.84993783681	808.070007324219
2416.07602580971	805.950012207031
2418.30145704432	805.599975585938
2420.52623180977	806.599975585938
2422.75035037503	807.659973144531
2424.97381300893	809.025024414063
2427.19661998017	808.880004882813
2429.41877155729	808.460021972656
2431.64026800867	808.035034179688
2433.86110960257	807.609985351563
2436.08129660709	807.905029296875
2438.30082929019	808.664978027344
2440.51970791967	808.630004882813
2442.73793276321	808.621643066406
2444.95550408832	808.613342285156
2447.17242216237	808.60498046875
2449.38868725259	808.239990234375
2451.60429962607	808.734985351563
2453.81925954975	808.724975585938
2456.03356729041	808.875
2458.2472231147	807.47998046875
2460.46022728913	808.025024414063
2462.67258008005	809.085021972656
2464.88428175368	808.440002441406
2467.09533257608	808.3349609375
2469.30573281318	808.22998046875
2471.51548273076	808.155029296875
2473.72458259445	807.659973144531
2475.93303266974	808.010009765625
2478.14083322198	807.614990234375
2480.34798451637	809.169982910156
2482.55448681797	810.010009765625
2484.76034039169	809.690002441406
2486.96554550231	809.515014648438
2489.17010241445	809.914978027344
2491.37401139259	809.789978027344
2493.57727270109	809.734985351563
2495.77988660412	809.484985351563
2497.98185336574	810.200012207031
2500.18317324987	810.118347167969
2502.38384652028	810.036682128906
2504.58387344058	809.955017089844
2506.78325427425	809.77001953125
2508.98198928465	809.469970703125
2511.18007873495	809.77001953125
2513.37752288821	810.469970703125
2515.57432200735	810.885009765625
2517.77047635514	811.794982910156
2519.96598619419	811.674987792969
2522.16085178699	811.929992675781
2524.35507339589	811.934997558594
2526.54865128308	812.369995117188
2528.74158571062	811.570007324219
2530.93387694042	810.554992675781
2533.12552523427	809.494995117188
2535.31653085379	810.039978027344
2537.50689406046	812.054992675781
2539.69661511566	813.135009765625
2541.88569428057	813.109985351563
2544.07413181627	812.994995117188
2546.26192798368	812.739990234375
2548.44908304359	812.784973144531
2550.63559725664	812.445007324219
2552.82147088333	812.580017089844
2555.00670418402	813.469970703125
2557.19129741894	814.744995117188
2559.37525084817	814.125
2561.55856473164	814.044982910156
2563.74123932917	813.92333984375
2565.92327490039	813.801635742188
2568.10467170484	813.679992675781
2570.28543000189	813.905029296875
2572.46555005079	815.325012207031
2574.64503211063	814.934997558594
2576.82387644036	816.505004882813
2579.00208329882	816.844970703125
2581.17965294468	816.664978027344
2583.35658563648	816.599975585938
2585.53288163263	817.325012207031
2587.70854119137	816.150024414063
2589.88356457084	815.039978027344
2592.05795202902	814.544982910156
2594.23170382376	815.919982910156
2596.40482021275	816.210021972656
2598.57730145356	816.455017089844
2600.74914780363	816.410034179688
2602.92035952023	816.364990234375
2605.09093686053	815.835021972656
2607.26088008153	816.609985351563
2609.4301894401	817.724975585938
2611.59886519299	820.010009765625
2613.76690759678	819.505004882813
2615.93431690793	820.099975585938
2618.10109338277	822.034973144531
2620.26723727748	822.659973144531
2622.4327488481	823.294982910156
2624.59762835054	822.955017089844
2626.76187604057	823.489990234375
2628.92549217382	823.159973144531
2631.08847700579	824.070007324219
2633.25083079182	823.679992675781
2635.41255378715	823.880004882813
2637.57364624684	824.335021972656
2639.73410842586	824.232543945313
2641.893940579	824.130004882813
2644.05314296094	824.77001953125
2646.21171582621	825.460021972656
2648.36965942921	825.375
2650.5269740242	825.489990234375
2652.6836598653	826.424987792969
2654.83971720651	827.309997558594
2656.99514630167	826.664978027344
2659.1499474045	826.530029296875
2661.30412076857	826.02001953125
2663.45766664734	826.669982910156
2665.61058529411	826.450012207031
2667.76287696204	827.760009765625
2669.91454190418	828.780029296875
2672.06558037342	829.905029296875
2674.21599262253	830.239990234375
2676.36577890413	831.075012207031
2678.51493947072	831.125
2680.66347457466	831.140014648438
2682.81138446816	831.155029296875
2684.95866940332	832.739990234375
2687.10532963209	832.780029296875
2689.25136540628	832.914978027344
2691.39677697757	832.944946289063
2693.54156459752	832.974975585938
2695.68572851753	833.945007324219
2697.82926898888	834.094970703125
2699.97218626272	835.405029296875
2702.11448059006	835.164978027344
2704.25615222175	837.530029296875
2706.39720140856	839.320007324219
2708.53762840109	840.47998046875
2710.67743344979	841.559997558594
2712.81661680503	842.025024414063
2714.95517871698	843.619995117188
2717.09311943574	845.460021972656
2719.23043921123	850.265014648438
2721.36713829325	852.405029296875
2723.50321693148	853.900024414063
2725.63867537545	856.789978027344
2727.77351387456	858.799987792969
2729.90773267809	860.594970703125
2732.04133203516	859.577514648438
2734.17431219478	858.559997558594
2736.30667340581	857.669982910156
2738.438415917	857.409973144531
2740.56953997695	856.275024414063
2742.70004583414	856.174987792969
2744.82993373688	856.429992675781
2746.9592039334	854.815002441406
2749.08785667177	855.344970703125
2751.21589219993	853.869995117188
2753.34331076568	853.575012207031
2755.4701126167	850.974975585938
2757.59629800054	850.215026855469
2759.7218671646	850.744995117188
2761.84682035617	850.369995117188
2763.9711578224	848.794982910156
2766.0948798103	848.380004882813
2768.21798656676	848.590026855469
2770.34047833852	848.416687011719
2772.46235537222	848.243347167969
2774.58361791434	848.070007324219
2776.70426621124	848.724975585938
2778.82430050915	848.419982910156
2780.94372105416	848.724975585938
2783.06252809224	848.015014648438
2785.18072186922	847.830017089844
2787.29830263081	846.494995117188
2789.41527062257	844.700012207031
2791.53162608996	843.864990234375
2793.64736927828	843.914978027344
2795.76250043271	843.900024414063
2797.8770197983	843.885009765625
2799.99092761997	844.239990234375
2802.10422414252	844.594970703125
2804.21690961059	846.75
2806.32898426873	848.635009765625
2808.44044836132	849.859985351563
2810.55130213264	851.150024414063
2812.66154582682	853.015014648438
2814.77117968788	854.159973144531
2816.8802039597	856.35498046875
2818.98861888601	860.349975585938
2821.09642471046	862.630004882813
2823.20362167653	866.544982910156
2825.31021002756	871.900024414063
2827.41619000682	877.195007324219
2829.52156185738	881.945007324219
2831.62632582224	885.655029296875
2833.73048214422	890.705017089844
2835.83403106606	896.594970703125
2837.93697283033	902.924987792969
2840.03930767951	907.534973144531
2842.1410358559	918.22998046875
2844.24215760173	930.955017089844
2846.34267315905	947.150024414063
2848.44258276982	966.554992675781
2850.54188667585	984.625
2852.64058511883	1009.375
2854.73867834032	1036.50500488281
2856.83616658175	1059.77001953125
2858.93305008443	1081.28503417969
2861.02932908952	1100.97497558594
2863.12500383809	1120.84997558594
2865.22007457104	1155.00500488281
2867.31454152918	1193.13000488281
2869.40840495316	1228.71496582031
2871.50166508353	1269.80004882813
2873.59432216069	1315.15502929688
2875.68637642493	1349.35498046875
2877.77782811641	1372.65002441406
2879.86867747515	1389.11499023438
2881.95892474105	1401.49499511719
2884.0485701539	1405.92004394531
2886.13761395333	1407.47497558594
2888.22605637886	1406.107421875
2890.3138976699	1404.73999023438
2892.40113806571	1420.01501464844
2894.48777780544	1440.82495117188
2896.57381712808	1456.21997070313
2898.65925627254	1481.93505859375
2900.74409547758	1498.18005371094
2902.82833498183	1501.27001953125
2904.9119750238	1509.79504394531
2906.99501584188	1531.42504882813
2909.07745767432	1557.78503417969
2911.15930075925	1580.15502929688
2913.24054533469	1621.74499511719
2915.3211916385	1649.44494628906
2917.40123990846	1678.32495117188
2919.48069038217	1719.86999511719
2921.55954329716	1759.51501464844
2923.63779889079	1794.15002441406
2925.71545740033	1835.65002441406
2927.79251906289	1859.11499023438
2929.86898411548	1884.13500976563
2931.94485279498	1900.98498535156
2934.02012533815	1915.71496582031
2936.0948019816	1915.89501953125
2938.16888296184	1916.07495117188
2940.24236851525	1916.25500488281
2942.31525887809	1906.13500976563
2944.38755428648	1894.59497070313
2946.45925497643	1874.43505859375
2948.53036118382	1832.92004394531
2950.6008731444	1772.17504882813
2952.67079109381	1715.31005859375
2954.74011526755	1670.76000976563
2956.80884590101	1632.66003417969
2958.87698322944	1613.71496582031
2960.94452748799	1610.18005371094
2963.01147891167	1590.54504394531
2965.07783773535	1562.4150390625
2967.14360419382	1531.36999511719
2969.2087785217	1507.90502929688
2971.27336095352	1500.65502929688
2973.33735172366	1476.02502441406
2975.40075106641	1455.31494140625
2977.46355921591	1434.71496582031
2979.52577640618	1411.57495117188
2981.58740287112	1392.59497070313
2983.64843884452	1375.76000976563
2985.70888456003	1355.52502441406
2987.76874025117	1333.9599609375
2989.82800615137	1304.7900390625
2991.88668249391	1274.57995605469
2993.94476951194	1250.60998535156
2996.00226743852	1226.64501953125
2998.05917650657	1196.44995117188
3000.11549694887	1166.64001464844
3002.17122899812	1146.57495117188
3004.22637288685	1124.76501464844
3006.2809288475	1103.68994140625
3008.33489711238	1079.80004882813
3010.38827791368	1057.26501464844
3012.44107148345	1043.61999511719
3014.49327805366	1027.875
3016.5448978561	1010.45501708984
3018.59593112249	996.919982910156
3020.64637808441	986.669982910156
3022.6962389733	976.679992675781
3024.74551402051	968.585021972656
3026.79420345725	962.22998046875
3028.84230751461	954.47998046875
3030.88982642357	947.195007324219
3032.93676041497	942.969970703125
3034.98310971955	940.945007324219
3037.02887456791	943.724975585938
3039.07405519054	946.960021972656
3041.11865181781	948.984985351563
3043.16266467996	951.554992675781
3045.20609400713	954.369995117188
3047.24894002932	957.27001953125
3049.2912029764	960.440002441406
3051.33288307815	961.065002441406
3053.37398056421	967.315002441406
3055.41449566411	974.125
3057.45442860725	981.599975585938
3059.49377962291	994.349975585938
3061.53254894026	1001.79498291016
3063.57073678834	1008.40502929688
3065.60834339607	1010.01501464844
3067.64536899227	1012.14001464844
3069.68181380561	1009.61499023438
3071.71767806467	999.174987792969
3073.75296199788	987.390014648438
3075.78766583357	973.205017089844
3077.82178979997	960.880004882813
3079.85533412513	951.039978027344
3081.88829903705	942.544982910156
3083.92068476356	932.375
3085.95249153241	922.955017089844
3087.98371957119	916.140014648438
3090.01436910741	910.409973144531
3092.04444036844	905.164978027344
3094.07393358152	902.585021972656
3096.10284897381	898.140014648438
3098.13118677232	896.559997558594
3100.15894720395	895.239990234375
3102.18613049548	892.914978027344
3104.21273687357	890.070007324219
3106.23876656477	889.60498046875
3108.2642197955	890.299987792969
3110.28909679208	889.824951171875
3112.31339778069	889.349975585938
3114.33712298741	889.255004882813
3116.36027263819	890.635009765625
3118.38284695887	891.299987792969
3120.40484617516	890.594970703125
3122.42627051268	891.744995117188
3124.4471201969	891.955017089844
3126.46739545319	894.39501953125
3128.4870965068	896.929992675781
3130.50622358287	896.719970703125
3132.5247769064	895.515014648438
3134.54275670229	896.489990234375
3136.56016319534	896.815002441406
3138.57699661019	896.898315429688
3140.59325717139	896.981689453125
3142.60894510338	897.065002441406
3144.62406063047	896.969970703125
3146.63860397686	896.830017089844
3148.65257536662	897.815002441406
3150.66597502371	898.215026855469
3152.67880317199	898.304992675781
3154.69106003518	900.205017089844
3156.70274583691	902.380004882813
3158.71386080065	903.625
3160.72440514981	907.010009765625
3162.73437910763	910.205017089844
3164.74378289728	909.155029296875
3166.75261674179	911.369995117188
3168.76088086407	911.859985351563
3170.76857548692	915.344970703125
3172.77570083303	920.25
3174.78225712498	918.570007324219
3176.78824458521	916.809997558594
3178.79366343607	918.724975585938
3180.79851389977	921.549987792969
3182.80279619844	924.065002441406
3184.80651055405	927.455017089844
3186.80965718849	929.35498046875
3188.81223632353	932.590026855469
3190.81424818081	938.419982910156
3192.81569298186	940.755004882813
3194.8165709481	938.924987792969
3196.81688230084	939.140014648438
3198.81662726126	944.530029296875
3200.81580605044	944.460021972656
3202.81441888933	946.284973144531
3204.81246599879	947.179992675781
3206.80994759954	949.179992675781
3208.80686391219	953.72998046875
3210.80321515726	956.445007324219
3212.79900155512	958.39501953125
3214.79422332605	959.835021972656
3216.78888069021	961.294982910156
3218.78297386765	964.114990234375
3220.77650307828	966.744995117188
3222.76946854195	972.289978027344
3224.76187047834	977.184997558594
3226.75370910705	979.859985351563
3228.74498464755	979.625
3230.73569731921	981.585021972656
3232.72584734127	983.309997558594
3234.71543493287	983.080017089844
3236.70446031304	982.940002441406
3238.69292370068	985.27001953125
3240.68082531459	988.094970703125
3242.66816537345	991.919982910156
3244.65494409583	994.885009765625
3246.6411617002	999.75
3248.62681840488	1002.43499755859
3250.61191442812	1004.82000732422
3252.59644998804	1006.22998046875
3254.58042530263	1004.97497558594
3256.56384058979	1006.76501464844
3258.54669606731	1009.53997802734
3260.52899195285	1014.02502441406
3262.51072846396	1015.16998291016
3264.4919058181	1014.52502441406
3266.47252423259	1020.22497558594
3268.45258392464	1023.14001464844
3270.43208511138	1028.125
3272.41102800978	1032.39501953125
3274.38941283675	1035.2900390625
3276.36723980904	1039.72998046875
3278.34450914332	1042.5400390625
3280.32122105613	1045.89501953125
3282.29737576392	1052.52502441406
3284.272973483	1052.5400390625
3286.24801442958	1055.81994628906
3288.22249881978	1058.17004394531
3290.19642686957	1056.82995605469
3292.16979879485	1057.57495117188
3294.14261481136	1058.38000488281
3296.11487513478	1062.2900390625
3298.08657998065	1064.06494140625
3300.0577295644	1060.77502441406
3302.02832410136	1057.01000976563
3303.99836380673	1057.40502929688
3305.96784889563	1057.26501464844
3307.93677958303	1055.68005371094
3309.90515608383	1054.44494628906
3311.87297861278	1053.93505859375
3313.84024738456	1056.875
3315.80696261371	1057.18505859375
3317.77312451466	1059.94494628906
3319.73873330175	1060.63000488281
3321.70378918919	1052.4599609375
3323.66829239109	1045.27502441406
3325.63224312145	1043.67004394531
3327.59564159416	1046.75
3329.55848802299	1049.56994628906
3331.52078262162	1048.07739257813
3333.4825256036	1046.5849609375
3335.44371718237	1047.52001953125
3337.40435757128	1047.02001953125
3339.36444698356	1046.52001953125
3341.32398563232	1047.85498046875
3343.28297373058	1042.45495605469
3345.24141149124	1042.13500976563
3347.19929912709	1042.00500488281
3349.15663685081	1043.125
3351.11342487497	1040.81994628906
3353.06966341204	1041.24499511719
3355.02535267437	1040.78503417969
3356.98049287421	1041.31994628906
3358.9350842237	1040.98999023438
3360.88912693486	1040.51000976563
3362.84262121962	1043.61499023438
3364.79556728978	1046.78503417969
3366.74796535705	1046.31005859375
3368.69981563302	1046.10998535156
3370.65111832917	1041.31005859375
3372.60187365689	1038.96496582031
3374.55208182744	1037.64001464844
3376.50174305198	1039.1650390625
3378.45085754157	1036.86499023438
3380.39942550714	1035.11499023438
3382.34744715954	1038.51000976563
3384.29492270949	1037.72998046875
3386.24185236761	1032.11499023438
3388.18823634442	1030.51000976563
3390.13407485031	1029.36999511719
3392.07936809559	1031.31494140625
3394.02411629045	1033.26000976563
3395.96831964496	1028.98498535156
3397.91197836911	1025.30505371094
3399.85509267275	1019.75500488281
3401.79766276564	1017.32000732422
3403.73968885745	1019.52001953125
3405.68117115771	1026.34997558594
3407.62210987586	1026.0400390625
3409.56250522123	1024.67504882813
3411.50235740305	1023.30999755859
3413.44166663043	1021.76000976563
3415.38043311238	1017.08502197266
3417.3186570578	1017.28002929688
3419.2563386755	1016.33001708984
3421.19347817415	1013.84497070313
3423.13007576235	1013.97332763672
3425.06613164857	1014.10162353516
3427.00164604118	1014.22998046875
3428.93661914844	1011.48498535156
3430.87105117852	1011.17498779297
3432.80494233945	1012.94250488281
3434.73829283919	1014.71002197266
3436.67110288558	1012.01501464844
3438.60337268634	1013.15002441406
3440.53510244911	1012.875
3442.4662923814	1007.57000732422
3444.39694269064	1002.78002929688
3446.32705358412	1000.07501220703
3448.25662526905	1000.52502441406
3450.18565795254	1002.26000976563
3452.11415184156	1002.18499755859
3454.04210714302	1001.65997314453
3455.96952406369	999.969970703125
3457.89640281024	1000.32000732422
3459.82274358924	1001.30999755859
3461.74854660717	997.215026855469
3463.67381207038	992.664978027344
3465.59854018513	992.359985351563
3467.52273115756	990.455017089844
3469.44638519373	987.059997558594
3471.36950249956	982.614990234375
3473.29208328091	977.474975585938
3475.21412774349	974.419982910156
3477.13563609293	972.989990234375
3479.05660853476	971.224975585938
3480.97704527438	968.169982910156
3482.89694651712	967.575012207031
3484.81631246818	967.380004882813
3486.73514333266	965.950012207031
3488.65343931557	962.195007324219
3490.57120062179	962.275024414063
3492.48842745612	958.419982910156
3494.40512002324	952.405029296875
3496.32127852773	948.215026855469
3498.23690317408	944.775024414063
3500.15199416666	942.739990234375
3502.06655170974	941.284973144531
3503.98057600749	940.005004882813
3505.89406726396	936.710021972656
3507.80702568312	935.010009765625
3509.71945146883	930.780029296875
3511.63134482483	925.210021972656
3513.54270595478	923.335021972656
3515.45353506222	921.630004882813
3517.3638323506	919.909973144531
3519.27359802324	917.794982910156
3521.1828322834	916.409973144531
3523.09153533419	915.14501953125
3524.99970737866	911.804992675781
3526.90734861972	905.60498046875
3528.81445926021	904.174987792969
3530.72103950283	904
3532.62708955022	900.859985351563
3534.53260960488	895.830017089844
3536.43759986923	891.070007324219
3538.34206054558	888.575012207031
3540.24599183613	886.155029296875
3542.149393943	884.695007324219
3544.05226706817	882.474975585938
3545.95461141357	880.070007324219
3547.85642718097	876.534973144531
3549.75771457208	873.989990234375
3551.6584737885	872.880004882813
3553.55870503171	871.150024414063
3555.4584085031	869.260009765625
3557.35758440396	865.52001953125
3559.25623293548	863.280029296875
3561.15435429874	860.669982910156
3563.05194869473	857.14501953125
3564.94901632432	856.47998046875
3566.84555738829	856.609985351563
3568.74157208732	853.594970703125
3570.63706062199	850.690002441406
3572.53202319277	850.924987792969
3574.42646000003	850.580017089844
3576.32037124406	848.190002441406
3578.213757125	846.489990234375
3580.10661784295	844.825012207031
3581.99895359786	842.780029296875
3583.8907645896	840.150024414063
3585.78205101794	838.635009765625
3587.67281308254	838.744995117188
3589.56305098297	836.969970703125
3591.4527649187	836.534973144531
3593.34195508907	834.304992675781
3595.23062169338	832.955017089844
3597.11876493075	832.155029296875
3599.00638500027	830.510009765625
3600.89348210089	826.554992675781
3602.78005643148	825.75
3604.66610819078	824.880004882813
3606.55163757747	822.715026855469
3608.4366447901	821.900024414063
3610.32113002713	820.594970703125
3612.20509348693	818.744995117188
3614.08853536774	817.75
3615.97145586773	815.760009765625
3617.85385518497	815.559997558594
3619.7357335174	814.945007324219
3621.61709106289	812.400024414063
3623.4979280192	811.630004882813
3625.37824458399	809.255004882813
3627.25804095482	807.755004882813
3629.13731732915	807.710021972656
3631.01607390435	807.325012207031
3632.89431087767	805.739990234375
3634.77202844629	803.244995117188
3636.64922680726	802.169982910156
3638.52590615754	800.784973144531
3640.40206669402	800.619995117188
3642.27770861344	800.284973144531
3644.15283211248	799.210021972656
3646.02743738771	798.039978027344
3647.90152463559	796.445007324219
3649.77509405251	794.335021972656
3651.64814583473	793.325012207031
3653.52068017842	792.710021972656
3655.39269727965	790.575012207031
3657.26419733442	789.659973144531
3659.13518053858	788.784973144531
3661.00564708793	788.530029296875
3662.87559717814	787.710021972656
3664.7450310048	787.244995117188
3666.61394876338	784.215026855469
3668.48235064928	784.849975585938
3670.35023685779	784.859985351563
3672.21760758409	783.734985351563
3674.08446302327	783.034973144531
3675.95080337033	781.919982910156
3677.81662882017	781.184997558594
3679.68193956758	779.75
3681.54673580727	778.599975585938
3683.41101773383	777.315002441406
3685.27478554178	776.419982910156
3687.13803942551	776.330017089844
3689.00077957934	775.335021972656
3690.86300619748	774.414978027344
3692.72471947405	774.205017089844
3694.58591960306	773.655029296875
3696.44660677844	772.534973144531
3698.306781194	772.755004882813
3700.16644304348	771.484985351563
3702.02559252049	772.02001953125
3703.88422981859	771.085021972656
3705.74235513119	770.429992675781
3707.59996865164	769.919982910156
3709.45707057318	768.835021972656
3711.31366108895	768.669982910156
3713.16974039199	768.025024414063
3715.02530867527	767.510009765625
3716.88036613164	766.89501953125
3718.73491295385	766.700012207031
3720.58894933456	766.575012207031
3722.44247546634	766.260009765625
3724.29549154166	765.974975585938
3726.14799775289	765.299987792969
3727.9999942923	764.664978027344
3729.85148135209	764.315002441406
3731.70245912432	763.950012207031
3733.55292780098	764.119995117188
3735.40288757397	763.294982910156
3737.25233863509	763.325012207031
3739.10128117603	763.364990234375
3740.9497153884	763.405029296875
3742.7976414637	763.135009765625
3744.64505959335	762.844970703125
3746.49196996866	762.700012207031
3748.33837278086	762.72998046875
3750.18426822108	762.755004882813
3752.02965648033	762.5
3753.87453774956	762.10498046875
3755.7189122196	761.280029296875
3757.5627800812	761.85498046875
3759.40614152501	762.424987792969
3761.24899674159	762.315002441406
3763.09134592138	762.655029296875
3764.93318925476	761.864990234375
3766.77452693199	761.844970703125
3768.61535914325	761.787475585938
3770.45568607861	761.72998046875
3772.29550792807	761.565002441406
3774.1348248815	761.289978027344
3775.9736371287	761.315002441406
3777.81194485938	761.044982910156
