32.6816976106991	717.625
35.6535599501435	717.625
38.6244374909659	717.669982910156
41.5943306947054	717.580017089844
44.5632400226282	717.5
47.5311659356917	717.359985351563
50.4981088945929	717.409973144531
53.4640693597127	717.400024414063
56.4290477911676	717.455017089844
59.3930446487746	717.304992675781
62.356060392067	717.349975585938
65.3180954802906	717.330017089844
68.2791503724084	717.280029296875
71.2392255270922	717.210021972656
74.1983214027271	717.049987792969
77.1564384574159	717.309997558594
80.113577148983	717.320007324219
83.0697379349549	717.294982910156
86.0249212725722	717.405029296875
88.9791276188058	717.455017089844
91.9323574303255	717.450012207031
94.8846111635238	717.25
97.8358892745121	717.554992675781
100.786192219114	717.525024414063
103.73552045287	717.424987792969
106.683874431037	717.590026855469
109.631254608583	717.734985351563
112.577661440203	717.744995117188
115.523095380307	717.89501953125
118.467556883015	718.224975585938
121.411046402175	718.575012207031
124.353564391344	719.580017089844
127.295111303796	720.960021972656
130.235687592532	723.135009765625
133.175293710265	727.525024414063
136.113930109434	735.109985351563
139.051597242185	746.984985351563
141.98829556039	765.10498046875
144.92402551564	787.125
147.858787559244	814.380004882813
150.792582142239	841.5
153.725409715372	868.599975585938
156.65727072911	891.635009765625
159.588165633643	910.5
162.518094878884	922.054992675781
165.447058914469	933.179992675781
168.375058189747	938.390014648438
171.302093153792	939.434997558594
174.228164255401	939.580017089844
177.153271943091	936.460021972656
180.077416665101	938.27001953125
183.000598869394	937.760009765625
185.922819003656	937.349975585938
188.84407751529	940.445007324219
191.764374851424	944.280029296875
194.683711458919	946.455017089844
197.60208778434	948.005004882813
200.519504273992	952.440002441406
203.435961373894	959.969970703125
206.351459529801	970.190002441406
209.265999187174	976.614990234375
212.179580791207	989.054992675781
215.092204786825	1003.36999511719
218.003871618673	1017.875
220.914581731116	1032.55505371094
223.824335568247	1042.71997070313
226.733133573893	1050.55004882813
229.640976191593	1061.09997558594
232.547863864614	1073.89501953125
235.453797035961	1080.51501464844
238.358776148354	1084.01501464844
241.26280164424	1087.92504882813
244.1658739658	1092.91003417969
247.067993554929	1091.53002929688
249.969160853266	1090.15002441406
252.869376302162	1089.20495605469
255.768640342707	1085.43505859375
258.666953415705	1082.22497558594
261.564315961705	1080.2099609375
264.46072842097	1081.51000976563
267.356191233499	1076.18994140625
270.25070483901	1070.91003417969
273.144269676967	1072.59997558594
276.036886186551	1073.75756835938
278.928554806671	1074.9150390625
281.819275975966	1070.69494628906
284.709050132812	1068.22998046875
287.597877715306	1068.04748535156
290.485759161281	1067.86499023438
293.372694908298	1068.625
296.258685393644	1064.93005371094
299.143731054352	1062.56994628906
302.027832327156	1062.56005859375
304.910989648557	1061.88000488281
307.79320345476	1062.45251464844
310.674474181717	1063.02502441406
313.554802265101	1063.4150390625
316.434188140326	1063.60998535156
319.312632242533	1064.71997070313
322.190135006593	1062.81494140625
325.066696867117	1061.60998535156
327.942318258443	1058.82495117188
330.816999614641	1059.53002929688
333.690741369517	1057.09497070313
336.56354395661	1057.66003417969
339.435407809193	1057.18505859375
342.306333360273	1055.86499023438
345.176321042591	1054.76000976563
348.045371288612	1051.88500976563
350.913484530551	1051.19494628906
353.78066120035	1047.38000488281
356.64690172969	1047.42504882813
359.512206549972	1046.89501953125
362.376576092357	1043.88000488281
365.240010787716	1041.94995117188
368.102511066677	1042.65002441406
370.964077359587	1043.32495117188
373.82471009654	1044.875
376.684409707364	1043.32495117188
379.543176621612	1040.11999511719
382.401011268595	1036.99499511719
385.257914077343	1037.06994628906
388.113885476627	1041.58996582031
390.968925894961	1042.8349609375
393.823035760591	1043.23999023438
396.676215501503	1043.90002441406
399.528465545415	1049.81994628906
402.379786319791	1054.51501464844
405.230178251834	1058.17504882813
408.079641768472	1063.88500976563
410.928177296387	1067.63000488281
413.775785261992	1065.15502929688
416.622466091445	1068.26000976563
419.468220210631	1069.66003417969
422.313048045182	1073.64501953125
425.156950020479	1075.73999023438
427.999926561623	1075.0400390625
430.841978093471	1073.55004882813
433.683105040613	1072.19995117188
436.523307827384	1070.56005859375
439.362586877851	1069.94995117188
442.200942615829	1065.81005859375
445.038375464876	1065.91003417969
447.874885848283	1066.31494140625
450.710474189089	1064.40002441406
453.54514091007	1063.27502441406
456.37888643375	1062.30004882813
459.211711182386	1059.94995117188
462.043615577986	1058.09997558594
464.874600042297	1058.30004882813
467.704664996804	1056.43005371094
470.533810862741	1055.43005371094
473.36203806108	1053.92004394531
476.189347012547	1051.75500488281
479.015738137594	1052.42004394531
481.841211856432	1049.78503417969
484.665768589008	1047.25500488281
487.489408755009	1051.61499023438
490.312132773878	1059.18005371094
493.133941064796	1064.11499023438
495.954834046683	1060.68994140625
498.77481213821	1061.46496582031
501.593875757797	1061.69494628906
504.412025323601	1059.96496582031
507.229261253524	1056.06994628906
510.045583965226	1055.04504394531
512.860993876093	1053.9150390625
515.675491403271	1054.83996582031
518.489076963649	1052.27001953125
521.301750973863	1049.14001464844
524.113513850293	1044.28503417969
526.924366009065	1040.24499511719
529.734307866052	1038.84997558594
532.543339836881	1036.59997558594
535.35146233692	1035.44494628906
538.158675781281	1032.05004882813
540.964980584833	1026.14001464844
543.770377162182	1023.53002929688
546.574865927692	1020.22998046875
549.378447295465	1020.59002685547
552.181121679365	1018.89501953125
554.982889492993	1011.65502929688
557.783751149701	1010.80999755859
560.583707062591	1009.86499023438
563.38275764452	1010.09002685547
566.180903308083	1008.48999023438
568.978144465633	1008.69000244141
571.774481529266	1007.51501464844
574.569914910839	1005.09997558594
577.364445021949	1004.03997802734
580.158072273946	1003.03002929688
582.950797077926	1000.82000732422
585.742619844752	998.780029296875
588.533540985018	996.525024414063
591.323560909078	994.280029296875
594.112680027034	993.97998046875
596.90089874875	995.724975585938
599.688217483828	994.650024414063
602.474636641629	991.799987792969
605.260156631263	990.299987792969
608.044777861596	989.434997558594
610.828500741241	989.809997558594
613.611325678567	992.125
616.393253081697	994.375
619.174283358506	993.150024414063
621.954416916616	995.539978027344
624.733654163414	997.849975585938
627.511995506029	996.974975585938
630.289441351351	994.715026855469
633.065992106022	991.64501953125
635.841648176434	988.390014648438
638.616409968744	985.919982910156
641.390277888847	988.859985351563
644.163252342408	990.780029296875
646.93533373484	994.049987792969
649.706522471307	996.070007324219
652.47681895674	994.650024414063
655.246223595811	994.159973144531
658.014736792957	994.734985351563
660.782358952371	994.657470703125
663.549090477999	994.580017089844
666.314931773542	994.47998046875
669.079883242452	993.594970703125
671.843945287955	991.330017089844
674.607118313019	991.815002441406
677.369402720366	995.515014648438
680.130798912488	996.755004882813
682.891307291627	995.549987792969
685.650928259784	993.304992675781
688.409662218708	991.905029296875
691.167509569927	992.484985351563
693.924470714705	992.320007324219
696.680546054078	993.700012207031
699.435735988832	994.284973144531
702.190040919516	990.799987792969
704.943461246442	993.419982910156
707.695997369667	993.822509765625
710.447649689022	994.224975585938
713.198418604088	993.525024414063
715.948304514206	994.60498046875
718.697307818481	995.309997558594
721.445428915779	995.719970703125
724.192668204716	996.3974609375
726.93902608368	997.075012207031
729.684502950805	994.710021972656
732.429099204005	996.090026855469
735.172815240936	998.820007324219
737.915651459026	999.179992675781
740.657608255463	998.844970703125
743.398686027186	999.215026855469
746.13888517091	999.419982910156
748.878206083102	1002.40997314453
751.616649159998	1004.45001220703
754.354214797584	1004.22998046875
757.09090339162	1007.40502929688
759.826715337622	1009.45001220703
762.561651030868	1008.88000488281
765.295710866406	1008.30999755859
768.028895239041	1005.90002441406
770.761204543336	1001.91998291016
773.492639173626	998.994995117188
776.223199524006	995.859985351563
778.952885988334	993.880004882813
781.681698960235	991.52001953125
784.40963883309	988.049987792969
787.136706000052	988.739990234375
789.862900854037	987.635009765625
792.588223787721	989.580017089844
795.312675193549	990.450012207031
798.036255463728	990.373352050781
800.758964990228	990.296630859375
803.480804164792	990.219970703125
806.201773378919	990.724975585938
808.921873023884	993.950012207031
811.641103490712	998.549987792969
814.359465170214	1002.42498779297
817.076958452946	1005.69000244141
819.793583729246	1009.29998779297
822.509341389214	1015.95001220703
825.224231822712	1024.64001464844
827.938255419375	1031.51501464844
830.651412568596	1033.92504882813
833.363703659544	1038.93505859375
836.075129081157	1042.36499023438
838.785689222127	1047.43005371094
841.495384470928	1047.13000488281
844.204215215788	1050.67004394531
846.912181844721	1053.3349609375
849.619284745491	1055.63000488281
852.325524305638	1060.31994628906
855.030900912475	1064.30505371094
857.735414953079	1066.6650390625
860.439066814289	1065.89001464844
863.141856882725	1063.49499511719
865.843785544769	1060.35498046875
868.544853186571	1052.3349609375
871.245060194063	1048.95495605469
873.944406952925	1045.81494140625
876.642893848625	1047.02502441406
879.340521266398	1047.03002929688
882.037289591241	1050.05004882813
884.733199207927	1053.72998046875
887.428250501001	1055.27001953125
890.122443854778	1055.19995117188
892.815779653335	1053.10498046875
895.508258280534	1055.55004882813
898.199880119997	1060.88500976563
900.890645555129	1064.82995605469
903.580554969094	1066.44494628906
906.269608744832	1064.68505859375
908.957807265056	1062.59997558594
911.645150912257	1064.94494628906
914.331640068689	1063.21997070313
917.017275116375	1060.23498535156
919.702056437128	1059.77502441406
922.385984412518	1059.93994140625
925.069059423886	1061.23999023438
927.751281852366	1065.44494628906
930.432652078842	1070.19494628906
933.113170483983	1073.06494140625
935.79283744823	1080.04504394531
938.471653351806	1085.18505859375
941.149618574686	1086.32495117188
943.826733496641	1086.82995605469
946.502998497206	1094.2099609375
949.178413955689	1090.92004394531
951.85298025118	1091.05505371094
954.526697762544	1090.08996582031
957.199566868403	1091.13500976563
959.87158794718	1091.65502929688
962.542761377054	1091.61499023438
965.213087535987	1087.84497070313
967.882566801719	1083.36499023438
970.551199551761	1081.77001953125
973.218986163399	1081.15002441406
975.885927013698	1076.71496582031
978.552022479501	1073.28503417969
981.217272937423	1067.72497558594
983.88167876386	1069.11499023438
986.545240334978	1074.20495605469
989.207958026729	1077.94494628906
991.869832214835	1086.26501464844
994.530863274798	1097.15502929688
997.191051581895	1112.40002441406
999.850397511185	1134.73999023438
1002.50890143751	1168.31994628906
1005.16656373546	1198.27001953125
1007.82338477944	1219.66003417969
1010.47936494363	1224.4150390625
1013.13450460195	1213.21997070313
1015.78880412815	1185.92004394531
1018.44226389572	1151.14001464844
1021.09488427794	1121.17504882813
1023.74666564789	1106.43005371094
1026.3976083784	1096.35998535156
1029.04771284208	1092.68505859375
1031.69697941135	1092.59997558594
1034.34540845838	1096.2099609375
1036.99300035512	1100.43994140625
1039.63975547333	1100.49499511719
1042.28567418452	1100.81994628906
1044.93075685998	1095.44995117188
1047.57500387081	1091.66003417969
1050.21841558786	1092.01501464844
1052.86099238177	1096.51501464844
1055.50273462297	1095.85498046875
1058.14364268167	1097.72998046875
1060.78371692784	1104.60498046875
1063.42295773126	1108.29504394531
1066.06136546148	1113.88500976563
1068.69894048781	1124.75
1071.33568317939	1124.03503417969
1073.9715939051	1125.30004882813
1076.60667303362	1122.77001953125
1079.24092093341	1117.45495605469
1081.87433797271	1114.09497070313
1084.50692451954	1108.19494628906
1087.13868094172	1105.63500976563
1089.76960760684	1101.83996582031
1092.39970488226	1100.79504394531
1095.02897313516	1098.39001464844
1097.65741273246	1095.11999511719
1100.28502404089	1093.73999023438
1102.91180742697	1090.14501953125
1105.53776325698	1089.68005371094
1108.16289189701	1088.45495605469
1110.78719371291	1086.21997070313
1113.41066907033	1087.03002929688
1116.0333183347	1087.96496582031
1118.65514187124	1089.67004394531
1121.27614004495	1089.26501464844
1123.89631322061	1088.85998535156
1126.51566176279	1089.96496582031
1129.13418603585	1092.30004882813
1131.75188640394	1093.53503417969
1134.36876323098	1091.26000976563
1136.98481688069	1084.94494628906
1139.60004771655	1074.61999511719
1142.21445610187	1063.24499511719
1144.82804239972	1051.80004882813
1147.44080697295	1043.63500976563
1150.05275018421	1043.15502929688
1152.66387239593	1043.97497558594
1155.27417397034	1045.40002441406
1157.88365526943	1050.18505859375
1160.49231665502	1054.75500488281
1163.10015848867	1058.5400390625
1165.70718113176	1058.17004394531
1168.31338494544	1055.20495605469
1170.91877029067	1051.47998046875
1173.52333752817	1052.89001464844
1176.12708701847	1052.32250976563
1178.73001912187	1051.75500488281
1181.33213419848	1051.78503417969
1183.93343260819	1052.4150390625
1186.53391471068	1047.65502929688
1189.13358086539	1044.24499511719
1191.73243143161	1039.73498535156
1194.33046676836	1039.60498046875
1196.92768723449	1038.48498535156
1199.52409318861	1043.59997558594
1202.11968498915	1052.39001464844
1204.7144629943	1056.4150390625
1207.30842756206	1063.02001953125
1209.90157905021	1071.09497070313
1212.49391781634	1078.07495117188
1215.08544421779	1077.61999511719
1217.67615861174	1076.23498535156
1220.26606135512	1074.20495605469
1222.85515280468	1071.41003417969
1225.44343331694	1069.59997558594
1228.03090324823	1070.76000976563
1230.61756295466	1075.96496582031
1233.20341279213	1077.47998046875
1235.78845311634	1084.77001953125
1238.37268428278	1095.63000488281
1240.95610664673	1105.26000976563
1243.53872056325	1111.80004882813
1246.12052638722	1114.51501464844
1248.70152447329	1114.44995117188
1251.28171517591	1114.38500976563
1253.86109884934	1114.52001953125
1256.43967584759	1113.94995117188
1259.0174465245	1115.10498046875
1261.5944112337	1116.59997558594
1264.1705703286	1118.95495605469
1266.74592416241	1120.00500488281
1269.32047308814	1122.56994628906
1271.89421745858	1123.27502441406
1274.46715762633	1129.17504882813
1277.03929394377	1129.97497558594
1279.61062676308	1127.77001953125
1282.18115643624	1124.35998535156
1284.75088331502	1123.55004882813
1287.31980775098	1120.88000488281
1289.88793009548	1123.02502441406
1292.45525069969	1122.53503417969
1295.02176991454	1115.06494140625
1297.58748809078	1107.21496582031
1300.15240557897	1108.53002929688
1302.71652272942	1111.82995605469
1305.27983989229	1119.21496582031
1307.84235741749	1124.41003417969
1310.40407565475	1128.42004394531
1312.9649949536	1134.52502441406
1315.52511566335	1136.96997070313
1318.08443813311	1138.92504882813
1320.64296271181	1142.14001464844
1323.20068974815	1147.5400390625
1325.75761959063	1145.53503417969
1328.31375258756	1145.77502441406
1330.86908908704	1147.55505371094
1333.42362943696	1147.28503417969
1335.97737398503	1147.31494140625
1338.53032307874	1146.31994628906
1341.08247706537	1146.41003417969
1343.63383629202	1147.52502441406
1346.18440110558	1148.64001464844
1348.73417185274	1146.14501953125
1351.28314887997	1141.19494628906
1353.83133253357	1126.875
1356.37872315961	1114
1358.92532110398	1106.0849609375
1361.47112671237	1093.90002441406
1364.01614033024	1081.9599609375
1366.56036230288	1075.69995117188
1369.10379297537	1070.69995117188
1371.64643269258	1065.93005371094
1374.18828179921	1057.71496582031
1376.72934063972	1052.19995117188
1379.2696095584	1047.32495117188
1381.80908889932	1048.06494140625
1384.34777900637	1046.84497070313
1386.88568022323	1044.89501953125
1389.42279289337	1044.60998535156
1391.95911736009	1043.9599609375
1394.49465396645	1045.78002929688
1397.02940305537	1046.74499511719
1399.5633649695	1051.67004394531
1402.09654005135	1052.72998046875
1404.6289286432	1055.70495605469
1407.16053108714	1058.56994628906
1409.69134772507	1058.01000976563
1412.22137889868	1061.52001953125
1414.75062494947	1062.63500976563
1417.27908621874	1062.63500976563
1419.80676304759	1063.42004394531
1422.33365577692	1065.32495117188
1424.85976474744	1069.1650390625
1427.38509029967	1070.0400390625
1429.90963277392	1072.72998046875
1432.4333925103	1075.14001464844
1434.95636984873	1080.11499023438
1437.47856512894	1091.7900390625
1439.99997869045	1106.3349609375
1442.5206108726	1120.19995117188
1445.04046201452	1135.77001953125
1447.55953245515	1154.38500976563
1450.07782253323	1175.71997070313
1452.59533258731	1177.78332519531
1455.11206295574	1179.8466796875
1457.62801397668	1181.91003417969
1460.14318598809	1181.68505859375
1462.65757932774	1172.3349609375
1465.1711943332	1156.82495117188
1467.68403134184	1143.46496582031
1470.19609069085	1129.14501953125
1472.70737271721	1110.83996582031
1475.21787775772	1091.7099609375
1477.72760614897	1070.41003417969
1480.23655822738	1048.26000976563
1482.74473432914	1027.34497070313
1485.25213479029	1008.70501708984
1487.75875994664	994.094970703125
1490.26461013382	981.094970703125
1492.76968568726	972.530029296875
1495.27398694222	967.859985351563
1497.77751423374	963.369995117188
1500.28026789667	961.890014648438
1502.78224826569	960.674987792969
1505.28345567526	958.025024414063
1507.78389045967	958.205017089844
1510.28355295299	956.474975585938
1512.78244348913	954.655029296875
1515.28056240178	956.02001953125
1517.77791002445	955.955017089844
1520.27448669047	957.965026855469
1522.77029273296	958.469970703125
1525.26532848486	957.369995117188
1527.75959427889	957.159973144531
1530.25309044764	957.094970703125
1532.74581732344	956.47998046875
1535.23777523847	955.234985351563
1537.72896452471	956.599975585938
1540.21938551394	956.455017089844
1542.70903853778	957.775024414063
1545.19792392761	959.655029296875
1547.68604201466	966.340026855469
1550.17339312997	972.494995117188
1552.65997760434	971.905029296875
1555.14579576845	973.835021972656
1557.63084795275	978.909973144531
1560.11513448749	980.099975585938
1562.59865570276	978.234985351563
1565.08141192845	976.715026855469
1567.56340349426	975.070007324219
1570.04463072969	972.830017089844
1572.52509396406	972.655029296875
1575.00479352652	974.109985351563
1577.48372974599	976.619995117188
1579.96190295124	978.065002441406
1582.43931347083	979.64501953125
1584.91596163314	984.265014648438
1587.39184776636	987.840026855469
1589.86697219849	989.659973144531
1592.34133525734	991.984985351563
1594.81493727054	993.244995117188
1597.28777856553	997.760009765625
1599.75985946955	1000.84497070313
1602.23118030968	1005.67999267578
1604.70174141278	1014.29998779297
1607.17154310555	1022.36499023438
1609.64058571449	1031.11499023438
1612.10886956591	1037.4150390625
1614.57639498595	1040.73999023438
1617.04316230054	1039.65991210938
1619.50917183543	1038.57995605469
1621.97442391621	1035.07995605469
1624.43891886825	1030.8349609375
1626.90265701674	1024.77502441406
1629.36563868671	1020.33502197266
1631.82786420296	1020.59002685547
1634.28933389016	1019.75500488281
1636.75004807274	1025.7099609375
1639.21000707498	1032.56494140625
1641.66921122097	1039.65502929688
1644.12766083459	1047.43005371094
1646.58535623956	1058.92004394531
1649.04229775941	1069.55505371094
1651.4984857175	1081.02001953125
1653.95392043697	1092.13500976563
1656.40860224079	1104.73999023438
1658.86253145177	1116.53002929688
1661.3157083925	1125.41003417969
1663.76813338542	1130.55004882813
1666.21980675275	1130.60498046875
1668.67072881656	1123.52001953125
1671.1208998987	1117.98498535156
1673.57032032089	1111.66003417969
1676.0189904046	1105.65502929688
1678.46691047118	1092.27502441406
1680.91408084174	1079.03002929688
1683.36050183726	1067.69995117188
1685.8061737785	1054
1688.25109698605	1036.82995605469
1690.69527178032	1019.72497558594
1693.13869848153	1009.53002929688
1695.58137740972	998.919982910156
1698.02330888476	983.469970703125
1700.46449322631	970.234985351563
1702.90493075388	959.280029296875
1705.34462178678	949.909973144531
1707.78356664414	941.825012207031
1710.22176564492	934.929992675781
1712.65921910787	929.244995117188
1715.0959273516	925.539978027344
1717.53189069449	919.994995117188
1719.9671094548	914.765014648438
1722.40158395054	912.525024414063
1724.8353144996	911.585021972656
1727.26830141965	911.109985351563
1729.70054502819	910.690002441406
1732.13204564255	909.52001953125
1734.56280357987	909.205017089844
1736.99281915711	906.655029296875
1739.42209269106	908.719970703125
1741.85062449831	908.784973144531
1744.27841489529	907.39501953125
1746.70546419823	905.289978027344
1749.13177272321	905.174987792969
1751.5573407861	904.054992675781
1753.98216870262	904.02001953125
1756.40625678828	903.719970703125
1758.82960535844	903.97998046875
1761.25221472825	903.72998046875
1763.67408521271	902.815002441406
1766.09521712663	902.662475585938
1768.51561078464	902.510009765625
1770.93526650119	902.875
1773.35418459056	901.070007324219
1775.77236536684	901.049987792969
1778.18980914396	900.530029296875
1780.60651623565	900.054992675781
1783.02248695548	900.765014648438
1785.43772161684	900.669982910156
1787.85222053292	900.107482910156
1790.26598401677	899.544982910156
1792.67901238123	899.289978027344
1795.09130593899	898.655029296875
1797.50286500254	899.275024414063
1799.9136898842	898.755004882813
1802.32378089613	896.77001953125
1804.73313835028	896.210021972656
1807.14176255846	896.890014648438
1809.54965383228	897.450012207031
1811.95681248317	898.010009765625
1814.36323882242	896.375
1816.76893316109	895.130004882813
1819.17389581011	895.077514648438
1821.57812708021	895.025024414063
1823.98162728196	895.015014648438
1826.38439672573	894.35498046875
1828.78643572174	894.47998046875
1831.18774458003	894.275024414063
1833.58832361045	894.765014648438
1835.98817312269	894.890014648438
1838.38729342625	891.385009765625
1840.78568483048	891.135009765625
1843.18334764454	891.085021972656
1845.58028217741	890.734985351563
1847.9764887379	891.775024414063
1850.37196763465	894.030029296875
1852.76671917613	893.679992675781
1855.16074367062	893.429992675781
1857.55404142624	893.10498046875
1859.94661275094	892.155029296875
1862.33845795247	890.515014648438
1864.72957733844	889.215026855469
1867.11997121627	890.049987792969
1869.5096398932	889.109985351563
1871.89858367631	889.914978027344
1874.28680287251	889.664978027344
1876.67429778851	889.025024414063
1879.06106873089	890.469970703125
1881.44711600601	890.690002441406
1883.8324399201	890.335021972656
1886.21704077919	889.799987792969
1888.60091888915	889.169982910156
1890.98407455567	889.179992675781
1893.36650808428	889.489990234375
1895.74821978033	889.744995117188
1898.12920994899	889.974975585938
1900.50947889527	889.284973144531
1902.88902692401	887.510009765625
1905.26785433986	887.684997558594
1907.64596144734	888.924987792969
1910.02334855075	888.570007324219
1912.40001595424	888.512512207031
1914.7759639618	888.455017089844
1917.15119287724	889.375
1919.52570300419	889.719970703125
1921.89949464611	888.924987792969
1924.27256810632	889.344970703125
1926.64492368793	889.375
1929.0165616939	889.635009765625
1931.38748242701	890.554992675781
1933.75768618989	890.034973144531
1936.12717328497	890.117492675781
1938.49594401455	890.200012207031
1940.86399868071	890.695007324219
1943.23133758541	888.994995117188
1945.5979610304	888.159973144531
1947.96386931729	889.340026855469
1950.32906274751	889.114990234375
1952.69354162232	889.580017089844
1955.0573062428	888.705017089844
1957.42035690989	887.835021972656
1959.78269392434	888.669982910156
1962.14431758673	888.924987792969
1964.50522819748	889.179992675781
1966.86542605684	888.695007324219
1969.22491146488	887.85498046875
1971.58368472153	886.005004882813
1973.94174612654	886.719970703125
1976.29909597945	887.015014648438
1978.65573457971	887.309997558594
1981.01166222654	886.429992675781
1983.36687921902	888.239990234375
1985.72138585606	888.570007324219
1988.07518243639	888.530029296875
1990.42826925859	888.640014648438
1992.78064662106	887.974975585938
1995.13231482205	888.460021972656
1997.48327415961	886.244995117188
1999.83352493167	886.515014648438
2002.18306743594	887.510009765625
2004.53190197002	887.039978027344
2006.8800288313	887.359985351563
2009.22744831703	885.64501953125
2011.57416072427	885.309997558594
2013.92016634993	885.455017089844
2016.26546549076	885.382507324219
2018.61005844332	885.309997558594
2020.95394550404	885.330017089844
2023.29712696915	885.85498046875
2025.63960313474	886.380004882813
2027.98137429672	884.719970703125
2030.32244075083	883.440002441406
2032.66280279266	884.820007324219
2035.00246071763	885.25
2037.34141482099	886.289978027344
2039.67966539784	886.974975585938
2042.01721274309	886.390014648438
2044.35405715151	885.700012207031
2046.69019891769	885.905029296875
2049.02563833606	884.934997558594
2051.3603757009	885.195007324219
2053.6944113063	885.89501953125
2056.0277454462	886.244995117188
2058.36037841439	886.594970703125
2060.69231050446	885.650024414063
2063.02354200988	884.565002441406
2065.35407322392	884.505004882813
2067.68390443971	885.859985351563
2070.01303595021	887.64501953125
2072.3414680482	888.030029296875
2074.66920102633	886.799987792969
2076.99623517706	884.559997558594
2079.32257079271	884.715026855469
2081.6482081654	883.830017089844
2083.97314758713	886.299987792969
2086.29738934971	888.205017089844
2088.62093374481	887.682495117188
2090.94378106391	887.159973144531
2093.26593159835	886.950012207031
2095.5873856393	885.960021972656
2097.90814347777	885.099975585938
2100.2282054046	885.590026855469
2102.54757171048	886.739990234375
2104.86624268594	887.414978027344
2107.18421862133	886.505004882813
2109.50149980686	887.75
2111.81808653257	888.559997558594
2114.13397908834	888.789978027344
2116.44917776388	888.385009765625
2118.76368284875	889.224975585938
2121.07749463235	889.474975585938
2123.39061340391	889.507446289063
2125.70303945252	889.539978027344
2128.01477306707	889.265014648438
2130.32581453634	889.070007324219
2132.63616414891	889.10498046875
2134.94582219322	888.075012207031
2137.25478895754	888.344970703125
2139.56306472999	888.679992675781
2141.87064979851	888.284973144531
2144.17754445092	887.700012207031
2146.48374897484	889.234985351563
2148.78926365774	889.27001953125
2151.09408878695	889.304992675781
2153.39822464963	889.630004882813
2155.70167153277	890.465026855469
2158.00442972321	888.344970703125
2160.30649950763	887.52001953125
2162.60788117256	887.049987792969
2164.90857500436	887.969970703125
2167.20858128923	887.775024414063
2169.50790031323	887.505004882813
2171.80653236223	887.674987792969
2174.10447772198	887.844970703125
2176.40173667804	888.130004882813
2178.69830951582	887.465026855469
2180.99419652058	886.815002441406
2183.28939797743	885.544982910156
2185.5839141713	886.679992675781
2187.87774538698	887.369995117188
2190.17089190908	886.965026855469
2192.46335402209	887.580017089844
2194.75513201032	887.864990234375
2197.04622615791	886.960021972656
2199.33663674886	885.840026855469
2201.62636406702	884.005004882813
2203.91540839606	885.544982910156
2206.20377001952	885.969970703125
2208.49144922077	886.190002441406
2210.77844628302	885.820007324219
2213.06476148933	886.5
2215.3503951226	885.9599609375
2217.63534746557	885.419982910156
2219.91961880085	885.27001953125
2222.20320941085	882.260009765625
2224.48611957785	883.835021972656
2226.76834958399	883.775024414063
2229.04989971122	883.690002441406
2231.33077024136	883.239990234375
2233.61096145607	883.5
2235.89047363683	883.760009765625
2238.169307065	883.289978027344
2240.44746202178	883.825012207031
2242.72493878819	884.27001953125
2245.00173764511	885.710021972656
2247.27785887327	885.297485351563
2249.55330275324	884.885009765625
2251.82806956545	884.744995117188
2254.10215959014	883.710021972656
2256.37557310744	883.280029296875
2258.64831039729	883.549987792969
2260.92037173949	885.005004882813
2263.19175741368	884.871643066406
2265.46246769938	884.738342285156
2267.7325028759	884.60498046875
2270.00186322243	884.450012207031
2272.270549018	886.599975585938
2274.5385605415	887.005004882813
2276.80589807165	885.724975585938
2279.07256188702	886.825012207031
2281.33855226601	886.440002441406
2283.60386948691	885.070007324219
2285.86851382782	884.739990234375
2288.1324855667	884.909973144531
2290.39578498136	884.817504882813
2292.65841234945	884.724975585938
2294.92036794847	885.780029296875
2297.18165205578	885.364990234375
2299.44226494856	884.844970703125
2301.70220690387	886.335021972656
2303.96147819859	886.190002441406
2306.22007910947	886.530029296875
2308.47800991309	884.724975585938
2310.73527088589	884.794982910156
2312.99186230416	884.89501953125
2315.24778444403	886.890014648438
2317.50303758149	887.47998046875
2319.75762199235	887.325012207031
2322.01153795231	886.059997558594
2324.26478573689	887.25
2326.51736562147	887.244995117188
2328.76927788127	886.085021972656
2331.02052279137	886.989990234375
2333.2711006267	886.690002441406
2335.52101166203	886.390014648438
2337.77025617198	886.065002441406
2340.01883443103	884.549987792969
2342.2667467135	884.809997558594
2344.51399329356	885.099975585938
2346.76057444525	884.789978027344
2349.00649044241	884.414978027344
2351.2517415588	884.64501953125
2353.49632806796	884.130004882813
2355.74025024334	883.364990234375
2357.98350835819	882.760009765625
2360.22610268566	883.864990234375
2362.4680334987	883.392456054688
2364.70930107016	882.919982910156
2366.94990567269	882.799987792969
2369.18984757884	883.635009765625
2371.42912706098	882.465026855469
2373.66774439134	881.859985351563
2375.90569984199	882.640014648438
2378.14299368488	883.434997558594
2380.37962619179	883.159973144531
2382.61559763435	882.760009765625
2384.85090828405	883.525024414063
2387.08555841222	885.719970703125
2389.31954829006	885.784973144531
2391.55287818861	884.859985351563
2393.78554837877	882.635009765625
2396.01755913128	881.349975585938
2398.24891071673	881.280029296875
2400.47960340558	883.284973144531
2402.70963746814	882.739990234375
2404.93901317456	882.510009765625
2407.16773079485	884.559997558594
2409.39579059887	885.945007324219
2411.62319285633	884.25
2413.84993783681	883.280029296875
2416.07602580971	880.280029296875
2418.30145704432	880.684997558594
2420.52623180977	882.359985351563
2422.75035037503	883.97998046875
2424.97381300893	885.47998046875
2427.19661998017	884.474975585938
2429.41877155729	883.890014648438
2431.64026800867	883.465026855469
2433.86110960257	883.044982910156
2436.08129660709	883.070007324219
2438.30082929019	883.734985351563
2440.51970791967	884.400024414063
2442.73793276321	883.739990234375
2444.95550408832	884.344970703125
2447.17242216237	884.099975585938
2449.38868725259	883.549987792969
2451.60429962607	883.844970703125
2453.81925954975	883.534973144531
2456.03356729041	882.039978027344
2458.2472231147	883.054992675781
2460.46022728913	882.554992675781
2462.67258008005	882.924987792969
2464.88428175368	882.964965820313
2467.09533257608	883.005004882813
2469.30573281318	883.044982910156
2471.51548273076	883.679992675781
2473.72458259445	880.775024414063
2475.93303266974	882.325012207031
2478.14083322198	883.625
2480.34798451637	885.859985351563
2482.55448681797	885.830017089844
2484.76034039169	886.315002441406
2486.96554550231	886.280029296875
2489.17010241445	883.380004882813
2491.37401139259	884.659973144531
2493.57727270109	884.455017089844
2495.77988660412	884.239990234375
2497.98185336574	884.421630859375
2500.18317324987	884.603332519531
2502.38384652028	884.784973144531
2504.58387344058	884.674987792969
2506.78325427425	885.22998046875
2508.98198928465	883.494995117188
2511.18007873495	882.35498046875
2513.37752288821	884.885009765625
2515.57432200735	885.22998046875
2517.77047635514	885.677490234375
2519.96598619419	886.125
2522.16085178699	885.039978027344
2524.35507339589	886.460021972656
2526.54865128308	886.799987792969
2528.74158571062	885.794982910156
2530.93387694042	882.510009765625
2533.12552523427	881.955017089844
2535.31653085379	884.280029296875
2537.50689406046	885.179992675781
2539.69661511566	886.200012207031
2541.88569428057	886.070007324219
2544.07413181627	885.960021972656
2546.26192798368	885.559997558594
2548.44908304359	883.284973144531
2550.63559725664	884.875
2552.82147088333	884.909973144531
2555.00670418402	885.005004882813
2557.19129741894	885.317504882813
2559.37525084817	885.630004882813
2561.55856473164	884.900024414063
2563.74123932917	885.719970703125
2565.92327490039	885.64501953125
2568.10467170484	885.450012207031
2570.28543000189	886.234985351563
2572.46555005079	886.580017089844
2574.64503211063	887.52001953125
2576.82387644036	888.075012207031
2579.00208329882	888.570007324219
2581.17965294468	888.885009765625
2583.35658563648	887.760009765625
2585.53288163263	888.559997558594
2587.70854119137	887.705017089844
2589.88356457084	885.695007324219
2592.05795202902	885.210021972656
2594.23170382376	885.594970703125
2596.40482021275	886.414978027344
2598.57730145356	887.505004882813
2600.74914780363	887.630004882813
2602.92035952023	888.065002441406
2605.09093686053	886.255004882813
2607.26088008153	886.52001953125
2609.4301894401	886.984985351563
2611.59886519299	889.580017089844
2613.76690759678	890.835021972656
2615.93431690793	890.859985351563
2618.10109338277	891.844970703125
2620.26723727748	893.390014648438
2622.4327488481	892.190002441406
2624.59762835054	893.114990234375
2626.76187604057	891.715026855469
2628.92549217382	893.070007324219
2631.08847700579	893.760009765625
2633.25083079182	893.739990234375
2635.41255378715	894.094970703125
2637.57364624684	894.52001953125
2639.73410842586	894.784973144531
2641.893940579	894.35498046875
2644.05314296094	894.929992675781
2646.21171582621	896.794982910156
2648.36965942921	896.280029296875
2650.5269740242	896.125
2652.6836598653	897.184997558594
2654.83971720651	897.075012207031
2656.99514630167	896.965026855469
2659.1499474045	896.969970703125
2661.30412076857	896.109985351563
2663.45766664734	896.875
2665.61058529411	896.969970703125
2667.76287696204	898.984985351563
2669.91454190418	899.375
2672.06558037342	900.22998046875
2674.21599262253	900.119995117188
2676.36577890413	901.02001953125
2678.51493947072	900.835021972656
2680.66347457466	901.27001953125
2682.81138446816	900.695007324219
2684.95866940332	902.484985351563
2687.10532963209	903.565002441406
2689.25136540628	902.289978027344
2691.39677697757	902.280029296875
2693.54156459752	901.325012207031
2695.68572851753	899.794982910156
2697.82926898888	901.695007324219
2699.97218626272	902.804992675781
2702.11448059006	902.244995117188
2704.25615222175	905.010009765625
2706.39720140856	908.35498046875
2708.53762840109	908.10498046875
2710.67743344979	908.755004882813
2712.81661680503	910.109985351563
2714.95517871698	909.674987792969
2717.09311943574	912.984985351563
2719.23043921123	916.35498046875
2721.36713829325	918.35498046875
2723.50321693148	918.570007324219
2725.63867537545	921.015014648438
2727.77351387456	923.405029296875
2729.90773267809	924.804992675781
2732.04133203516	923.130004882813
2734.17431219478	921.900024414063
2736.30667340581	921.119995117188
2738.438415917	921.155029296875
2740.56953997695	920.674987792969
2742.70004583414	920.929992675781
2744.82993373688	920.315002441406
2746.9592039334	918.14501953125
2749.08785667177	918.380004882813
2751.21589219993	917.974975585938
2753.34331076568	918.22998046875
2755.4701126167	917.705017089844
2757.59629800054	917.919982910156
2759.7218671646	916.090026855469
2761.84682035617	916.02001953125
2763.9711578224	914.794982910156
2766.0948798103	913.289978027344
2768.21798656676	912.184997558594
2770.34047833852	913.765014648438
2772.46235537222	915.075012207031
2774.58361791434	912.159973144531
2776.70426621124	913.864990234375
2778.82430050915	913.219970703125
2780.94372105416	913.489990234375
2783.06252809224	912.525024414063
2785.18072186922	912.380004882813
2787.29830263081	911.525024414063
2789.41527062257	910.820007324219
2791.53162608996	909.224975585938
2793.64736927828	909.469970703125
2795.76250043271	909.6474609375
2797.8770197983	909.825012207031
2799.99092761997	909.97998046875
2802.10422414252	910.184997558594
2804.21690961059	912.775024414063
2806.32898426873	913.445007324219
2808.44044836132	914.565002441406
2810.55130213264	916.35498046875
2812.66154582682	918.544982910156
2814.77117968788	920.405029296875
2816.8802039597	921.625
2818.98861888601	924.440002441406
2821.09642471046	928.215026855469
2823.20362167653	930.054992675781
2825.31021002756	935.700012207031
2827.41619000682	939.315002441406
2829.52156185738	943.255004882813
2831.62632582224	945.674987792969
2833.73048214422	949.794982910156
2835.83403106606	954.210021972656
2837.93697283033	959.255004882813
2840.03930767951	962.585021972656
2842.1410358559	969.840026855469
2844.24215760173	980.919982910156
2846.34267315905	997.440002441406
2848.44258276982	1010.79998779297
2850.54188667585	1024.89501953125
2852.64058511883	1045.72998046875
2854.73867834032	1067.94995117188
2856.83616658175	1088.73498535156
2858.93305008443	1108.69494628906
2861.02932908952	1124.23999023438
2863.12500383809	1140.51000976563
2865.22007457104	1167.80505371094
2867.31454152918	1199.17504882813
2869.40840495316	1228.89501953125
2871.50166508353	1267.38000488281
2873.59432216069	1306.75500488281
2875.68637642493	1332.80505371094
2877.77782811641	1347.04504394531
2879.86867747515	1361.8349609375
2881.95892474105	1372.53002929688
2884.0485701539	1374.92004394531
2886.13761395333	1377.35998535156
2888.22605637886	1378.76000976563
2890.3138976699	1375.51501464844
2892.40113806571	1391.36999511719
2894.48777780544	1406.15502929688
2896.57381712808	1413.70495605469
2898.65925627254	1435.28503417969
2900.74409547758	1452.44995117188
2902.82833498183	1455.65502929688
2904.9119750238	1460.65502929688
2906.99501584188	1479.48498535156
2909.07745767432	1499.47497558594
2911.15930075925	1522.70495605469
2913.24054533469	1559.09497070313
2915.3211916385	1581.89001464844
2917.40123990846	1604.81994628906
2919.48069038217	1640.42004394531
2921.55954329716	1672.32995605469
2923.63779889079	1698.99499511719
2925.71545740033	1732.1650390625
2927.79251906289	1754.02502441406
2929.86898411548	1777.86999511719
2931.94485279498	1789.84497070313
2934.02012533815	1798.15502929688
2936.0948019816	1796.39001464844
2938.16888296184	1794.625
2940.24236851525	1792.85998535156
2942.31525887809	1784.24499511719
2944.38755428648	1776.97998046875
2946.45925497643	1760.81005859375
2948.53036118382	1722.4150390625
2950.6008731444	1671.76501464844
2952.67079109381	1629.56005859375
2954.74011526755	1596.97497558594
2956.80884590101	1569.90002441406
2958.87698322944	1550.93994140625
2960.94452748799	1550.19494628906
2963.01147891167	1529.78002929688
2965.07783773535	1501.85498046875
2967.14360419382	1471.46997070313
2969.2087785217	1455.06994628906
2971.27336095352	1445.75
2973.33735172366	1426.21997070313
2975.40075106641	1410.68994140625
2977.46355921591	1391.94494628906
2979.52577640618	1377.16003417969
2981.58740287112	1362.33996582031
2983.64843884452	1350.64501953125
2985.70888456003	1334.18505859375
2987.76874025117	1319.23999023438
2989.82800615137	1296.07495117188
2991.88668249391	1269.52502441406
2993.94476951194	1247.59997558594
2996.00226743852	1223.34497070313
2998.05917650657	1196.8349609375
3000.11549694887	1176.20495605469
3002.17122899812	1158.77001953125
3004.22637288685	1142.79504394531
3006.2809288475	1125.56494140625
3008.33489711238	1104.80004882813
3010.38827791368	1086.98498535156
3012.44107148345	1076.79504394531
3014.49327805366	1064.43005371094
3016.5448978561	1049.47497558594
3018.59593112249	1039.20495605469
3020.64637808441	1031.64001464844
3022.6962389733	1021.69500732422
3024.74551402051	1016.46997070313
3026.79420345725	1012.41497802734
3028.84230751461	1006.30999755859
3030.88982642357	999.085021972656
3032.93676041497	996.950012207031
3034.98310971955	995.460021972656
3037.02887456791	997.820007324219
3039.07405519054	1000.98498535156
3041.11865181781	1003.92999267578
3043.16266467996	1004.17999267578
3045.20609400713	1006.78497314453
3047.24894002932	1006.74499511719
3049.2912029764	1009.29998779297
3051.33288307815	1009.32501220703
3053.37398056421	1017.38000488281
3055.41449566411	1021.36499023438
3057.45442860725	1028.31494140625
3059.49377962291	1037.23498535156
3061.53254894026	1046.85998535156
3063.57073678834	1050.79504394531
3065.60834339607	1052.70495605469
3067.64536899227	1054.19995117188
3069.68181380561	1052.40002441406
3071.71767806467	1043.39001464844
3073.75296199788	1033.98498535156
3075.78766583357	1022.11999511719
3077.82178979997	1010.89501953125
3079.85533412513	1003.46502685547
3081.88829903705	995.380004882813
3083.92068476356	989.090026855469
3085.95249153241	981.375
3087.98371957119	975.35498046875
3090.01436910741	971.724975585938
3092.04444036844	967.179992675781
3094.07393358152	962.744995117188
3096.10284897381	960.010009765625
3098.13118677232	958.489990234375
3100.15894720395	958.385009765625
3102.18613049548	955.39501953125
3104.21273687357	953.974975585938
3106.23876656477	953.155029296875
3108.2642197955	952.565002441406
3110.28909679208	953.294982910156
3112.31339778069	952.164978027344
3114.33712298741	950.465026855469
3116.36027263819	951.27001953125
3118.38284695887	952.315002441406
3120.40484617516	952.2275390625
3122.42627051268	952.140014648438
3124.4471201969	953.140014648438
3126.46739545319	955.710021972656
3128.4870965068	955.765014648438
3130.50622358287	955.820007324219
3132.5247769064	955.875
3134.54275670229	955.10498046875
3136.56016319534	958.494995117188
3138.57699661019	959.299987792969
3140.59325717139	958.364990234375
3142.60894510338	957.614990234375
3144.62406063047	956.700012207031
3146.63860397686	956.369995117188
3148.65257536662	957.515014648438
3150.66597502371	957.719970703125
3152.67880317199	959.22998046875
3154.69106003518	961.924987792969
3156.70274583691	960.734985351563
3158.71386080065	961.52001953125
3160.72440514981	965.505004882813
3162.73437910763	967.989990234375
3164.74378289728	967.804992675781
3166.75261674179	968.47998046875
3168.76088086407	970.349975585938
3170.76857548692	972.669982910156
3172.77570083303	973.204956054688
3174.78225712498	973.739990234375
3176.78824458521	972.989990234375
3178.79366343607	976.059997558594
3180.79851389977	976.905029296875
3182.80279619844	978.484985351563
3184.80651055405	980.494995117188
3186.80965718849	982.294982910156
3188.81223632353	985.190002441406
3190.81424818081	988.385009765625
3192.81569298186	990.47998046875
3194.8165709481	987.719970703125
3196.81688230084	988.609985351563
3198.81662726126	991.75
3200.81580605044	994.234985351563
3202.81441888933	991.664978027344
3204.81246599879	994.27001953125
3206.80994759954	996.969970703125
3208.80686391219	1001.65997314453
3210.80321515726	1001.54498291016
3212.79900155512	1003.70501708984
3214.79422332605	1005.625
3216.78888069021	1005.73999023438
3218.78297386765	1007.71502685547
3220.77650307828	1008.125
3222.76946854195	1014.625
3224.76187047834	1017.97998046875
3226.75370910705	1018.67999267578
3228.74498464755	1020.51501464844
3230.73569731921	1023.96502685547
3232.72584734127	1023.35754394531
3234.71543493287	1022.75
3236.70446031304	1020.78497314453
3238.69292370068	1023.07501220703
3240.68082531459	1024.97497558594
3242.66816537345	1028.34497070313
3244.65494409583	1031.53002929688
3246.6411617002	1034.81994628906
3248.62681840488	1037.28002929688
3250.61191442812	1038.53002929688
3252.59644998804	1037.81994628906
3254.58042530263	1036.42004394531
3256.56384058979	1038.45495605469
3258.54669606731	1041.02001953125
3260.52899195285	1043.13500976563
3262.51072846396	1043.94494628906
3264.4919058181	1043.8349609375
3266.47252423259	1047.15002441406
3268.45258392464	1049.80004882813
3270.43208511138	1053.9599609375
3272.41102800978	1057.5
3274.38941283675	1059.6650390625
3276.36723980904	1066.26501464844
3278.34450914332	1067.76501464844
3280.32122105613	1070.59497070313
3282.29737576392	1073.0849609375
3284.272973483	1073.31005859375
3286.24801442958	1076.42004394531
3288.22249881978	1078.81494140625
3290.19642686957	1079.27502441406
3292.16979879485	1078.5400390625
3294.14261481136	1075.49499511719
3296.11487513478	1078.31494140625
3298.08657998065	1079.80505371094
3300.0577295644	1077.28503417969
3302.02832410136	1073.21496582031
3303.99836380673	1073.125
3305.96784889563	1072.10998535156
3307.93677958303	1072.35998535156
3309.90515608383	1071.42504882813
3311.87297861278	1070.86999511719
3313.84024738456	1076.85498046875
3315.80696261371	1078.00500488281
3317.77312451466	1077.34997558594
3319.73873330175	1073.11999511719
3321.70378918919	1066.42504882813
3323.66829239109	1060.75500488281
3325.63224312145	1062.18505859375
3327.59564159416	1066.68505859375
3329.55848802299	1068.4150390625
3331.52078262162	1065.2099609375
3333.4825256036	1061.23498535156
3335.44371718237	1063.41003417969
3337.40435757128	1064.64501953125
3339.36444698356	1065.18005371094
3341.32398563232	1064.75500488281
3343.28297373058	1058.88000488281
3345.24141149124	1057.43505859375
3347.19929912709	1060.14001464844
3349.15663685081	1060.5849609375
3351.11342487497	1055.99499511719
3353.06966341204	1053.89501953125
3355.02535267437	1053.0849609375
3356.98049287421	1053.17504882813
3358.9350842237	1052.90002441406
3360.88912693486	1055.36999511719
3362.84262121962	1059.25
3364.79556728978	1059.10498046875
3366.74796535705	1058.9599609375
3368.69981563302	1059.02502441406
3370.65111832917	1055.91003417969
3372.60187365689	1051.63500976563
3374.55208182744	1052.04504394531
3376.50174305198	1051.33996582031
3378.45085754157	1048.81494140625
3380.39942550714	1049.98999023438
3382.34744715954	1053.31994628906
3384.29492270949	1051.68994140625
3386.24185236761	1046.24499511719
3388.18823634442	1043.4150390625
3390.13407485031	1044.6650390625
3392.07936809559	1046.33251953125
3394.02411629045	1048
3395.96831964496	1045.55505371094
3397.91197836911	1039.15502929688
3399.85509267275	1035.46496582031
3401.79766276564	1031.30004882813
3403.73968885745	1035.80004882813
3405.68117115771	1039.92004394531
3407.62210987586	1039.61499023438
3409.56250522123	1038.54504394531
3411.50235740305	1037.32495117188
3413.44166663043	1033.31994628906
3415.38043311238	1030.80004882813
3417.3186570578	1031.53002929688
3419.2563386755	1029.55505371094
3421.19347817415	1029.25
3423.13007576235	1030.67993164063
3425.06613164857	1032.10998535156
3427.00164604118	1028.75
3428.93661914844	1025
3430.87105117852	1023.375
3432.80494233945	1023.71502685547
3434.73829283919	1024.05505371094
3436.67110288558	1024.39501953125
3438.60337268634	1025.58996582031
3440.53510244911	1026.81994628906
3442.4662923814	1024.94494628906
3444.39694269064	1018.20501708984
3446.32705358412	1013.67498779297
3448.25662526905	1014.15002441406
3450.18565795254	1017.38500976563
3452.11415184156	1016.78002929688
3454.04210714302	1017.73498535156
3455.96952406369	1014.35998535156
3457.89640281024	1016.03497314453
3459.82274358924	1016.03497314453
3461.74854660717	1012.58502197266
3463.67381207038	1009.38500976563
3465.59854018513	1009.88000488281
3467.52273115756	1007.96002197266
3469.44638519373	1004.10998535156
3471.36950249956	1000.16497802734
3473.29208328091	994.755004882813
3475.21412774349	992.299987792969
3477.13563609293	989.22998046875
3479.05660853476	988.335021972656
3480.97704527438	988.340026855469
3482.89694651712	986.539978027344
3484.81631246818	986.335021972656
3486.73514333266	984.830017089844
3488.65343931557	981.809997558594
3490.57120062179	982.684997558594
3492.48842745612	977.554992675781
3494.40512002324	972.974975585938
3496.32127852773	969.659973144531
3498.23690317408	968.369995117188
3500.15199416666	966.320007324219
3502.06655170974	965.525024414063
3503.98057600749	967.375
3505.89406726396	962.594970703125
3507.80702568312	960.890014648438
3509.71945146883	954.849975585938
3511.63134482483	951.799987792969
3513.54270595478	950.744995117188
3515.45353506222	950.780029296875
3517.3638323506	948.424987792969
3519.27359802324	946.784973144531
3521.1828322834	946.155029296875
3523.09153533419	945.369995117188
3524.99970737866	941.164978027344
3526.90734861972	937.424987792969
3528.81445926021	935.705017089844
3530.72103950283	935.434997558594
3532.62708955022	932.77001953125
3534.53260960488	928.734985351563
3536.43759986923	925.049987792969
3538.34206054558	920.835021972656
3540.24599183613	920.14501953125
3542.149393943	919.255004882813
3544.05226706817	917.335021972656
3545.95461141357	916.219970703125
3547.85642718097	913.22998046875
3549.75771457208	911.195007324219
3551.6584737885	909.030029296875
3553.55870503171	908.664978027344
3555.4584085031	905.255004882813
3557.35758440396	901.835021972656
3559.25623293548	900.599975585938
3561.15435429874	897.72998046875
3563.05194869473	896.309997558594
3564.94901632432	897.034973144531
3566.84555738829	895.820007324219
3568.74157208732	893.534973144531
3570.63706062199	893.090026855469
3572.53202319277	892.184997558594
3574.42646000003	892.465026855469
3576.32037124406	889.974975585938
3578.213757125	889.619995117188
3580.10661784295	887.169982910156
3581.99895359786	885.830017089844
3583.8907645896	882.5
3585.78205101794	881.849975585938
3587.67281308254	881.829956054688
3589.56305098297	881.809997558594
3591.4527649187	882.010009765625
3593.34195508907	880.835021972656
3595.23062169338	879.424987792969
3597.11876493075	878.215026855469
3599.00638500027	876.599975585938
3600.89348210089	873.335021972656
3602.78005643148	871.159973144531
3604.66610819078	871.609985351563
3606.55163757747	870.239990234375
3608.4366447901	870.099975585938
3610.32113002713	867.184997558594
3612.20509348693	866.515014648438
3614.08853536774	865.335021972656
3615.97145586773	863.804992675781
3617.85385518497	863.039978027344
3619.7357335174	863.155029296875
3621.61709106289	862.969970703125
3623.4979280192	860.775024414063
3625.37824458399	857.575012207031
3627.25804095482	856.669982910156
3629.13731732915	856.609985351563
3631.01607390435	857.465026855469
3632.89431087767	855.195007324219
3634.77202844629	853.484985351563
3636.64922680726	852.215026855469
3638.52590615754	850.900024414063
3640.40206669402	851.465026855469
3642.27770861344	851.510009765625
3644.15283211248	850.619995117188
3646.02743738771	849.60498046875
3647.90152463559	846.994995117188
3649.77509405251	846.405029296875
3651.64814583473	845.875
3653.52068017842	843.700012207031
3655.39269727965	841.530029296875
3657.26419733442	841.260009765625
3659.13518053858	842.510009765625
3661.00564708793	840.924987792969
3662.87559717814	839.510009765625
3664.7450310048	837.844970703125
3666.61394876338	838.460021972656
3668.48235064928	838.755004882813
3670.35023685779	837.700012207031
3672.21760758409	836.549987792969
3674.08446302327	835.025024414063
3675.95080337033	835.109985351563
3677.81662882017	834.484985351563
3679.68193956758	832.614990234375
3681.54673580727	831.655029296875
3683.41101773383	831.380004882813
3685.27478554178	830.025024414063
3687.13803942551	830.174987792969
3689.00077957934	829.169982910156
3690.86300619748	828.565002441406
3692.72471947405	826.934997558594
3694.58591960306	828.119995117188
3696.44660677844	827.304992675781
3698.306781194	827.755004882813
3700.16644304348	825.984985351563
3702.02559252049	826.77001953125
3703.88422981859	825.844970703125
3705.74235513119	825.14501953125
3707.59996865164	823.174987792969
3709.45707057318	822.840026855469
3711.31366108895	822.544982910156
3713.16974039199	821.530029296875
3715.02530867527	820.539978027344
3716.88036613164	820.184997558594
3718.73491295385	819.434997558594
3720.58894933456	819.784973144531
3722.44247546634	819.880004882813
3724.29549154166	818.664978027344
3726.14799775289	817.609985351563
3727.9999942923	817.989990234375
3729.85148135209	815.955017089844
3731.70245912432	815.130004882813
3733.55292780098	815.344970703125
3735.40288757397	815.765014648438
3737.25233863509	814.934997558594
3739.10128117603	814.380004882813
3740.9497153884	814.619995117188
3742.7976414637	814.577514648438
3744.64505959335	814.534973144531
3746.49196996866	814.114990234375
3748.33837278086	814.734985351563
3750.18426822108	813.554992675781
3752.02965648033	813.3125
3753.87453774956	813.070007324219
3755.7189122196	813.390014648438
3757.5627800812	814.14501953125
3759.40614152501	814.72998046875
3761.24899674159	814.450012207031
3763.09134592138	813.940002441406
3764.93318925476	813.455017089844
3766.77452693199	813.575012207031
3768.61535914325	813.585021972656
3770.45568607861	813.594970703125
3772.29550792807	813.60498046875
3774.1348248815	813.034973144531
3775.9736371287	812.299987792969
3777.81194485938	811.734985351563
