32.6816976106991	718.489990234375
35.6535599501435	718.489990234375
38.6244374909659	718.409973144531
41.5943306947054	718.325012207031
44.5632400226282	718.080017089844
47.5311659356917	718.210021972656
50.4981088945929	717.875
53.4640693597127	718.140014648438
56.4290477911676	718.030029296875
59.3930446487746	717.989990234375
62.356060392067	717.765014648438
65.3180954802906	718.015014648438
68.2791503724084	717.924987792969
71.2392255270922	717.85498046875
74.1983214027271	717.940002441406
77.1564384574159	717.984985351563
80.113577148983	717.914978027344
83.0697379349549	717.950012207031
86.0249212725722	717.780029296875
88.9791276188058	717.929992675781
91.9323574303255	717.950012207031
94.8846111635238	717.830017089844
97.8358892745121	717.822509765625
100.786192219114	717.815002441406
103.73552045287	717.994995117188
106.683874431037	718.140014648438
109.631254608583	718.364990234375
112.577661440203	718.255004882813
115.523095380307	718.349975585938
118.467556883015	718.659973144531
121.411046402175	718.984985351563
124.353564391344	719.880004882813
127.295111303796	720.815002441406
130.235687592532	723.044982910156
133.175293710265	726.75
136.113930109434	733.234985351563
139.051597242185	744.015014648438
141.98829556039	759.919982910156
144.92402551564	781.35498046875
147.858787559244	805.429992675781
150.792582142239	832.684997558594
153.725409715372	859.280029296875
156.65727072911	881.340026855469
159.588165633643	902.10498046875
162.518094878884	916.755004882813
165.447058914469	927.580017089844
168.375058189747	933.190002441406
171.302093153792	936.034973144531
174.228164255401	934.375
177.153271943091	932.715026855469
180.077416665101	931.02001953125
183.000598869394	932.390014648438
185.922819003656	936.775024414063
188.84407751529	938.265014648438
191.764374851424	937.375
194.683711458919	937.830017089844
197.60208778434	937.455017089844
200.519504273992	945.559997558594
203.435961373894	952.565002441406
206.351459529801	958.719970703125
209.265999187174	963.155029296875
212.179580791207	974.150024414063
215.092204786825	988.190002441406
218.003871618673	1002.66998291016
220.914581731116	1017.90997314453
223.824335568247	1026.08996582031
226.733133573893	1033.13000488281
229.640976191593	1044.4599609375
232.547863864614	1054.26501464844
235.453797035961	1063.86999511719
238.358776148354	1066.52001953125
241.26280164424	1066.7900390625
244.1658739658	1065.93994140625
247.067993554929	1069.72497558594
249.969160853266	1070.52502441406
252.869376302162	1071.68005371094
255.768640342707	1069.86499023438
258.666953415705	1065.63000488281
261.564315961705	1059.68994140625
264.46072842097	1061.91003417969
267.356191233499	1056.18505859375
270.25070483901	1051.49499511719
273.144269676967	1051.54504394531
276.036886186551	1051.50500488281
278.928554806671	1049.31005859375
281.819275975966	1045.75
284.709050132812	1041.57495117188
287.597877715306	1041.98999023438
290.485759161281	1042.53503417969
293.372694908298	1043.26501464844
296.258685393644	1039.68994140625
299.143731054352	1037.53002929688
302.027832327156	1036.57495117188
304.910989648557	1033.86999511719
307.79320345476	1033.75500488281
310.674474181717	1033.40002441406
313.554802265101	1033.53503417969
316.434188140326	1033.67004394531
319.312632242533	1033.53503417969
322.190135006593	1032.31994628906
325.066696867117	1030.18994140625
327.942318258443	1028.55004882813
330.816999614641	1028.5
333.690741369517	1026.30004882813
336.56354395661	1027.25500488281
339.435407809193	1024.55505371094
342.306333360273	1023.82501220703
345.176321042591	1022
348.045371288612	1016.55499267578
350.913484530551	1013.67999267578
353.78066120035	1011.74499511719
356.64690172969	1012.51000976563
359.512206549972	1014.45501708984
362.376576092357	1012.95001220703
365.240010787716	1010.30499267578
368.102511066677	1008.03997802734
370.964077359587	1006.59497070313
373.82471009654	1007.83001708984
376.684409707364	1008.85998535156
379.543176621612	1008.15246582031
382.401011268595	1007.44500732422
385.257914077343	1007.64501953125
388.113885476627	1010.57000732422
390.968925894961	1011.17498779297
393.823035760591	1009.32000732422
396.676215501503	1012.07501220703
399.528465545415	1015.05499267578
402.379786319791	1019.16497802734
405.230178251834	1021.35998535156
408.079641768472	1026.81994628906
410.928177296387	1032.06994628906
413.775785261992	1035.18005371094
416.622466091445	1034.5400390625
419.468220210631	1036
422.313048045182	1035.38500976563
425.156950020479	1040.42504882813
427.999926561623	1039.95495605469
430.841978093471	1040.28503417969
433.683105040613	1040.45495605469
436.523307827384	1036.54504394531
439.362586877851	1037.55505371094
442.200942615829	1036.05004882813
445.038375464876	1033.23498535156
447.874885848283	1033.97497558594
450.710474189089	1032.63500976563
453.54514091007	1031.78002929688
456.37888643375	1030.83996582031
459.211711182386	1028.63000488281
462.043615577986	1026.60998535156
464.874600042297	1028.07995605469
467.704664996804	1023.75500488281
470.533810862741	1025.01000976563
473.36203806108	1023.94000244141
476.189347012547	1022.86999511719
479.015738137594	1022.44500732422
481.841211856432	1023.59997558594
484.665768589008	1023.71997070313
487.489408755009	1024.22497558594
490.312132773878	1028.90502929688
493.133941064796	1030.70495605469
495.954834046683	1033.90502929688
498.77481213821	1033.71997070313
501.593875757797	1034.92504882813
504.412025323601	1041.11499023438
507.229261253524	1039.65002441406
510.045583965226	1039.44494628906
512.860993876093	1036.98999023438
515.675491403271	1037.92504882813
518.489076963649	1038.77001953125
521.301750973863	1038.23498535156
524.113513850293	1031.93505859375
526.924366009065	1023.89501953125
529.734307866052	1024.9150390625
532.543339836881	1023.51501464844
535.35146233692	1020.01501464844
538.158675781281	1017.15997314453
540.964980584833	1014.75500488281
543.770377162182	1014.92999267578
546.574865927692	1011.05999755859
549.378447295465	1013.32501220703
552.181121679365	1010.42498779297
554.982889492993	1005.00500488281
557.783751149701	1003.16998291016
560.583707062591	1002.08502197266
563.38275764452	1002.4150390625
566.180903308083	1002.74499511719
568.978144465633	1001.79498291016
571.774481529266	1003.58001708984
574.569914910839	1002.16497802734
577.364445021949	997.005004882813
580.158072273946	994.859985351563
582.950797077926	995.364990234375
585.742619844752	993.809997558594
588.533540985018	991.659973144531
591.323560909078	991.784973144531
594.112680027034	987.909973144531
596.90089874875	988.390014648438
599.688217483828	988.585021972656
602.474636641629	987.114990234375
605.260156631263	986.825012207031
608.044777861596	985.119995117188
610.828500741241	982.195007324219
613.611325678567	983.760009765625
616.393253081697	988.465026855469
619.174283358506	987.094970703125
621.954416916616	988.469970703125
624.733654163414	990.210021972656
627.511995506029	990.205017089844
630.289441351351	988.674987792969
633.065992106022	986.075012207031
635.841648176434	982.234985351563
638.616409968744	979.919982910156
641.390277888847	980.940002441406
644.163252342408	985.679992675781
646.93533373484	988.539978027344
649.706522471307	990.97998046875
652.47681895674	991.010009765625
655.246223595811	990.97998046875
658.014736792957	990.950012207031
660.782358952371	990.265014648438
663.549090477999	988.320007324219
666.314931773542	988.875
669.079883242452	988.215026855469
671.843945287955	990.034973144531
674.607118313019	991.325012207031
677.369402720366	994.344970703125
680.130798912488	993.640014648438
682.891307291627	992.934997558594
685.650928259784	991.234985351563
688.409662218708	990.580017089844
691.167509569927	988.619995117188
693.924470714705	987.414978027344
696.680546054078	989.902465820313
699.435735988832	992.390014648438
702.190040919516	988.340026855469
704.943461246442	991.150024414063
707.695997369667	993.364990234375
710.447649689022	993.929992675781
713.198418604088	994.340026855469
715.948304514206	992.664978027344
718.697307818481	991.10498046875
721.445428915779	992.590026855469
724.192668204716	994.635009765625
726.93902608368	999.210021972656
729.684502950805	997.469970703125
732.429099204005	995.909973144531
735.172815240936	996.575012207031
737.915651459026	998.640014648438
740.657608255463	999.044982910156
743.398686027186	997.35498046875
746.13888517091	999.630004882813
748.878206083102	1003.25
751.616649159998	1004.76000976563
754.354214797584	1003.63000488281
757.09090339162	1005.32000732422
759.826715337622	1006.74499511719
762.561651030868	1008.16998291016
765.295710866406	1004.96502685547
768.028895239041	1001.98498535156
770.761204543336	997.159973144531
773.492639173626	993.005004882813
776.223199524006	989.075012207031
778.952885988334	987.5
781.681698960235	985.875
784.40963883309	984.424987792969
787.136706000052	981.674987792969
789.862900854037	981.460021972656
792.588223787721	984.929992675781
795.312675193549	985.515014648438
798.036255463728	984.424987792969
800.758964990228	984.080017089844
803.480804164792	983.025024414063
806.201773378919	984.119995117188
808.921873023884	987.580017089844
811.641103490712	992.309997558594
814.359465170214	996.659973144531
817.076958452946	999.52001953125
819.793583729246	1004.03002929688
822.509341389214	1010.08001708984
825.224231822712	1014.72497558594
827.938255419375	1025.08996582031
830.651412568596	1033.32995605469
833.363703659544	1037.125
836.075129081157	1039.49499511719
838.785689222127	1042.84497070313
841.495384470928	1045.90502929688
844.204215215788	1047.2900390625
846.912181844721	1050.94494628906
849.619284745491	1059.20495605469
852.325524305638	1061.2099609375
855.030900912475	1064.08996582031
857.735414953079	1065.90502929688
860.439066814289	1066.82995605469
863.141856882725	1066.63500976563
865.843785544769	1065.55004882813
868.544853186571	1058.46496582031
871.245060194063	1051.29504394531
873.944406952925	1048.125
876.642893848625	1049.00500488281
879.340521266398	1048.08996582031
882.037289591241	1051.23999023438
884.733199207927	1054.03002929688
887.428250501001	1056.32495117188
890.122443854778	1056.82739257813
892.815779653335	1057.32995605469
895.508258280534	1057.09997558594
898.199880119997	1062.28503417969
900.890645555129	1068.90502929688
903.580554969094	1070.51501464844
906.269608744832	1071.93505859375
908.957807265056	1071.34497070313
911.645150912257	1075.21496582031
914.331640068689	1072.60998535156
917.017275116375	1066.96997070313
919.702056437128	1067.42004394531
922.385984412518	1069.2900390625
925.069059423886	1068.86499023438
927.751281852366	1074.09497070313
930.432652078842	1082.36499023438
933.113170483983	1085.60498046875
935.79283744823	1094.36999511719
938.471653351806	1101.2900390625
941.149618574686	1100.96496582031
943.826733496641	1102.25500488281
946.502998497206	1112.56494140625
949.178413955689	1113.94995117188
951.85298025118	1114.77661132813
954.526697762544	1115.60339355469
957.199566868403	1116.43005371094
959.87158794718	1116.57495117188
962.542761377054	1118.84497070313
965.213087535987	1116.24499511719
967.882566801719	1109.86499023438
970.551199551761	1103.29504394531
973.218986163399	1100.81005859375
975.885927013698	1097.56494140625
978.552022479501	1092.27001953125
981.217272937423	1086.98498535156
983.88167876386	1080.94494628906
986.545240334978	1080.55505371094
989.207958026729	1085.09497070313
991.869832214835	1094.99499511719
994.530863274798	1102.63000488281
997.191051581895	1114.63500976563
999.850397511185	1135.3349609375
1002.50890143751	1170.91003417969
1005.16656373546	1206.8349609375
1007.82338477944	1230.09997558594
1010.47936494363	1239.24499511719
1013.13450460195	1230.97497558594
1015.78880412815	1203.83996582031
1018.44226389572	1163.23498535156
1021.09488427794	1127.5400390625
1023.74666564789	1108.51501464844
1026.3976083784	1099.85498046875
1029.04771284208	1094.97497558594
1031.69697941135	1091.35998535156
1034.34540845838	1092.43994140625
1036.99300035512	1098.21997070313
1039.63975547333	1103.03002929688
1042.28567418452	1102.5
1044.93075685998	1099.85498046875
1047.57500387081	1093.92004394531
1050.21841558786	1090.70495605469
1052.86099238177	1093.39501953125
1055.50273462297	1097.56494140625
1058.14364268167	1100.27001953125
1060.78371692784	1102.23498535156
1063.42295773126	1103.0849609375
1066.06136546148	1109.53503417969
1068.69894048781	1112.10998535156
1071.33568317939	1122.86499023438
1073.9715939051	1128.39501953125
1076.60667303362	1130.43505859375
1079.24092093341	1132.28503417969
1081.87433797271	1137.00500488281
1084.50692451954	1135.98498535156
1087.13868094172	1134.75500488281
1089.76960760684	1133.08996582031
1092.39970488226	1130.45495605469
1095.02897313516	1126.66003417969
1097.65741273246	1125.25
1100.28502404089	1125.43005371094
1102.91180742697	1118.58996582031
1105.53776325698	1111.44494628906
1108.16289189701	1106.06994628906
1110.78719371291	1101.07995605469
1113.41066907033	1100.89501953125
1116.0333183347	1100.60498046875
1118.65514187124	1098.56005859375
1121.27614004495	1099.70495605469
1123.89631322061	1100.24499511719
1126.51566176279	1099.86499023438
1129.13418603585	1100.40502929688
1131.75188640394	1100.70495605469
1134.36876323098	1097.48999023438
1136.98481688069	1092.69494628906
1139.60004771655	1081.64501953125
1142.21445610187	1067.91003417969
1144.82804239972	1055.06994628906
1147.44080697295	1048.36499023438
1150.05275018421	1043.70495605469
1152.66387239593	1045.75500488281
1155.27417397034	1046.7900390625
1157.88365526943	1051.55505371094
1160.49231665502	1056.72497558594
1163.10015848867	1061.125
1165.70718113176	1062.125
1168.31338494544	1062.23999023438
1170.91877029067	1060.94995117188
1173.52333752817	1062.59997558594
1176.12708701847	1063.74755859375
1178.73001912187	1064.89501953125
1181.33213419848	1060.4599609375
1183.93343260819	1058.36999511719
1186.53391471068	1056.48999023438
1189.13358086539	1055.15002441406
1191.73243143161	1050.82995605469
1194.33046676836	1048.45495605469
1196.92768723449	1045.38000488281
1199.52409318861	1049.9150390625
1202.11968498915	1054.89001464844
1204.7144629943	1063.41003417969
1207.30842756206	1070.68005371094
1209.90157905021	1077.60498046875
1212.49391781634	1087.93994140625
1215.08544421779	1088.61999511719
1217.67615861174	1087.85998535156
1220.26606135512	1085.82995605469
1222.85515280468	1083.34497070313
1225.44343331694	1079.40002441406
1228.03090324823	1078.09497070313
1230.61756295466	1081.80505371094
1233.20341279213	1088.94995117188
1235.78845311634	1095.71496582031
1238.37268428278	1105.0400390625
1240.95610664673	1116.11499023438
1243.53872056325	1124.18005371094
1246.12052638722	1129.2900390625
1248.70152447329	1127.6650390625
1251.28171517591	1126.0400390625
1253.86109884934	1125.39001464844
1256.43967584759	1129.40502929688
1259.0174465245	1129.26000976563
1261.5944112337	1129.46997070313
1264.1705703286	1131.27502441406
1266.74592416241	1137.72998046875
1269.32047308814	1140.76000976563
1271.89421745858	1144.27001953125
1274.46715762633	1144.71496582031
1277.03929394377	1145.63500976563
1279.61062676308	1145.43505859375
1282.18115643624	1143.06994628906
1284.75088331502	1141.23999023438
1287.31980775098	1136.34497070313
1289.88793009548	1138.39001464844
1292.45525069969	1141.68505859375
1295.02176991454	1137.71997070313
1297.58748809078	1131.84497070313
1300.15240557897	1129.06005859375
1302.71652272942	1132.15002441406
1305.27983989229	1139.45495605469
1307.84235741749	1149.49499511719
1310.40407565475	1152.24499511719
1312.9649949536	1151.81005859375
1315.52511566335	1160.03002929688
1318.08443813311	1164.75
1320.64296271181	1166.67504882813
1323.20068974815	1173.10498046875
1325.75761959063	1180.06005859375
1328.31375258756	1180.31005859375
1330.86908908704	1180.46496582031
1333.42362943696	1179.1650390625
1335.97737398503	1176.83996582031
1338.53032307874	1174.08996582031
1341.08247706537	1169.5849609375
1343.63383629202	1173.56994628906
1346.18440110558	1175.64501953125
1348.73417185274	1177.71997070313
1351.28314887997	1173.25500488281
1353.83133253357	1161.39501953125
1356.37872315961	1141.82495117188
1358.92532110398	1128.55004882813
1361.47112671237	1116.86499023438
1364.01614033024	1098.19494628906
1366.56036230288	1089.4599609375
1369.10379297537	1083.70495605469
1371.64643269258	1077.25500488281
1374.18828179921	1069.80505371094
1376.72934063972	1062.23999023438
1379.2696095584	1056.32995605469
1381.80908889932	1053.79504394531
1384.34777900637	1052.35498046875
1386.88568022323	1054.23999023438
1389.42279289337	1053.71496582031
1391.95911736009	1053.68505859375
1394.49465396645	1054.5849609375
1397.02940305537	1057.25
1399.5633649695	1060.59997558594
1402.09654005135	1063.35998535156
1404.6289286432	1068.07995605469
1407.16053108714	1072.21997070313
1409.69134772507	1070.20495605469
1412.22137889868	1070.59997558594
1414.75062494947	1074.44995117188
1417.27908621874	1077.52502441406
1419.80676304759	1078.57495117188
1422.33365577692	1083.02502441406
1424.85976474744	1085.26000976563
1427.38509029967	1085.03503417969
1429.90963277392	1092.32995605469
1432.4333925103	1095.32250976563
1434.95636984873	1098.31494140625
1437.47856512894	1107.81994628906
1439.99997869045	1123.18505859375
1442.5206108726	1138.18005371094
1445.04046201452	1159.39001464844
1447.55953245515	1184.96496582031
1450.07782253323	1210.18505859375
1452.59533258731	1213.7783203125
1455.11206295574	1217.37170410156
1457.62801397668	1220.96496582031
1460.14318598809	1220.47497558594
1462.65757932774	1215.79504394531
1465.1711943332	1198.75
1467.68403134184	1179.30004882813
1470.19609069085	1157.82495117188
1472.70737271721	1139.02502441406
1475.21787775772	1122.00500488281
1477.72760614897	1098.25500488281
1480.23655822738	1073.32495117188
1482.74473432914	1049.2900390625
1485.25213479029	1027.19494628906
1487.75875994664	1008.93499755859
1490.26461013382	996.099975585938
1492.76968568726	988.325012207031
1495.27398694222	977.864990234375
1497.77751423374	972.070007324219
1500.28026789667	971.085021972656
1502.78224826569	968.255004882813
1505.28345567526	965.719970703125
1507.78389045967	963.775024414063
1510.28355295299	962.22998046875
1512.78244348913	961.849975585938
1515.28056240178	961.825012207031
1517.77791002445	961.799987792969
1520.27448669047	961.775024414063
1522.77029273296	961.864990234375
1525.26532848486	960.275024414063
1527.75959427889	960.619995117188
1530.25309044764	961.109985351563
1532.74581732344	962.72998046875
1535.23777523847	962.164978027344
1537.72896452471	965.005004882813
1540.21938551394	965.27001953125
1542.70903853778	965.885009765625
1545.19792392761	967.059997558594
1547.68604201466	971.219970703125
1550.17339312997	977.125
1552.65997760434	982.114990234375
1555.14579576845	984.89501953125
1557.63084795275	989.390014648438
1560.11513448749	991.455017089844
1562.59865570276	990.559997558594
1565.08141192845	989.664978027344
1567.56340349426	987.85498046875
1570.04463072969	984.039978027344
1572.52509396406	984.109985351563
1575.00479352652	983.034973144531
1577.48372974599	985.570007324219
1579.96190295124	989.965026855469
1582.43931347083	990.924987792969
1584.91596163314	995.635009765625
1587.39184776636	1001.28997802734
1589.86697219849	1005.46002197266
1592.34133525734	1008.83001708984
1594.81493727054	1008.13500976563
1597.28777856553	1013.38000488281
1599.75985946955	1015.71997070313
1602.23118030968	1021.57501220703
1604.70174141278	1031.69995117188
1607.17154310555	1044.75
1609.64058571449	1054.5
1612.10886956591	1060.11499023438
1614.57639498595	1061.88000488281
1617.04316230054	1063.30493164063
1619.50917183543	1064.72998046875
1621.97442391621	1060.15502929688
1624.43891886825	1057.34497070313
1626.90265701674	1052.02001953125
1629.36563868671	1048.22497558594
1631.82786420296	1047.39001464844
1634.28933389016	1047.05505371094
1636.75004807274	1050.68994140625
1639.21000707498	1061.16003417969
1641.66921122097	1069.47998046875
1644.12766083459	1082.75500488281
1646.58535623956	1093.61499023438
1649.04229775941	1106.70495605469
1651.4984857175	1121.71997070313
1653.95392043697	1136.41003417969
1656.40860224079	1153.32495117188
1658.86253145177	1169.03503417969
1661.3157083925	1177.57995605469
1663.76813338542	1180.68005371094
1666.21980675275	1177.45495605469
1668.67072881656	1175.64001464844
1671.1208998987	1166.52502441406
1673.57032032089	1153.40002441406
1676.0189904046	1143.56005859375
1678.46691047118	1131.76000976563
1680.91408084174	1117.13500976563
1683.36050183726	1103
1685.8061737785	1088.01501464844
1688.25109698605	1064.11499023438
1690.69527178032	1043.16003417969
1693.13869848153	1032.40502929688
1695.58137740972	1020.22998046875
1698.02330888476	1003.63500976563
1700.46449322631	986.340026855469
1702.90493075388	973.315002441406
1705.34462178678	963.015014648438
1707.78356664414	953.880004882813
1710.22176564492	944.794982910156
1712.65921910787	938.445007324219
1715.0959273516	933.169982910156
1717.53189069449	928.864990234375
1719.9671094548	924.424987792969
1722.40158395054	922.109985351563
1724.8353144996	920.135009765625
1727.26830141965	920.474975585938
1729.70054502819	918.674987792969
1732.13204564255	918.969970703125
1734.56280357987	917.659973144531
1736.99281915711	915.799987792969
1739.42209269106	915.47998046875
1741.85062449831	916.315002441406
1744.27841489529	916.010009765625
1746.70546419823	914.325012207031
1749.13177272321	913.52001953125
1751.5573407861	911.434997558594
1753.98216870262	911.815002441406
1756.40625678828	910.369995117188
1758.82960535844	910.080017089844
1761.25221472825	909.390014648438
1763.67408521271	907.494995117188
1766.09521712663	907.390014648438
1768.51561078464	907.461669921875
1770.93526650119	907.533325195313
1773.35418459056	907.60498046875
1775.77236536684	907.64501953125
1778.18980914396	907.445007324219
1780.60651623565	907.244995117188
1783.02248695548	907.549987792969
1785.43772161684	907.679992675781
1787.85222053292	908.184997558594
1790.26598401677	905.505004882813
1792.67901238123	903.775024414063
1795.09130593899	904.515014648438
1797.50286500254	904.4775390625
1799.9136898842	904.440002441406
1802.32378089613	903.710021972656
1804.73313835028	903.109985351563
1807.14176255846	902.815002441406
1809.54965383228	903.289978027344
1811.95681248317	902.205017089844
1814.36323882242	901.469970703125
1816.76893316109	899.789978027344
1819.17389581011	900.875
1821.57812708021	900.385009765625
1823.98162728196	901.114990234375
1826.38439672573	900.784973144531
1828.78643572174	900.460021972656
1831.18774458003	899.474975585938
1833.58832361045	899.775024414063
1835.98817312269	899.440002441406
1838.38729342625	898.164978027344
1840.78568483048	896.664978027344
1843.18334764454	896.369995117188
1845.58028217741	897.530029296875
1847.9764887379	897.809997558594
1850.37196763465	898.590026855469
1852.76671917613	898.545043945313
1855.16074367062	898.5
1857.55404142624	899.10498046875
1859.94661275094	897.219970703125
1862.33845795247	896.60498046875
1864.72957733844	896.039978027344
1867.11997121627	895.744995117188
1869.5096398932	895.224975585938
1871.89858367631	895.364990234375
1874.28680287251	895.505004882813
1876.67429778851	894.875
1879.06106873089	896.780029296875
1881.44711600601	896.744995117188
1883.8324399201	896.244995117188
1886.21704077919	895.789978027344
1888.60091888915	894.460021972656
1890.98407455567	894.445007324219
1893.36650808428	894.965026855469
1895.74821978033	896.034973144531
1898.12920994899	895.260009765625
1900.50947889527	894.885009765625
1902.88902692401	894.510009765625
1905.26785433986	895.114990234375
1907.64596144734	895.465026855469
1910.02334855075	895.925048828125
1912.40001595424	896.385009765625
1914.7759639618	895.390014648438
1917.15119287724	894.340026855469
1919.52570300419	895.434997558594
1921.89949464611	895.434997558594
1924.27256810632	896.289978027344
1926.64492368793	896.5
1929.0165616939	896.919982910156
1931.38748242701	895.609985351563
1933.75768618989	895.465026855469
1936.12717328497	896.627502441406
1938.49594401455	897.789978027344
1940.86399868071	896.525024414063
1943.23133758541	895.015014648438
1945.5979610304	894.505004882813
1947.96386931729	894.794982910156
1950.32906274751	895.684997558594
1952.69354162232	895.385009765625
1955.0573062428	895.390014648438
1957.42035690989	894.369995117188
1959.78269392434	894.885009765625
1962.14431758673	895.010009765625
1964.50522819748	895.135009765625
1966.86542605684	895.260009765625
1969.22491146488	894.044982910156
1971.58368472153	892.465026855469
1973.94174612654	893.75
1976.29909597945	893.998352050781
1978.65573457971	894.246643066406
1981.01166222654	894.494995117188
1983.36687921902	894.034973144531
1985.72138585606	894.164978027344
1988.07518243639	894.294982910156
1990.42826925859	894.424987792969
1992.78064662106	894.174987792969
1995.13231482205	894.557495117188
1997.48327415961	894.940002441406
1999.83352493167	893.940002441406
2002.18306743594	894.695007324219
2004.53190197002	894.467529296875
2006.8800288313	894.239990234375
2009.22744831703	894.155029296875
2011.57416072427	893.534973144531
2013.92016634993	893.484985351563
2016.26546549076	893.015014648438
2018.61005844332	892.424987792969
2020.95394550404	893.119995117188
2023.29712696915	892.6025390625
2025.63960313474	892.085021972656
2027.98137429672	892.054992675781
2030.32244075083	892.039978027344
2032.66280279266	892.375
2035.00246071763	893.780029296875
2037.34141482099	894.094970703125
2039.67966539784	895
2042.01721274309	895.119995117188
2044.35405715151	894.705017089844
2046.69019891769	894.244995117188
2049.02563833606	893.919982910156
2051.3603757009	892.674987792969
2053.6944113063	894.22998046875
2056.0277454462	894.200012207031
2058.36037841439	893.505004882813
2060.69231050446	892.205017089844
2063.02354200988	893.015014648438
2065.35407322392	893.780029296875
2067.68390443971	895.409973144531
2070.01303595021	896.565002441406
2072.3414680482	897.02001953125
2074.66920102633	895.390014648438
2076.99623517706	893.650024414063
2079.32257079271	893.880004882813
2081.6482081654	893.409973144531
2083.97314758713	893.299987792969
2086.29738934971	895.965026855469
2088.62093374481	897.075012207031
2090.94378106391	897.080017089844
2093.26593159835	897.159973144531
2095.5873856393	895.075012207031
2097.90814347777	895.474975585938
2100.2282054046	896.424987792969
2102.54757171048	896.349975585938
2104.86624268594	897.094970703125
2107.18421862133	895.315002441406
2109.50149980686	896.72998046875
2111.81808653257	897.224975585938
2114.13397908834	897.059997558594
2116.44917776388	896.89501953125
2118.76368284875	899.364990234375
2121.07749463235	898.864990234375
2123.39061340391	898.60498046875
2125.70303945252	898.304992675781
2128.01477306707	898.210021972656
2130.32581453634	898.213317871094
2132.63616414891	898.216674804688
2134.94582219322	898.219970703125
2137.25478895754	897.724975585938
2139.56306472999	897.717529296875
2141.87064979851	897.710021972656
2144.17754445092	897.630004882813
2146.48374897484	897.705017089844
2148.78926365774	897.657470703125
2151.09408878695	897.609985351563
2153.39822464963	898.200012207031
2155.70167153277	897.849975585938
2158.00442972321	898.169982910156
2160.30649950763	897.39501953125
2162.60788117256	897.39501953125
2164.90857500436	897.530029296875
2167.20858128923	897.585021972656
2169.50790031323	897.640014648438
2171.80653236223	897.765014648438
2174.10447772198	897.890014648438
2176.40173667804	898.015014648438
2178.69830951582	897.840026855469
2180.99419652058	896.815002441406
2183.28939797743	896.469970703125
2185.5839141713	896.929992675781
2187.87774538698	896.945007324219
2190.17089190908	896.960021972656
2192.46335402209	896.494995117188
2194.75513201032	898.309997558594
2197.04622615791	896.950012207031
2199.33663674886	895.590026855469
2201.62636406702	895.460021972656
2203.91540839606	897.159973144531
2206.20377001952	896.380004882813
2208.49144922077	896.364990234375
2210.77844628302	895.114990234375
2213.06476148933	895.424987792969
2215.3503951226	895.52001953125
2217.63534746557	895.614990234375
2219.91961880085	895.710021972656
2222.20320941085	894.835021972656
2224.48611957785	894.77001953125
2226.76834958399	893.64501953125
2229.04989971122	893.262512207031
2231.33077024136	892.880004882813
2233.61096145607	893.880004882813
2235.89047363683	894.169982910156
2238.169307065	893.724975585938
2240.44746202178	892.690002441406
2242.72493878819	893.135009765625
2245.00173764511	894.570007324219
2247.27785887327	895.125
2249.55330275324	895.679992675781
2251.82806956545	894.375
2254.10215959014	893.335021972656
2256.37557310744	893.539978027344
2258.64831039729	894.570007324219
2260.92037173949	895.820007324219
2263.19175741368	898.330017089844
2265.46246769938	897.497497558594
2267.7325028759	896.664978027344
2270.00186322243	895.614990234375
2272.270549018	896.155029296875
2274.5385605415	895.924987792969
2276.80589807165	895.8974609375
2279.07256188702	895.869995117188
2281.33855226601	895.880004882813
2283.60386948691	895.684997558594
2285.86851382782	896.164978027344
2288.1324855667	896.35498046875
2290.39578498136	896.094970703125
2292.65841234945	895.489990234375
2294.92036794847	896.599975585938
2297.18165205578	895.960021972656
2299.44226494856	896.465026855469
2301.70220690387	896.313354492188
2303.96147819859	896.161682128906
2306.22007910947	896.010009765625
2308.47800991309	896.10498046875
2310.73527088589	895.369995117188
2312.99186230416	894.39501953125
2315.24778444403	897.044982910156
2317.50303758149	899.715026855469
2319.75762199235	900.169982910156
2322.01153795231	899.905029296875
2324.26478573689	899.929992675781
2326.51736562147	898.159973144531
2328.76927788127	898.159973144531
2331.02052279137	898.684997558594
2333.2711006267	898.75
2335.52101166203	899.840026855469
2337.77025617198	897.359985351563
2340.01883443103	896.369995117188
2342.2667467135	895.815002441406
2344.51399329356	895.695007324219
2346.76057444525	895.575012207031
2349.00649044241	895.239990234375
2351.2517415588	895.309997558594
2353.49632806796	895.14501953125
2355.74025024334	894.090026855469
2357.98350835819	894.349975585938
2360.22610268566	895.419982910156
2362.4680334987	896.39501953125
2364.70930107016	895.544982910156
2366.94990567269	895.030029296875
2369.18984757884	894.539978027344
2371.42912706098	893.945007324219
2373.66774439134	894.325012207031
2375.90569984199	893.635009765625
2378.14299368488	894.994995117188
2380.37962619179	894.260009765625
2382.61559763435	893.159973144531
2384.85090828405	894.75
2387.08555841222	895.869995117188
2389.31954829006	896.625
2391.55287818861	896.440002441406
2393.78554837877	895.559997558594
2396.01755913128	893.984985351563
2398.24891071673	892.630004882813
2400.47960340558	893.109985351563
2402.70963746814	893.210021972656
2404.93901317456	893.630004882813
2407.16773079485	895.64501953125
2409.39579059887	895.14501953125
2411.62319285633	894.64501953125
2413.84993783681	894.994995117188
2416.07602580971	893.405029296875
2418.30145704432	893.340026855469
2420.52623180977	895.179992675781
2422.75035037503	896.265014648438
2424.97381300893	897.049987792969
2427.19661998017	895.784973144531
2429.41877155729	894.159973144531
2431.64026800867	894.659973144531
2433.86110960257	893.47998046875
2436.08129660709	894.119995117188
2438.30082929019	894.635009765625
2440.51970791967	894.705017089844
2442.73793276321	894.859985351563
2444.95550408832	895.005004882813
2447.17242216237	894.848327636719
2449.38868725259	894.691650390625
2451.60429962607	894.534973144531
2453.81925954975	893.924987792969
2456.03356729041	894.994995117188
2458.2472231147	893.380004882813
2460.46022728913	894.510009765625
2462.67258008005	894.325012207031
2464.88428175368	894.429992675781
2467.09533257608	895.549987792969
2469.30573281318	895.330017089844
2471.51548273076	895.849975585938
2473.72458259445	894.784973144531
2475.93303266974	895.974975585938
2478.14083322198	895.650024414063
2480.34798451637	897.275024414063
2482.55448681797	896.77001953125
2484.76034039169	897.684997558594
2486.96554550231	895.885009765625
2489.17010241445	895.585021972656
2491.37401139259	896.150024414063
2493.57727270109	897.049987792969
2495.77988660412	896.869995117188
2497.98185336574	899.099975585938
2500.18317324987	900.630004882813
2502.38384652028	899.650024414063
2504.58387344058	896.905029296875
2506.78325427425	897.275024414063
2508.98198928465	896.544982910156
2511.18007873495	895.494995117188
2513.37752288821	895.450012207031
2515.57432200735	895.525024414063
2517.77047635514	896.85498046875
2519.96598619419	898.210021972656
2522.16085178699	898.664978027344
2524.35507339589	899.065002441406
2526.54865128308	898.880004882813
2528.74158571062	898.695007324219
2530.93387694042	898.265014648438
2533.12552523427	895.155029296875
2535.31653085379	897.965026855469
2537.50689406046	899.119995117188
2539.69661511566	900.544982910156
2541.88569428057	900.39501953125
2544.07413181627	901.125
2546.26192798368	901.440002441406
2548.44908304359	899.340026855469
2550.63559725664	897.929992675781
2552.82147088333	897.940002441406
2555.00670418402	899.760009765625
2557.19129741894	901.090026855469
2559.37525084817	902.02001953125
2561.55856473164	900.284973144531
2563.74123932917	901.679992675781
2565.92327490039	901.315002441406
2568.10467170484	899.599975585938
2570.28543000189	901.570007324219
2572.46555005079	901.215026855469
2574.64503211063	903.440002441406
2576.82387644036	904.474975585938
2579.00208329882	904.369995117188
2581.17965294468	904.625
2583.35658563648	902.22998046875
2585.53288163263	903.955017089844
2587.70854119137	903.33251953125
2589.88356457084	902.710021972656
2592.05795202902	902.700012207031
2594.23170382376	902.655029296875
2596.40482021275	901.825012207031
2598.57730145356	902.724975585938
2600.74914780363	904.065002441406
2602.92035952023	905.224975585938
2605.09093686053	905.554992675781
2607.26088008153	904.164978027344
2609.4301894401	904.820007324219
2611.59886519299	905.679992675781
2613.76690759678	905.965026855469
2615.93431690793	908.364990234375
2618.10109338277	910.590026855469
2620.26723727748	911.094970703125
2622.4327488481	911.169982910156
2624.59762835054	910.690002441406
2626.76187604057	911.315002441406
2628.92549217382	911.005004882813
2631.08847700579	912.489990234375
2633.25083079182	912.885009765625
2635.41255378715	913.299987792969
2637.57364624684	914.765014648438
2639.73410842586	913.965026855469
2641.893940579	914.974975585938
2644.05314296094	914.025024414063
2646.21171582621	916.275024414063
2648.36965942921	915.224975585938
2650.5269740242	915.844970703125
2652.6836598653	915.494995117188
2654.83971720651	916.45751953125
2656.99514630167	917.419982910156
2659.1499474045	915.700012207031
2661.30412076857	916.719970703125
2663.45766664734	916.505004882813
2665.61058529411	918.280029296875
2667.76287696204	918.184997558594
2669.91454190418	918.950012207031
2672.06558037342	919.385009765625
2674.21599262253	921.760009765625
2676.36577890413	921.109985351563
2678.51493947072	921.179992675781
2680.66347457466	920.872497558594
2682.81138446816	920.565002441406
2684.95866940332	924.544982910156
2687.10532963209	925.119995117188
2689.25136540628	924.64501953125
2691.39677697757	924.325012207031
2693.54156459752	923.119995117188
2695.68572851753	922.659973144531
2697.82926898888	923.434997558594
2699.97218626272	924.414978027344
2702.11448059006	924.205017089844
2704.25615222175	928.294982910156
2706.39720140856	931.344970703125
2708.53762840109	931.544982910156
2710.67743344979	932.109985351563
2712.81661680503	934.385009765625
2714.95517871698	935.315002441406
2717.09311943574	937.169982910156
2719.23043921123	942.044982910156
2721.36713829325	945.429992675781
2723.50321693148	946.700012207031
2725.63867537545	952.525024414063
2727.77351387456	956.659973144531
2729.90773267809	957.369995117188
2732.04133203516	956.530029296875
2734.17431219478	955.549987792969
2736.30667340581	955.265014648438
2738.438415917	954.400024414063
2740.56953997695	952.875
2742.70004583414	951.900024414063
2744.82993373688	953.054992675781
2746.9592039334	952.015014648438
2749.08785667177	950.375
2751.21589219993	948.905029296875
2753.34331076568	949.195007324219
2755.4701126167	947.554992675781
2757.59629800054	945.320007324219
2759.7218671646	946.275024414063
2761.84682035617	945.205017089844
2763.9711578224	943.409973144531
2766.0948798103	942.835021972656
2768.21798656676	942.164978027344
2770.34047833852	944.070007324219
2772.46235537222	944.005004882813
2774.58361791434	943.309997558594
2776.70426621124	943.414978027344
2778.82430050915	943.400024414063
2780.94372105416	941.780029296875
2783.06252809224	943.075012207031
2785.18072186922	943.195007324219
2787.29830263081	940.609985351563
2789.41527062257	939.375
2791.53162608996	937.255004882813
2793.64736927828	936.780029296875
2795.76250043271	936.400024414063
2797.8770197983	937.200012207031
2799.99092761997	938
2802.10422414252	936.815002441406
2804.21690961059	938.234985351563
2806.32898426873	940.950012207031
2808.44044836132	943.630004882813
2810.55130213264	945.039978027344
2812.66154582682	947.789978027344
2814.77117968788	948.375
2816.8802039597	951.034973144531
2818.98861888601	955.590026855469
2821.09642471046	960.059997558594
2823.20362167653	963.25
2825.31021002756	968.034973144531
2827.41619000682	972.989990234375
2829.52156185738	978.734985351563
2831.62632582224	985.375
2833.73048214422	992.594970703125
2835.83403106606	1001.81500244141
2837.93697283033	1007.03002929688
2840.03930767951	1013.26000976563
2842.1410358559	1022.85498046875
2844.24215760173	1035.4150390625
2846.34267315905	1054.9599609375
2848.44258276982	1076.76501464844
2850.54188667585	1101.80004882813
2852.64058511883	1129.68005371094
2854.73867834032	1158.49499511719
2856.83616658175	1184.30505371094
2858.93305008443	1210.93005371094
2861.02932908952	1240.18994140625
2863.12500383809	1270.5400390625
2865.22007457104	1312.31994628906
2867.31454152918	1359.5400390625
2869.40840495316	1406.41003417969
2871.50166508353	1454.05505371094
2873.59432216069	1506.72998046875
2875.68637642493	1555.48999023438
2877.77782811641	1590.86999511719
2879.86867747515	1611.75500488281
2881.95892474105	1633.43994140625
2884.0485701539	1640.5400390625
2886.13761395333	1636.65502929688
2888.22605637886	1641.42504882813
2890.3138976699	1639.89001464844
2892.40113806571	1648.35998535156
2894.48777780544	1675.40002441406
2896.57381712808	1688.65502929688
2898.65925627254	1720.18505859375
2900.74409547758	1758.93505859375
2902.82833498183	1769.92004394531
2904.9119750238	1774.66003417969
2906.99501584188	1798.92504882813
2909.07745767432	1828.55004882813
2911.15930075925	1857.78503417969
2913.24054533469	1908.46496582031
2915.3211916385	1957.32995605469
2917.40123990846	1997.05505371094
2919.48069038217	2055.14990234375
2921.55954329716	2122.23999023438
2923.63779889079	2157.65991210938
2925.71545740033	2206.80493164063
2927.79251906289	2252.81005859375
2929.86898411548	2299.02001953125
2931.94485279498	2317.23510742188
2934.02012533815	2321.9599609375
2936.0948019816	2325.443359375
2938.16888296184	2328.92651367188
2940.24236851525	2332.40991210938
2942.31525887809	2313.169921875
2944.38755428648	2287.330078125
2946.45925497643	2266.98510742188
2948.53036118382	2216.39990234375
2950.6008731444	2150.80004882813
2952.67079109381	2090.43505859375
2954.74011526755	2022.0400390625
2956.80884590101	1950.72497558594
2958.87698322944	1928.47998046875
2960.94452748799	1926.57495117188
2963.01147891167	1902.31994628906
2965.07783773535	1866.5849609375
2967.14360419382	1829.93505859375
2969.2087785217	1803.46496582031
2971.27336095352	1783.26501464844
2973.33735172366	1769.76000976563
2975.40075106641	1741.46496582031
2977.46355921591	1705.7900390625
2979.52577640618	1672.51000976563
2981.58740287112	1648.02502441406
2983.64843884452	1629.30004882813
2985.70888456003	1602.76000976563
2987.76874025117	1582.22497558594
2989.82800615137	1549.38000488281
2991.88668249391	1513.53002929688
2993.94476951194	1476.31494140625
2996.00226743852	1441.08996582031
2998.05917650657	1405.68005371094
3000.11549694887	1373.47497558594
3002.17122899812	1347.31494140625
3004.22637288685	1320.53503417969
3006.2809288475	1286.19995117188
3008.33489711238	1254.7900390625
3010.38827791368	1226.16003417969
3012.44107148345	1206.06494140625
3014.49327805366	1188.72998046875
3016.5448978561	1165.28503417969
3018.59593112249	1145.18994140625
3020.64637808441	1130.43994140625
3022.6962389733	1116.88500976563
3024.74551402051	1105.07995605469
3026.79420345725	1097.81005859375
3028.84230751461	1089.43505859375
3030.88982642357	1080.11499023438
3032.93676041497	1074.68994140625
3034.98310971955	1068.23498535156
3037.02887456791	1070.64001464844
3039.07405519054	1076.08996582031
3041.11865181781	1081.91003417969
3043.16266467996	1085.34997558594
3045.20609400713	1088.69995117188
3047.24894002932	1090.48498535156
3049.2912029764	1092.5
3051.33288307815	1095.875
3053.37398056421	1102.28503417969
3055.41449566411	1113.79504394531
3057.45442860725	1128.52502441406
3059.49377962291	1145.77502441406
3061.53254894026	1161.125
3063.57073678834	1165.90502929688
3065.60834339607	1164.375
3067.64536899227	1162.97998046875
3069.68181380561	1160.59497070313
3071.71767806467	1154.57495117188
3073.75296199788	1142.80004882813
3075.78766583357	1125.43994140625
3077.82178979997	1104.83996582031
3079.85533412513	1092.625
3081.88829903705	1078.47497558594
3083.92068476356	1064.57495117188
3085.95249153241	1049.97497558594
3087.98371957119	1041.43994140625
3090.01436910741	1035.81005859375
3092.04444036844	1023.40997314453
3094.07393358152	1019.30999755859
3096.10284897381	1015.29498291016
3098.13118677232	1013.19000244141
3100.15894720395	1011.40502929688
3102.18613049548	1005.38000488281
3104.21273687357	1002.93499755859
3106.23876656477	1001.54498291016
3108.2642197955	1003.39001464844
3110.28909679208	1001.55004882813
3112.31339778069	999.710021972656
3114.33712298741	999.585021972656
3116.36027263819	1001.78497314453
3118.38284695887	1002.80499267578
3120.40484617516	1001.71502685547
3122.42627051268	1004.10998535156
3124.4471201969	1005.44000244141
3126.46739545319	1006.72998046875
3128.4870965068	1010.73999023438
3130.50622358287	1009.71496582031
3132.5247769064	1008.69000244141
3134.54275670229	1008.32000732422
3136.56016319534	1011.58502197266
3138.57699661019	1013.09997558594
3140.59325717139	1014.45501708984
3142.60894510338	1014.73498535156
3144.62406063047	1011.80499267578
3146.63860397686	1008.64501953125
3148.65257536662	1009.84497070313
3150.66597502371	1011.08001708984
3152.67880317199	1015.00500488281
3154.69106003518	1016.14501953125
3156.70274583691	1018.93499755859
3158.71386080065	1020.22497558594
3160.72440514981	1024.01000976563
3162.73437910763	1027.18994140625
3164.74378289728	1027.80004882813
3166.75261674179	1027.96252441406
3168.76088086407	1028.125
3170.76857548692	1031.15502929688
3172.77570083303	1037.11999511719
3174.78225712498	1039.55004882813
3176.78824458521	1037.625
3178.79366343607	1039.73498535156
3180.79851389977	1040.79504394531
3182.80279619844	1044.02502441406
3184.80651055405	1046.92004394531
3186.80965718849	1052.125
3188.81223632353	1057.22998046875
3190.81424818081	1060.06994628906
3192.81569298186	1058.74755859375
3194.8165709481	1057.42504882813
3196.81688230084	1058.86499023438
3198.81662726126	1066.7099609375
3200.81580605044	1071.67004394531
3202.81441888933	1073.88500976563
3204.81246599879	1076.72497558594
3206.80994759954	1078.09497070313
3208.80686391219	1082.41003417969
3210.80321515726	1087.2099609375
3212.79900155512	1089.125
3214.79422332605	1091.15502929688
3216.78888069021	1094.66003417969
3218.78297386765	1096.93505859375
3220.77650307828	1100.82495117188
3222.76946854195	1106.25500488281
3224.76187047834	1112.26000976563
3226.75370910705	1116.5400390625
3228.74498464755	1114.67004394531
3230.73569731921	1117.7099609375
3232.72584734127	1121.44494628906
3234.71543493287	1120.6650390625
3236.70446031304	1120.01501464844
3238.69292370068	1123.22497558594
3240.68082531459	1126.83996582031
3242.66816537345	1130.85998535156
3244.65494409583	1137.48498535156
3246.6411617002	1148
3248.62681840488	1150.42504882813
3250.61191442812	1149.4150390625
3252.59644998804	1151.73999023438
3254.58042530263	1150.85998535156
3256.56384058979	1150.98498535156
3258.54669606731	1156.04504394531
3260.52899195285	1159.11999511719
3262.51072846396	1164.21997070313
3264.4919058181	1165.98999023438
3266.47252423259	1168.93505859375
3268.45258392464	1172.44494628906
3270.43208511138	1179.01501464844
3272.41102800978	1188.81005859375
3274.38941283675	1193.63000488281
3276.36723980904	1196.68994140625
3278.34450914332	1201.09997558594
3280.32122105613	1204.29504394531
3282.29737576392	1216.6650390625
3284.272973483	1218.34497070313
3286.24801442958	1222.99499511719
3288.22249881978	1227.16003417969
3290.19642686957	1226.3349609375
3292.16979879485	1228.61499023438
3294.14261481136	1229.02502441406
3296.11487513478	1232.7099609375
3298.08657998065	1237.31994628906
3300.0577295644	1233.55505371094
3302.02832410136	1225.59497070313
3303.99836380673	1224.20495605469
3305.96784889563	1226.88000488281
3307.93677958303	1226.64501953125
3309.90515608383	1225.28002929688
3311.87297861278	1221.25
3313.84024738456	1221.64501953125
3315.80696261371	1224.30004882813
3317.77312451466	1226.21252441406
3319.73873330175	1228.125
3321.70378918919	1219.18994140625
3323.66829239109	1214.4150390625
3325.63224312145	1214.66003417969
3327.59564159416	1218.51000976563
3329.55848802299	1220.67504882813
3331.52078262162	1222.83996582031
3333.4825256036	1214.47998046875
3335.44371718237	1212.00500488281
3337.40435757128	1213.35498046875
3339.36444698356	1212.47497558594
3341.32398563232	1210.97998046875
3343.28297373058	1207.47497558594
3345.24141149124	1206.43505859375
3347.19929912709	1208.13256835938
3349.15663685081	1209.82995605469
3351.11342487497	1204.93505859375
3353.06966341204	1199.46496582031
3355.02535267437	1195.08996582031
3356.98049287421	1199.40002441406
3358.9350842237	1204.98498535156
3360.88912693486	1204.65502929688
3362.84262121962	1208.44494628906
3364.79556728978	1212.46997070313
3366.74796535705	1212.35998535156
3368.69981563302	1209.625
3370.65111832917	1204.98498535156
3372.60187365689	1198.55004882813
3374.55208182744	1199.14501953125
3376.50174305198	1198.2724609375
3378.45085754157	1197.40002441406
3380.39942550714	1196.03002929688
3382.34744715954	1195.80334472656
3384.29492270949	1195.57666015625
3386.24185236761	1195.34997558594
3388.18823634442	1189.93005371094
3390.13407485031	1189.75
3392.07936809559	1192.94250488281
3394.02411629045	1196.13500976563
3395.96831964496	1191.32495117188
3397.91197836911	1181.47497558594
3399.85509267275	1171.28002929688
3401.79766276564	1167.00500488281
3403.73968885745	1174.10498046875
3405.68117115771	1183.92504882813
3407.62210987586	1184.9599609375
3409.56250522123	1183.67004394531
3411.50235740305	1183.92004394531
3413.44166663043	1182.74499511719
3415.38043311238	1176.5400390625
3417.3186570578	1174.07495117188
3419.2563386755	1170.41003417969
3421.19347817415	1168.01000976563
3423.13007576235	1168.27001953125
3425.06613164857	1168.53002929688
3427.00164604118	1168.7900390625
3428.93661914844	1163.55004882813
3430.87105117852	1159.89001464844
3432.80494233945	1161.64001464844
3434.73829283919	1168.01000976563
3436.67110288558	1167.14001464844
3438.60337268634	1164.39501953125
3440.53510244911	1164.17749023438
3442.4662923814	1163.9599609375
3444.39694269064	1160.59497070313
3446.32705358412	1155.86499023438
3448.25662526905	1155.79504394531
3450.18565795254	1155.43505859375
3452.11415184156	1154.6650390625
3454.04210714302	1153.77502441406
3455.96952406369	1150.57495117188
3457.89640281024	1148.22497558594
3459.82274358924	1150.85498046875
3461.74854660717	1151.9599609375
3463.67381207038	1142.18994140625
3465.59854018513	1136.05004882813
3467.52273115756	1135.18005371094
3469.44638519373	1135.07495117188
3471.36950249956	1131.82995605469
3473.29208328091	1124.98999023438
3475.21412774349	1115.76501464844
3477.13563609293	1118.71997070313
3479.05660853476	1114.09997558594
3480.97704527438	1107
3482.89694651712	1105.27502441406
3484.81631246818	1102.8349609375
3486.73514333266	1100.17004394531
3488.65343931557	1099.40002441406
3490.57120062179	1098.65002441406
3492.48842745612	1094.26501464844
3494.40512002324	1088.92504882813
3496.32127852773	1082.60998535156
3498.23690317408	1080.65002441406
3500.15199416666	1073.18005371094
3502.06655170974	1069.67504882813
3503.98057600749	1071.50500488281
3505.89406726396	1068.11999511719
3507.80702568312	1063.47998046875
3509.71945146883	1056.07995605469
3511.63134482483	1051.35498046875
3513.54270595478	1044.51000976563
3515.45353506222	1041.61499023438
3517.3638323506	1038.75
3519.27359802324	1035.58996582031
3521.1828322834	1033.00500488281
3523.09153533419	1031.53002929688
3524.99970737866	1029.92004394531
3526.90734861972	1020.82501220703
3528.81445926021	1017.65502929688
3530.72103950283	1016.47998046875
3532.62708955022	1016.78497314453
3534.53260960488	1010.03002929688
3536.43759986923	1002.96502685547
3538.34206054558	994.700012207031
3540.24599183613	991.22998046875
3542.149393943	993.919982910156
3544.05226706817	990.609985351563
3545.95461141357	983.424987792969
3547.85642718097	976.755004882813
3549.75771457208	973.465026855469
3551.6584737885	970.690002441406
3553.55870503171	970.525024414063
3555.4584085031	968.940002441406
3557.35758440396	965.559997558594
3559.25623293548	961.080017089844
3561.15435429874	955.315002441406
3563.05194869473	952.070007324219
3564.94901632432	952.140014648438
3566.84555738829	951.609985351563
3568.74157208732	948.630004882813
3570.63706062199	945.210021972656
3572.53202319277	943.590026855469
3574.42646000003	942.195007324219
3576.32037124406	938.52001953125
3578.213757125	937.405029296875
3580.10661784295	935.760009765625
3581.99895359786	931.02001953125
3583.8907645896	927.224975585938
3585.78205101794	923.445007324219
3587.67281308254	926.109985351563
3589.56305098297	924.159973144531
3591.4527649187	921.965026855469
3593.34195508907	919.690002441406
3595.23062169338	918.309997558594
3597.11876493075	917.184997558594
3599.00638500027	913.440002441406
3600.89348210089	910.335021972656
3602.78005643148	907.534973144531
3604.66610819078	905.705017089844
3606.55163757747	906.14501953125
3608.4366447901	903.549987792969
3610.32113002713	899.984985351563
3612.20509348693	897.705017089844
3614.08853536774	896.114990234375
3615.97145586773	893.765014648438
3617.85385518497	892.025024414063
3619.7357335174	891.299987792969
3621.61709106289	887.914978027344
3623.4979280192	885.255004882813
3625.37824458399	883.200012207031
3627.25804095482	882.575012207031
3629.13731732915	882.224975585938
3631.01607390435	881.5
3632.89431087767	878.659973144531
3634.77202844629	875.47998046875
3636.64922680726	874.109985351563
3638.52590615754	871.820007324219
3640.40206669402	871.690002441406
3642.27770861344	870.47998046875
3644.15283211248	869.450012207031
3646.02743738771	868.130004882813
3647.90152463559	865.650024414063
3649.77509405251	864.900024414063
3651.64814583473	862.940002441406
3653.52068017842	859.599975585938
3655.39269727965	856.809997558594
3657.26419733442	854.359985351563
3659.13518053858	853.474975585938
3661.00564708793	853.570007324219
3662.87559717814	854.5
3664.7450310048	853.099975585938
3666.61394876338	849.474975585938
3668.48235064928	847.10498046875
3670.35023685779	847.155029296875
3672.21760758409	845.840026855469
3674.08446302327	844.39501953125
3675.95080337033	844.125
3677.81662882017	842.815002441406
3679.68193956758	841.429992675781
3681.54673580727	839.440002441406
3683.41101773383	837.75
3685.27478554178	835.734985351563
3687.13803942551	835.815002441406
3689.00077957934	834.510009765625
3690.86300619748	833.059997558594
3692.72471947405	832.815002441406
3694.58591960306	831.054992675781
3696.44660677844	829.89501953125
3698.306781194	828.815002441406
3700.16644304348	828.580017089844
3702.02559252049	828.304992675781
3703.88422981859	827.674987792969
3705.74235513119	825.919982910156
3707.59996865164	824.424987792969
3709.45707057318	823.64501953125
3711.31366108895	823.275024414063
3713.16974039199	822.875
3715.02530867527	822.275024414063
3716.88036613164	821.789978027344
3718.73491295385	820.775024414063
3720.58894933456	820.650024414063
3722.44247546634	820.35498046875
3724.29549154166	819.405029296875
3726.14799775289	818.210021972656
3727.9999942923	817.255004882813
3729.85148135209	816.044982910156
3731.70245912432	815.369995117188
3733.55292780098	815.059997558594
3735.40288757397	815.007507324219
3737.25233863509	814.955017089844
3739.10128117603	814.455017089844
3740.9497153884	813.215026855469
3742.7976414637	813.27001953125
3744.64505959335	814.159973144531
3746.49196996866	814.109985351563
3748.33837278086	814.265014648438
3750.18426822108	813.609985351563
3752.02965648033	812.679992675781
3753.87453774956	812.049987792969
3755.7189122196	812.525024414063
3757.5627800812	812.440002441406
3759.40614152501	812.200012207031
3761.24899674159	812.123352050781
3763.09134592138	812.046630859375
3764.93318925476	811.969970703125
3766.77452693199	812.044982910156
3768.61535914325	812.0224609375
3770.45568607861	812
3772.29550792807	812.494995117188
3774.1348248815	810.890014648438
3775.9736371287	809.669982910156
3777.81194485938	809.784973144531
