32.6816976106991	717.825012207031
35.6535599501435	717.825012207031
38.6244374909659	717.794982910156
41.5943306947054	717.77001953125
44.5632400226282	717.684997558594
47.5311659356917	717.64501953125
50.4981088945929	717.335021972656
53.4640693597127	717.590026855469
56.4290477911676	717.289978027344
59.3930446487746	717.450012207031
62.356060392067	717.52001953125
65.3180954802906	717.434997558594
68.2791503724084	717.450012207031
71.2392255270922	717.429992675781
74.1983214027271	717.294982910156
77.1564384574159	717.297485351563
80.113577148983	717.299987792969
83.0697379349549	717.284973144531
86.0249212725722	717.319946289063
88.9791276188058	717.35498046875
91.9323574303255	717.340026855469
94.8846111635238	717.3466796875
97.8358892745121	717.353332519531
100.786192219114	717.359985351563
103.73552045287	717.505004882813
106.683874431037	717.239990234375
109.631254608583	717.690002441406
112.577661440203	717.844970703125
115.523095380307	717.794982910156
118.467556883015	717.765014648438
121.411046402175	718.184997558594
124.353564391344	718.72998046875
127.295111303796	719.315002441406
130.235687592532	720.945007324219
133.175293710265	723.690002441406
136.113930109434	728.234985351563
139.051597242185	735.515014648438
141.98829556039	746.489990234375
144.92402551564	760.465026855469
147.858787559244	776.880004882813
150.792582142239	794.820007324219
153.725409715372	810.715026855469
156.65727072911	825.094970703125
159.588165633643	836.789978027344
162.518094878884	844.655029296875
165.447058914469	850.375
168.375058189747	852.97998046875
171.302093153792	852.669982910156
174.228164255401	852.294982910156
177.153271943091	851.315002441406
180.077416665101	851.859985351563
183.000598869394	852.219970703125
185.922819003656	850.85498046875
188.84407751529	852.059997558594
191.764374851424	854.125
194.683711458919	854.25
197.60208778434	854.830017089844
200.519504273992	858.224975585938
203.435961373894	861.630004882813
206.351459529801	866.419982910156
209.265999187174	869.905029296875
212.179580791207	876.25
215.092204786825	883.52001953125
218.003871618673	892.77001953125
220.914581731116	902
223.824335568247	906.719970703125
226.733133573893	913.130004882813
229.640976191593	919.39501953125
232.547863864614	925.299987792969
235.453797035961	930.179992675781
238.358776148354	933.119995117188
241.26280164424	935.164978027344
244.1658739658	936.450012207031
247.067993554929	935.594970703125
249.969160853266	934.739990234375
252.869376302162	934.114990234375
255.768640342707	932.640014648438
258.666953415705	930.554992675781
261.564315961705	928.030029296875
264.46072842097	928.215026855469
267.356191233499	923.929992675781
270.25070483901	923.224975585938
273.144269676967	923.549987792969
276.036886186551	923.875
278.928554806671	923.275024414063
281.819275975966	920.304992675781
284.709050132812	919.325012207031
287.597877715306	919.515014648438
290.485759161281	919.215026855469
293.372694908298	918.570007324219
296.258685393644	916.140014648438
299.143731054352	916.059997558594
302.027832327156	916.489990234375
304.910989648557	915.789978027344
307.79320345476	915.52001953125
310.674474181717	915.135009765625
313.554802265101	915.005004882813
316.434188140326	914.090026855469
319.312632242533	915.239990234375
322.190135006593	914.580017089844
325.066696867117	912.570007324219
327.942318258443	911.469970703125
330.816999614641	911.494995117188
333.690741369517	911.519958496094
336.56354395661	911.544982910156
339.435407809193	911.484985351563
342.306333360273	909.974975585938
345.176321042591	909.174987792969
348.045371288612	906.309997558594
350.913484530551	906.525024414063
353.78066120035	904.255004882813
356.64690172969	903.739990234375
359.512206549972	904.75
362.376576092357	903.585021972656
365.240010787716	901.469970703125
368.102511066677	900.64501953125
370.964077359587	900.705017089844
373.82471009654	901.180053710938
376.684409707364	901.655029296875
379.543176621612	900.549987792969
382.401011268595	898.02001953125
385.257914077343	899.570007324219
388.113885476627	901.059997558594
390.968925894961	900.934997558594
393.823035760591	900.02001953125
396.676215501503	900.909973144531
399.528465545415	904.469970703125
402.379786319791	907.97998046875
405.230178251834	910.344970703125
408.079641768472	913.440002441406
410.928177296387	915.47998046875
413.775785261992	916.804992675781
416.622466091445	918.489990234375
419.468220210631	918.684997558594
422.313048045182	921.789978027344
425.156950020479	921.89501953125
427.999926561623	920.869995117188
430.841978093471	923.190002441406
433.683105040613	921.515014648438
436.523307827384	919.234985351563
439.362586877851	917.174987792969
442.200942615829	915.239990234375
445.038375464876	915.239990234375
447.874885848283	915.239990234375
450.710474189089	915.405029296875
453.54514091007	914.594970703125
456.37888643375	911.390014648438
459.211711182386	911.094970703125
462.043615577986	910.799987792969
464.874600042297	911.255004882813
467.704664996804	909.47998046875
470.533810862741	908.489990234375
473.36203806108	906.994995117188
476.189347012547	906
479.015738137594	906.080017089844
481.841211856432	904.114990234375
484.665768589008	903.125
487.489408755009	907.039978027344
490.312132773878	911.210021972656
493.133941064796	912.580017089844
495.954834046683	912.0400390625
498.77481213821	911.5
501.593875757797	912.099975585938
504.412025323601	910.914978027344
507.229261253524	909.400024414063
510.045583965226	908.184997558594
512.860993876093	905.974975585938
515.675491403271	904.919982910156
518.489076963649	904.650024414063
521.301750973863	902.830017089844
524.113513850293	898.89501953125
526.924366009065	896.614990234375
529.734307866052	894.799987792969
532.543339836881	893.390014648438
535.35146233692	892.440002441406
538.158675781281	889.974975585938
540.964980584833	886.739990234375
543.770377162182	884.705017089844
546.574865927692	882.140014648438
549.378447295465	883.419982910156
552.181121679365	879.239990234375
554.982889492993	875.760009765625
557.783751149701	875.5
560.583707062591	875.909973144531
563.38275764452	875.14501953125
566.180903308083	873.960021972656
568.978144465633	872.929992675781
571.774481529266	873.599975585938
574.569914910839	871.965026855469
577.364445021949	869.599975585938
580.158072273946	869.190002441406
582.950797077926	869.460021972656
585.742619844752	867.219970703125
588.533540985018	864.864990234375
591.323560909078	864.159973144531
594.112680027034	864.994995117188
596.90089874875	864.679992675781
599.688217483828	863.669982910156
602.474636641629	861.659973144531
605.260156631263	862.409973144531
608.044777861596	862.474975585938
610.828500741241	861.465026855469
613.611325678567	862.914978027344
616.393253081697	863.77001953125
619.174283358506	863.159973144531
621.954416916616	864.027465820313
624.733654163414	864.89501953125
627.511995506029	864.02001953125
630.289441351351	862.539978027344
633.065992106022	860.844970703125
635.841648176434	858.89501953125
638.616409968744	858.239990234375
641.390277888847	858.275024414063
644.163252342408	861.890014648438
646.93533373484	862.705017089844
649.706522471307	865.065002441406
652.47681895674	863.919982910156
655.246223595811	864.525024414063
658.014736792957	862.989990234375
660.782358952371	863.025024414063
663.549090477999	861.77001953125
666.314931773542	861.622497558594
669.079883242452	861.474975585938
671.843945287955	861.544982910156
674.607118313019	862.25
677.369402720366	862.206665039063
680.130798912488	862.163330078125
682.891307291627	862.119995117188
685.650928259784	860.880004882813
688.409662218708	860.929992675781
691.167509569927	860.934997558594
693.924470714705	859.984985351563
696.680546054078	860.775024414063
699.435735988832	860.52001953125
702.190040919516	859.695007324219
704.943461246442	860.590026855469
707.695997369667	862.635009765625
710.447649689022	863.534973144531
713.198418604088	862.780029296875
715.948304514206	861.130004882813
718.697307818481	861.705017089844
721.445428915779	862.974975585938
724.192668204716	863.83251953125
726.93902608368	864.690002441406
729.684502950805	862.599975585938
732.429099204005	864.049987792969
735.172815240936	865.659973144531
737.915651459026	865.142456054688
740.657608255463	864.625
743.398686027186	864.590026855469
746.13888517091	866.409973144531
748.878206083102	869.744995117188
751.616649159998	869.969970703125
754.354214797584	869.809997558594
757.09090339162	872.434997558594
759.826715337622	874.125
762.561651030868	873.640014648438
765.295710866406	873.674987792969
768.028895239041	870.664978027344
770.761204543336	868.905029296875
773.492639173626	866.890014648438
776.223199524006	864.594970703125
778.952885988334	863.325012207031
781.681698960235	861.294982910156
784.40963883309	860.224975585938
787.136706000052	858.705017089844
789.862900854037	859.10498046875
792.588223787721	860.804992675781
795.312675193549	861.150024414063
798.036255463728	861.054992675781
800.758964990228	860.575012207031
803.480804164792	859.60498046875
806.201773378919	861.369995117188
808.921873023884	863.510009765625
811.641103490712	866.474975585938
814.359465170214	869.580017089844
817.076958452946	872.244995117188
819.793583729246	875.025024414063
822.509341389214	879.710021972656
825.224231822712	883.460021972656
827.938255419375	888.590026855469
830.651412568596	891.984985351563
833.363703659544	895.880004882813
836.075129081157	896.505004882813
838.785689222127	900.544982910156
841.495384470928	902.375
844.204215215788	902.969970703125
846.912181844721	904.090026855469
849.619284745491	907.570007324219
852.325524305638	909.60498046875
855.030900912475	912.244995117188
857.735414953079	913.840026855469
860.439066814289	912.994995117188
863.141856882725	913.820007324219
865.843785544769	909.924987792969
868.544853186571	906.39501953125
871.245060194063	901.924987792969
873.944406952925	900.940002441406
876.642893848625	901.330017089844
879.340521266398	901.25
882.037289591241	902.450012207031
884.733199207927	904.919982910156
887.428250501001	906.135009765625
890.122443854778	907.195007324219
892.815779653335	904.409973144531
895.508258280534	906.239990234375
898.199880119997	910.195007324219
900.890645555129	912.934997558594
903.580554969094	914.469970703125
906.269608744832	913.780029296875
908.957807265056	911.969970703125
911.645150912257	911.372497558594
914.331640068689	910.775024414063
917.017275116375	910.380004882813
919.702056437128	909.164978027344
922.385984412518	908.659973144531
925.069059423886	909.715026855469
927.751281852366	913.385009765625
930.432652078842	917.090026855469
933.113170483983	920.940002441406
935.79283744823	924.880004882813
938.471653351806	928.659973144531
941.149618574686	928.434997558594
943.826733496641	929.77001953125
946.502998497206	930.772521972656
949.178413955689	931.775024414063
951.85298025118	931.765014648438
954.526697762544	931.755004882813
957.199566868403	931.455017089844
959.87158794718	932.530029296875
962.542761377054	934.044982910156
965.213087535987	929.174987792969
967.882566801719	925.590026855469
970.551199551761	925.640014648438
973.218986163399	925.215026855469
975.885927013698	922.664978027344
978.552022479501	919.255004882813
981.217272937423	917.635009765625
983.88167876386	918.679992675781
986.545240334978	920.794982910156
989.207958026729	924.710021972656
991.869832214835	930.35498046875
994.530863274798	937.364990234375
997.191051581895	946.674987792969
999.850397511185	964.284973144531
1002.50890143751	990.190002441406
1005.16656373546	1011.09997558594
1007.82338477944	1026.7900390625
1010.47936494363	1032.81994628906
1013.13450460195	1025.57495117188
1015.78880412815	1004.60498046875
1018.44226389572	978.690002441406
1021.09488427794	956.034973144531
1023.74666564789	944.674987792969
1026.3976083784	938.255004882813
1029.04771284208	934.309997558594
1031.69697941135	935.419982910156
1034.34540845838	937.539978027344
1036.99300035512	940.369995117188
1039.63975547333	941.195007324219
1042.28567418452	941.469970703125
1044.93075685998	936.85498046875
1047.57500387081	934.690002441406
1050.21841558786	934.659973144531
1052.86099238177	936.695007324219
1055.50273462297	938.97998046875
1058.14364268167	940.674987792969
1060.78371692784	942.890014648438
1063.42295773126	946.494995117188
1066.06136546148	950.585021972656
1068.69894048781	954.705017089844
1071.33568317939	956.755004882813
1073.9715939051	955.532470703125
1076.60667303362	954.309997558594
1079.24092093341	954.469970703125
1081.87433797271	951.724975585938
1084.50692451954	946.969970703125
1087.13868094172	943.679992675781
1089.76960760684	943.325012207031
1092.39970488226	942.669982910156
1095.02897313516	939.510009765625
1097.65741273246	938.465026855469
1100.28502404089	937.590026855469
1102.91180742697	934.64501953125
1105.53776325698	934.179992675781
1108.16289189701	933.47998046875
1110.78719371291	932.664978027344
1113.41066907033	934.669982910156
1116.0333183347	935.52001953125
1118.65514187124	934.739990234375
1121.27614004495	935.119995117188
1123.89631322061	935.375
1126.51566176279	936.260009765625
1129.13418603585	938.570007324219
1131.75188640394	939.940002441406
1134.36876323098	938.455017089844
1136.98481688069	933.219970703125
1139.60004771655	926.280029296875
1142.21445610187	916.424987792969
1144.82804239972	909.059997558594
1147.44080697295	903.099975585938
1150.05275018421	898.380004882813
1152.66387239593	899.27001953125
1155.27417397034	900.989990234375
1157.88365526943	903.554992675781
1160.49231665502	906.434997558594
1163.10015848867	908.60498046875
1165.70718113176	909.359985351563
1168.31338494544	908.640014648438
1170.91877029067	908.044982910156
1173.52333752817	909.619995117188
1176.12708701847	909.940002441406
1178.73001912187	910.260009765625
1181.33213419848	909.539978027344
1183.93343260819	907.484985351563
1186.53391471068	906.010009765625
1189.13358086539	902.775024414063
1191.73243143161	901.664978027344
1194.33046676836	900.909973144531
1196.92768723449	899.559997558594
1199.52409318861	902.275024414063
1202.11968498915	908.549987792969
1204.7144629943	913.530029296875
1207.30842756206	917.015014648438
1209.90157905021	923.919982910156
1212.49391781634	927.515014648438
1215.08544421779	928.864990234375
1217.67615861174	927.864990234375
1220.26606135512	926.450012207031
1222.85515280468	926.054992675781
1225.44343331694	924.655029296875
1228.03090324823	923.955017089844
1230.61756295466	927.89501953125
1233.20341279213	932.234985351563
1235.78845311634	936.289978027344
1238.37268428278	944.789978027344
1240.95610664673	950.424987792969
1243.53872056325	955.580017089844
1246.12052638722	956.934997558594
1248.70152447329	957.614990234375
1251.28171517591	956.22998046875
1253.86109884934	957.440002441406
1256.43967584759	958.885009765625
1259.0174465245	959.034973144531
1261.5944112337	960.929992675781
1264.1705703286	961.710021972656
1266.74592416241	963.789978027344
1269.32047308814	963.799987792969
1271.89421745858	967.659973144531
1274.46715762633	971.255004882813
1277.03929394377	969.842529296875
1279.61062676308	968.429992675781
1282.18115643624	966.325012207031
1284.75088331502	965.200012207031
1287.31980775098	963.539978027344
1289.88793009548	963.984985351563
1292.45525069969	963.030029296875
1295.02176991454	959.150024414063
1297.58748809078	955.22998046875
1300.15240557897	956.840026855469
1302.71652272942	959.25
1305.27983989229	962.780029296875
1307.84235741749	967.755004882813
1310.40407565475	971.724975585938
1312.9649949536	973.169982910156
1315.52511566335	977.325012207031
1318.08443813311	980.474975585938
1320.64296271181	982.304992675781
1323.20068974815	985.284973144531
1325.75761959063	985.989990234375
1328.31375258756	985.75830078125
1330.86908908704	985.526672363281
1333.42362943696	985.294982910156
1335.97737398503	985.559997558594
1338.53032307874	984.784973144531
1341.08247706537	987.219970703125
1343.63383629202	987.505004882813
1346.18440110558	986.914978027344
1348.73417185274	985.215026855469
1351.28314887997	981.109985351563
1353.83133253357	972.390014648438
1356.37872315961	963.039978027344
1358.92532110398	955.304992675781
1361.47112671237	947.090026855469
1364.01614033024	938.974975585938
1366.56036230288	934.375
1369.10379297537	930.609985351563
1371.64643269258	926.085021972656
1374.18828179921	921.284973144531
1376.72934063972	915.864990234375
1379.2696095584	912.075012207031
1381.80908889932	911.049987792969
1384.34777900637	911.335021972656
1386.88568022323	911.065002441406
1389.42279289337	910.044982910156
1391.95911736009	910.515014648438
1394.49465396645	910.140014648438
1397.02940305537	913.275024414063
1399.5633649695	916.880004882813
1402.09654005135	918.405029296875
1404.6289286432	920.219970703125
1407.16053108714	922.289978027344
1409.69134772507	922.635009765625
1412.22137889868	924.320007324219
1414.75062494947	924.494995117188
1417.27908621874	924.462524414063
1419.80676304759	924.429992675781
1422.33365577692	927.294982910156
1424.85976474744	929.039978027344
1427.38509029967	930.034973144531
1429.90963277392	932.090026855469
1432.4333925103	933.97998046875
1434.95636984873	939.015014648438
1437.47856512894	946.744995117188
1439.99997869045	955.52001953125
1442.5206108726	969.465026855469
1445.04046201452	982.065002441406
1447.55953245515	996.755004882813
1450.07782253323	1014.21002197266
1452.59533258731	1015.28332519531
1455.11206295574	1016.35668945313
1457.62801397668	1017.42999267578
1460.14318598809	1019.63500976563
1462.65757932774	1012
1465.1711943332	1002.13500976563
1467.68403134184	989.695007324219
1470.19609069085	977.820007324219
1472.70737271721	967.275024414063
1475.21787775772	950.734985351563
1477.72760614897	933.969970703125
1480.23655822738	916.099975585938
1482.74473432914	900.825012207031
1485.25213479029	887.929992675781
1487.75875994664	876.25
1490.26461013382	866.455017089844
1492.76968568726	861.919982910156
1495.27398694222	855.409973144531
1497.77751423374	853.724975585938
1500.28026789667	850.830017089844
1502.78224826569	847.809997558594
1505.28345567526	846.385009765625
1507.78389045967	846.010009765625
1510.28355295299	844.695007324219
1512.78244348913	842.22998046875
1515.28056240178	843.35498046875
1517.77791002445	841.919982910156
1520.27448669047	843.775024414063
1522.77029273296	844.054992675781
1525.26532848486	843.585021972656
1527.75959427889	843.085021972656
1530.25309044764	842.960021972656
1532.74581732344	843.840026855469
1535.23777523847	843.690002441406
1537.72896452471	843.710021972656
1540.21938551394	845.77001953125
1542.70903853778	846.859985351563
1545.19792392761	848.734985351563
1547.68604201466	852.674987792969
1550.17339312997	857.359985351563
1552.65997760434	858.474975585938
1555.14579576845	860.359985351563
1557.63084795275	863.965026855469
1560.11513448749	864.559997558594
1562.59865570276	864.950012207031
1565.08141192845	864.719970703125
1567.56340349426	863.659973144531
1570.04463072969	860.705017089844
1572.52509396406	860.344970703125
1575.00479352652	860.169982910156
1577.48372974599	861.890014648438
1579.96190295124	862.715026855469
1582.43931347083	864.950012207031
1584.91596163314	867.224975585938
1587.39184776636	870.530029296875
1589.86697219849	872.52001953125
1592.34133525734	874.289978027344
1594.81493727054	875.315002441406
1597.28777856553	877.325012207031
1599.75985946955	880.164978027344
1602.23118030968	883.505004882813
1604.70174141278	891.585021972656
1607.17154310555	899.369995117188
1609.64058571449	906.284973144531
1612.10886956591	908.919982910156
1614.57639498595	910.744995117188
1617.04316230054	910.489990234375
1619.50917183543	910.234985351563
1621.97442391621	908.994995117188
1624.43891886825	905.179992675781
1626.90265701674	900.734985351563
1629.36563868671	898.880004882813
1631.82786420296	899.195007324219
1634.28933389016	898.304992675781
1636.75004807274	901.739990234375
1639.21000707498	907.340026855469
1641.66921122097	913.094970703125
1644.12766083459	919.034973144531
1646.58535623956	927.515014648438
1649.04229775941	937.510009765625
1651.4984857175	946.484985351563
1653.95392043697	955.914978027344
1656.40860224079	965.414978027344
1658.86253145177	975.52001953125
1661.3157083925	982.255004882813
1663.76813338542	985.02001953125
1666.21980675275	985.260009765625
1668.67072881656	984.960021972656
1671.1208998987	979.739990234375
1673.57032032089	972.585021972656
1676.0189904046	967.094970703125
1678.46691047118	958.210021972656
1680.91408084174	948.570007324219
1683.36050183726	940.049987792969
1685.8061737785	930.039978027344
1688.25109698605	915.89501953125
1690.69527178032	903.025024414063
1693.13869848153	895.659973144531
1695.58137740972	886.224975585938
1698.02330888476	872.974975585938
1700.46449322631	863.440002441406
1702.90493075388	854.869995117188
1705.34462178678	846.655029296875
1707.78356664414	841.234985351563
1710.22176564492	835.070007324219
1712.65921910787	830.594970703125
1715.0959273516	827.02001953125
1717.53189069449	823.284973144531
1719.9671094548	820.400024414063
1722.40158395054	818.405029296875
1724.8353144996	818.184997558594
1727.26830141965	816.755004882813
1729.70054502819	816.580017089844
1732.13204564255	815.919982910156
1734.56280357987	814.994995117188
1736.99281915711	814.075012207031
1739.42209269106	814.284973144531
1741.85062449831	814.440002441406
1744.27841489529	813.599975585938
1746.70546419823	813.260009765625
1749.13177272321	812.820007324219
1751.5573407861	811.85498046875
1753.98216870262	811.27001953125
1756.40625678828	811.534973144531
1758.82960535844	810.900024414063
1761.25221472825	810.809997558594
1763.67408521271	809.849975585938
1766.09521712663	810.059997558594
1768.51561078464	810.140014648438
1770.93526650119	809.724975585938
1773.35418459056	809.14501953125
1775.77236536684	808.505004882813
1778.18980914396	808.469970703125
1780.60651623565	808.880004882813
1783.02248695548	808.807495117188
1785.43772161684	808.734985351563
1787.85222053292	808.534973144531
1790.26598401677	808.039978027344
1792.67901238123	807.960021972656
1795.09130593899	808.210021972656
1797.50286500254	807.705017089844
1799.9136898842	807.109985351563
1802.32378089613	806.640014648438
1804.73313835028	806.380004882813
1807.14176255846	806.049987792969
1809.54965383228	806.700012207031
1811.95681248317	806.419982910156
1814.36323882242	805.085021972656
1816.76893316109	805.20751953125
1819.17389581011	805.330017089844
1821.57812708021	805.280029296875
1823.98162728196	805.22998046875
1826.38439672573	805.234985351563
1828.78643572174	804.739990234375
1831.18774458003	804.919982910156
1833.58832361045	805.164978027344
1835.98817312269	804.739990234375
1838.38729342625	803.455017089844
1840.78568483048	802.809997558594
1843.18334764454	803.22998046875
1845.58028217741	803.22998046875
1847.9764887379	804.025024414063
1850.37196763465	804.280029296875
1852.76671917613	804.974975585938
1855.16074367062	804.739990234375
1857.55404142624	804.659973144531
1859.94661275094	803.450012207031
1862.33845795247	803.125
1864.72957733844	802.385009765625
1867.11997121627	802.674987792969
1869.5096398932	802.450012207031
1871.89858367631	802.5625
1874.28680287251	802.674987792969
1876.67429778851	803.320007324219
1879.06106873089	803.534973144531
1881.44711600601	803.544982910156
1883.8324399201	802.52001953125
1886.21704077919	802.025024414063
1888.60091888915	801.375
1890.98407455567	802.320007324219
1893.36650808428	803.195007324219
1895.74821978033	802.909973144531
1898.12920994899	802.945007324219
1900.50947889527	802.215026855469
1902.88902692401	802.242553710938
1905.26785433986	802.27001953125
1907.64596144734	802.265014648438
1910.02334855075	802.205017089844
1912.40001595424	801.984985351563
1914.7759639618	801.765014648438
1917.15119287724	802.010009765625
1919.52570300419	802.344970703125
1921.89949464611	802.309997558594
1924.27256810632	802.794982910156
1926.64492368793	802.650024414063
1929.0165616939	803.159973144531
1931.38748242701	803.239990234375
1933.75768618989	803.109985351563
1936.12717328497	803.60498046875
1938.49594401455	803.534973144531
1940.86399868071	803.455017089844
1943.23133758541	802.054992675781
1945.5979610304	802.359985351563
1947.96386931729	801.989990234375
1950.32906274751	801.585021972656
1952.69354162232	802.580017089844
1955.0573062428	803.109985351563
1957.42035690989	802.39501953125
1959.78269392434	802.734985351563
1962.14431758673	802.799987792969
1964.50522819748	802.864990234375
1966.86542605684	802.744995117188
1969.22491146488	802.260009765625
1971.58368472153	801.244995117188
1973.94174612654	801.594970703125
1976.29909597945	801.632446289063
1978.65573457971	801.669982910156
1981.01166222654	802.27001953125
1983.36687921902	802.659973144531
1985.72138585606	802.635009765625
1988.07518243639	802.609985351563
1990.42826925859	802.239990234375
1992.78064662106	802.14501953125
1995.13231482205	802.469970703125
1997.48327415961	801.655029296875
1999.83352493167	801.39501953125
2002.18306743594	801.849975585938
2004.53190197002	802.304992675781
2006.8800288313	802.22998046875
2009.22744831703	801.835021972656
2011.57416072427	801.164978027344
2013.92016634993	800.515014648438
2016.26546549076	801.35498046875
2018.61005844332	801.794982910156
2020.95394550404	801.825012207031
2023.29712696915	801.922485351563
2025.63960313474	802.02001953125
2027.98137429672	801.359985351563
2030.32244075083	800.294982910156
2032.66280279266	801.25
2035.00246071763	801.825012207031
2037.34141482099	802
2039.67966539784	802.414978027344
2042.01721274309	802.765014648438
2044.35405715151	802.5
2046.69019891769	802.049987792969
2049.02563833606	801.10498046875
2051.3603757009	800.974975585938
2053.6944113063	802.400024414063
2056.0277454462	802.715026855469
2058.36037841439	802.414978027344
2060.69231050446	801.849975585938
2063.02354200988	802.289978027344
2065.35407322392	802.405029296875
2067.68390443971	801.869995117188
2070.01303595021	803.539978027344
2072.3414680482	803.260009765625
2074.66920102633	803.549987792969
2076.99623517706	801.424987792969
2079.32257079271	802.47998046875
2081.6482081654	801.724975585938
2083.97314758713	802.85498046875
2086.29738934971	803.85498046875
2088.62093374481	803.914978027344
2090.94378106391	803.530029296875
2093.26593159835	803.590026855469
2095.5873856393	802.705017089844
2097.90814347777	802.559997558594
2100.2282054046	801.635009765625
2102.54757171048	803.265014648438
2104.86624268594	803.559997558594
2107.18421862133	804.255004882813
2109.50149980686	804.140014648438
2111.81808653257	804.359985351563
2114.13397908834	804.450012207031
2116.44917776388	803.700012207031
2118.76368284875	804.710021972656
2121.07749463235	804.705017089844
2123.39061340391	804.775024414063
2125.70303945252	805.135009765625
2128.01477306707	803.994995117188
2130.32581453634	805.025024414063
2132.63616414891	804.425048828125
2134.94582219322	803.825012207031
2137.25478895754	804.219970703125
2139.56306472999	804.609985351563
2141.87064979851	804.505004882813
2144.17754445092	803.835021972656
2146.48374897484	804.539978027344
2148.78926365774	805.015014648438
2151.09408878695	804.965026855469
2153.39822464963	804.465026855469
2155.70167153277	804.97998046875
2158.00442972321	805.125
2160.30649950763	804.150024414063
2162.60788117256	803.664978027344
2164.90857500436	803.150024414063
2167.20858128923	803.659973144531
2169.50790031323	803.429992675781
2171.80653236223	804.474975585938
2174.10447772198	804.424987792969
2176.40173667804	804.804992675781
2178.69830951582	803.739990234375
2180.99419652058	803.625
2183.28939797743	803.455017089844
2185.5839141713	803.849975585938
2187.87774538698	804.780029296875
2190.17089190908	804.330017089844
2192.46335402209	804.414978027344
2194.75513201032	804.539978027344
2197.04622615791	803.875
2199.33663674886	802.340026855469
2201.62636406702	802.849975585938
2203.91540839606	803.705017089844
2206.20377001952	803.650024414063
2208.49144922077	803.594970703125
2210.77844628302	803.414978027344
2213.06476148933	803.579956054688
2215.3503951226	803.744995117188
2217.63534746557	802.940002441406
2219.91961880085	802.765014648438
2222.20320941085	802.294982910156
2224.48611957785	803.224975585938
2226.76834958399	803.25
2229.04989971122	802.570007324219
2231.33077024136	802.45751953125
2233.61096145607	802.344970703125
2235.89047363683	802.349975585938
2238.169307065	802.135009765625
2240.44746202178	802.114990234375
2242.72493878819	802.840026855469
2245.00173764511	803.835021972656
2247.27785887327	803.52001953125
2249.55330275324	803.205017089844
2251.82806956545	802.929992675781
2254.10215959014	803.015014648438
2256.37557310744	802.140014648438
2258.64831039729	803.309997558594
2260.92037173949	803.695007324219
2263.19175741368	804.414978027344
2265.46246769938	804.429992675781
2267.7325028759	802.570007324219
2270.00186322243	802.934997558594
2272.270549018	803.775024414063
2274.5385605415	803.570007324219
2276.80589807165	804.094970703125
2279.07256188702	804.075012207031
2281.33855226601	803.044982910156
2283.60386948691	802.530029296875
2285.86851382782	803.025024414063
2288.1324855667	802.825012207031
2290.39578498136	802.640014648438
2292.65841234945	802.969970703125
2294.92036794847	803.340026855469
2297.18165205578	803.705017089844
2299.44226494856	803.64501953125
2301.70220690387	803.385009765625
2303.96147819859	803.570007324219
2306.22007910947	802.679992675781
2308.47800991309	802.919982910156
2310.73527088589	803.664978027344
2312.99186230416	803.385009765625
2315.24778444403	803.672485351563
2317.50303758149	803.960021972656
2319.75762199235	805.015014648438
2322.01153795231	805.364990234375
2324.26478573689	805.190002441406
2326.51736562147	805.054992675781
2328.76927788127	804.534973144531
2331.02052279137	804.875
2333.2711006267	804.693359375
2335.52101166203	804.511657714844
2337.77025617198	804.330017089844
2340.01883443103	804.349975585938
2342.2667467135	804.299987792969
2344.51399329356	804.030029296875
2346.76057444525	803.919982910156
2349.00649044241	802.994995117188
2351.2517415588	802.984985351563
2353.49632806796	803.02001953125
2355.74025024334	802.695007324219
2357.98350835819	803.109985351563
2360.22610268566	802.880004882813
2362.4680334987	802.950012207031
2364.70930107016	803.14501953125
2366.94990567269	803.109985351563
2369.18984757884	803.075012207031
2371.42912706098	802.599975585938
2373.66774439134	802.539978027344
2375.90569984199	802.125
2378.14299368488	802.244995117188
2380.37962619179	802.364990234375
2382.61559763435	803.085021972656
2384.85090828405	803.434997558594
2387.08555841222	803.594970703125
2389.31954829006	803.755004882813
2391.55287818861	803.775024414063
2393.78554837877	803.734985351563
2396.01755913128	802.864990234375
2398.24891071673	802.525024414063
2400.47960340558	802.919982910156
2402.70963746814	802.945007324219
2404.93901317456	803.719970703125
2407.16773079485	804.650024414063
2409.39579059887	804.440002441406
2411.62319285633	804.22998046875
2413.84993783681	803.804992675781
2416.07602580971	802.349975585938
2418.30145704432	802.094970703125
2420.52623180977	803.380004882813
2422.75035037503	804.875
2424.97381300893	805.804992675781
2427.19661998017	805.372497558594
2429.41877155729	804.940002441406
2431.64026800867	805.015014648438
2433.86110960257	804.8125
2436.08129660709	804.609985351563
2438.30082929019	806.265014648438
2440.51970791967	805.455017089844
2442.73793276321	805.375
2444.95550408832	805.294982910156
2447.17242216237	805.164978027344
2449.38868725259	805.515014648438
2451.60429962607	804.469970703125
2453.81925954975	804.755004882813
2456.03356729041	804.549987792969
2458.2472231147	804.25
2460.46022728913	803.664978027344
2462.67258008005	804.474975585938
2464.88428175368	804.849975585938
2467.09533257608	804.39501953125
2469.30573281318	804.905029296875
2471.51548273076	804.224975585938
2473.72458259445	803.304992675781
2475.93303266974	804.280029296875
2478.14083322198	804.510009765625
2480.34798451637	804.859985351563
2482.55448681797	804.635009765625
2484.76034039169	804.974975585938
2486.96554550231	805.315002441406
2489.17010241445	804.849975585938
2491.37401139259	805.599975585938
2493.57727270109	804.950012207031
2495.77988660412	805.659973144531
2497.98185336574	806.289978027344
2500.18317324987	805.945007324219
2502.38384652028	805.650024414063
2504.58387344058	804.414978027344
2506.78325427425	805.27001953125
2508.98198928465	804.755004882813
2511.18007873495	806.025024414063
2513.37752288821	805.510009765625
2515.57432200735	805.989990234375
2517.77047635514	805.97998046875
2519.96598619419	806.625
2522.16085178699	806.820007324219
2524.35507339589	806.859985351563
2526.54865128308	807.125
2528.74158571062	807.224975585938
2530.93387694042	805.465026855469
2533.12552523427	805.039978027344
2535.31653085379	806.260009765625
2537.50689406046	806.465026855469
2539.69661511566	807.390014648438
2541.88569428057	807.455017089844
2544.07413181627	807.804992675781
2546.26192798368	807.159973144531
2548.44908304359	806.914978027344
2550.63559725664	807.10498046875
2552.82147088333	806.815002441406
2555.00670418402	807.070007324219
2557.19129741894	808.275024414063
2559.37525084817	808.174987792969
2561.55856473164	807.64501953125
2563.74123932917	807.984985351563
2565.92327490039	807.929992675781
2568.10467170484	807.719970703125
2570.28543000189	807.984985351563
2572.46555005079	809.150024414063
2574.64503211063	808.815002441406
2576.82387644036	809.304992675781
2579.00208329882	809.565002441406
2581.17965294468	809.494995117188
2583.35658563648	809.205017089844
2585.53288163263	809.534973144531
2587.70854119137	809.570007324219
2589.88356457084	808.304992675781
2592.05795202902	807.974975585938
2594.23170382376	808.974975585938
2596.40482021275	809.320007324219
2598.57730145356	810.544982910156
2600.74914780363	810.039978027344
2602.92035952023	810.830017089844
2605.09093686053	810.830017089844
2607.26088008153	810.130004882813
2609.4301894401	811.474975585938
2611.59886519299	812.869995117188
2613.76690759678	812.989990234375
2615.93431690793	813.320007324219
2618.10109338277	813.5
2620.26723727748	814.330017089844
2622.4327488481	814.849975585938
2624.59762835054	814.030029296875
2626.76187604057	814.739990234375
2628.92549217382	815.304992675781
2631.08847700579	816.195007324219
2633.25083079182	815.859985351563
2635.41255378715	816.299987792969
2637.57364624684	816.739990234375
2639.73410842586	816.309997558594
2641.893940579	815.859985351563
2644.05314296094	816.494995117188
2646.21171582621	817.919982910156
2648.36965942921	817.465026855469
2650.5269740242	817.25
2652.6836598653	818.309997558594
2654.83971720651	818.664978027344
2656.99514630167	818.309997558594
2659.1499474045	818.090026855469
2661.30412076857	818.409973144531
2663.45766664734	817.255004882813
2665.61058529411	818.784973144531
2667.76287696204	819.054992675781
2669.91454190418	819.734985351563
2672.06558037342	821.484985351563
2674.21599262253	821.265014648438
2676.36577890413	820.804992675781
2678.51493947072	821.640014648438
2680.66347457466	821.505004882813
2682.81138446816	821.195007324219
2684.95866940332	823.510009765625
2687.10532963209	824.424987792969
2689.25136540628	823.174987792969
2691.39677697757	822.775024414063
2693.54156459752	822.960021972656
2695.68572851753	823.455017089844
2697.82926898888	824.460021972656
2699.97218626272	825.234985351563
2702.11448059006	824.659973144531
2704.25615222175	826.905029296875
2706.39720140856	829.054992675781
2708.53762840109	829.505004882813
2710.67743344979	830.090026855469
2712.81661680503	831.234985351563
2714.95517871698	831.440002441406
2717.09311943574	833.965026855469
2719.23043921123	836.849975585938
2721.36713829325	838.200012207031
2723.50321693148	839.804992675781
2725.63867537545	841.85498046875
2727.77351387456	843.940002441406
2729.90773267809	845.130004882813
2732.04133203516	846.059997558594
2734.17431219478	845.130004882813
2736.30667340581	843.255004882813
2738.438415917	841.849975585938
2740.56953997695	841.724975585938
2742.70004583414	841.715026855469
2744.82993373688	841.510009765625
2746.9592039334	841.304992675781
2749.08785667177	841.150024414063
2751.21589219993	840.85498046875
2753.34331076568	839.815002441406
2755.4701126167	839.554992675781
2757.59629800054	838.434997558594
2759.7218671646	837.239990234375
2761.84682035617	837.039978027344
2763.9711578224	836.715026855469
2766.0948798103	835.650024414063
2768.21798656676	835.445007324219
2770.34047833852	835.587524414063
2772.46235537222	835.72998046875
2774.58361791434	835.400024414063
2776.70426621124	835.835021972656
2778.82430050915	835.440002441406
2780.94372105416	835.960021972656
2783.06252809224	835.429992675781
2785.18072186922	834.044982910156
2787.29830263081	833.090026855469
2789.41527062257	833.465026855469
2791.53162608996	831.950012207031
2793.64736927828	832.419982910156
2795.76250043271	832.265014648438
2797.8770197983	832.804992675781
2799.99092761997	833.35498046875
2802.10422414252	832.960021972656
2804.21690961059	834.299987792969
2806.32898426873	835.424987792969
2808.44044836132	835.919982910156
2810.55130213264	837.619995117188
2812.66154582682	838.835021972656
2814.77117968788	841.974975585938
2816.8802039597	843.789978027344
2818.98861888601	845.565002441406
2821.09642471046	847.385009765625
2823.20362167653	850.659973144531
2825.31021002756	854.85498046875
2827.41619000682	858.184997558594
2829.52156185738	862.575012207031
2831.62632582224	865.169982910156
2833.73048214422	869.840026855469
2835.83403106606	874.710021972656
2837.93697283033	879.455017089844
2840.03930767951	883.875
2842.1410358559	892.02001953125
2844.24215760173	903.669982910156
2846.34267315905	917.679992675781
2848.44258276982	932.64501953125
2850.54188667585	947.210021972656
2852.64058511883	966.094970703125
2854.73867834032	988.909973144531
2856.83616658175	1006.50500488281
2858.93305008443	1024.90002441406
2861.02932908952	1043.14501953125
2863.12500383809	1063.11999511719
2865.22007457104	1088.94995117188
2867.31454152918	1118.28002929688
2869.40840495316	1146.23498535156
2871.50166508353	1181.40502929688
2873.59432216069	1217.15502929688
2875.68637642493	1245.93994140625
2877.77782811641	1261.98999023438
2879.86867747515	1277.10498046875
2881.95892474105	1290.33996582031
2884.0485701539	1294.77001953125
2886.13761395333	1297.04504394531
2888.22605637886	1299.06005859375
2890.3138976699	1300.82995605469
2892.40113806571	1312.52502441406
2894.48777780544	1323.63000488281
2896.57381712808	1337.47998046875
2898.65925627254	1355.90002441406
2900.74409547758	1372.03002929688
2902.82833498183	1374.94995117188
2904.9119750238	1382.22998046875
2906.99501584188	1403.77001953125
2909.07745767432	1421.75500488281
2911.15930075925	1440.72998046875
2913.24054533469	1472.71997070313
2915.3211916385	1496.81005859375
2917.40123990846	1521.65002441406
2919.48069038217	1562.58996582031
2921.55954329716	1593.54504394531
2923.63779889079	1615.68505859375
2925.71545740033	1650.01000976563
2927.79251906289	1672.46997070313
2929.86898411548	1695.55004882813
2931.94485279498	1703.30004882813
2934.02012533815	1719.58996582031
2936.0948019816	1721.04333496094
2938.16888296184	1722.49658203125
2940.24236851525	1723.94995117188
2942.31525887809	1721.51501464844
2944.38755428648	1705.31494140625
2946.45925497643	1683.2900390625
2948.53036118382	1644.3349609375
2950.6008731444	1599.10998535156
2952.67079109381	1557.45495605469
2954.74011526755	1527
2956.80884590101	1489.16003417969
2958.87698322944	1474.46997070313
2960.94452748799	1473.13500976563
2963.01147891167	1454.35998535156
2965.07783773535	1430.38000488281
2967.14360419382	1407.43505859375
2969.2087785217	1390.03002929688
2971.27336095352	1374.77001953125
2973.33735172366	1359.70495605469
2975.40075106641	1347.05004882813
2977.46355921591	1327.18005371094
2979.52577640618	1303.53503417969
2981.58740287112	1291.48999023438
2983.64843884452	1281.18005371094
2985.70888456003	1261.77502441406
2987.76874025117	1241.56994628906
2989.82800615137	1218.11499023438
2991.88668249391	1193.63500976563
2993.94476951194	1174.46496582031
2996.00226743852	1152.64001464844
2998.05917650657	1128.63000488281
3000.11549694887	1106.5400390625
3002.17122899812	1088.4150390625
3004.22637288685	1069.375
3006.2809288475	1048.41003417969
3008.33489711238	1029.69494628906
3010.38827791368	1010.72497558594
3012.44107148345	998.320007324219
3014.49327805366	985.585021972656
3016.5448978561	971.890014648438
3018.59593112249	961.445007324219
3020.64637808441	952.494995117188
3022.6962389733	943.025024414063
3024.74551402051	935.804992675781
3026.79420345725	931.135009765625
3028.84230751461	923.265014648438
3030.88982642357	918.690002441406
3032.93676041497	916.655029296875
3034.98310971955	914.484985351563
3037.02887456791	917.094970703125
3039.07405519054	917.804992675781
3041.11865181781	921.239990234375
3043.16266467996	922.599975585938
3045.20609400713	924.659973144531
3047.24894002932	927.75
3049.2912029764	930.364990234375
3051.33288307815	931.164978027344
3053.37398056421	935.380004882813
3055.41449566411	940.315002441406
3057.45442860725	947.239990234375
3059.49377962291	956.289978027344
3061.53254894026	965.72998046875
3063.57073678834	971.840026855469
3065.60834339607	973.955017089844
3067.64536899227	973.794982910156
3069.68181380561	971.900024414063
3071.71767806467	963.400024414063
3073.75296199788	952.744995117188
3075.78766583357	941.469970703125
3077.82178979997	930.940002441406
3079.85533412513	922.580017089844
3081.88829903705	915.934997558594
3083.92068476356	907.25
3085.95249153241	898.880004882813
3087.98371957119	892.609985351563
3090.01436910741	888.609985351563
3092.04444036844	884.594970703125
3094.07393358152	881.705017089844
3096.10284897381	877.885009765625
3098.13118677232	876.239990234375
3100.15894720395	875.460021972656
3102.18613049548	872.224975585938
3104.21273687357	871.815002441406
3106.23876656477	870.289978027344
3108.2642197955	870.775024414063
3110.28909679208	870.662475585938
3112.31339778069	870.549987792969
3114.33712298741	869.724975585938
3116.36027263819	871.130004882813
3118.38284695887	871.52001953125
3120.40484617516	871.005004882813
3122.42627051268	871.140014648438
3124.4471201969	872.544982910156
3126.46739545319	873.255004882813
3128.4870965068	875.734985351563
3130.50622358287	875.034973144531
3132.5247769064	874.510009765625
3134.54275670229	875.609985351563
3136.56016319534	876.984985351563
3138.57699661019	878.005004882813
3140.59325717139	876.635009765625
3142.60894510338	877.195007324219
3144.62406063047	875.664978027344
3146.63860397686	875.27001953125
3148.65257536662	876.674987792969
3150.66597502371	877.734985351563
3152.67880317199	878.190002441406
3154.69106003518	880.034973144531
3156.70274583691	880.405029296875
3158.71386080065	881.325012207031
3160.72440514981	883.905029296875
3162.73437910763	885.809997558594
3164.74378289728	886.059997558594
3166.75261674179	888
3168.76088086407	890.219970703125
3170.76857548692	892.64501953125
3172.77570083303	896.674987792969
3174.78225712498	895.585021972656
3176.78824458521	896.010009765625
3178.79366343607	896.419982910156
3180.79851389977	897.349975585938
3182.80279619844	898.780029296875
3184.80651055405	900.530029296875
3186.80965718849	903.02001953125
3188.81223632353	904.89501953125
3190.81424818081	909.02001953125
3192.81569298186	909.239990234375
3194.8165709481	908.909973144531
3196.81688230084	910.400024414063
3198.81662726126	914.080017089844
3200.81580605044	917.059997558594
3202.81441888933	917.299987792969
3204.81246599879	918.119995117188
3206.80994759954	921.765014648438
3208.80686391219	924.880004882813
3210.80321515726	925.039978027344
3212.79900155512	927.294982910156
3214.79422332605	930.239990234375
3216.78888069021	931.460021972656
3218.78297386765	933.135009765625
3220.77650307828	935.765014648438
3222.76946854195	938.695007324219
3224.76187047834	942.544982910156
3226.75370910705	944.150024414063
3228.74498464755	945.739990234375
3230.73569731921	949.525024414063
3232.72584734127	950.625
3234.71543493287	947.804992675781
3236.70446031304	949.52001953125
3238.69292370068	952.25
3240.68082531459	954.10498046875
3242.66816537345	955.179992675781
3244.65494409583	959.630004882813
3246.6411617002	962.775024414063
3248.62681840488	963.594970703125
3250.61191442812	964.554992675781
3252.59644998804	964.760009765625
3254.58042530263	964.965026855469
3256.56384058979	966.669982910156
3258.54669606731	972.02001953125
3260.52899195285	973.195007324219
3262.51072846396	973.760009765625
3264.4919058181	975.960021972656
3266.47252423259	979.054992675781
3268.45258392464	982.054992675781
3270.43208511138	986.75
3272.41102800978	989.869995117188
3274.38941283675	993.799987792969
3276.36723980904	997.424987792969
3278.34450914332	1000.27502441406
3280.32122105613	1003.25
3282.29737576392	1007.74499511719
3284.272973483	1008.08001708984
3286.24801442958	1011.67498779297
3288.22249881978	1011.69000244141
3290.19642686957	1012.42999267578
3292.16979879485	1013.13500976563
3294.14261481136	1012.23498535156
3296.11487513478	1012.75665283203
3298.08657998065	1013.2783203125
3300.0577295644	1013.79998779297
3302.02832410136	1012.30499267578
3303.99836380673	1013.81500244141
3305.96784889563	1013.01000976563
3307.93677958303	1011.02001953125
3309.90515608383	1011.84497070313
3311.87297861278	1012.81500244141
3313.84024738456	1016.58001708984
3315.80696261371	1016.20501708984
3317.77312451466	1017.89001464844
3319.73873330175	1010.41497802734
3321.70378918919	1005.64501953125
3323.66829239109	1003.10498046875
3325.63224312145	1004.50500488281
3327.59564159416	1007.30499267578
3329.55848802299	1007.33752441406
3331.52078262162	1007.36999511719
3333.4825256036	1004.46997070313
3335.44371718237	1006.80499267578
3337.40435757128	1006.78997802734
3339.36444698356	1005.65502929688
3341.32398563232	1004.03497314453
3343.28297373058	1000.64501953125
3345.24141149124	1000.91998291016
3347.19929912709	1001.88500976563
3349.15663685081	1002.84997558594
3351.11342487497	998.844970703125
3353.06966341204	997.580017089844
3355.02535267437	998.150024414063
3356.98049287421	998.025024414063
3358.9350842237	997.77001953125
3360.88912693486	998.719970703125
3362.84262121962	1002.47497558594
3364.79556728978	1006.47497558594
3366.74796535705	1004.22497558594
3368.69981563302	1002.78497314453
3370.65111832917	997.809997558594
3372.60187365689	995.224975585938
3374.55208182744	998.200012207031
3376.50174305198	997.484985351563
3378.45085754157	996.77001953125
3380.39942550714	995.294982910156
3382.34744715954	997.760009765625
3384.29492270949	995.27001953125
3386.24185236761	989.304992675781
3388.18823634442	988.380004882813
3390.13407485031	988.054992675781
3392.07936809559	988.523315429688
3394.02411629045	988.99169921875
3395.96831964496	989.460021972656
3397.91197836911	984.974975585938
3399.85509267275	981.585021972656
3401.79766276564	978.630004882813
3403.73968885745	981.544982910156
3405.68117115771	983.965026855469
3407.62210987586	986.044982910156
3409.56250522123	984.385009765625
3411.50235740305	982.304992675781
3413.44166663043	979.609985351563
3415.38043311238	978.369995117188
3417.3186570578	976.775024414063
3419.2563386755	974.135009765625
3421.19347817415	976.75
3423.13007576235	977.3349609375
3425.06613164857	977.919982910156
3427.00164604118	975.215026855469
3428.93661914844	974.580017089844
3430.87105117852	974.89501953125
3432.80494233945	975
3434.73829283919	975.619995117188
3436.67110288558	972.174987792969
3438.60337268634	971.784973144531
3440.53510244911	972.174987792969
3442.4662923814	968.450012207031
3444.39694269064	965.760009765625
3446.32705358412	963.405029296875
3448.25662526905	962.940002441406
3450.18565795254	964.594970703125
3452.11415184156	965.114990234375
3454.04210714302	964.409973144531
3455.96952406369	964.900024414063
3457.89640281024	963.864990234375
3459.82274358924	963.75
3461.74854660717	959.640014648438
3463.67381207038	957.39501953125
3465.59854018513	957.619995117188
3467.52273115756	954.304992675781
3469.44638519373	951.75
3471.36950249956	949.049987792969
3473.29208328091	944.614990234375
3475.21412774349	941.64501953125
3477.13563609293	939.440002441406
3479.05660853476	936.840026855469
3480.97704527438	935.460021972656
3482.89694651712	934.760009765625
3484.81631246818	933.864990234375
3486.73514333266	931.304992675781
3488.65343931557	930.614990234375
3490.57120062179	929.150024414063
3492.48842745612	925.289978027344
3494.40512002324	920.52001953125
3496.32127852773	919.179992675781
3498.23690317408	916.849975585938
3500.15199416666	914.525024414063
3502.06655170974	913.739990234375
3503.98057600749	913.414978027344
3505.89406726396	909.505004882813
3507.80702568312	907.219970703125
3509.71945146883	903.325012207031
3511.63134482483	899.734985351563
3513.54270595478	897.169982910156
3515.45353506222	895.294982910156
3517.3638323506	892.840026855469
3519.27359802324	892.585021972656
3521.1828322834	890.369995117188
3523.09153533419	889.515014648438
3524.99970737866	888.299987792969
3526.90734861972	884.075012207031
3528.81445926021	881.900024414063
3530.72103950283	880.455017089844
3532.62708955022	878.650024414063
3534.53260960488	874.465026855469
3536.43759986923	870.974975585938
3538.34206054558	866.320007324219
3540.24599183613	865.60498046875
3542.149393943	865.155029296875
3544.05226706817	862.765014648438
3545.95461141357	861.534973144531
3547.85642718097	858.280029296875
3549.75771457208	855.559997558594
3551.6584737885	854.010009765625
3553.55870503171	852.150024414063
3555.4584085031	851.405029296875
3557.35758440396	848.244995117188
3559.25623293548	846.539978027344
3561.15435429874	844.22998046875
3563.05194869473	841.405029296875
3564.94901632432	841.630004882813
3566.84555738829	839.984985351563
3568.74157208732	837.14501953125
3570.63706062199	837.080017089844
3572.53202319277	836.465026855469
3574.42646000003	836.174987792969
3576.32037124406	833.715026855469
3578.213757125	832.75
3580.10661784295	832.265014648438
3581.99895359786	829.965026855469
3583.8907645896	827.044982910156
3585.78205101794	825.840026855469
3587.67281308254	826.14501953125
3589.56305098297	824.135009765625
3591.4527649187	822.864990234375
3593.34195508907	822.364990234375
3595.23062169338	821.099975585938
3597.11876493075	820.22998046875
3599.00638500027	817.755004882813
3600.89348210089	815.825012207031
3602.78005643148	814.299987792969
3604.66610819078	813.14501953125
3606.55163757747	812.664978027344
3608.4366447901	811.179992675781
3610.32113002713	809.755004882813
3612.20509348693	809.125
3614.08853536774	808.034973144531
3615.97145586773	807.349975585938
3617.85385518497	806.299987792969
3619.7357335174	804.64501953125
3621.61709106289	803.299987792969
3623.4979280192	801.969970703125
3625.37824458399	801.159973144531
3627.25804095482	799.5
3629.13731732915	799.405029296875
3631.01607390435	798.429992675781
3632.89431087767	796.635009765625
3634.77202844629	794.599975585938
3636.64922680726	794.109985351563
3638.52590615754	793.450012207031
3640.40206669402	794.099975585938
3642.27770861344	792.924987792969
3644.15283211248	791.659973144531
3646.02743738771	790.405029296875
3647.90152463559	789.409973144531
3649.77509405251	788.525024414063
3651.64814583473	787.070007324219
3653.52068017842	785.580017089844
3655.39269727965	784.275024414063
3657.26419733442	783.39501953125
3659.13518053858	783.075012207031
3661.00564708793	782.674987792969
3662.87559717814	781.640014648438
3664.7450310048	780.619995117188
3666.61394876338	779.590026855469
3668.48235064928	779.224975585938
3670.35023685779	778.809997558594
3672.21760758409	777.840026855469
3674.08446302327	777.609985351563
3675.95080337033	776.940002441406
3677.81662882017	775.820007324219
3679.68193956758	774.525024414063
3681.54673580727	773.505004882813
3683.41101773383	772.659973144531
3685.27478554178	772.789978027344
3687.13803942551	771.655029296875
3689.00077957934	770.364990234375
3690.86300619748	770.320007324219
3692.72471947405	768.890014648438
3694.58591960306	769.065002441406
3696.44660677844	768.460021972656
3698.306781194	767.909973144531
3700.16644304348	767.640014648438
3702.02559252049	767.234985351563
3703.88422981859	767.445007324219
3705.74235513119	766.294982910156
3707.59996865164	766.135009765625
3709.45707057318	765.349975585938
3711.31366108895	764.809997558594
3713.16974039199	764.330017089844
3715.02530867527	763.559997558594
3716.88036613164	763.554992675781
3718.73491295385	762.559997558594
3720.58894933456	763.140014648438
3722.44247546634	762.669982910156
3724.29549154166	762.054992675781
3726.14799775289	761.64501953125
3727.9999942923	761.570007324219
3729.85148135209	760.914978027344
3731.70245912432	760.510009765625
3733.55292780098	760.239990234375
3735.40288757397	760.265014648438
3737.25233863509	760.289978027344
3739.10128117603	760.239990234375
3740.9497153884	759.450012207031
3742.7976414637	759.174987792969
3744.64505959335	759.159973144531
3746.49196996866	759.324951171875
3748.33837278086	759.489990234375
3750.18426822108	759.02001953125
3752.02965648033	759.335021972656
3753.87453774956	759.159973144531
3755.7189122196	758.325012207031
3757.5627800812	758.625
3759.40614152501	759.130004882813
3761.24899674159	759.044982910156
3763.09134592138	759.380004882813
3764.93318925476	758.385009765625
3766.77452693199	758.179992675781
3768.61535914325	759.005004882813
3770.45568607861	759.244995117188
3772.29550792807	758.630004882813
3774.1348248815	757.825012207031
3775.9736371287	757.484985351563
3777.81194485938	757.780029296875
