32.6816976106991	717.219970703125
35.6535599501435	717.219970703125
38.6244374909659	717.219970703125
41.5943306947054	717.10498046875
44.5632400226282	717.200012207031
47.5311659356917	717.070007324219
50.4981088945929	717.067504882813
53.4640693597127	717.065002441406
56.4290477911676	717.085021972656
59.3930446487746	717.099975585938
62.356060392067	717.085021972656
65.3180954802906	717.059997558594
68.2791503724084	717.034973144531
71.2392255270922	717.179992675781
74.1983214027271	717.135009765625
77.1564384574159	717.151672363281
80.113577148983	717.168334960938
83.0697379349549	717.184997558594
86.0249212725722	717.219970703125
88.9791276188058	717.172485351563
91.9323574303255	717.125
94.8846111635238	717.315002441406
97.8358892745121	717.465026855469
100.786192219114	717.215026855469
103.73552045287	717.570007324219
106.683874431037	717.275024414063
109.631254608583	717.734985351563
112.577661440203	717.640014648438
115.523095380307	717.89501953125
118.467556883015	718.260009765625
121.411046402175	718.820007324219
124.353564391344	719.700012207031
127.295111303796	721.530029296875
130.235687592532	724.409973144531
133.175293710265	729.534973144531
136.113930109434	738.539978027344
139.051597242185	752.784973144531
141.98829556039	774.715026855469
144.92402551564	802.929992675781
147.858787559244	834.570007324219
150.792582142239	869.89501953125
153.725409715372	904.474975585938
156.65727072911	933.330017089844
159.588165633643	953.869995117188
162.518094878884	967.950012207031
165.447058914469	981.215026855469
168.375058189747	989.505004882813
171.302093153792	991.034973144531
174.228164255401	989.239990234375
177.153271943091	985.885009765625
180.077416665101	985.065002441406
183.000598869394	987.034973144531
185.922819003656	987.460021972656
188.84407751529	991.065002441406
191.764374851424	994.22998046875
194.683711458919	994.780029296875
197.60208778434	995.715026855469
200.519504273992	1002.27001953125
203.435961373894	1013.24499511719
206.351459529801	1023.27502441406
209.265999187174	1029.9150390625
212.179580791207	1041.5
215.092204786825	1055.52502441406
218.003871618673	1075.05505371094
220.914581731116	1090.68994140625
223.824335568247	1103.77001953125
226.733133573893	1113.61999511719
229.640976191593	1126.05004882813
232.547863864614	1137.33996582031
235.453797035961	1147.65002441406
238.358776148354	1151.47998046875
241.26280164424	1151.1650390625
244.1658739658	1151.19165039063
247.067993554929	1151.21838378906
249.969160853266	1151.24499511719
252.869376302162	1148.88500976563
255.768640342707	1143.26000976563
258.666953415705	1137.18005371094
261.564315961705	1135.25
264.46072842097	1138.57995605469
267.356191233499	1132.02001953125
270.25070483901	1123.71496582031
273.144269676967	1121.875
276.036886186551	1122.45495605469
278.928554806671	1121.61999511719
281.819275975966	1114.9150390625
284.709050132812	1112.02001953125
287.597877715306	1114.48999023438
290.485759161281	1116.57495117188
293.372694908298	1114.08996582031
296.258685393644	1107.64001464844
299.143731054352	1104.46997070313
302.027832327156	1102.11999511719
304.910989648557	1100.22497558594
307.79320345476	1099.06005859375
310.674474181717	1101.25500488281
313.554802265101	1099.625
316.434188140326	1096.40502929688
319.312632242533	1099.02502441406
322.190135006593	1097.17504882813
325.066696867117	1094.39501953125
327.942318258443	1093.38000488281
330.816999614641	1092.56994628906
333.690741369517	1087.70495605469
336.56354395661	1089.0849609375
339.435407809193	1086.60498046875
342.306333360273	1083.9599609375
345.176321042591	1083.375
348.045371288612	1079.04504394531
350.913484530551	1075.39501953125
353.78066120035	1071.52001953125
356.64690172969	1072.48999023438
359.512206549972	1070.66003417969
362.376576092357	1067.49499511719
365.240010787716	1064.47998046875
368.102511066677	1064.13500976563
370.964077359587	1062.95495605469
373.82471009654	1063.46997070313
376.684409707364	1063.76501464844
379.543176621612	1059.42004394531
382.401011268595	1053.44995117188
385.257914077343	1056.14001464844
388.113885476627	1061.20495605469
390.968925894961	1061.51000976563
393.823035760591	1062.48498535156
396.676215501503	1064.02001953125
399.528465545415	1068.85998535156
402.379786319791	1071.26000976563
405.230178251834	1075.43005371094
408.079641768472	1082.17504882813
410.928177296387	1087.86499023438
413.775785261992	1088.23999023438
416.622466091445	1090.82995605469
419.468220210631	1094.02001953125
422.313048045182	1094.67504882813
425.156950020479	1097.11499023438
427.999926561623	1096.67504882813
430.841978093471	1098.30505371094
433.683105040613	1095.55505371094
436.523307827384	1093.4599609375
439.362586877851	1092.875
442.200942615829	1088.88500976563
445.038375464876	1085.17504882813
447.874885848283	1086.03503417969
450.710474189089	1083.39001464844
453.54514091007	1082.125
456.37888643375	1080.03503417969
459.211711182386	1080.36999511719
462.043615577986	1078.89001464844
464.874600042297	1080.91003417969
467.704664996804	1076.77502441406
470.533810862741	1074.69995117188
473.36203806108	1074.44995117188
476.189347012547	1071.85998535156
479.015738137594	1071.96496582031
481.841211856432	1070.88500976563
484.665768589008	1067.55505371094
487.489408755009	1069.5400390625
490.312132773878	1078.26501464844
493.133941064796	1083.65502929688
495.954834046683	1085.69494628906
498.77481213821	1085.24499511719
501.593875757797	1087.5849609375
504.412025323601	1088.20495605469
507.229261253524	1086.81494140625
510.045583965226	1087.2099609375
512.860993876093	1086.80004882813
515.675491403271	1087.55505371094
518.489076963649	1088.31005859375
521.301750973863	1087.53503417969
524.113513850293	1085.96496582031
526.924366009065	1079.42504882813
529.734307866052	1079.46997070313
532.543339836881	1074.59497070313
535.35146233692	1071.14501953125
538.158675781281	1069.88000488281
540.964980584833	1068.51501464844
543.770377162182	1064.81994628906
546.574865927692	1062.84497070313
549.378447295465	1063.38000488281
552.181121679365	1062.02502441406
554.982889492993	1053.84497070313
557.783751149701	1051.89001464844
560.583707062591	1050.36499023438
563.38275764452	1052.06005859375
566.180903308083	1050.02502441406
568.978144465633	1051.04504394531
571.774481529266	1053.01000976563
574.569914910839	1048.21496582031
577.364445021949	1046.0849609375
580.158072273946	1042.65502929688
582.950797077926	1042.06005859375
585.742619844752	1039.08996582031
588.533540985018	1035.60498046875
591.323560909078	1034.09497070313
594.112680027034	1036.00500488281
596.90089874875	1036.74499511719
599.688217483828	1032.58996582031
602.474636641629	1028.5849609375
605.260156631263	1027.05004882813
608.044777861596	1026.13500976563
610.828500741241	1026.80004882813
613.611325678567	1030.46997070313
616.393253081697	1031.38500976563
619.174283358506	1031.98999023438
621.954416916616	1036.6650390625
624.733654163414	1039.26000976563
627.511995506029	1037.26501464844
630.289441351351	1034.72497558594
633.065992106022	1029.72998046875
635.841648176434	1025.39001464844
638.616409968744	1023.64001464844
641.390277888847	1026.93005371094
644.163252342408	1032.73999023438
646.93533373484	1033.90502929688
649.706522471307	1037.93005371094
652.47681895674	1036.82250976563
655.246223595811	1035.71496582031
658.014736792957	1035.51000976563
660.782358952371	1035.51501464844
663.549090477999	1035.52001953125
666.314931773542	1035.52502441406
669.079883242452	1035.48999023438
671.843945287955	1035.06494140625
674.607118313019	1036.90002441406
677.369402720366	1036.95837402344
680.130798912488	1037.0166015625
682.891307291627	1037.07495117188
685.650928259784	1033.67004394531
688.409662218708	1034.38500976563
691.167509569927	1034.09997558594
693.924470714705	1033.81494140625
696.680546054078	1033.91003417969
699.435735988832	1036.54504394531
702.190040919516	1035.66003417969
704.943461246442	1035.93994140625
707.695997369667	1036.794921875
710.447649689022	1037.65002441406
713.198418604088	1036.4599609375
715.948304514206	1037.84997558594
718.697307818481	1037.63000488281
721.445428915779	1038.43505859375
724.192668204716	1038.55004882813
726.93902608368	1038.94506835938
729.684502950805	1039.33996582031
732.429099204005	1038.11499023438
735.172815240936	1039.60498046875
737.915651459026	1042.06005859375
740.657608255463	1042.58996582031
743.398686027186	1042.22497558594
746.13888517091	1043.67504882813
748.878206083102	1045.69995117188
751.616649159998	1045.51000976563
754.354214797584	1047.92004394531
757.09090339162	1049.90502929688
759.826715337622	1054.40502929688
762.561651030868	1053.09997558594
765.295710866406	1051.57495117188
768.028895239041	1048.4150390625
770.761204543336	1041.8349609375
773.492639173626	1037.44494628906
776.223199524006	1032.03002929688
778.952885988334	1030.97497558594
781.681698960235	1029.15502929688
784.40963883309	1026.00500488281
787.136706000052	1020.28002929688
789.862900854037	1019.27001953125
792.588223787721	1020.41998291016
795.312675193549	1022.22998046875
798.036255463728	1022.35998535156
800.758964990228	1022.63000488281
803.480804164792	1021.29498291016
806.201773378919	1023.10998535156
808.921873023884	1026.19995117188
811.641103490712	1032.31005859375
814.359465170214	1036.33996582031
817.076958452946	1040.2099609375
819.793583729246	1046.26501464844
822.509341389214	1054.71496582031
825.224231822712	1063.9150390625
827.938255419375	1071.88500976563
830.651412568596	1077.11999511719
833.363703659544	1083.78503417969
836.075129081157	1087.85498046875
838.785689222127	1093.38500976563
841.495384470928	1095.68994140625
844.204215215788	1099.67004394531
846.912181844721	1103.35998535156
849.619284745491	1109.55505371094
852.325524305638	1114.625
855.030900912475	1120.36499023438
857.735414953079	1124.9599609375
860.439066814289	1121.60998535156
863.141856882725	1123
865.843785544769	1116.89001464844
868.544853186571	1109.92004394531
871.245060194063	1103.19494628906
873.944406952925	1096.92504882813
876.642893848625	1095.72998046875
879.340521266398	1098.3349609375
882.037289591241	1100.28503417969
884.733199207927	1108.03002929688
887.428250501001	1110.4599609375
890.122443854778	1112.5849609375
892.815779653335	1110.36499023438
895.508258280534	1111.88500976563
898.199880119997	1116.04504394531
900.890645555129	1119.17004394531
903.580554969094	1121.49499511719
906.269608744832	1121.44995117188
908.957807265056	1120.02502441406
911.645150912257	1121.875
914.331640068689	1121
917.017275116375	1117.39501953125
919.702056437128	1118.92004394531
922.385984412518	1119.08996582031
925.069059423886	1119.43505859375
927.751281852366	1122.44995117188
930.432652078842	1132.84997558594
933.113170483983	1139.2900390625
935.79283744823	1147.60498046875
938.471653351806	1153.82995605469
941.149618574686	1155.22998046875
943.826733496641	1155.17504882813
946.502998497206	1163.47497558594
949.178413955689	1165.96997070313
951.85298025118	1172.39501953125
954.526697762544	1173.00500488281
957.199566868403	1172.56750488281
959.87158794718	1172.13000488281
962.542761377054	1173.6650390625
965.213087535987	1170.5849609375
967.882566801719	1165.63000488281
970.551199551761	1156.19995117188
973.218986163399	1155.80505371094
975.885927013698	1153.74499511719
978.552022479501	1150.58996582031
981.217272937423	1140.95495605469
983.88167876386	1138.28503417969
986.545240334978	1138.20495605469
989.207958026729	1142.15502929688
991.869832214835	1153.78002929688
994.530863274798	1166.22497558594
997.191051581895	1183.89501953125
999.850397511185	1211.75
1002.50890143751	1252.14501953125
1005.16656373546	1289.79504394531
1007.82338477944	1312.71997070313
1010.47936494363	1321.78503417969
1013.13450460195	1306.25
1015.78880412815	1273.55505371094
1018.44226389572	1232.9599609375
1021.09488427794	1197.07495117188
1023.74666564789	1176.21496582031
1026.3976083784	1166.76000976563
1029.04771284208	1159.18005371094
1031.69697941135	1162.57495117188
1034.34540845838	1168.69995117188
1036.99300035512	1171.10998535156
1039.63975547333	1172.21997070313
1042.28567418452	1170.96997070313
1044.93075685998	1165.53002929688
1047.57500387081	1160.89501953125
1050.21841558786	1159.27502441406
1052.86099238177	1162.63000488281
1055.50273462297	1167.45495605469
1058.14364268167	1170.55004882813
1060.78371692784	1178.52502441406
1063.42295773126	1181.42004394531
1066.06136546148	1191.18994140625
1068.69894048781	1204.36999511719
1071.33568317939	1211.88000488281
1073.9715939051	1213.51000976563
1076.60667303362	1213.39001464844
1079.24092093341	1210.31005859375
1081.87433797271	1205.02001953125
1084.50692451954	1193.46997070313
1087.13868094172	1188.83996582031
1089.76960760684	1188.0400390625
1092.39970488226	1184.29504394531
1095.02897313516	1178.32495117188
1097.65741273246	1173.69494628906
1100.28502404089	1169.93994140625
1102.91180742697	1164.64001464844
1105.53776325698	1160.9150390625
1108.16289189701	1158.4599609375
1110.78719371291	1155.06994628906
1113.41066907033	1154.65002441406
1116.0333183347	1155.82995605469
1118.65514187124	1153.78002929688
1121.27614004495	1152.93005371094
1123.89631322061	1153.0849609375
1126.51566176279	1156.21997070313
1129.13418603585	1158.03747558594
1131.75188640394	1159.85498046875
1134.36876323098	1155.1650390625
1136.98481688069	1144.92004394531
1139.60004771655	1134.3349609375
1142.21445610187	1120.04504394531
1144.82804239972	1105.18505859375
1147.44080697295	1096.03503417969
1150.05275018421	1094.35998535156
1152.66387239593	1097.83996582031
1155.27417397034	1104.20495605469
1157.88365526943	1109.4150390625
1160.49231665502	1114.875
1163.10015848867	1115.44494628906
1165.70718113176	1115.15502929688
1168.31338494544	1112.13500976563
1170.91877029067	1109.68005371094
1173.52333752817	1110.23498535156
1176.12708701847	1112.17504882813
1178.73001912187	1111.16003417969
1181.33213419848	1107.17004394531
1183.93343260819	1105.86499023438
1186.53391471068	1100.5400390625
1189.13358086539	1093.84497070313
1191.73243143161	1088.85498046875
1194.33046676836	1088.94995117188
1196.92768723449	1092.09497070313
1199.52409318861	1095.45495605469
1202.11968498915	1104.31494140625
1204.7144629943	1112.2900390625
1207.30842756206	1121.34497070313
1209.90157905021	1129.48498535156
1212.49391781634	1139.22497558594
1215.08544421779	1138.28002929688
1217.67615861174	1138.48498535156
1220.26606135512	1137.01000976563
1222.85515280468	1131.24499511719
1225.44343331694	1127.16003417969
1228.03090324823	1130.72998046875
1230.61756295466	1137.36999511719
1233.20341279213	1144.94494628906
1235.78845311634	1151.68994140625
1238.37268428278	1162.93005371094
1240.95610664673	1176.09997558594
1243.53872056325	1184.625
1246.12052638722	1191.61999511719
1248.70152447329	1196.11499023438
1251.28171517591	1194.830078125
1253.86109884934	1193.54504394531
1256.43967584759	1190.78503417969
1259.0174465245	1190.78002929688
1261.5944112337	1191.58996582031
1264.1705703286	1191.33996582031
1266.74592416241	1195.18005371094
1269.32047308814	1202.78503417969
1271.89421745858	1204.98498535156
1274.46715762633	1207.15002441406
1277.03929394377	1204.86999511719
1279.61062676308	1205.88000488281
1282.18115643624	1203.04504394531
1284.75088331502	1198.86999511719
1287.31980775098	1197.89501953125
1289.88793009548	1202.94995117188
1292.45525069969	1200.10998535156
1295.02176991454	1191.46496582031
1297.58748809078	1184.47497558594
1300.15240557897	1183.01501464844
1302.71652272942	1184.77001953125
1305.27983989229	1191.56005859375
1307.84235741749	1200.375
1310.40407565475	1205.92504882813
1312.9649949536	1209.4150390625
1315.52511566335	1220.56994628906
1318.08443813311	1220.22497558594
1320.64296271181	1221.7099609375
1323.20068974815	1226.68994140625
1325.75761959063	1229.89001464844
1328.31375258756	1231.375
1330.86908908704	1235.26000976563
1333.42362943696	1235.19494628906
1335.97737398503	1233.43994140625
1338.53032307874	1231.125
1341.08247706537	1229.09997558594
1343.63383629202	1229.90502929688
1346.18440110558	1228.77502441406
1348.73417185274	1226.45495605469
1351.28314887997	1221.09497070313
1353.83133253357	1208.57495117188
1356.37872315961	1192.86999511719
1358.92532110398	1178.75500488281
1361.47112671237	1165.44494628906
1364.01614033024	1146.7099609375
1366.56036230288	1140.61499023438
1369.10379297537	1135.38000488281
1371.64643269258	1127.67004394531
1374.18828179921	1117.71496582031
1376.72934063972	1110.35998535156
1379.2696095584	1100.55004882813
1381.80908889932	1100.96997070313
1384.34777900637	1100.68505859375
1386.88568022323	1101.18505859375
1389.42279289337	1100.90002441406
1391.95911736009	1100.61499023438
1394.49465396645	1103.56494140625
1397.02940305537	1105.26000976563
1399.5633649695	1109.1650390625
1402.09654005135	1110.80505371094
1404.6289286432	1116.40502929688
1407.16053108714	1117.44995117188
1409.69134772507	1116.94494628906
1412.22137889868	1119.78002929688
1414.75062494947	1122.95495605469
1417.27908621874	1122.61999511719
1419.80676304759	1124.33996582031
1422.33365577692	1127.95495605469
1424.85976474744	1128.47497558594
1427.38509029967	1132.41003417969
1429.90963277392	1134.98999023438
1432.4333925103	1139.375
1434.95636984873	1148.35498046875
1437.47856512894	1164.06494140625
1439.99997869045	1182.79504394531
1442.5206108726	1199.11499023438
1445.04046201452	1219.30505371094
1447.55953245515	1243.93994140625
1450.07782253323	1267.42504882813
1452.59533258731	1271.37170410156
1455.11206295574	1275.318359375
1457.62801397668	1279.26501464844
1460.14318598809	1274.61499023438
1462.65757932774	1265.0849609375
1465.1711943332	1248.56994628906
1467.68403134184	1227.42004394531
1470.19609069085	1204.93505859375
1472.70737271721	1182.68005371094
1475.21787775772	1160.22497558594
1477.72760614897	1133.81005859375
1480.23655822738	1107.14001464844
1482.74473432914	1081.16003417969
1485.25213479029	1057.80505371094
1487.75875994664	1037.40502929688
1490.26461013382	1022.86499023438
1492.76968568726	1013.88500976563
1495.27398694222	1004.63000488281
1497.77751423374	999.349975585938
1500.28026789667	998.375
1502.78224826569	996.005004882813
1505.28345567526	993.244995117188
1507.78389045967	992.14501953125
1510.28355295299	991.695007324219
1512.78244348913	990.409973144531
1515.28056240178	990.390014648438
1517.77791002445	992.924987792969
1520.27448669047	995.174987792969
1522.77029273296	997.330017089844
1525.26532848486	996.125
1527.75959427889	996.315002441406
1530.25309044764	995.775024414063
1532.74581732344	995.599975585938
1535.23777523847	994.090026855469
1537.72896452471	992.325012207031
1540.21938551394	991.299987792969
1542.70903853778	992.205017089844
1545.19792392761	995.489990234375
1547.68604201466	1003.03497314453
1550.17339312997	1007.71997070313
1552.65997760434	1012.69000244141
1555.14579576845	1015.22998046875
1557.63084795275	1018.10498046875
1560.11513448749	1020.66998291016
1562.59865570276	1020.85998535156
1565.08141192845	1018.90997314453
1567.56340349426	1014.78497314453
1570.04463072969	1012.15997314453
1572.52509396406	1010.20501708984
1575.00479352652	1010.85498046875
1577.48372974599	1012.36999511719
1579.96190295124	1014.94000244141
1582.43931347083	1018.46002197266
1584.91596163314	1023.86499023438
1587.39184776636	1030.50500488281
1589.86697219849	1034.24499511719
1592.34133525734	1037.90002441406
1594.81493727054	1037.59997558594
1597.28777856553	1039.18505859375
1599.75985946955	1043.38000488281
1602.23118030968	1051.24499511719
1604.70174141278	1063.64001464844
1607.17154310555	1078.56005859375
1609.64058571449	1086.93994140625
1612.10886956591	1094.39501953125
1614.57639498595	1094.35498046875
1617.04316230054	1095.1474609375
1619.50917183543	1095.93994140625
1621.97442391621	1091.29504394531
1624.43891886825	1084.44995117188
1626.90265701674	1078.31494140625
1629.36563868671	1071.10998535156
1631.82786420296	1071.375
1634.28933389016	1073.88000488281
1636.75004807274	1080.22998046875
1639.21000707498	1088.59997558594
1641.66921122097	1096.95495605469
1644.12766083459	1106.30505371094
1646.58535623956	1122.67504882813
1649.04229775941	1137.09997558594
1651.4984857175	1151.39501953125
1653.95392043697	1164.90502929688
1656.40860224079	1179.93005371094
1658.86253145177	1195.07995605469
1661.3157083925	1206.99499511719
1663.76813338542	1211.96997070313
1666.21980675275	1209.97998046875
1668.67072881656	1208
1671.1208998987	1198.44995117188
1673.57032032089	1190.90002441406
1676.0189904046	1182.45495605469
1678.46691047118	1167.57995605469
1680.91408084174	1152.55004882813
1683.36050183726	1137.58996582031
1685.8061737785	1116.34997558594
1688.25109698605	1092.10998535156
1690.69527178032	1072.02502441406
1693.13869848153	1057.70495605469
1695.58137740972	1044.18505859375
1698.02330888476	1024.68505859375
1700.46449322631	1007.76000976563
1702.90493075388	993.344970703125
1705.34462178678	982.049987792969
1707.78356664414	971.780029296875
1710.22176564492	962.695007324219
1712.65921910787	953.570007324219
1715.0959273516	949.049987792969
1717.53189069449	943.955017089844
1719.9671094548	939.369995117188
1722.40158395054	936.505004882813
1724.8353144996	933.539978027344
1727.26830141965	932.909973144531
1729.70054502819	932.965026855469
1732.13204564255	931.234985351563
1734.56280357987	929.469970703125
1736.99281915711	928.885009765625
1739.42209269106	927.799987792969
1741.85062449831	927.912475585938
1744.27841489529	928.025024414063
1746.70546419823	927.400024414063
1749.13177272321	925.109985351563
1751.5573407861	924.575012207031
1753.98216870262	923.219970703125
1756.40625678828	924.275024414063
1758.82960535844	924.690002441406
1761.25221472825	922.659973144531
1763.67408521271	920.89501953125
1766.09521712663	920.724975585938
1768.51561078464	920.769958496094
1770.93526650119	920.815002441406
1773.35418459056	920.859985351563
1775.77236536684	920.664978027344
1778.18980914396	918.880004882813
1780.60651623565	920.125
1783.02248695548	920.114990234375
1785.43772161684	921.135009765625
1787.85222053292	921.780029296875
1790.26598401677	917.299987792969
1792.67901238123	915.344970703125
1795.09130593899	915.534973144531
1797.50286500254	915.465026855469
1799.9136898842	915.353332519531
1802.32378089613	915.24169921875
1804.73313835028	915.130004882813
1807.14176255846	915.135009765625
1809.54965383228	915.460021972656
1811.95681248317	916.690002441406
1814.36323882242	913.299987792969
1816.76893316109	912.505004882813
1819.17389581011	912.419982910156
1821.57812708021	912.400024414063
1823.98162728196	912.89501953125
1826.38439672573	911.414978027344
1828.78643572174	911.385009765625
1831.18774458003	911.39501953125
1833.58832361045	912.359985351563
1835.98817312269	911.580017089844
1838.38729342625	909.450012207031
1840.78568483048	908.239990234375
1843.18334764454	907.224975585938
1845.58028217741	908.52001953125
1847.9764887379	908.815002441406
1850.37196763465	909.265014648438
1852.76671917613	910.14501953125
1855.16074367062	911.005004882813
1857.55404142624	911.294982910156
1859.94661275094	908.784973144531
1862.33845795247	907.460021972656
1864.72957733844	908.309997558594
1867.11997121627	908.474975585938
1869.5096398932	905.065002441406
1871.89858367631	906.580017089844
1874.28680287251	906.669982910156
1876.67429778851	906.713317871094
1879.06106873089	906.756652832031
1881.44711600601	906.799987792969
1883.8324399201	906.684997558594
1886.21704077919	906.315002441406
1888.60091888915	906.304992675781
1890.98407455567	905.655029296875
1893.36650808428	906.405029296875
1895.74821978033	906.489990234375
1898.12920994899	906.804992675781
1900.50947889527	906.044982910156
1902.88902692401	905.525024414063
1905.26785433986	905.179992675781
1907.64596144734	905.330017089844
1910.02334855075	904.400024414063
1912.40001595424	905.320007324219
1914.7759639618	904.794982910156
1917.15119287724	904.210021972656
1919.52570300419	905.02001953125
1921.89949464611	905.739990234375
1924.27256810632	907.304992675781
1926.64492368793	907.174987792969
1929.0165616939	906.885009765625
1931.38748242701	906.369995117188
1933.75768618989	906.844970703125
1936.12717328497	907.585021972656
1938.49594401455	907.705017089844
1940.86399868071	907.619995117188
1943.23133758541	906.255004882813
1945.5979610304	906.205017089844
1947.96386931729	906.380004882813
1950.32906274751	906.554992675781
1952.69354162232	906.60498046875
1955.0573062428	906.674987792969
1957.42035690989	906.284973144531
1959.78269392434	905.909973144531
1962.14431758673	905.694946289063
1964.50522819748	905.47998046875
1966.86542605684	905.429992675781
1969.22491146488	904.515014648438
1971.58368472153	902.419982910156
1973.94174612654	903.585021972656
1976.29909597945	904.050048828125
1978.65573457971	904.515014648438
1981.01166222654	903.705017089844
1983.36687921902	904.505004882813
1985.72138585606	904.969970703125
1988.07518243639	904.944946289063
1990.42826925859	904.919982910156
1992.78064662106	904.75
1995.13231482205	905.630004882813
1997.48327415961	903.570007324219
1999.83352493167	901.924987792969
2002.18306743594	904.619995117188
2004.53190197002	905.299987792969
2006.8800288313	903.815002441406
2009.22744831703	903.034973144531
2011.57416072427	902.090026855469
2013.92016634993	901.840026855469
2016.26546549076	901.900024414063
2018.61005844332	902.375
2020.95394550404	903.015014648438
2023.29712696915	903.655029296875
2025.63960313474	902.125
2027.98137429672	901
2030.32244075083	900.155029296875
2032.66280279266	900.289978027344
2035.00246071763	902.5
2037.34141482099	903.114990234375
2039.67966539784	904.039978027344
2042.01721274309	903.782470703125
2044.35405715151	903.525024414063
2046.69019891769	902.989990234375
2049.02563833606	902.419982910156
2051.3603757009	902.039978027344
2053.6944113063	902.294982910156
2056.0277454462	902.549987792969
2058.36037841439	902.804992675781
2060.69231050446	902.219970703125
2063.02354200988	903.210021972656
2065.35407322392	902.099975585938
2067.68390443971	903.640014648438
2070.01303595021	905.369995117188
2072.3414680482	904.344970703125
2074.66920102633	904.150024414063
2076.99623517706	902.510009765625
2079.32257079271	902.195007324219
2081.6482081654	902.890014648438
2083.97314758713	904.809997558594
2086.29738934971	904.994995117188
2088.62093374481	906.364990234375
2090.94378106391	907.734985351563
2093.26593159835	906.059997558594
2095.5873856393	903.880004882813
2097.90814347777	903.150024414063
2100.2282054046	903.299987792969
2102.54757171048	904.684997558594
2104.86624268594	906.215026855469
2107.18421862133	905.405029296875
2109.50149980686	905.294982910156
2111.81808653257	905.640014648438
2114.13397908834	905.89501953125
2116.44917776388	904.815002441406
2118.76368284875	907.059997558594
2121.07749463235	907.570007324219
2123.39061340391	907.780029296875
2125.70303945252	907.760009765625
2128.01477306707	907.955017089844
2130.32581453634	907.155029296875
2132.63616414891	907.429992675781
2134.94582219322	907.150024414063
2137.25478895754	908.109985351563
2139.56306472999	909.070007324219
2141.87064979851	906.280029296875
2144.17754445092	904.755004882813
2146.48374897484	906.005004882813
2148.78926365774	905.684997558594
2151.09408878695	907.840026855469
2153.39822464963	908.219970703125
2155.70167153277	908.275024414063
2158.00442972321	907.505004882813
2160.30649950763	906.35498046875
2162.60788117256	905.710021972656
2164.90857500436	905.325012207031
2167.20858128923	905.994995117188
2169.50790031323	906.955017089844
2171.80653236223	906.803344726563
2174.10447772198	906.651672363281
2176.40173667804	906.5
2178.69830951582	905.625
2180.99419652058	903.734985351563
2183.28939797743	903.695007324219
2185.5839141713	905.065002441406
2187.87774538698	905.6875
2190.17089190908	906.309997558594
2192.46335402209	905.289978027344
2194.75513201032	906.429992675781
2197.04622615791	905.440002441406
2199.33663674886	904.450012207031
2201.62636406702	903.369995117188
2203.91540839606	904.864990234375
2206.20377001952	905.955017089844
2208.49144922077	904.75
2210.77844628302	903.385009765625
2213.06476148933	903.119995117188
2215.3503951226	902.797485351563
2217.63534746557	902.474975585938
2219.91961880085	902.390014648438
2222.20320941085	901.534973144531
2224.48611957785	901.799987792969
2226.76834958399	902.734985351563
2229.04989971122	902.617492675781
2231.33077024136	902.5
2233.61096145607	902.419982910156
2235.89047363683	901.375
2238.169307065	900.539978027344
2240.44746202178	900.47998046875
2242.72493878819	901.52001953125
2245.00173764511	903.340026855469
2247.27785887327	902.702514648438
2249.55330275324	902.065002441406
2251.82806956545	902.325012207031
2254.10215959014	902.414978027344
2256.37557310744	901.299987792969
2258.64831039729	901.5
2260.92037173949	902.47998046875
2263.19175741368	905.195007324219
2265.46246769938	906.380004882813
2267.7325028759	904.585021972656
2270.00186322243	903.52001953125
2272.270549018	904.070007324219
2274.5385605415	904.097534179688
2276.80589807165	904.125
2279.07256188702	903.544982910156
2281.33855226601	903.775024414063
2283.60386948691	903.72998046875
2285.86851382782	903.789978027344
2288.1324855667	903.849975585938
2290.39578498136	902.784973144531
2292.65841234945	904.809997558594
2294.92036794847	904.195007324219
2297.18165205578	904.900024414063
2299.44226494856	903.344970703125
2301.70220690387	904.64501953125
2303.96147819859	905.140014648438
2306.22007910947	904.955017089844
2308.47800991309	905.205017089844
2310.73527088589	903.210021972656
2312.99186230416	902.715026855469
2315.24778444403	905.094970703125
2317.50303758149	906.780029296875
2319.75762199235	907.14501953125
2322.01153795231	906.965026855469
2324.26478573689	906.594970703125
2326.51736562147	906.885009765625
2328.76927788127	905.525024414063
2331.02052279137	905.715026855469
2333.2711006267	905.864990234375
2335.52101166203	906.900024414063
2337.77025617198	905.200012207031
2340.01883443103	903.775024414063
2342.2667467135	902.049987792969
2344.51399329356	903.635009765625
2346.76057444525	903.469970703125
2349.00649044241	903.965026855469
2351.2517415588	902.609985351563
2353.49632806796	902.375
2355.74025024334	902.155029296875
2357.98350835819	901.710021972656
2360.22610268566	902.109985351563
2362.4680334987	902.412475585938
2364.70930107016	902.715026855469
2366.94990567269	901.195007324219
2369.18984757884	901.734985351563
2371.42912706098	901.079956054688
2373.66774439134	900.424987792969
2375.90569984199	901.179992675781
2378.14299368488	901.210021972656
2380.37962619179	901.260009765625
2382.61559763435	901.309997558594
2384.85090828405	902.27001953125
2387.08555841222	903.309997558594
2389.31954829006	903.575012207031
2391.55287818861	903.039978027344
2393.78554837877	901.330017089844
2396.01755913128	900.190002441406
2398.24891071673	899.594970703125
2400.47960340558	901.169982910156
2402.70963746814	901.549987792969
2404.93901317456	901.755004882813
2407.16773079485	901.809997558594
2409.39579059887	901.864990234375
2411.62319285633	901.919982910156
2413.84993783681	901.025024414063
2416.07602580971	900.440002441406
2418.30145704432	900.294982910156
2420.52623180977	900.679992675781
2422.75035037503	901.864990234375
2424.97381300893	904.039978027344
2427.19661998017	902.875
2429.41877155729	902.950012207031
2431.64026800867	901.864990234375
2433.86110960257	901.135009765625
2436.08129660709	900.369995117188
2438.30082929019	901.690002441406
2440.51970791967	903.109985351563
2442.73793276321	903.775024414063
2444.95550408832	902.409973144531
2447.17242216237	902.277465820313
2449.38868725259	902.14501953125
2451.60429962607	902.440002441406
2453.81925954975	901.570007324219
2456.03356729041	900.25
2458.2472231147	901.130004882813
2460.46022728913	901.39501953125
2462.67258008005	902
2464.88428175368	904.155029296875
2467.09533257608	903.507507324219
2469.30573281318	902.859985351563
2471.51548273076	902.5
2473.72458259445	899.919982910156
2475.93303266974	900.155029296875
2478.14083322198	900.804992675781
2480.34798451637	902.474975585938
2482.55448681797	905.159973144531
2484.76034039169	905.184997558594
2486.96554550231	905.440002441406
2489.17010241445	903.525024414063
2491.37401139259	904.184997558594
2493.57727270109	904.614990234375
2495.77988660412	904
2497.98185336574	904.051696777344
2500.18317324987	904.103332519531
2502.38384652028	904.155029296875
2504.58387344058	902.890014648438
2506.78325427425	902.920043945313
2508.98198928465	902.950012207031
2511.18007873495	902.614990234375
2513.37752288821	903.85498046875
2515.57432200735	903.950012207031
2517.77047635514	904.570007324219
2519.96598619419	905.52001953125
2522.16085178699	905.200012207031
2524.35507339589	905.099975585938
2526.54865128308	904.859985351563
2528.74158571062	905.159973144531
2530.93387694042	903.835021972656
2533.12552523427	902.775024414063
2535.31653085379	904.320007324219
2537.50689406046	906.265014648438
2539.69661511566	905.690002441406
2541.88569428057	906.664978027344
2544.07413181627	907.164978027344
2546.26192798368	905.164978027344
2548.44908304359	903.864990234375
2550.63559725664	904.315002441406
2552.82147088333	904.955017089844
2555.00670418402	905.130004882813
2557.19129741894	907.619995117188
2559.37525084817	906.60498046875
2561.55856473164	906.309997558594
2563.74123932917	906.293334960938
2565.92327490039	906.276672363281
2568.10467170484	906.260009765625
2570.28543000189	907.025024414063
2572.46555005079	906.85498046875
2574.64503211063	907.804992675781
2576.82387644036	909.219970703125
2579.00208329882	908.789978027344
2581.17965294468	909.070007324219
2583.35658563648	909.487548828125
2585.53288163263	909.905029296875
2587.70854119137	909.130004882813
2589.88356457084	906.859985351563
2592.05795202902	905.719970703125
2594.23170382376	906.965026855469
2596.40482021275	907.585021972656
2598.57730145356	909.125
2600.74914780363	909.469970703125
2602.92035952023	908.450012207031
2605.09093686053	907.35498046875
2607.26088008153	906.630004882813
2609.4301894401	908.494995117188
2611.59886519299	910.349975585938
2613.76690759678	910.965026855469
2615.93431690793	911.669982910156
2618.10109338277	914.664978027344
2620.26723727748	915.880004882813
2622.4327488481	916.914978027344
2624.59762835054	916.369995117188
2626.76187604057	917.359985351563
2628.92549217382	915.549987792969
2631.08847700579	915.5
2633.25083079182	915.450012207031
2635.41255378715	915.835021972656
2637.57364624684	917.299987792969
2639.73410842586	917.315002441406
2641.893940579	918.10498046875
2644.05314296094	919.440002441406
2646.21171582621	920.070007324219
2648.36965942921	919.825012207031
2650.5269740242	920.380004882813
2652.6836598653	920.385009765625
2654.83971720651	920.390014648438
2656.99514630167	920.39501953125
2659.1499474045	920.364990234375
2661.30412076857	920.489990234375
2663.45766664734	920.890014648438
2665.61058529411	922.315002441406
2667.76287696204	924.460021972656
2669.91454190418	923.960021972656
2672.06558037342	923.815002441406
2674.21599262253	925.390014648438
2676.36577890413	926.715026855469
2678.51493947072	926.989990234375
2680.66347457466	927.159973144531
2682.81138446816	927.179992675781
2684.95866940332	927.14501953125
2687.10532963209	926.799987792969
2689.25136540628	927.60498046875
2691.39677697757	927.405029296875
2693.54156459752	926.284973144531
2695.68572851753	927.179992675781
2697.82926898888	928.125
2699.97218626272	928.755004882813
2702.11448059006	928.090026855469
2704.25615222175	931.159973144531
2706.39720140856	934.219970703125
2708.53762840109	935.039978027344
2710.67743344979	935.304992675781
2712.81661680503	935.919982910156
2714.95517871698	937.140014648438
2717.09311943574	939.244995117188
2719.23043921123	944.940002441406
2721.36713829325	949.765014648438
2723.50321693148	952.090026855469
2725.63867537545	955.52001953125
2727.77351387456	957.719970703125
2729.90773267809	957.049987792969
2732.04133203516	956.380004882813
2734.17431219478	955.169982910156
2736.30667340581	953.650024414063
2738.438415917	954.200012207031
2740.56953997695	952.364990234375
2742.70004583414	952.625
2744.82993373688	952.994995117188
2746.9592039334	949.869995117188
2749.08785667177	948.434997558594
2751.21589219993	948.85498046875
2753.34331076568	948.070007324219
2755.4701126167	946.669982910156
2757.59629800054	947.049987792969
2759.7218671646	945.565002441406
2761.84682035617	943.815002441406
2763.9711578224	943.820007324219
2766.0948798103	943.64501953125
2768.21798656676	943.085021972656
2770.34047833852	944.304992675781
2772.46235537222	944.030029296875
2774.58361791434	942.655029296875
2776.70426621124	941.635009765625
2778.82430050915	941.565002441406
2780.94372105416	941.080017089844
2783.06252809224	941.315002441406
2785.18072186922	941.739990234375
2787.29830263081	939.905029296875
2789.41527062257	938.385009765625
2791.53162608996	936.710021972656
2793.64736927828	936.294982910156
2795.76250043271	935.890014648438
2797.8770197983	937.164978027344
2799.99092761997	939.030029296875
2802.10422414252	937.630004882813
2804.21690961059	939.719970703125
2806.32898426873	942.830017089844
2808.44044836132	943.900024414063
2810.55130213264	946.030029296875
2812.66154582682	948.715026855469
2814.77117968788	950.125
2816.8802039597	951.22998046875
2818.98861888601	954.184997558594
2821.09642471046	958.559997558594
2823.20362167653	962.054992675781
2825.31021002756	968.744995117188
2827.41619000682	975.825012207031
2829.52156185738	981.460021972656
2831.62632582224	985.059997558594
2833.73048214422	990.919982910156
2835.83403106606	998.75
2837.93697283033	1003.35498046875
2840.03930767951	1011.66998291016
2842.1410358559	1021.03497314453
2844.24215760173	1032.4599609375
2846.34267315905	1052.23999023438
2848.44258276982	1073.98498535156
2850.54188667585	1095.45495605469
2852.64058511883	1124.63500976563
2854.73867834032	1155.71496582031
2856.83616658175	1182.40502929688
2858.93305008443	1208.58996582031
2861.02932908952	1229.71997070313
2863.12500383809	1251.89501953125
2865.22007457104	1286.63500976563
2867.31454152918	1333.68505859375
2869.40840495316	1371.5400390625
2871.50166508353	1426.05004882813
2873.59432216069	1475.31494140625
2875.68637642493	1516.31494140625
2877.77782811641	1540.41003417969
2879.86867747515	1559.56005859375
2881.95892474105	1572.7099609375
2884.0485701539	1577.0849609375
2886.13761395333	1576.89001464844
2888.22605637886	1577.14001464844
2890.3138976699	1581.91003417969
2892.40113806571	1600.17504882813
2894.48777780544	1617.03503417969
2896.57381712808	1628.375
2898.65925627254	1656.49499511719
2900.74409547758	1676.45495605469
2902.82833498183	1685.9599609375
2904.9119750238	1696.9150390625
2906.99501584188	1722.60998535156
2909.07745767432	1749.77502441406
2911.15930075925	1772.97998046875
2913.24054533469	1815.03503417969
2915.3211916385	1848.55505371094
2917.40123990846	1885.55505371094
2919.48069038217	1940.03002929688
2921.55954329716	1994.03002929688
2923.63779889079	2028.6650390625
2925.71545740033	2070.65502929688
2927.79251906289	2102.97509765625
2929.86898411548	2135.53002929688
2931.94485279498	2156.65502929688
2934.02012533815	2166.3701171875
2936.0948019816	2166.16333007813
2938.16888296184	2165.95678710938
2940.24236851525	2165.75
2942.31525887809	2149.2900390625
2944.38755428648	2118.30004882813
2946.45925497643	2102.59008789063
2948.53036118382	2068.82006835938
2950.6008731444	2002.31994628906
2952.67079109381	1941.28503417969
2954.74011526755	1886.36499023438
2956.80884590101	1833.5849609375
2958.87698322944	1808.21496582031
2960.94452748799	1810.44494628906
2963.01147891167	1797.06994628906
2965.07783773535	1759.82995605469
2967.14360419382	1721.56994628906
2969.2087785217	1697.67004394531
2971.27336095352	1685.27001953125
2973.33735172366	1660.40002441406
2975.40075106641	1633.3349609375
2977.46355921591	1603.43005371094
2979.52577640618	1577.67004394531
2981.58740287112	1558.11999511719
2983.64843884452	1544.32995605469
2985.70888456003	1524.19995117188
2987.76874025117	1500.56005859375
2989.82800615137	1473.18994140625
2991.88668249391	1440.40502929688
2993.94476951194	1409.14501953125
2996.00226743852	1378.22998046875
2998.05917650657	1341.75
3000.11549694887	1308.68505859375
3002.17122899812	1282.67504882813
3004.22637288685	1256.14501953125
3006.2809288475	1234.58996582031
3008.33489711238	1212.00500488281
3010.38827791368	1185.14001464844
3012.44107148345	1165.85498046875
3014.49327805366	1149.0849609375
3016.5448978561	1130.13000488281
3018.59593112249	1113.11999511719
3020.64637808441	1100.84997558594
3022.6962389733	1094.63500976563
3024.74551402051	1085.14501953125
3026.79420345725	1077.55004882813
3028.84230751461	1066.95495605469
3030.88982642357	1057.86999511719
3032.93676041497	1053.98498535156
3034.98310971955	1051.7900390625
3037.02887456791	1056.17504882813
3039.07405519054	1060.26501464844
3041.11865181781	1064.72998046875
3043.16266467996	1066.49499511719
3045.20609400713	1068.5400390625
3047.24894002932	1070.69995117188
3049.2912029764	1072.40502929688
3051.33288307815	1073.18994140625
3053.37398056421	1081.3349609375
3055.41449566411	1091.13000488281
3057.45442860725	1102.25500488281
3059.49377962291	1114.6650390625
3061.53254894026	1127.40002441406
3063.57073678834	1131.18994140625
3065.60834339607	1132.25500488281
3067.64536899227	1133.22998046875
3069.68181380561	1130.61499023438
3071.71767806467	1119.38500976563
3073.75296199788	1105.16003417969
3075.78766583357	1090.32995605469
3077.82178979997	1074.73498535156
3079.85533412513	1062.73498535156
3081.88829903705	1055.42004394531
3083.92068476356	1045.25500488281
3085.95249153241	1030.77502441406
3087.98371957119	1023.21002197266
3090.01436910741	1016.19500732422
3092.04444036844	1009.73999023438
3094.07393358152	1008.51501464844
3096.10284897381	1002.99499511719
3098.13118677232	1002.67498779297
3100.15894720395	1000.78997802734
3102.18613049548	996.455017089844
3104.21273687357	993.934997558594
3106.23876656477	993.284973144531
3108.2642197955	993.059997558594
3110.28909679208	993.775024414063
3112.31339778069	993.565002441406
3114.33712298741	993.674987792969
3116.36027263819	993.784973144531
3118.38284695887	993.927490234375
3120.40484617516	994.070007324219
3122.42627051268	994.655029296875
3124.4471201969	995.304992675781
3126.46739545319	996.35498046875
3128.4870965068	999.60498046875
3130.50622358287	1000.57000732422
3132.5247769064	1000.82501220703
3134.54275670229	998.984985351563
3136.56016319534	1001.90997314453
3138.57699661019	1001.97161865234
3140.59325717139	1002.03332519531
3142.60894510338	1002.09497070313
3144.62406063047	1000.40997314453
3146.63860397686	1001.21002197266
3148.65257536662	1001.42999267578
3150.66597502371	1001.11499023438
3152.67880317199	1001.71997070313
3154.69106003518	1005.88000488281
3156.70274583691	1008.64001464844
3158.71386080065	1009.23498535156
3160.72440514981	1012.26000976563
3162.73437910763	1019.32501220703
3164.74378289728	1018.11999511719
3166.75261674179	1017.24499511719
3168.76088086407	1018.61499023438
3170.76857548692	1022.31500244141
3172.77570083303	1027.54504394531
3174.78225712498	1027.88000488281
3176.78824458521	1025.51000976563
3178.79366343607	1028.4150390625
3180.79851389977	1031.01000976563
3182.80279619844	1029.47497558594
3184.80651055405	1032.80505371094
3186.80965718849	1037.83996582031
3188.81223632353	1043.90502929688
3190.81424818081	1047.40002441406
3192.81569298186	1049.72497558594
3194.8165709481	1048.4150390625
3196.81688230084	1051.17004394531
3198.81662726126	1053.18005371094
3200.81580605044	1055.69995117188
3202.81441888933	1056.13000488281
3204.81246599879	1056.65502929688
3206.80994759954	1059.7900390625
3208.80686391219	1066.02502441406
3210.80321515726	1066.39001464844
3212.79900155512	1069.02001953125
3214.79422332605	1074.65502929688
3216.78888069021	1075.86499023438
3218.78297386765	1077.86999511719
3220.77650307828	1080.31994628906
3222.76946854195	1086.93005371094
3224.76187047834	1092.17004394531
3226.75370910705	1094.75
3228.74498464755	1095.42504882813
3230.73569731921	1101.93005371094
3232.72584734127	1101.81994628906
3234.71543493287	1100.3349609375
3236.70446031304	1100.14001464844
3238.69292370068	1103.22998046875
3240.68082531459	1104.69995117188
3242.66816537345	1110.01000976563
3244.65494409583	1110.05004882813
3246.6411617002	1115.5
3248.62681840488	1120.63500976563
3250.61191442812	1123.67504882813
3252.59644998804	1126.4150390625
3254.58042530263	1121.5849609375
3256.56384058979	1125.29504394531
3258.54669606731	1127.35998535156
3260.52899195285	1131.83996582031
3262.51072846396	1136.45495605469
3264.4919058181	1139.43994140625
3266.47252423259	1141.25500488281
3268.45258392464	1144.68005371094
3270.43208511138	1148.06005859375
3272.41102800978	1153.69494628906
3274.38941283675	1157.53002929688
3276.36723980904	1163.32995605469
3278.34450914332	1167.01501464844
3280.32122105613	1171.60998535156
3282.29737576392	1181.21496582031
3284.272973483	1181.80505371094
3286.24801442958	1182.67504882813
3288.22249881978	1183.54504394531
3290.19642686957	1184.43005371094
3292.16979879485	1186.02502441406
3294.14261481136	1186.15502929688
3296.11487513478	1186.681640625
3298.08657998065	1187.20837402344
3300.0577295644	1187.73498535156
3302.02832410136	1183.93994140625
3303.99836380673	1182.03002929688
3305.96784889563	1180.29504394531
3307.93677958303	1177.1650390625
3309.90515608383	1173.49499511719
3311.87297861278	1172.08996582031
3313.84024738456	1175.56994628906
3315.80696261371	1177.125
3317.77312451466	1179.61254882813
3319.73873330175	1182.09997558594
3321.70378918919	1175.44494628906
3323.66829239109	1165.20495605469
3325.63224312145	1164.01501464844
3327.59564159416	1172
3329.55848802299	1176.05004882813
3331.52078262162	1172.4150390625
3333.4825256036	1163.94995117188
3335.44371718237	1166.65502929688
3337.40435757128	1168.17004394531
3339.36444698356	1166.22998046875
3341.32398563232	1166.99499511719
3343.28297373058	1162.07495117188
3345.24141149124	1161.2900390625
3347.19929912709	1161.11499023438
3349.15663685081	1160.94006347656
3351.11342487497	1160.76501464844
3353.06966341204	1157.51000976563
3355.02535267437	1156.17004394531
3356.98049287421	1155.05004882813
3358.9350842237	1155.56494140625
3360.88912693486	1154.93994140625
3362.84262121962	1162.23498535156
3364.79556728978	1169.61499023438
3366.74796535705	1167.17004394531
3368.69981563302	1165.36499023438
3370.65111832917	1164.85498046875
3372.60187365689	1158.2099609375
3374.55208182744	1153.94494628906
3376.50174305198	1154.48999023438
3378.45085754157	1150.49499511719
3380.39942550714	1150.99499511719
3382.34744715954	1157.82995605469
3384.29492270949	1157.44494628906
3386.24185236761	1154.51501464844
3388.18823634442	1148.92004394531
3390.13407485031	1149.20495605469
3392.07936809559	1151.35498046875
3394.02411629045	1153.50500488281
3395.96831964496	1146.7099609375
3397.91197836911	1138.63000488281
3399.85509267275	1134.5849609375
3401.79766276564	1130.70495605469
3403.73968885745	1136.74499511719
3405.68117115771	1142.43005371094
3407.62210987586	1141.89001464844
3409.56250522123	1139.21997070313
3411.50235740305	1140.21997070313
3413.44166663043	1138.70495605469
3415.38043311238	1136.41003417969
3417.3186570578	1135.75
3419.2563386755	1133.97497558594
3421.19347817415	1130.91003417969
3423.13007576235	1136.16003417969
3425.06613164857	1137.21997070313
3427.00164604118	1133.34497070313
3428.93661914844	1128.31494140625
3430.87105117852	1127.30505371094
3432.80494233945	1126.84509277344
3434.73829283919	1126.38500976563
3436.67110288558	1125.92504882813
3438.60337268634	1127.59997558594
3440.53510244911	1128.375
3442.4662923814	1124.86999511719
3444.39694269064	1117.63500976563
3446.32705358412	1111.53002929688
3448.25662526905	1111.51000976563
3450.18565795254	1116.18994140625
3452.11415184156	1117.91003417969
3454.04210714302	1117.03503417969
3455.96952406369	1116.16003417969
3457.89640281024	1115.07495117188
3459.82274358924	1113.90002441406
3461.74854660717	1110.09497070313
3463.67381207038	1105.22497558594
3465.59854018513	1104.39501953125
3467.52273115756	1101.2099609375
3469.44638519373	1096.94494628906
3471.36950249956	1092.35998535156
3473.29208328091	1085.02502441406
3475.21412774349	1079.92004394531
3477.13563609293	1080.46997070313
3479.05660853476	1076.72998046875
3480.97704527438	1074.07995605469
3482.89694651712	1075.03002929688
3484.81631246818	1073.89001464844
3486.73514333266	1071.43505859375
3488.65343931557	1066.78002929688
3490.57120062179	1067.31005859375
3492.48842745612	1062.01501464844
3494.40512002324	1055.63000488281
3496.32127852773	1052.76501464844
3498.23690317408	1049.52502441406
3500.15199416666	1043.75
3502.06655170974	1040.78503417969
3503.98057600749	1040.43994140625
3505.89406726396	1037.52001953125
3507.80702568312	1033.14501953125
3509.71945146883	1026
3511.63134482483	1021.29498291016
3513.54270595478	1016.65002441406
3515.45353506222	1014.16497802734
3517.3638323506	1014.26501464844
3519.27359802324	1013.28997802734
3521.1828322834	1009.85998535156
3523.09153533419	1008.86499023438
3524.99970737866	1006.16998291016
3526.90734861972	1000.68499755859
3528.81445926021	996.830017089844
3530.72103950283	994.284973144531
3532.62708955022	991.955017089844
3534.53260960488	987.169982910156
3536.43759986923	982.380004882813
3538.34206054558	976.880004882813
3540.24599183613	971.710021972656
3542.149393943	971.580017089844
3544.05226706817	969.075012207031
3545.95461141357	966.054992675781
3547.85642718097	963.784973144531
3549.75771457208	958.844970703125
3551.6584737885	957.159973144531
3553.55870503171	956.455017089844
3555.4584085031	953
3557.35758440396	949.10498046875
3559.25623293548	945.085021972656
3561.15435429874	941.299987792969
3563.05194869473	937.734985351563
3564.94901632432	937.75
3566.84555738829	936.179992675781
3568.74157208732	933.39501953125
3570.63706062199	929.784973144531
3572.53202319277	930.005004882813
3574.42646000003	930.349975585938
3576.32037124406	928.900024414063
3578.213757125	926.974975585938
3580.10661784295	924.14501953125
3581.99895359786	921.059997558594
3583.8907645896	917.640014648438
3585.78205101794	914.469970703125
3587.67281308254	914.835021972656
3589.56305098297	915.140014648438
3591.4527649187	914.015014648438
3593.34195508907	911.940002441406
3595.23062169338	908.820007324219
3597.11876493075	906.900024414063
3599.00638500027	905.525024414063
3600.89348210089	902.460021972656
3602.78005643148	901.174987792969
3604.66610819078	899.869995117188
3606.55163757747	897.52001953125
3608.4366447901	895.034973144531
3610.32113002713	892.554992675781
3612.20509348693	890.789978027344
3614.08853536774	889.200012207031
3615.97145586773	887.530029296875
3617.85385518497	886.419982910156
3619.7357335174	886.840026855469
3621.61709106289	885
3623.4979280192	882.799987792969
3625.37824458399	878.530029296875
3627.25804095482	876.565002441406
3629.13731732915	876.765014648438
3631.01607390435	877.239990234375
3632.89431087767	874.690002441406
3634.77202844629	872.244995117188
3636.64922680726	869.049987792969
3638.52590615754	867.315002441406
3640.40206669402	868.14501953125
3642.27770861344	868.215026855469
3644.15283211248	866.424987792969
3646.02743738771	865.294982910156
3647.90152463559	863.010009765625
3649.77509405251	862.044982910156
3651.64814583473	860.400024414063
3653.52068017842	857.905029296875
3655.39269727965	855.484985351563
3657.26419733442	853.330017089844
3659.13518053858	853.359985351563
3661.00564708793	851.330017089844
3662.87559717814	850.969970703125
3664.7450310048	849.575012207031
3666.61394876338	846.934997558594
3668.48235064928	846.549987792969
3670.35023685779	846.467529296875
3672.21760758409	846.385009765625
3674.08446302327	845.89501953125
3675.95080337033	844.380004882813
3677.81662882017	842.059997558594
3679.68193956758	840.844970703125
3681.54673580727	839.594970703125
3683.41101773383	838.010009765625
3685.27478554178	836.659973144531
3687.13803942551	837.234985351563
3689.00077957934	835.530029296875
3690.86300619748	833.494995117188
3692.72471947405	832.674987792969
3694.58591960306	832.734985351563
3696.44660677844	831.849975585938
3698.306781194	830.75
3700.16644304348	830.64501953125
3702.02559252049	831.234985351563
3703.88422981859	831.835021972656
3705.74235513119	829.640014648438
3707.59996865164	826.815002441406
3709.45707057318	825.234985351563
3711.31366108895	825.210021972656
3713.16974039199	824.900024414063
3715.02530867527	823.924987792969
3716.88036613164	824.224975585938
3718.73491295385	823.39501953125
3720.58894933456	822.625
3722.44247546634	821.950012207031
3724.29549154166	821.210021972656
3726.14799775289	819.619995117188
3727.9999942923	820.409973144531
3729.85148135209	819.169982910156
3731.70245912432	816.890014648438
3733.55292780098	818.794982910156
3735.40288757397	818.934997558594
3737.25233863509	817.940002441406
3739.10128117603	818.619995117188
3740.9497153884	818.155029296875
3742.7976414637	817.260009765625
3744.64505959335	815.804992675781
3746.49196996866	816.35498046875
3748.33837278086	816.275024414063
3750.18426822108	816.77001953125
3752.02965648033	816.405029296875
3753.87453774956	814.690002441406
3755.7189122196	814.695007324219
3757.5627800812	814.869995117188
3759.40614152501	815.594970703125
3761.24899674159	816.794982910156
3763.09134592138	816.482482910156
3764.93318925476	816.169982910156
3766.77452693199	815.659973144531
3768.61535914325	816.030029296875
3770.45568607861	816.635009765625
3772.29550792807	816.880004882813
3774.1348248815	814.934997558594
3775.9736371287	814.210021972656
3777.81194485938	813.554992675781
