32.6816976106991	717.849975585938
35.6535599501435	717.849975585938
38.6244374909659	717.734985351563
41.5943306947054	717.664978027344
44.5632400226282	717.609985351563
47.5311659356917	717.719970703125
50.4981088945929	717.534973144531
53.4640693597127	717.440002441406
56.4290477911676	717.429992675781
59.3930446487746	717.484985351563
62.356060392067	717.330017089844
65.3180954802906	717.427490234375
68.2791503724084	717.525024414063
71.2392255270922	717.390014648438
74.1983214027271	717.455017089844
77.1564384574159	717.320007324219
80.113577148983	717.3974609375
83.0697379349549	717.474975585938
86.0249212725722	717.39501953125
88.9791276188058	717.440002441406
91.9323574303255	717.469970703125
94.8846111635238	717.664978027344
97.8358892745121	717.554992675781
100.786192219114	717.710021972656
103.73552045287	717.835021972656
106.683874431037	717.650024414063
109.631254608583	717.905029296875
112.577661440203	717.619995117188
115.523095380307	717.799987792969
118.467556883015	718.164978027344
121.411046402175	718.544982910156
124.353564391344	719.260009765625
127.295111303796	720.484985351563
130.235687592532	722.765014648438
133.175293710265	726.489990234375
136.113930109434	733.405029296875
139.051597242185	744.219970703125
141.98829556039	760.054992675781
144.92402551564	781.674987792969
147.858787559244	805.284973144531
150.792582142239	830.875
153.725409715372	853.494995117188
156.65727072911	876.174987792969
159.588165633643	890.864990234375
162.518094878884	902.335021972656
165.447058914469	911.440002441406
168.375058189747	914.140014648438
171.302093153792	917.005004882813
174.228164255401	915.799987792969
177.153271943091	914.594970703125
180.077416665101	914.974975585938
183.000598869394	914.885009765625
185.922819003656	913.099975585938
188.84407751529	915.469970703125
191.764374851424	918.22998046875
194.683711458919	920.505004882813
197.60208778434	920.39501953125
200.519504273992	924.164978027344
203.435961373894	931.215026855469
206.351459529801	938.179992675781
209.265999187174	942.85498046875
212.179580791207	954.205017089844
215.092204786825	967.75
218.003871618673	980.760009765625
220.914581731116	993.75
223.824335568247	1001.39001464844
226.733133573893	1009.40002441406
229.640976191593	1018.95501708984
232.547863864614	1028
235.453797035961	1035.14001464844
238.358776148354	1037.99499511719
241.26280164424	1041.40502929688
244.1658739658	1041.95495605469
247.067993554929	1040.87255859375
249.969160853266	1039.7900390625
252.869376302162	1040.50500488281
255.768640342707	1037.02001953125
258.666953415705	1034.28503417969
261.564315961705	1033.80505371094
264.46072842097	1031.22497558594
267.356191233499	1026.7099609375
270.25070483901	1021.16497802734
273.144269676967	1022.60498046875
276.036886186551	1024.68005371094
278.928554806671	1024.70495605469
281.819275975966	1018.59002685547
284.709050132812	1017.36999511719
287.597877715306	1017.41247558594
290.485759161281	1017.45501708984
293.372694908298	1017.03002929688
296.258685393644	1015.35998535156
299.143731054352	1011.57501220703
302.027832327156	1010.83001708984
304.910989648557	1011.125
307.79320345476	1010.806640625
310.674474181717	1010.48834228516
313.554802265101	1010.16998291016
316.434188140326	1009.83001708984
319.312632242533	1010.21752929688
322.190135006593	1010.60498046875
325.066696867117	1009.61499023438
327.942318258443	1008.77001953125
330.816999614641	1007.51501464844
333.690741369517	1004.49499511719
336.56354395661	1004.34997558594
339.435407809193	1005.59497070313
342.306333360273	1003.57000732422
345.176321042591	1001.59497070313
348.045371288612	997.244995117188
350.913484530551	998.200012207031
353.78066120035	995.510009765625
356.64690172969	995.109985351563
359.512206549972	995.450012207031
362.376576092357	993.400024414063
365.240010787716	991.299987792969
368.102511066677	992.664978027344
370.964077359587	991.445007324219
373.82471009654	993.969970703125
376.684409707364	993.505004882813
379.543176621612	990.875
382.401011268595	989.034973144531
385.257914077343	988.755004882813
388.113885476627	992.385009765625
390.968925894961	994.489990234375
393.823035760591	993.22998046875
396.676215501503	994.169982910156
399.528465545415	999.880004882813
402.379786319791	1005.875
405.230178251834	1008.85498046875
408.079641768472	1013.91998291016
410.928177296387	1017.45001220703
413.775785261992	1018.38500976563
416.622466091445	1019.96002197266
419.468220210631	1022.35498046875
422.313048045182	1023.98498535156
425.156950020479	1024.72497558594
427.999926561623	1024.2900390625
430.841978093471	1025.19995117188
433.683105040613	1023.85498046875
436.523307827384	1022.02502441406
439.362586877851	1020.96997070313
442.200942615829	1017.06500244141
445.038375464876	1017.08502197266
447.874885848283	1017.70001220703
450.710474189089	1017.71502685547
453.54514091007	1016.28002929688
456.37888643375	1013.38000488281
459.211711182386	1012.85998535156
462.043615577986	1011.20501708984
464.874600042297	1011.83001708984
467.704664996804	1009.04998779297
470.533810862741	1007.48999023438
473.36203806108	1004.55499267578
476.189347012547	1003.23498535156
479.015738137594	1001.66998291016
481.841211856432	1001.16497802734
484.665768589008	1000.19500732422
487.489408755009	1004.49499511719
490.312132773878	1011.47497558594
493.133941064796	1015.375
495.954834046683	1013.39001464844
498.77481213821	1013.68499755859
501.593875757797	1014.47998046875
504.412025323601	1014.03002929688
507.229261253524	1011.45501708984
510.045583965226	1007.92999267578
512.860993876093	1006.03497314453
515.675491403271	1007.02502441406
518.489076963649	1004.95001220703
521.301750973863	1003.25500488281
524.113513850293	999.034973144531
526.924366009065	993.289978027344
529.734307866052	990.344970703125
532.543339836881	989.27001953125
535.35146233692	988.335021972656
538.158675781281	983.830017089844
540.964980584833	980.585021972656
543.770377162182	976.47998046875
546.574865927692	973.349975585938
549.378447295465	973.625
552.181121679365	970.914978027344
554.982889492993	965.565002441406
557.783751149701	963.695007324219
560.583707062591	964.059997558594
563.38275764452	962.619995117188
566.180903308083	960.85498046875
568.978144465633	958.294982910156
571.774481529266	959.890014648438
574.569914910839	957.390014648438
577.364445021949	955.5
580.158072273946	953.375
582.950797077926	953.734985351563
585.742619844752	949.775024414063
588.533540985018	947.150024414063
591.323560909078	946.719970703125
594.112680027034	946.875
596.90089874875	947.565002441406
599.688217483828	947.260009765625
602.474636641629	943.465026855469
605.260156631263	942.049987792969
608.044777861596	942.155029296875
610.828500741241	943.835021972656
613.611325678567	943.294982910156
616.393253081697	945.614990234375
619.174283358506	944.815002441406
621.954416916616	947.349975585938
624.733654163414	949.320007324219
627.511995506029	946.674987792969
630.289441351351	943.924987792969
633.065992106022	942.080017089844
635.841648176434	938.890014648438
638.616409968744	937.484985351563
641.390277888847	938.510009765625
644.163252342408	942.349975585938
646.93533373484	945.010009765625
649.706522471307	948.60498046875
652.47681895674	947.515014648438
655.246223595811	946.799987792969
658.014736792957	946.190002441406
660.782358952371	947.455017089844
663.549090477999	944.715026855469
666.314931773542	944.585021972656
669.079883242452	945.135009765625
671.843945287955	943.719970703125
674.607118313019	944.344970703125
677.369402720366	946.705017089844
680.130798912488	949.575012207031
682.891307291627	946.525024414063
685.650928259784	943.275024414063
688.409662218708	942.640014648438
691.167509569927	942.280029296875
693.924470714705	941.674987792969
696.680546054078	942.484985351563
699.435735988832	943.294982910156
702.190040919516	941.434997558594
704.943461246442	943.775024414063
707.695997369667	946.02001953125
710.447649689022	945.679992675781
713.198418604088	945.080017089844
715.948304514206	944.10498046875
718.697307818481	944.640014648438
721.445428915779	945.565002441406
724.192668204716	945.728332519531
726.93902608368	945.891662597656
729.684502950805	946.054992675781
732.429099204005	946.614990234375
735.172815240936	949.429992675781
737.915651459026	951.5
740.657608255463	950.455017089844
743.398686027186	950.544982910156
746.13888517091	951.97998046875
748.878206083102	954.155029296875
751.616649159998	956.755004882813
754.354214797584	956.510009765625
757.09090339162	957.974975585938
759.826715337622	960.474975585938
762.561651030868	960.72998046875
765.295710866406	960.260009765625
768.028895239041	957.635009765625
770.761204543336	953.534973144531
773.492639173626	950.059997558594
776.223199524006	946.049987792969
778.952885988334	944.049987792969
781.681698960235	942.530029296875
784.40963883309	939.89501953125
787.136706000052	939.494995117188
789.862900854037	939.875
792.588223787721	940.330017089844
795.312675193549	942
798.036255463728	941.835021972656
800.758964990228	941.72998046875
803.480804164792	941.625
806.201773378919	943.684997558594
808.921873023884	946.344970703125
811.641103490712	950.369995117188
814.359465170214	955.875
817.076958452946	960.335021972656
819.793583729246	963.85498046875
822.509341389214	968.880004882813
825.224231822712	976.715026855469
827.938255419375	982.789978027344
830.651412568596	988.820007324219
833.363703659544	991.190002441406
836.075129081157	995.215026855469
838.785689222127	999.789978027344
841.495384470928	1002.46502685547
844.204215215788	1002.84497070313
846.912181844721	1007.29998779297
849.619284745491	1011.04998779297
852.325524305638	1013.20001220703
855.030900912475	1020.01000976563
857.735414953079	1020.55999755859
860.439066814289	1019.60498046875
863.141856882725	1020.10998535156
865.843785544769	1014.07501220703
868.544853186571	1006.92498779297
871.245060194063	1002.49499511719
873.944406952925	999.989990234375
876.642893848625	1000.25
879.340521266398	1001.38000488281
882.037289591241	1003.02502441406
884.733199207927	1007.31500244141
887.428250501001	1009.27502441406
890.122443854778	1009.08001708984
892.815779653335	1006.04498291016
895.508258280534	1009.13000488281
898.199880119997	1014.75
900.890645555129	1018.02502441406
903.580554969094	1020.39001464844
906.269608744832	1019.03497314453
908.957807265056	1016.97497558594
911.645150912257	1016.92749023438
914.331640068689	1016.88000488281
917.017275116375	1015.92999267578
919.702056437128	1014.91497802734
922.385984412518	1014.51000976563
925.069059423886	1015.35998535156
927.751281852366	1019.97497558594
930.432652078842	1025.68505859375
933.113170483983	1029.28002929688
935.79283744823	1035.59497070313
938.471653351806	1040.74499511719
941.149618574686	1042.47497558594
943.826733496641	1042.94995117188
946.502998497206	1050.21997070313
949.178413955689	1046.5
951.85298025118	1046.9599609375
954.526697762544	1045.92004394531
957.199566868403	1045.55249023438
959.87158794718	1045.18505859375
962.542761377054	1045.81994628906
965.213087535987	1041.66003417969
967.882566801719	1037.55505371094
970.551199551761	1034.93505859375
973.218986163399	1036.22497558594
975.885927013698	1030.99499511719
978.552022479501	1026.39501953125
981.217272937423	1023.28002929688
983.88167876386	1023.44000244141
986.545240334978	1026.78002929688
989.207958026729	1032.18505859375
991.869832214835	1039.9150390625
994.530863274798	1051.28002929688
997.191051581895	1064.43994140625
999.850397511185	1089.41003417969
1002.50890143751	1125.72998046875
1005.16656373546	1156.72998046875
1007.82338477944	1179.32495117188
1010.47936494363	1184.84997558594
1013.13450460195	1171.875
1015.78880412815	1144.93005371094
1018.44226389572	1107.10498046875
1021.09488427794	1074.7099609375
1023.74666564789	1058.15502929688
1026.3976083784	1048.85998535156
1029.04771284208	1045.7099609375
1031.69697941135	1046.23498535156
1034.34540845838	1050.26000976563
1036.99300035512	1054.60498046875
1039.63975547333	1055.02502441406
1042.28567418452	1054.22497558594
1044.93075685998	1049.70495605469
1047.57500387081	1048.43005371094
1050.21841558786	1047.07995605469
1052.86099238177	1049
1055.50273462297	1049.88500976563
1058.14364268167	1052.65002441406
1060.78371692784	1058.35498046875
1063.42295773126	1062.53002929688
1066.06136546148	1071
1068.69894048781	1078.0849609375
1071.33568317939	1078.96997070313
1073.9715939051	1080.75500488281
1076.60667303362	1078.52001953125
1079.24092093341	1073.68505859375
1081.87433797271	1069.69995117188
1084.50692451954	1063.33996582031
1087.13868094172	1061.53503417969
1089.76960760684	1058.32495117188
1092.39970488226	1059.5400390625
1095.02897313516	1055
1097.65741273246	1052.30004882813
1100.28502404089	1049.5
1102.91180742697	1048.58996582031
1105.53776325698	1046.97497558594
1108.16289189701	1046.43505859375
1110.78719371291	1043.99499511719
1113.41066907033	1045.31994628906
1116.0333183347	1046.78002929688
1118.65514187124	1048.51000976563
1121.27614004495	1049.22497558594
1123.89631322061	1048.46496582031
1126.51566176279	1047.67504882813
1129.13418603585	1049.80004882813
1131.75188640394	1051.92504882813
1134.36876323098	1048.81994628906
1136.98481688069	1043.38500976563
1139.60004771655	1033.96997070313
1142.21445610187	1019.54498291016
1144.82804239972	1008.73999023438
1147.44080697295	1001.05499267578
1150.05275018421	997.234985351563
1152.66387239593	998.719970703125
1155.27417397034	999.905029296875
1157.88365526943	1004.65502929688
1160.49231665502	1008.28002929688
1163.10015848867	1012.27502441406
1165.70718113176	1011.2275390625
1168.31338494544	1010.17999267578
1170.91877029067	1008.76501464844
1173.52333752817	1010.61499023438
1176.12708701847	1011.56500244141
1178.73001912187	1010.38500976563
1181.33213419848	1009.26000976563
1183.93343260819	1007.24499511719
1186.53391471068	1005.03497314453
1189.13358086539	1003.20501708984
1191.73243143161	998.494995117188
1194.33046676836	995.409973144531
1196.92768723449	994.844970703125
1199.52409318861	1000.49499511719
1202.11968498915	1007.5
1204.7144629943	1013.22497558594
1207.30842756206	1020.88500976563
1209.90157905021	1028.07495117188
1212.49391781634	1034.82995605469
1215.08544421779	1034.23999023438
1217.67615861174	1033.79504394531
1220.26606135512	1032.0849609375
1222.85515280468	1027.60498046875
1225.44343331694	1025.71997070313
1228.03090324823	1027.18994140625
1230.61756295466	1033.34497070313
1233.20341279213	1035.76000976563
1235.78845311634	1043.24499511719
1238.37268428278	1056.43005371094
1240.95610664673	1065
1243.53872056325	1070.61499023438
1246.12052638722	1073.3349609375
1248.70152447329	1074.46997070313
1251.28171517591	1072.33996582031
1253.86109884934	1073.44995117188
1256.43967584759	1073.31494140625
1259.0174465245	1075.14001464844
1261.5944112337	1077.875
1264.1705703286	1077.57495117188
1266.74592416241	1080.90502929688
1269.32047308814	1082.89001464844
1271.89421745858	1085.91003417969
1274.46715762633	1089.09997558594
1277.03929394377	1090.625
1279.61062676308	1089.27502441406
1282.18115643624	1087.65002441406
1284.75088331502	1086.24499511719
1287.31980775098	1083.83996582031
1289.88793009548	1086.74499511719
1292.45525069969	1084.95495605469
1295.02176991454	1076.92504882813
1297.58748809078	1071.17004394531
1300.15240557897	1070.8349609375
1302.71652272942	1074.09497070313
1305.27983989229	1078.41003417969
1307.84235741749	1087.61999511719
1310.40407565475	1092.03503417969
1312.9649949536	1096.02001953125
1315.52511566335	1101.83996582031
1318.08443813311	1103.125
1320.64296271181	1107.28503417969
1323.20068974815	1111.97998046875
1325.75761959063	1112.29504394531
1328.31375258756	1111.32995605469
1330.86908908704	1114.39501953125
1333.42362943696	1113.08996582031
1335.97737398503	1113.18994140625
1338.53032307874	1112.8349609375
1341.08247706537	1113.82495117188
1343.63383629202	1115.59497070313
1346.18440110558	1115.18005371094
1348.73417185274	1108.34997558594
1351.28314887997	1106.23498535156
1353.83133253357	1091.39001464844
1356.37872315961	1078.58996582031
1358.92532110398	1069.75
1361.47112671237	1057.77001953125
1364.01614033024	1044.26501464844
1366.56036230288	1039.73498535156
1369.10379297537	1035.21496582031
1371.64643269258	1027.94494628906
1374.18828179921	1022.41998291016
1376.72934063972	1014.94000244141
1379.2696095584	1008.15997314453
1381.80908889932	1007.48498535156
1384.34777900637	1007.11999511719
1386.88568022323	1006.65002441406
1389.42279289337	1006.77502441406
1391.95911736009	1005.42999267578
1394.49465396645	1007.13500976563
1397.02940305537	1009.95001220703
1399.5633649695	1014.36499023438
1402.09654005135	1015.40502929688
1404.6289286432	1020.04998779297
1407.16053108714	1021.46502685547
1409.69134772507	1020.94500732422
1412.22137889868	1024.5400390625
1414.75062494947	1026.32995605469
1417.27908621874	1026.71496582031
1419.80676304759	1026.44494628906
1422.33365577692	1026.38500976563
1424.85976474744	1030.93005371094
1427.38509029967	1032.68505859375
1429.90963277392	1035.17504882813
1432.4333925103	1037.97998046875
1434.95636984873	1043.81005859375
1437.47856512894	1055.625
1439.99997869045	1070
1442.5206108726	1084.88000488281
1445.04046201452	1103.72998046875
1447.55953245515	1124.70495605469
1450.07782253323	1144.24499511719
1452.59533258731	1146.53833007813
1455.11206295574	1148.83166503906
1457.62801397668	1151.125
1460.14318598809	1152.01501464844
1462.65757932774	1143.47998046875
1465.1711943332	1128.29504394531
1467.68403134184	1112.93505859375
1470.19609069085	1095.61999511719
1472.70737271721	1078.64501953125
1475.21787775772	1058.61499023438
1477.72760614897	1036.30505371094
1480.23655822738	1011.22497558594
1482.74473432914	990.609985351563
1485.25213479029	971.330017089844
1487.75875994664	955.460021972656
1490.26461013382	944.72998046875
1492.76968568726	937.484985351563
1495.27398694222	929.789978027344
1497.77751423374	925.465026855469
1500.28026789667	922.640014648438
1502.78224826569	919.864990234375
1505.28345567526	917.85498046875
1507.78389045967	916.460021972656
1510.28355295299	914.984985351563
1512.78244348913	913.830017089844
1515.28056240178	913.340026855469
1517.77791002445	913.994995117188
1520.27448669047	913.85498046875
1522.77029273296	914.044982910156
1525.26532848486	914.234985351563
1527.75959427889	914.177490234375
1530.25309044764	914.119995117188
1532.74581732344	914.460021972656
1535.23777523847	915.390014648438
1537.72896452471	916.044982910156
1540.21938551394	915.950012207031
1542.70903853778	918.10498046875
1545.19792392761	920.849975585938
1547.68604201466	926.455017089844
1550.17339312997	932.210021972656
1552.65997760434	934.150024414063
1555.14579576845	934.710021972656
1557.63084795275	940.664978027344
1560.11513448749	941.950012207031
1562.59865570276	940.244995117188
1565.08141192845	940.179992675781
1567.56340349426	938.724975585938
1570.04463072969	935.724975585938
1572.52509396406	935.664978027344
1575.00479352652	936.025024414063
1577.48372974599	937.364990234375
1579.96190295124	939.119995117188
1582.43931347083	941.580017089844
1584.91596163314	946.450012207031
1587.39184776636	950.414978027344
1589.86697219849	952.35498046875
1592.34133525734	955.690002441406
1594.81493727054	956.344970703125
1597.28777856553	959.135009765625
1599.75985946955	964.039978027344
1602.23118030968	968.075012207031
1604.70174141278	978.330017089844
1607.17154310555	989.224975585938
1609.64058571449	995.835021972656
1612.10886956591	1001.46997070313
1614.57639498595	1003.64501953125
1617.04316230054	1004.01251220703
1619.50917183543	1004.38000488281
1621.97442391621	1000.25500488281
1624.43891886825	995.630004882813
1626.90265701674	989.445007324219
1629.36563868671	985.950012207031
1631.82786420296	987.030029296875
1634.28933389016	987.065002441406
1636.75004807274	993.344970703125
1639.21000707498	1001.81500244141
1641.66921122097	1007.88500976563
1644.12766083459	1018.23999023438
1646.58535623956	1028.53002929688
1649.04229775941	1042.34497070313
1651.4984857175	1054.64501953125
1653.95392043697	1067.03002929688
1656.40860224079	1080.89001464844
1658.86253145177	1093.98498535156
1661.3157083925	1104.00500488281
1663.76813338542	1106.50500488281
1666.21980675275	1106.41003417969
1668.67072881656	1101.16003417969
1671.1208998987	1095.61999511719
1673.57032032089	1089.32995605469
1676.0189904046	1078.33996582031
1678.46691047118	1064.56005859375
1680.91408084174	1052.14501953125
1683.36050183726	1039.66003417969
1685.8061737785	1024.6650390625
1688.25109698605	1005.58001708984
1690.69527178032	990.47998046875
1693.13869848153	978.614990234375
1695.58137740972	966.789978027344
1698.02330888476	951.72998046875
1700.46449322631	935.859985351563
1702.90493075388	924.325012207031
1705.34462178678	915.090026855469
1707.78356664414	907.27001953125
1710.22176564492	899.544982910156
1712.65921910787	892.25
1715.0959273516	888.609985351563
1717.53189069449	883.424987792969
1719.9671094548	879.265014648438
1722.40158395054	877.989990234375
1724.8353144996	876.515014648438
1727.26830141965	875.234985351563
1729.70054502819	875.349975585938
1732.13204564255	874.169982910156
1734.56280357987	873.429992675781
1736.99281915711	871.934997558594
1739.42209269106	873.054992675781
1741.85062449831	872.590026855469
1744.27841489529	871.650024414063
1746.70546419823	869.820007324219
1749.13177272321	869.164978027344
1751.5573407861	867.630004882813
1753.98216870262	868.135009765625
1756.40625678828	868.755004882813
1758.82960535844	868.549987792969
1761.25221472825	867.304992675781
1763.67408521271	867.440002441406
1766.09521712663	867.22998046875
1768.51561078464	866.585021972656
1770.93526650119	866.265014648438
1773.35418459056	865.559997558594
1775.77236536684	864.719970703125
1778.18980914396	864.695007324219
1780.60651623565	864.724975585938
1783.02248695548	864.755004882813
1785.43772161684	864.857543945313
1787.85222053292	864.960021972656
1790.26598401677	864.070007324219
1792.67901238123	863.914978027344
1795.09130593899	863.525024414063
1797.50286500254	862.989990234375
1799.9136898842	863.174987792969
1802.32378089613	860.849975585938
1804.73313835028	860.559997558594
1807.14176255846	860.835021972656
1809.54965383228	860.746704101563
1811.95681248317	860.658325195313
1814.36323882242	860.570007324219
1816.76893316109	860.335021972656
1819.17389581011	859.684997558594
1821.57812708021	859.700012207031
1823.98162728196	859.710021972656
1826.38439672573	859.342529296875
1828.78643572174	858.974975585938
1831.18774458003	859.244995117188
1833.58832361045	859.650024414063
1835.98817312269	859.025024414063
1838.38729342625	857.059997558594
1840.78568483048	856.159973144531
1843.18334764454	856.77001953125
1845.58028217741	857.315002441406
1847.9764887379	857.794982910156
1850.37196763465	859.025024414063
1852.76671917613	859.344970703125
1855.16074367062	858.349975585938
1857.55404142624	858.864990234375
1859.94661275094	856.575012207031
1862.33845795247	856.875
1864.72957733844	856.094970703125
1867.11997121627	855.419982910156
1869.5096398932	854.969970703125
1871.89858367631	856.299987792969
1874.28680287251	856.080017089844
1876.67429778851	856.090026855469
1879.06106873089	856.549987792969
1881.44711600601	856.784973144531
1883.8324399201	856.625
1886.21704077919	855.775024414063
1888.60091888915	855.049987792969
1890.98407455567	855.094970703125
1893.36650808428	855.449951171875
1895.74821978033	855.804992675781
1898.12920994899	856.049987792969
1900.50947889527	855.724975585938
1902.88902692401	855.169982910156
1905.26785433986	854.844970703125
1907.64596144734	855.289978027344
1910.02334855075	855.385009765625
1912.40001595424	855.969970703125
1914.7759639618	855.155029296875
1917.15119287724	854.390014648438
1919.52570300419	855.219970703125
1921.89949464611	855.695007324219
1924.27256810632	856.400024414063
1926.64492368793	856.289978027344
1929.0165616939	856.635009765625
1931.38748242701	856.599975585938
1933.75768618989	857.390014648438
1936.12717328497	857.705017089844
1938.49594401455	857.405029296875
1940.86399868071	856.635009765625
1943.23133758541	854.775024414063
1945.5979610304	855.794982910156
1947.96386931729	855.960021972656
1950.32906274751	855.97998046875
1952.69354162232	856.375
1955.0573062428	855.359985351563
1957.42035690989	854.934997558594
1959.78269392434	855.965026855469
1962.14431758673	855.751708984375
1964.50522819748	855.538330078125
1966.86542605684	855.325012207031
1969.22491146488	855.244995117188
1971.58368472153	853.385009765625
1973.94174612654	855
1976.29909597945	854.320007324219
1978.65573457971	854.400024414063
1981.01166222654	853.659973144531
1983.36687921902	854.590026855469
1985.72138585606	855.784973144531
1988.07518243639	855.427490234375
1990.42826925859	855.070007324219
1992.78064662106	854.885009765625
1995.13231482205	854.920043945313
1997.48327415961	854.955017089844
1999.83352493167	854.385009765625
2002.18306743594	855.429992675781
2004.53190197002	855.965026855469
2006.8800288313	855.234985351563
2009.22744831703	853.75
2011.57416072427	854.474975585938
2013.92016634993	854.179992675781
2016.26546549076	854.22998046875
2018.61005844332	853.484985351563
2020.95394550404	853.409973144531
2023.29712696915	854.032470703125
2025.63960313474	854.655029296875
2027.98137429672	853.010009765625
2030.32244075083	851.530029296875
2032.66280279266	852.815002441406
2035.00246071763	854.674987792969
2037.34141482099	854.190002441406
2039.67966539784	855.299987792969
2042.01721274309	854.934997558594
2044.35405715151	854.940002441406
2046.69019891769	854.974975585938
2049.02563833606	853.710021972656
2051.3603757009	853.380004882813
2053.6944113063	855.234985351563
2056.0277454462	854.984985351563
2058.36037841439	855.049987792969
2060.69231050446	854.409973144531
2063.02354200988	853.650024414063
2065.35407322392	853.590026855469
2067.68390443971	855.125
2070.01303595021	854.734985351563
2072.3414680482	854.580017089844
2074.66920102633	854.424987792969
2076.99623517706	854.27001953125
2079.32257079271	854.534973144531
2081.6482081654	852.765014648438
2083.97314758713	855.02001953125
2086.29738934971	857.075012207031
2088.62093374481	857.304992675781
2090.94378106391	857.559997558594
2093.26593159835	856.450012207031
2095.5873856393	855.275024414063
2097.90814347777	854.424987792969
2100.2282054046	854.830017089844
2102.54757171048	857.135009765625
2104.86624268594	856.445007324219
2107.18421862133	857.080017089844
2109.50149980686	857.025024414063
2111.81808653257	857.117553710938
2114.13397908834	857.210021972656
2116.44917776388	857.515014648438
2118.76368284875	858.164978027344
2121.07749463235	858.700012207031
2123.39061340391	858.510009765625
2125.70303945252	858.320007324219
2128.01477306707	858.304992675781
2130.32581453634	858.597534179688
2132.63616414891	858.890014648438
2134.94582219322	858
2137.25478895754	857.722534179688
2139.56306472999	857.445007324219
2141.87064979851	857.590026855469
2144.17754445092	856.840026855469
2146.48374897484	858.549987792969
2148.78926365774	858.419982910156
2151.09408878695	858.765014648438
2153.39822464963	859.02001953125
2155.70167153277	859.419982910156
2158.00442972321	858.35498046875
2160.30649950763	856.820007324219
2162.60788117256	856.809997558594
2164.90857500436	857.275024414063
2167.20858128923	857.739990234375
2169.50790031323	857.405029296875
2171.80653236223	857.568359375
2174.10447772198	857.731689453125
2176.40173667804	857.89501953125
2178.69830951582	857.744995117188
2180.99419652058	857.575012207031
2183.28939797743	856.880004882813
2185.5839141713	857.755004882813
2187.87774538698	858.150024414063
2190.17089190908	858.5
2192.46335402209	857.804992675781
2194.75513201032	858.325012207031
2197.04622615791	858.219970703125
2199.33663674886	855.64501953125
2201.62636406702	855.429992675781
2203.91540839606	856.669982910156
2206.20377001952	856.632446289063
2208.49144922077	856.594970703125
2210.77844628302	856.700012207031
2213.06476148933	857.075012207031
2215.3503951226	856.945007324219
2217.63534746557	855.840026855469
2219.91961880085	855.669982910156
2222.20320941085	855.125
2224.48611957785	855.059997558594
2226.76834958399	855.474975585938
2229.04989971122	855.890014648438
2231.33077024136	855.47998046875
2233.61096145607	855.690002441406
2235.89047363683	854.690002441406
2238.169307065	855.184997558594
2240.44746202178	855.679992675781
2242.72493878819	855.655029296875
2245.00173764511	856.965026855469
2247.27785887327	856.710021972656
2249.55330275324	856.455017089844
2251.82806956545	856.135009765625
2254.10215959014	855.325012207031
2256.37557310744	854.5
2258.64831039729	855.224975585938
2260.92037173949	856.989990234375
2263.19175741368	857.840026855469
2265.46246769938	857.679992675781
2267.7325028759	855.835021972656
2270.00186322243	856.424987792969
2272.270549018	857.320007324219
2274.5385605415	857.315002441406
2276.80589807165	857.325012207031
2279.07256188702	856.755004882813
2281.33855226601	856.429992675781
2283.60386948691	856.10498046875
2285.86851382782	856.434997558594
2288.1324855667	856.405029296875
2290.39578498136	856.549987792969
2292.65841234945	856.659973144531
2294.92036794847	856.590026855469
2297.18165205578	856.75
2299.44226494856	857.635009765625
2301.70220690387	857.570007324219
2303.96147819859	857.447509765625
2306.22007910947	857.325012207031
2308.47800991309	857.025024414063
2310.73527088589	856.450012207031
2312.99186230416	856.820007324219
2315.24778444403	858.994995117188
2317.50303758149	858.760009765625
2319.75762199235	858.77001953125
2322.01153795231	858.779968261719
2324.26478573689	858.789978027344
2326.51736562147	858.549987792969
2328.76927788127	858.219970703125
2331.02052279137	858.445007324219
2333.2711006267	858.268310546875
2335.52101166203	858.091674804688
2337.77025617198	857.914978027344
2340.01883443103	858.015014648438
2342.2667467135	857.330017089844
2344.51399329356	857.247497558594
2346.76057444525	857.164978027344
2349.00649044241	856.364990234375
2351.2517415588	856.700012207031
2353.49632806796	855.869995117188
2355.74025024334	855.635009765625
2357.98350835819	856.119995117188
2360.22610268566	856.099975585938
2362.4680334987	856.080017089844
2364.70930107016	856.02001953125
2366.94990567269	855.809997558594
2369.18984757884	856.075012207031
2371.42912706098	855.909973144531
2373.66774439134	854.929992675781
2375.90569984199	855.994995117188
2378.14299368488	855.642456054688
2380.37962619179	855.289978027344
2382.61559763435	855.510009765625
2384.85090828405	855.724975585938
2387.08555841222	857.184997558594
2389.31954829006	857.234985351563
2391.55287818861	857.025024414063
2393.78554837877	855.984985351563
2396.01755913128	855.440002441406
2398.24891071673	855.544982910156
2400.47960340558	855.565002441406
2402.70963746814	855.585021972656
2404.93901317456	855.655029296875
2407.16773079485	858.255004882813
2409.39579059887	858.614990234375
2411.62319285633	857.934997558594
2413.84993783681	856.39501953125
2416.07602580971	854.809997558594
2418.30145704432	854.35498046875
2420.52623180977	855.190002441406
2422.75035037503	857.244995117188
2424.97381300893	858.809997558594
2427.19661998017	857.890014648438
2429.41877155729	856.969970703125
2431.64026800867	856.775024414063
2433.86110960257	856.580017089844
2436.08129660709	856.890014648438
2438.30082929019	857.299987792969
2440.51970791967	857.625
2442.73793276321	857.47998046875
2444.95550408832	857.419982910156
2447.17242216237	857.775024414063
2449.38868725259	857.054992675781
2451.60429962607	856.340026855469
2453.81925954975	856.950012207031
2456.03356729041	856.974975585938
2458.2472231147	857.109985351563
2460.46022728913	857.065002441406
2462.67258008005	857.289978027344
2464.88428175368	857.349975585938
2467.09533257608	857.409973144531
2469.30573281318	857.469970703125
2471.51548273076	857.179992675781
2473.72458259445	855.359985351563
2475.93303266974	856.565002441406
2478.14083322198	857.705017089844
2480.34798451637	858.734985351563
2482.55448681797	859.049987792969
2484.76034039169	859.364990234375
2486.96554550231	859.455017089844
2489.17010241445	858.460021972656
2491.37401139259	859.044982910156
2493.57727270109	857.755004882813
2495.77988660412	859.190002441406
2497.98185336574	860.969970703125
2500.18317324987	861.080017089844
2502.38384652028	859.97998046875
2504.58387344058	858.119995117188
2506.78325427425	857.690002441406
2508.98198928465	858.335021972656
2511.18007873495	857.544982910156
2513.37752288821	859.409973144531
2515.57432200735	859.505004882813
2517.77047635514	861.109985351563
2519.96598619419	861.659973144531
2522.16085178699	860.294982910156
2524.35507339589	861.35498046875
2526.54865128308	861.594970703125
2528.74158571062	860.724975585938
2530.93387694042	858.974975585938
2533.12552523427	858.294982910156
2535.31653085379	859.85498046875
2537.50689406046	861.280029296875
2539.69661511566	862.080017089844
2541.88569428057	861.340026855469
2544.07413181627	862.340026855469
2546.26192798368	860.955017089844
2548.44908304359	859.945007324219
2550.63559725664	860.150024414063
2552.82147088333	859.984985351563
2555.00670418402	861.210021972656
2557.19129741894	861.192504882813
2559.37525084817	861.174987792969
2561.55856473164	861.989990234375
2563.74123932917	861.892456054688
2565.92327490039	861.794982910156
2568.10467170484	862.315002441406
2570.28543000189	863.429992675781
2572.46555005079	862.940002441406
2574.64503211063	864.299987792969
2576.82387644036	865.059997558594
2579.00208329882	864.717529296875
2581.17965294468	864.375
2583.35658563648	863.575012207031
2585.53288163263	863.900024414063
2587.70854119137	864.10498046875
2589.88356457084	862.659973144531
2592.05795202902	863.255004882813
2594.23170382376	864.010009765625
2596.40482021275	863.679992675781
2598.57730145356	864.640014648438
2600.74914780363	864.4033203125
2602.92035952023	864.166687011719
2605.09093686053	863.929992675781
2607.26088008153	864.434997558594
2609.4301894401	866.22998046875
2611.59886519299	866.349975585938
2613.76690759678	867.304992675781
2615.93431690793	867.905029296875
2618.10109338277	870.075012207031
2620.26723727748	870.405029296875
2622.4327488481	870.3525390625
2624.59762835054	870.299987792969
2626.76187604057	869.744995117188
2628.92549217382	871.265014648438
2631.08847700579	871.919982910156
2633.25083079182	873.239990234375
2635.41255378715	873.125
2637.57364624684	873.190002441406
2639.73410842586	871.955017089844
2641.893940579	872.155029296875
2644.05314296094	872.155029296875
2646.21171582621	873.309997558594
2648.36965942921	874.039978027344
2650.5269740242	874.114990234375
2652.6836598653	874.356689453125
2654.83971720651	874.598327636719
2656.99514630167	874.840026855469
2659.1499474045	875.22998046875
2661.30412076857	875.945007324219
2663.45766664734	876.585021972656
2665.61058529411	876.89501953125
2667.76287696204	877.224975585938
2669.91454190418	879.205017089844
2672.06558037342	879.474975585938
2674.21599262253	880.789978027344
2676.36577890413	880.849975585938
2678.51493947072	880.5
2680.66347457466	879.960021972656
2682.81138446816	880.315002441406
2684.95866940332	882.60498046875
2687.10532963209	883.630004882813
2689.25136540628	883.35498046875
2691.39677697757	882.484985351563
2693.54156459752	881.77001953125
2695.68572851753	881.135009765625
2697.82926898888	882.719970703125
2699.97218626272	883.590026855469
2702.11448059006	882.510009765625
2704.25615222175	886.030029296875
2706.39720140856	889.625
2708.53762840109	890.039978027344
2710.67743344979	891.570007324219
2712.81661680503	892.724975585938
2714.95517871698	893.440002441406
2717.09311943574	895.924987792969
2719.23043921123	899.635009765625
2721.36713829325	901.864990234375
2723.50321693148	902.265014648438
2725.63867537545	905.909973144531
2727.77351387456	908.309997558594
2729.90773267809	909.450012207031
2732.04133203516	909.469970703125
2734.17431219478	907.835021972656
2736.30667340581	906.309997558594
2738.438415917	906.034973144531
2740.56953997695	905.809997558594
2742.70004583414	905.164978027344
2744.82993373688	905.765014648438
2746.9592039334	902.650024414063
2749.08785667177	902.544982910156
2751.21589219993	902.632446289063
2753.34331076568	902.719970703125
2755.4701126167	901.669982910156
2757.59629800054	900.085021972656
2759.7218671646	899.369995117188
2761.84682035617	899
2763.9711578224	897.530029296875
2766.0948798103	897.390014648438
2768.21798656676	896.565002441406
2770.34047833852	897.5625
2772.46235537222	898.559997558594
2774.58361791434	897.195007324219
2776.70426621124	897.900024414063
2778.82430050915	897.424987792969
2780.94372105416	897.955017089844
2783.06252809224	898.35498046875
2785.18072186922	896.919982910156
2787.29830263081	895.534973144531
2789.41527062257	893.565002441406
2791.53162608996	893.804992675781
2793.64736927828	893.739990234375
2795.76250043271	893.799987792969
2797.8770197983	893.434997558594
2799.99092761997	894.734985351563
2802.10422414252	894.909973144531
2804.21690961059	895.989990234375
2806.32898426873	897.39501953125
2808.44044836132	898.234985351563
2810.55130213264	900.315002441406
2812.66154582682	902.934997558594
2814.77117968788	904.849975585938
2816.8802039597	906.340026855469
2818.98861888601	909.679992675781
2821.09642471046	913.239990234375
2823.20362167653	916.900024414063
2825.31021002756	922.150024414063
2827.41619000682	927.030029296875
2829.52156185738	931.684997558594
2831.62632582224	935.099975585938
2833.73048214422	939.609985351563
2835.83403106606	947.265014648438
2837.93697283033	951.835021972656
2840.03930767951	956.945007324219
2842.1410358559	964.840026855469
2844.24215760173	979.710021972656
2846.34267315905	996.614990234375
2848.44258276982	1013.72998046875
2850.54188667585	1030.89501953125
2852.64058511883	1054.7099609375
2854.73867834032	1080.88500976563
2856.83616658175	1104.45495605469
2858.93305008443	1126.75
2861.02932908952	1146.42004394531
2863.12500383809	1167.1650390625
2865.22007457104	1200.95495605469
2867.31454152918	1240.25
2869.40840495316	1276.09497070313
2871.50166508353	1318.91003417969
2873.59432216069	1365.57995605469
2875.68637642493	1396.88500976563
2877.77782811641	1416.40502929688
2879.86867747515	1431
2881.95892474105	1446.56494140625
2884.0485701539	1452.28002929688
2886.13761395333	1454.88500976563
2888.22605637886	1456.22497558594
2890.3138976699	1449.72998046875
2892.40113806571	1466.15502929688
2894.48777780544	1487.48498535156
2896.57381712808	1498.81005859375
2898.65925627254	1523.65502929688
2900.74409547758	1543.50500488281
2902.82833498183	1544.60498046875
2904.9119750238	1552.22998046875
2906.99501584188	1577.51000976563
2909.07745767432	1599.3349609375
2911.15930075925	1626.48999023438
2913.24054533469	1666.82995605469
2915.3211916385	1693.18994140625
2917.40123990846	1718.55505371094
2919.48069038217	1769.97998046875
2921.55954329716	1807.76000976563
2923.63779889079	1837.28002929688
2925.71545740033	1874.46496582031
2927.79251906289	1900.96496582031
2929.86898411548	1927.8349609375
2931.94485279498	1941.02502441406
2934.02012533815	1952.34497070313
2936.0948019816	1950.46325683594
2938.16888296184	1948.58166503906
2940.24236851525	1946.69995117188
2942.31525887809	1938.78002929688
2944.38755428648	1926.85498046875
2946.45925497643	1907.82995605469
2948.53036118382	1862.64501953125
2950.6008731444	1801.23498535156
2952.67079109381	1749.10498046875
2954.74011526755	1707.09997558594
2956.80884590101	1669.63000488281
2958.87698322944	1651.17004394531
2960.94452748799	1649.49499511719
2963.01147891167	1629.02001953125
2965.07783773535	1598.35498046875
2967.14360419382	1562.57495117188
2969.2087785217	1540.91003417969
2971.27336095352	1526.63500976563
2973.33735172366	1509.31494140625
2975.40075106641	1487.45495605469
2977.46355921591	1467.10998535156
2979.52577640618	1445.64001464844
2981.58740287112	1427.42004394531
2983.64843884452	1412.54504394531
2985.70888456003	1395.35998535156
2987.76874025117	1374.25500488281
2989.82800615137	1342.43005371094
2991.88668249391	1314.375
2993.94476951194	1288.43994140625
2996.00226743852	1265.34997558594
2998.05917650657	1236.10498046875
3000.11549694887	1207.31005859375
3002.17122899812	1188
3004.22637288685	1168.24499511719
3006.2809288475	1147.73498535156
3008.33489711238	1124.31494140625
3010.38827791368	1102.18005371094
3012.44107148345	1088.63500976563
3014.49327805366	1074.36499023438
3016.5448978561	1057.44995117188
3018.59593112249	1045.66003417969
3020.64637808441	1034.875
3022.6962389733	1025.19494628906
3024.74551402051	1017.27001953125
3026.79420345725	1011.14001464844
3028.84230751461	1003.34002685547
3030.88982642357	996.940002441406
3032.93676041497	992.974975585938
3034.98310971955	991.630004882813
3037.02887456791	995.599975585938
3039.07405519054	998.309997558594
3041.11865181781	1000.05999755859
3043.16266467996	1002.19000244141
3045.20609400713	1004.69000244141
3047.24894002932	1008.80999755859
3049.2912029764	1008.84497070313
3051.33288307815	1010.75500488281
3053.37398056421	1018.02502441406
3055.41449566411	1023.11999511719
3057.45442860725	1031.17504882813
3059.49377962291	1043.43005371094
3061.53254894026	1053.30505371094
3063.57073678834	1058.69995117188
3065.60834339607	1063.42504882813
3067.64536899227	1065.52502441406
3069.68181380561	1062.18505859375
3071.71767806467	1050.6650390625
3073.75296199788	1037.11999511719
3075.78766583357	1025.34997558594
3077.82178979997	1011.47998046875
3079.85533412513	1002.05499267578
3081.88829903705	993.570007324219
3083.92068476356	982.869995117188
3085.95249153241	973.609985351563
3087.98371957119	967.450012207031
3090.01436910741	961.405029296875
3092.04444036844	956.940002441406
3094.07393358152	953.369995117188
3096.10284897381	949.900024414063
3098.13118677232	948.580017089844
3100.15894720395	946.099975585938
3102.18613049548	943.710021972656
3104.21273687357	943.419982910156
3106.23876656477	940.5
3108.2642197955	942.400024414063
3110.28909679208	941.912475585938
3112.31339778069	941.424987792969
3114.33712298741	940.380004882813
3116.36027263819	941.640014648438
3118.38284695887	943.424987792969
3120.40484617516	942.994995117188
3122.42627051268	943.080017089844
3124.4471201969	942.794982910156
3126.46739545319	945.075012207031
3128.4870965068	948.760009765625
3130.50622358287	947.989990234375
3132.5247769064	946.150024414063
3134.54275670229	946.75
3136.56016319534	949.765014648438
3138.57699661019	950.599975585938
3140.59325717139	949.554992675781
3142.60894510338	949.534973144531
3144.62406063047	946.840026855469
3146.63860397686	947.994995117188
3148.65257536662	948.385009765625
3150.66597502371	948.630004882813
3152.67880317199	949.39501953125
3154.69106003518	951.469970703125
3156.70274583691	952.10498046875
3158.71386080065	955.484985351563
3160.72440514981	958.210021972656
3162.73437910763	959.375
3164.74378289728	958.849975585938
3166.75261674179	958.710021972656
3168.76088086407	962.409973144531
3170.76857548692	968.559997558594
3172.77570083303	970.72998046875
3174.78225712498	967.780029296875
3176.78824458521	967.025024414063
3178.79366343607	969.585021972656
3180.79851389977	970.820007324219
3182.80279619844	973.244995117188
3184.80651055405	976.705017089844
3186.80965718849	979.844970703125
3188.81223632353	982.25
3190.81424818081	986.320007324219
3192.81569298186	988.219970703125
3194.8165709481	984.890014648438
3196.81688230084	987.635009765625
3198.81662726126	990.765014648438
3200.81580605044	992.52001953125
3202.81441888933	992.5
3204.81246599879	994.544982910156
3206.80994759954	996.570007324219
3208.80686391219	1000.57501220703
3210.80321515726	1002.16497802734
3212.79900155512	1003.55999755859
3214.79422332605	1006.22998046875
3216.78888069021	1008.05999755859
3218.78297386765	1010.58502197266
3220.77650307828	1012.98999023438
3222.76946854195	1017.94500732422
3224.76187047834	1022.98999023438
3226.75370910705	1026.01000976563
3228.74498464755	1026.22497558594
3230.73569731921	1029.7900390625
3232.72584734127	1029.75500488281
3234.71543493287	1028.31994628906
3236.70446031304	1027.56005859375
3238.69292370068	1029.93994140625
3240.68082531459	1035.22497558594
3242.66816537345	1035.98999023438
3244.65494409583	1040.125
3246.6411617002	1043.5849609375
3248.62681840488	1045.65502929688
3250.61191442812	1047.44995117188
3252.59644998804	1047.10998535156
3254.58042530263	1045.67504882813
3256.56384058979	1047.93505859375
3258.54669606731	1051.72497558594
3260.52899195285	1057.17504882813
3262.51072846396	1056.59997558594
3264.4919058181	1055.41003417969
3266.47252423259	1060.56005859375
3268.45258392464	1062.7900390625
3270.43208511138	1066.31994628906
3272.41102800978	1072.48498535156
3274.38941283675	1076.18505859375
3276.36723980904	1081.21997070313
3278.34450914332	1083.64001464844
3280.32122105613	1088.83996582031
3282.29737576392	1094.78002929688
3284.272973483	1096.68005371094
3286.24801442958	1098.28002929688
3288.22249881978	1097.82995605469
3290.19642686957	1098.49755859375
3292.16979879485	1099.1650390625
3294.14261481136	1097.82995605469
3296.11487513478	1097.88000488281
3298.08657998065	1097.92993164063
3300.0577295644	1097.97998046875
3302.02832410136	1095.36999511719
3303.99836380673	1095.47497558594
3305.96784889563	1093.92504882813
3307.93677958303	1094.8349609375
3309.90515608383	1092.95495605469
3311.87297861278	1091.14001464844
3313.84024738456	1098.0400390625
3315.80696261371	1096.76000976563
3317.77312451466	1100.25
3319.73873330175	1096.06994628906
3321.70378918919	1087.30004882813
3323.66829239109	1081.76000976563
3325.63224312145	1082.25
3327.59564159416	1086.97998046875
3329.55848802299	1088.81494140625
3331.52078262162	1086.28503417969
3333.4825256036	1083.49499511719
3335.44371718237	1087.6650390625
3337.40435757128	1087.68994140625
3339.36444698356	1089.42004394531
3341.32398563232	1085.875
3343.28297373058	1080.30004882813
3345.24141149124	1078.25500488281
3347.19929912709	1079.30505371094
3349.15663685081	1079.73498535156
3351.11342487497	1074.98498535156
3353.06966341204	1073.46496582031
3355.02535267437	1074.68994140625
3356.98049287421	1075.24243164063
3358.9350842237	1075.79504394531
3360.88912693486	1073.28002929688
3362.84262121962	1078.42504882813
3364.79556728978	1082.75500488281
3366.74796535705	1082
3368.69981563302	1080.73498535156
3370.65111832917	1074.18505859375
3372.60187365689	1070.94494628906
3374.55208182744	1071.52001953125
3376.50174305198	1072.76501464844
3378.45085754157	1069.17504882813
3380.39942550714	1072.18005371094
3382.34744715954	1072.79504394531
3384.29492270949	1071.51000976563
3386.24185236761	1064.72998046875
3388.18823634442	1060.41003417969
3390.13407485031	1060.6650390625
3392.07936809559	1063.98754882813
3394.02411629045	1067.31005859375
3395.96831964496	1061.86499023438
3397.91197836911	1055.80004882813
3399.85509267275	1050.4599609375
3401.79766276564	1049.05505371094
3403.73968885745	1052.66003417969
3405.68117115771	1058.31494140625
3407.62210987586	1059.68505859375
3409.56250522123	1056.68505859375
3411.50235740305	1052.78503417969
3413.44166663043	1050.94995117188
3415.38043311238	1047.47998046875
3417.3186570578	1047.13500976563
3419.2563386755	1044.80004882813
3421.19347817415	1044.68005371094
3423.13007576235	1044.79174804688
3425.06613164857	1044.9033203125
3427.00164604118	1045.01501464844
3428.93661914844	1041.67504882813
3430.87105117852	1040.43005371094
3432.80494233945	1041.8701171875
3434.73829283919	1043.31005859375
3436.67110288558	1040.02502441406
3438.60337268634	1044.19494628906
3440.53510244911	1042.75
3442.4662923814	1037.63000488281
3444.39694269064	1031.20495605469
3446.32705358412	1028.08996582031
3448.25662526905	1029.31494140625
3450.18565795254	1031.43994140625
3452.11415184156	1030.82739257813
3454.04210714302	1030.21496582031
3455.96952406369	1028.71997070313
3457.89640281024	1030.96496582031
3459.82274358924	1032.10998535156
3461.74854660717	1027.48999023438
3463.67381207038	1023.13500976563
3465.59854018513	1024.17004394531
3467.52273115756	1020.56500244141
3469.44638519373	1015.21502685547
3471.36950249956	1011.65002441406
3473.29208328091	1006.67498779297
3475.21412774349	1002.97497558594
3477.13563609293	1001.05499267578
3479.05660853476	998.174987792969
3480.97704527438	997.349975585938
3482.89694651712	996.039978027344
3484.81631246818	996.325012207031
3486.73514333266	994.664978027344
3488.65343931557	991.89501953125
3490.57120062179	990.869995117188
3492.48842745612	985.734985351563
3494.40512002324	982.114990234375
3496.32127852773	978.419982910156
3498.23690317408	975.390014648438
3500.15199416666	971.294982910156
3502.06655170974	970.700012207031
3503.98057600749	971.705017089844
3505.89406726396	968.465026855469
3507.80702568312	965.619995117188
3509.71945146883	959.739990234375
3511.63134482483	954.945007324219
3513.54270595478	953.890014648438
3515.45353506222	953.260009765625
3517.3638323506	950.119995117188
3519.27359802324	950.135009765625
3521.1828322834	947.794982910156
3523.09153533419	947.539978027344
3524.99970737866	943.565002441406
3526.90734861972	937.974975585938
3528.81445926021	936.344970703125
3530.72103950283	936.330017089844
3532.62708955022	932.650024414063
3534.53260960488	927.255004882813
3536.43759986923	923.174987792969
3538.34206054558	919.005004882813
3540.24599183613	917.169982910156
3542.149393943	916.960021972656
3544.05226706817	914.940002441406
3545.95461141357	912.739990234375
3547.85642718097	908.489990234375
3549.75771457208	905.934997558594
3551.6584737885	905.469970703125
3553.55870503171	903.690002441406
3555.4584085031	900.755004882813
3557.35758440396	898.02001953125
3559.25623293548	896.049987792969
3561.15435429874	892.835021972656
3563.05194869473	889.734985351563
3564.94901632432	890.280029296875
3566.84555738829	888.674987792969
3568.74157208732	886.679992675781
3570.63706062199	884.875
3572.53202319277	884.815002441406
3574.42646000003	884.570007324219
3576.32037124406	883.015014648438
3578.213757125	881.784973144531
3580.10661784295	880.205017089844
3581.99895359786	876.385009765625
3583.8907645896	873.315002441406
3585.78205101794	871.919982910156
3587.67281308254	872.419982910156
3589.56305098297	871.539978027344
3591.4527649187	870.965026855469
3593.34195508907	869.304992675781
3595.23062169338	868.22998046875
3597.11876493075	867.739990234375
3599.00638500027	865.840026855469
3600.89348210089	862.494995117188
3602.78005643148	860.304992675781
3604.66610819078	859.280029296875
3606.55163757747	858.844970703125
3608.4366447901	856.75
3610.32113002713	855.184997558594
3612.20509348693	854.010009765625
3614.08853536774	852.880004882813
3615.97145586773	851.375
3617.85385518497	850.905029296875
3619.7357335174	849.72998046875
3621.61709106289	848.804992675781
3623.4979280192	846.130004882813
3625.37824458399	844.02001953125
3627.25804095482	843.174987792969
3629.13731732915	844.849975585938
3631.01607390435	843.025024414063
3632.89431087767	840.684997558594
3634.77202844629	840.025024414063
3636.64922680726	838.184997558594
3638.52590615754	836.89501953125
3640.40206669402	836.794982910156
3642.27770861344	837.135009765625
3644.15283211248	835.010009765625
3646.02743738771	833.284973144531
3647.90152463559	831.544982910156
3649.77509405251	831.89501953125
3651.64814583473	829.484985351563
3653.52068017842	827.955017089844
3655.39269727965	827.289978027344
3657.26419733442	825.844970703125
3659.13518053858	825.804992675781
3661.00564708793	825.140014648438
3662.87559717814	823.450012207031
3664.7450310048	822.164978027344
3666.61394876338	821.474975585938
3668.48235064928	821.705017089844
3670.35023685779	821.52001953125
3672.21760758409	819.715026855469
3674.08446302327	819.179992675781
3675.95080337033	818.099975585938
3677.81662882017	816.400024414063
3679.68193956758	815.89501953125
3681.54673580727	814.369995117188
3683.41101773383	813.924987792969
3685.27478554178	812.719970703125
3687.13803942551	813.085021972656
3689.00077957934	811.260009765625
3690.86300619748	810.419982910156
3692.72471947405	810.47998046875
3694.58591960306	810.369995117188
3696.44660677844	809.239990234375
3698.306781194	808.130004882813
3700.16644304348	807.710021972656
3702.02559252049	808.380004882813
3703.88422981859	807.64501953125
3705.74235513119	806.989990234375
3707.59996865164	805.525024414063
3709.45707057318	804.364990234375
3711.31366108895	803.955017089844
3713.16974039199	804.159973144531
3715.02530867527	803.034973144531
3716.88036613164	802.914978027344
3718.73491295385	801.299987792969
3720.58894933456	801.099975585938
3722.44247546634	801.429992675781
3724.29549154166	801.164978027344
3726.14799775289	799.684997558594
3727.9999942923	799.599975585938
3729.85148135209	799.094970703125
3731.70245912432	797.320007324219
3733.55292780098	797.460021972656
3735.40288757397	797.739990234375
3737.25233863509	797.737487792969
3739.10128117603	797.734985351563
3740.9497153884	797.434997558594
3742.7976414637	797.489990234375
3744.64505959335	796.114990234375
3746.49196996866	795.859985351563
3748.33837278086	796.409973144531
3750.18426822108	795.97998046875
3752.02965648033	795.380004882813
3753.87453774956	795.294982910156
3755.7189122196	795.565002441406
3757.5627800812	795.765014648438
3759.40614152501	796.484985351563
3761.24899674159	796.275024414063
3763.09134592138	796.640014648438
3764.93318925476	796.130004882813
3766.77452693199	795.815002441406
3768.61535914325	796.114990234375
3770.45568607861	796.239990234375
3772.29550792807	795.775024414063
3774.1348248815	795.195007324219
3775.9736371287	794.719970703125
3777.81194485938	794.210021972656
