32.6816976106991	717.484985351563
35.6535599501435	717.429992675781
38.6244374909659	717.315002441406
41.5943306947054	717.340026855469
44.5632400226282	717.195007324219
47.5311659356917	717.054992675781
50.4981088945929	717.049987792969
53.4640693597127	717.044982910156
56.4290477911676	717.090026855469
59.3930446487746	717.14501953125
62.356060392067	717.08251953125
65.3180954802906	717.02001953125
68.2791503724084	717.094970703125
71.2392255270922	717.070007324219
74.1983214027271	716.900024414063
77.1564384574159	717.047485351563
80.113577148983	717.195007324219
83.0697379349549	717.130004882813
86.0249212725722	717.159973144531
88.9791276188058	717.059997558594
91.9323574303255	717.27001953125
94.8846111635238	717.255004882813
97.8358892745121	717.340026855469
100.786192219114	717.429992675781
103.73552045287	717.414978027344
106.683874431037	717.385009765625
109.631254608583	717.640014648438
112.577661440203	717.655029296875
115.523095380307	717.820007324219
118.467556883015	718.22998046875
121.411046402175	718.690002441406
124.353564391344	719.684997558594
127.295111303796	720.974975585938
130.235687592532	724.234985351563
133.175293710265	729.255004882813
136.113930109434	737.809997558594
139.051597242185	751.575012207031
141.98829556039	771.960021972656
144.92402551564	798.52001953125
147.858787559244	829.164978027344
150.792582142239	863.914978027344
153.725409715372	896.934997558594
156.65727072911	923.960021972656
159.588165633643	943.429992675781
162.518094878884	956.739990234375
165.447058914469	968.794982910156
168.375058189747	976.940002441406
171.302093153792	977.559997558594
174.228164255401	975.065002441406
177.153271943091	972.885009765625
180.077416665101	971.070007324219
183.000598869394	972.255004882813
185.922819003656	973.570007324219
188.84407751529	976.25
191.764374851424	980.140014648438
194.683711458919	979.599975585938
197.60208778434	980.419982910156
200.519504273992	985.015014648438
203.435961373894	995.830017089844
206.351459529801	1004.70501708984
209.265999187174	1010.96002197266
212.179580791207	1021.95001220703
215.092204786825	1037.31005859375
218.003871618673	1054.25500488281
220.914581731116	1069.76501464844
223.824335568247	1081.34997558594
226.733133573893	1090.09997558594
229.640976191593	1102.54504394531
232.547863864614	1114.33996582031
235.453797035961	1124.1650390625
238.358776148354	1125.42004394531
241.26280164424	1124.31994628906
244.1658739658	1128.98498535156
247.067993554929	1130.73498535156
249.969160853266	1127.41003417969
252.869376302162	1123.01000976563
255.768640342707	1116.94494628906
258.666953415705	1113.17004394531
261.564315961705	1111.81994628906
264.46072842097	1111.73999023438
267.356191233499	1105.46496582031
270.25070483901	1099.03503417969
273.144269676967	1096.55004882813
276.036886186551	1096.94995117188
278.928554806671	1098.28503417969
281.819275975966	1091.67004394531
284.709050132812	1086.71496582031
287.597877715306	1089.81994628906
290.485759161281	1092.53503417969
293.372694908298	1089.61999511719
296.258685393644	1084.64501953125
299.143731054352	1081.09497070313
302.027832327156	1078.63000488281
304.910989648557	1077.02502441406
307.79320345476	1075.71997070313
310.674474181717	1077.4150390625
313.554802265101	1076.77001953125
316.434188140326	1076.125
319.312632242533	1076.54504394531
322.190135006593	1077.39501953125
325.066696867117	1072.44995117188
327.942318258443	1070.36499023438
330.816999614641	1071.38000488281
333.690741369517	1067.82995605469
336.56354395661	1066.93005371094
339.435407809193	1066.55505371094
342.306333360273	1062.65502929688
345.176321042591	1063.47497558594
348.045371288612	1061.32495117188
350.913484530551	1057.94494628906
353.78066120035	1052.74499511719
356.64690172969	1051.47497558594
359.512206549972	1052.14501953125
362.376576092357	1047.51501464844
365.240010787716	1044.80505371094
368.102511066677	1042.86499023438
370.964077359587	1043.59497070313
373.82471009654	1044.3349609375
376.684409707364	1041.60498046875
379.543176621612	1037.31994628906
382.401011268595	1033.19995117188
385.257914077343	1035.69494628906
388.113885476627	1040.19995117188
390.968925894961	1042.01000976563
393.823035760591	1041.36999511719
396.676215501503	1042.7099609375
399.528465545415	1046.30505371094
402.379786319791	1049.36499023438
405.230178251834	1051.39501953125
408.079641768472	1060.48999023438
410.928177296387	1066.00500488281
413.775785261992	1066.02502441406
416.622466091445	1068.19995117188
419.468220210631	1070.375
422.313048045182	1071.09997558594
425.156950020479	1073.03002929688
427.999926561623	1072.50500488281
430.841978093471	1072.29504394531
433.683105040613	1071.75
436.523307827384	1069.10998535156
439.362586877851	1066.875
442.200942615829	1064.1650390625
445.038375464876	1060.75500488281
447.874885848283	1059.51000976563
450.710474189089	1058.43994140625
453.54514091007	1058.19995117188
456.37888643375	1057.08996582031
459.211711182386	1054.36999511719
462.043615577986	1055.43505859375
464.874600042297	1056.05505371094
467.704664996804	1051.61499023438
470.533810862741	1052.1650390625
473.36203806108	1050.38500976563
476.189347012547	1046.94494628906
479.015738137594	1048.54504394531
481.841211856432	1046.44995117188
484.665768589008	1044.96997070313
487.489408755009	1048.59997558594
490.312132773878	1055.61999511719
493.133941064796	1061.47497558594
495.954834046683	1062.18505859375
498.77481213821	1062.11499023438
501.593875757797	1065.09997558594
504.412025323601	1066.36499023438
507.229261253524	1064.59497070313
510.045583965226	1063.8349609375
512.860993876093	1064.89001464844
515.675491403271	1068.93505859375
518.489076963649	1067.3349609375
521.301750973863	1067.03002929688
524.113513850293	1062.70495605469
526.924366009065	1058.03002929688
529.734307866052	1057.59997558594
532.543339836881	1052.23498535156
535.35146233692	1049.65502929688
538.158675781281	1047.28002929688
540.964980584833	1043.78002929688
543.770377162182	1042.97497558594
546.574865927692	1037.61999511719
549.378447295465	1039.32995605469
552.181121679365	1037.31994628906
554.982889492993	1030.78002929688
557.783751149701	1027.00500488281
560.583707062591	1025.7099609375
563.38275764452	1026.72998046875
566.180903308083	1023.93499755859
568.978144465633	1025.54504394531
571.774481529266	1025.61999511719
574.569914910839	1023.625
577.364445021949	1020.15002441406
580.158072273946	1017.5
582.950797077926	1016.28002929688
585.742619844752	1013.02502441406
588.533540985018	1010.82000732422
591.323560909078	1009.28497314453
594.112680027034	1011.32501220703
596.90089874875	1011.72998046875
599.688217483828	1008.46002197266
602.474636641629	1004.88500976563
605.260156631263	1003.90502929688
608.044777861596	1002.94000244141
610.828500741241	1002.31500244141
613.611325678567	1005.88000488281
616.393253081697	1008.79498291016
619.174283358506	1008.48999023438
621.954416916616	1012.73999023438
624.733654163414	1014.31500244141
627.511995506029	1013.79498291016
630.289441351351	1011.46502685547
633.065992106022	1007.83001708984
635.841648176434	1001.85498046875
638.616409968744	1001.06500244141
641.390277888847	1003.72998046875
644.163252342408	1010.74499511719
646.93533373484	1013.03997802734
649.706522471307	1014.96502685547
652.47681895674	1014.24499511719
655.246223595811	1013.52502441406
658.014736792957	1012.22497558594
660.782358952371	1013.38000488281
663.549090477999	1013.34497070313
666.314931773542	1013.46002197266
669.079883242452	1011.35998535156
671.843945287955	1011.15002441406
674.607118313019	1012.93499755859
677.369402720366	1012.88500976563
680.130798912488	1012.8349609375
682.891307291627	1012.78497314453
685.650928259784	1010.77502441406
688.409662218708	1011.44500732422
691.167509569927	1009.32000732422
693.924470714705	1008.77502441406
696.680546054078	1010.51501464844
699.435735988832	1012.81500244141
702.190040919516	1012.02502441406
704.943461246442	1012.47998046875
707.695997369667	1012.01000976563
710.447649689022	1011.53997802734
713.198418604088	1011.08502197266
715.948304514206	1012.27001953125
718.697307818481	1014.63500976563
721.445428915779	1014.61499023438
724.192668204716	1014.92999267578
726.93902608368	1015.22253417969
729.684502950805	1015.51501464844
732.429099204005	1013.78002929688
735.172815240936	1014.92498779297
737.915651459026	1017.08001708984
740.657608255463	1018.19000244141
743.398686027186	1016.58001708984
746.13888517091	1020.09997558594
748.878206083102	1022.08001708984
751.616649159998	1023.81500244141
754.354214797584	1022.75
757.09090339162	1025.50500488281
759.826715337622	1030.21997070313
762.561651030868	1031.23999023438
765.295710866406	1028.90002441406
768.028895239041	1024.24499511719
770.761204543336	1018.54998779297
773.492639173626	1014.58001708984
776.223199524006	1008.32000732422
778.952885988334	1007.97497558594
781.681698960235	1006.78997802734
784.40963883309	1001.26501464844
787.136706000052	997.215026855469
789.862900854037	996.320007324219
792.588223787721	998.005004882813
795.312675193549	1001.21997070313
798.036255463728	1000.71997070313
800.758964990228	1001.29998779297
803.480804164792	999.469970703125
806.201773378919	1000.10498046875
808.921873023884	1003.02001953125
811.641103490712	1008.80999755859
814.359465170214	1012.73498535156
817.076958452946	1016.83001708984
819.793583729246	1022.53002929688
822.509341389214	1032.08996582031
825.224231822712	1039.60998535156
827.938255419375	1048.90502929688
830.651412568596	1054.13000488281
833.363703659544	1058.69995117188
836.075129081157	1065.65502929688
838.785689222127	1070.36499023438
841.495384470928	1070.48999023438
844.204215215788	1074.40502929688
846.912181844721	1079.01501464844
849.619284745491	1085.33996582031
852.325524305638	1089.90502929688
855.030900912475	1094.96496582031
857.735414953079	1098.125
860.439066814289	1098.44995117188
863.141856882725	1097.2900390625
865.843785544769	1092.26501464844
868.544853186571	1084.73999023438
871.245060194063	1078.3349609375
873.944406952925	1073.34997558594
876.642893848625	1071.49499511719
879.340521266398	1074.46997070313
882.037289591241	1077.92004394531
884.733199207927	1083.1650390625
887.428250501001	1083.68994140625
890.122443854778	1083.85998535156
892.815779653335	1084.03002929688
895.508258280534	1086.52001953125
898.199880119997	1091.38000488281
900.890645555129	1094.72998046875
903.580554969094	1097.55505371094
906.269608744832	1095.19995117188
908.957807265056	1094.15002441406
911.645150912257	1095.06005859375
914.331640068689	1094.34997558594
917.017275116375	1091.74499511719
919.702056437128	1092.19494628906
922.385984412518	1093.19494628906
925.069059423886	1093.98999023438
927.751281852366	1096.75
930.432652078842	1106.82995605469
933.113170483983	1110.38000488281
935.79283744823	1116.95495605469
938.471653351806	1124.40502929688
941.149618574686	1123.75
943.826733496641	1122.34497070313
946.502998497206	1130.04504394531
949.178413955689	1128.14501953125
951.85298025118	1129.80493164063
954.526697762544	1131.46496582031
957.199566868403	1130.07495117188
959.87158794718	1128.00500488281
962.542761377054	1127.31994628906
965.213087535987	1123.89501953125
967.882566801719	1118.25500488281
970.551199551761	1112.77001953125
973.218986163399	1112.42504882813
975.885927013698	1111.125
978.552022479501	1109.78503417969
981.217272937423	1103.46496582031
983.88167876386	1100.60498046875
986.545240334978	1102.86999511719
989.207958026729	1109.17004394531
991.869832214835	1120.90002441406
994.530863274798	1134.71997070313
997.191051581895	1152.66003417969
999.850397511185	1179.66003417969
1002.50890143751	1220.68005371094
1005.16656373546	1258.23498535156
1007.82338477944	1283.27502441406
1010.47936494363	1290.18005371094
1013.13450460195	1274.3349609375
1015.78880412815	1241.85998535156
1018.44226389572	1203.85998535156
1021.09488427794	1168.23999023438
1023.74666564789	1147.27502441406
1026.3976083784	1137.22497558594
1029.04771284208	1133.93005371094
1031.69697941135	1136.80004882813
1034.34540845838	1141.31994628906
1036.99300035512	1144.86499023438
1039.63975547333	1146.18994140625
1042.28567418452	1143.81005859375
1044.93075685998	1139.47998046875
1047.57500387081	1133.27001953125
1050.21841558786	1132.32495117188
1052.86099238177	1133.75500488281
1055.50273462297	1137.4150390625
1058.14364268167	1142.39001464844
1060.78371692784	1148.49499511719
1063.42295773126	1149.375
1066.06136546148	1157.07495117188
1068.69894048781	1166.35498046875
1071.33568317939	1167.27502441406
1073.9715939051	1165.38000488281
1076.60667303362	1161.7099609375
1079.24092093341	1156.36499023438
1081.87433797271	1150.9150390625
1084.50692451954	1139.94494628906
1087.13868094172	1135.72998046875
1089.76960760684	1134.48999023438
1092.39970488226	1130.61499023438
1095.02897313516	1126.50500488281
1097.65741273246	1124.36999511719
1100.28502404089	1124.38000488281
1102.91180742697	1119.80505371094
1105.53776325698	1122.44494628906
1108.16289189701	1122.24499511719
1110.78719371291	1116.14001464844
1113.41066907033	1120.77502441406
1116.0333183347	1123.02001953125
1118.65514187124	1122.67004394531
1121.27614004495	1123
1123.89631322061	1124.59497070313
1126.51566176279	1126.85498046875
1129.13418603585	1131.78002929688
1131.75188640394	1133.3349609375
1134.36876323098	1128.93005371094
1136.98481688069	1120.94995117188
1139.60004771655	1109.16003417969
1142.21445610187	1096.15002441406
1144.82804239972	1082.10998535156
1147.44080697295	1072.11999511719
1150.05275018421	1066.82495117188
1152.66387239593	1071.65002441406
1155.27417397034	1077.70495605469
1157.88365526943	1082.64001464844
1160.49231665502	1089.9599609375
1163.10015848867	1090.46496582031
1165.70718113176	1090.68994140625
1168.31338494544	1087.57995605469
1170.91877029067	1083.47497558594
1173.52333752817	1084.3349609375
1176.12708701847	1084.482421875
1178.73001912187	1084.63000488281
1181.33213419848	1083.875
1183.93343260819	1080.85998535156
1186.53391471068	1078.07995605469
1189.13358086539	1070.24499511719
1191.73243143161	1064.83996582031
1194.33046676836	1066.46496582031
1196.92768723449	1068.82995605469
1199.52409318861	1072.54504394531
1202.11968498915	1081.43994140625
1204.7144629943	1088.59997558594
1207.30842756206	1098.2099609375
1209.90157905021	1105.93505859375
1212.49391781634	1113.9599609375
1215.08544421779	1115.49499511719
1217.67615861174	1114.39001464844
1220.26606135512	1112.05004882813
1222.85515280468	1106.5400390625
1225.44343331694	1102.59497070313
1228.03090324823	1106.30505371094
1230.61756295466	1113.40502929688
1233.20341279213	1119.68505859375
1235.78845311634	1124.90502929688
1238.37268428278	1136.19995117188
1240.95610664673	1146.57495117188
1243.53872056325	1154.72998046875
1246.12052638722	1163.72497558594
1248.70152447329	1168.27502441406
1251.28171517591	1168.43505859375
1253.86109884934	1167.17504882813
1256.43967584759	1164.54504394531
1259.0174465245	1164.69995117188
1261.5944112337	1164.46496582031
1264.1705703286	1164.22998046875
1266.74592416241	1167.75500488281
1269.32047308814	1174.64001464844
1271.89421745858	1177.0849609375
1274.46715762633	1181.60498046875
1277.03929394377	1181.83996582031
1279.61062676308	1180.68505859375
1282.18115643624	1177.43505859375
1284.75088331502	1174.68005371094
1287.31980775098	1173.55505371094
1289.88793009548	1174.96496582031
1292.45525069969	1174.72497558594
1295.02176991454	1166.40002441406
1297.58748809078	1160.68005371094
1300.15240557897	1158.58996582031
1302.71652272942	1160.39501953125
1305.27983989229	1167.8349609375
1307.84235741749	1175.17504882813
1310.40407565475	1180.85998535156
1312.9649949536	1187.36999511719
1315.52511566335	1195.38500976563
1318.08443813311	1194.45495605469
1320.64296271181	1199.04504394531
1323.20068974815	1201.92504882813
1325.75761959063	1204.06494140625
1328.31375258756	1209.18505859375
1330.86908908704	1210.86499023438
1333.42362943696	1209.98498535156
1335.97737398503	1208.68994140625
1338.53032307874	1204.03503417969
1341.08247706537	1204.36499023438
1343.63383629202	1206.81005859375
1346.18440110558	1205.90002441406
1348.73417185274	1200.35498046875
1351.28314887997	1197.2099609375
1353.83133253357	1182.85998535156
1356.37872315961	1168.81994628906
1358.92532110398	1156.5
1361.47112671237	1141.15002441406
1364.01614033024	1124.28002929688
1366.56036230288	1116.2900390625
1369.10379297537	1110.625
1371.64643269258	1103.00500488281
1374.18828179921	1095.22998046875
1376.72934063972	1085.40002441406
1379.2696095584	1077.44995117188
1381.80908889932	1076.32495117188
1384.34777900637	1076.26489257813
1386.88568022323	1076.20495605469
1389.42279289337	1076.10498046875
1391.95911736009	1078.11999511719
1394.49465396645	1079.41003417969
1397.02940305537	1080.47497558594
1399.5633649695	1083.43005371094
1402.09654005135	1086.28503417969
1404.6289286432	1091.78002929688
1407.16053108714	1093.36499023438
1409.69134772507	1092.16003417969
1412.22137889868	1094.22497558594
1414.75062494947	1096.97998046875
1417.27908621874	1098.24499511719
1419.80676304759	1100.51501464844
1422.33365577692	1102.57495117188
1424.85976474744	1105.07995605469
1427.38509029967	1107.91003417969
1429.90963277392	1109.57995605469
1432.4333925103	1113.32495117188
1434.95636984873	1124.76000976563
1437.47856512894	1139.10998535156
1439.99997869045	1156.75500488281
1442.5206108726	1174.75
1445.04046201452	1193.53002929688
1447.55953245515	1216.74499511719
1450.07782253323	1238.82995605469
1452.59533258731	1243.66491699219
1455.11206295574	1248.5
1457.62801397668	1253.3349609375
1460.14318598809	1249
1462.65757932774	1236.85498046875
1465.1711943332	1221.2099609375
1467.68403134184	1201.49499511719
1470.19609069085	1180.42504882813
1472.70737271721	1156.31005859375
1475.21787775772	1134.34497070313
1477.72760614897	1108.39501953125
1480.23655822738	1081.38000488281
1482.74473432914	1055.86999511719
1485.25213479029	1033.47998046875
1487.75875994664	1014.77502441406
1490.26461013382	1001.35498046875
1492.76968568726	991.284973144531
1495.27398694222	983.090026855469
1497.77751423374	977.005004882813
1500.28026789667	976.284973144531
1502.78224826569	974.905029296875
1505.28345567526	972.905029296875
1507.78389045967	970.335021972656
1510.28355295299	968.02001953125
1512.78244348913	967.744995117188
1515.28056240178	969.205017089844
1517.77791002445	970.260009765625
1520.27448669047	972.815002441406
1522.77029273296	973.530029296875
1525.26532848486	973.299987792969
1527.75959427889	971.700012207031
1530.25309044764	972.85498046875
1532.74581732344	971.409973144531
1535.23777523847	970.14501953125
1537.72896452471	971.85498046875
1540.21938551394	970.27001953125
1542.70903853778	971.440002441406
1545.19792392761	975.75
1547.68604201466	979.405029296875
1550.17339312997	986.900024414063
1552.65997760434	990.10498046875
1555.14579576845	992.669982910156
1557.63084795275	996.969970703125
1560.11513448749	997.780029296875
1562.59865570276	998.859985351563
1565.08141192845	996.684997558594
1567.56340349426	992.97998046875
1570.04463072969	988.419982910156
1572.52509396406	987.969970703125
1575.00479352652	988.419982910156
1577.48372974599	991.190002441406
1579.96190295124	994.965026855469
1582.43931347083	996.284973144531
1584.91596163314	1002.44000244141
1587.39184776636	1007.85498046875
1589.86697219849	1011.98498535156
1592.34133525734	1015.01501464844
1594.81493727054	1015.20001220703
1597.28777856553	1017.39001464844
1599.75985946955	1021.33001708984
1602.23118030968	1027.93994140625
1604.70174141278	1041.36999511719
1607.17154310555	1054.17504882813
1609.64058571449	1061.7900390625
1612.10886956591	1070.71496582031
1614.57639498595	1071.30004882813
1617.04316230054	1073.81994628906
1619.50917183543	1071.98999023438
1621.97442391621	1066.42004394531
1624.43891886825	1059.84997558594
1626.90265701674	1055.64001464844
1629.36563868671	1048.31494140625
1631.82786420296	1051.41003417969
1634.28933389016	1051.25
1636.75004807274	1058.04504394531
1639.21000707498	1067
1641.66921122097	1072.19995117188
1644.12766083459	1083.42004394531
1646.58535623956	1098.97998046875
1649.04229775941	1113.53503417969
1651.4984857175	1125.81005859375
1653.95392043697	1141.24499511719
1656.40860224079	1156.84997558594
1658.86253145177	1173.33996582031
1661.3157083925	1186.4150390625
1663.76813338542	1189.89001464844
1666.21980675275	1187.42004394531
1668.67072881656	1181.29504394531
1671.1208998987	1172.94995117188
1673.57032032089	1164.5849609375
1676.0189904046	1155.23498535156
1678.46691047118	1140.71997070313
1680.91408084174	1127.39501953125
1683.36050183726	1112.41003417969
1685.8061737785	1092.06005859375
1688.25109698605	1069.20495605469
1690.69527178032	1049.54504394531
1693.13869848153	1035.40002441406
1695.58137740972	1021.15002441406
1698.02330888476	1004.23498535156
1700.46449322631	988.125
1702.90493075388	972.5
1705.34462178678	961.89501953125
1707.78356664414	953.450012207031
1710.22176564492	942.400024414063
1712.65921910787	934.815002441406
1715.0959273516	929.155029296875
1717.53189069449	925.10498046875
1719.9671094548	922.015014648438
1722.40158395054	919.960021972656
1724.8353144996	915.934997558594
1727.26830141965	914.780029296875
1729.70054502819	914.190002441406
1732.13204564255	912.820007324219
1734.56280357987	911.815002441406
1736.99281915711	910.489990234375
1739.42209269106	910.335021972656
1741.85062449831	910.955017089844
1744.27841489529	910.460021972656
1746.70546419823	908.344970703125
1749.13177272321	907.030029296875
1751.5573407861	905.655029296875
1753.98216870262	906.010009765625
1756.40625678828	907.140014648438
1758.82960535844	907.10498046875
1761.25221472825	904.200012207031
1763.67408521271	901.52001953125
1766.09521712663	902.52001953125
1768.51561078464	904.099975585938
1770.93526650119	904.217529296875
1773.35418459056	904.335021972656
1775.77236536684	902.869995117188
1778.18980914396	901.059997558594
1780.60651623565	901.775024414063
1783.02248695548	901.775024414063
1785.43772161684	902.419982910156
1787.85222053292	902.440002441406
1790.26598401677	900.890014648438
1792.67901238123	898.440002441406
1795.09130593899	899
1797.50286500254	899.385009765625
1799.9136898842	899.010009765625
1802.32378089613	898.534973144531
1804.73313835028	897.070007324219
1807.14176255846	896.484985351563
1809.54965383228	897.14501953125
1811.95681248317	897.804992675781
1814.36323882242	896.989990234375
1816.76893316109	895.265014648438
1819.17389581011	895.385009765625
1821.57812708021	895.174987792969
1823.98162728196	894.965026855469
1826.38439672573	894.755004882813
1828.78643572174	894.91748046875
1831.18774458003	895.080017089844
1833.58832361045	894.950012207031
1835.98817312269	894.914978027344
1838.38729342625	892.489990234375
1840.78568483048	891.695007324219
1843.18334764454	890.325012207031
1845.58028217741	891.205017089844
1847.9764887379	892.97998046875
1850.37196763465	893.554992675781
1852.76671917613	893.875
1855.16074367062	893.614990234375
1857.55404142624	894.890014648438
1859.94661275094	892.299987792969
1862.33845795247	891.099975585938
1864.72957733844	891.109985351563
1867.11997121627	891.114990234375
1869.5096398932	889.755004882813
1871.89858367631	890.609985351563
1874.28680287251	890.130004882813
1876.67429778851	889.474975585938
1879.06106873089	890.679992675781
1881.44711600601	890.940002441406
1883.8324399201	890.244995117188
1886.21704077919	889.505004882813
1888.60091888915	889.080017089844
1890.98407455567	889.530029296875
1893.36650808428	890.700012207031
1895.74821978033	891.265014648438
1898.12920994899	890.52001953125
1900.50947889527	890.090026855469
1902.88902692401	890.155029296875
1905.26785433986	890.164978027344
1907.64596144734	889
1910.02334855075	889.02001953125
1912.40001595424	889.164978027344
1914.7759639618	888.255004882813
1917.15119287724	888.405029296875
1919.52570300419	888.97998046875
1921.89949464611	890.030029296875
1924.27256810632	891.320007324219
1926.64492368793	891.255004882813
1929.0165616939	890.525024414063
1931.38748242701	889.700012207031
1933.75768618989	890.554992675781
1936.12717328497	890.419982910156
1938.49594401455	890.284973144531
1940.86399868071	889.97998046875
1943.23133758541	890.030029296875
1945.5979610304	888.570007324219
1947.96386931729	889.909973144531
1950.32906274751	889.804992675781
1952.69354162232	889.857482910156
1955.0573062428	889.909973144531
1957.42035690989	889.695007324219
1959.78269392434	889.7724609375
1962.14431758673	889.849975585938
1964.50522819748	890.190002441406
1966.86542605684	890.684997558594
1969.22491146488	888.744995117188
1971.58368472153	887.155029296875
1973.94174612654	886.599975585938
1976.29909597945	887.362487792969
1978.65573457971	888.125
1981.01166222654	887.679992675781
1983.36687921902	889.690002441406
1985.72138585606	890.130004882813
1988.07518243639	889.794982910156
1990.42826925859	889.429992675781
1992.78064662106	888.150024414063
1995.13231482205	888.265014648438
1997.48327415961	886.780029296875
1999.83352493167	886.215026855469
2002.18306743594	887.679992675781
2004.53190197002	888.989990234375
2006.8800288313	888.265014648438
2009.22744831703	887.539978027344
2011.57416072427	887.755004882813
2013.92016634993	887.275024414063
2016.26546549076	887.174987792969
2018.61005844332	887.294982910156
2020.95394550404	887.405029296875
2023.29712696915	888.984985351563
2025.63960313474	887.984985351563
2027.98137429672	885.565002441406
2030.32244075083	884.64501953125
2032.66280279266	884.875
2035.00246071763	887.140014648438
2037.34141482099	887.585021972656
2039.67966539784	887.659973144531
2042.01721274309	887.579956054688
2044.35405715151	887.5
2046.69019891769	887.380004882813
2049.02563833606	887.219970703125
2051.3603757009	887.315002441406
2053.6944113063	887.255004882813
2056.0277454462	886.982543945313
2058.36037841439	886.710021972656
2060.69231050446	886.195007324219
2063.02354200988	886.864990234375
2065.35407322392	886.664978027344
2067.68390443971	887.419982910156
2070.01303595021	890.265014648438
2072.3414680482	890.405029296875
2074.66920102633	889.125
2076.99623517706	887.130004882813
2079.32257079271	887.195007324219
2081.6482081654	887.094970703125
2083.97314758713	889.265014648438
2086.29738934971	890.330017089844
2088.62093374481	890.539978027344
2090.94378106391	890.075012207031
2093.26593159835	889.195007324219
2095.5873856393	888.044982910156
2097.90814347777	888.349975585938
2100.2282054046	888.469970703125
2102.54757171048	889.630004882813
2104.86624268594	889.469970703125
2107.18421862133	889.039978027344
2109.50149980686	889.385009765625
2111.81808653257	890.054992675781
2114.13397908834	890.724975585938
2116.44917776388	889.469970703125
2118.76368284875	890.900024414063
2121.07749463235	892.419982910156
2123.39061340391	892.47998046875
2125.70303945252	891.914978027344
2128.01477306707	892.244995117188
2130.32581453634	892.090026855469
2132.63616414891	891.755004882813
2134.94582219322	891.955017089844
2137.25478895754	891.830017089844
2139.56306472999	892.299987792969
2141.87064979851	891.679992675781
2144.17754445092	889.840026855469
2146.48374897484	891
2148.78926365774	890.215026855469
2151.09408878695	890.424987792969
2153.39822464963	891.664978027344
2155.70167153277	892.739990234375
2158.00442972321	893.080017089844
2160.30649950763	890.184997558594
2162.60788117256	890.335021972656
2164.90857500436	890.090026855469
2167.20858128923	889.744995117188
2169.50790031323	890.809997558594
2171.80653236223	893.059997558594
2174.10447772198	893.489990234375
2176.40173667804	892.140014648438
2178.69830951582	890.635009765625
2180.99419652058	888.820007324219
2183.28939797743	888.97998046875
2185.5839141713	889.159973144531
2187.87774538698	889.974975585938
2190.17089190908	890.789978027344
2192.46335402209	889.594970703125
2194.75513201032	890.200012207031
2197.04622615791	889.684997558594
2199.33663674886	889.169982910156
2201.62636406702	888.914978027344
2203.91540839606	889.950012207031
2206.20377001952	890.369995117188
2208.49144922077	889.960021972656
2210.77844628302	888.815002441406
2213.06476148933	888.875
2215.3503951226	888.820007324219
2217.63534746557	887.669982910156
2219.91961880085	887.094970703125
2222.20320941085	886.039978027344
2224.48611957785	887.010009765625
2226.76834958399	888.280029296875
2229.04989971122	888.155029296875
2231.33077024136	887.590026855469
2233.61096145607	887.377502441406
2235.89047363683	887.164978027344
2238.169307065	886.804992675781
2240.44746202178	886.789978027344
2242.72493878819	886.14501953125
2245.00173764511	887.630004882813
2247.27785887327	888.070007324219
2249.55330275324	887.179992675781
2251.82806956545	886.789978027344
2254.10215959014	887.005004882813
2256.37557310744	886.125
2258.64831039729	886.700012207031
2260.92037173949	888.099975585938
2263.19175741368	889.880004882813
2265.46246769938	890.044982910156
2267.7325028759	889.650024414063
2270.00186322243	888.695007324219
2272.270549018	888.380004882813
2274.5385605415	889.684997558594
2276.80589807165	890.065002441406
2279.07256188702	889.554992675781
2281.33855226601	889.329956054688
2283.60386948691	889.10498046875
2285.86851382782	888.97998046875
2288.1324855667	888.469970703125
2290.39578498136	887.210021972656
2292.65841234945	888.565002441406
2294.92036794847	888.585021972656
2297.18165205578	888.397521972656
2299.44226494856	888.210021972656
2301.70220690387	889.594970703125
2303.96147819859	889.969970703125
2306.22007910947	890.140014648438
2308.47800991309	890.635009765625
2310.73527088589	888.929992675781
2312.99186230416	886.369995117188
2315.24778444403	889.380004882813
2317.50303758149	892.244995117188
2319.75762199235	891.960021972656
2322.01153795231	891.695007324219
2324.26478573689	891.64501953125
2326.51736562147	891.525024414063
2328.76927788127	889.934997558594
2331.02052279137	890.375
2333.2711006267	890.669982910156
2335.52101166203	891.900024414063
2337.77025617198	890.39501953125
2340.01883443103	888.525024414063
2342.2667467135	887.369995117188
2344.51399329356	888.775024414063
2346.76057444525	888.239990234375
2349.00649044241	888.097534179688
2351.2517415588	887.955017089844
2353.49632806796	887.450012207031
2355.74025024334	886.125
2357.98350835819	885.85498046875
2360.22610268566	886.945007324219
2362.4680334987	886.640014648438
2364.70930107016	887.429992675781
2366.94990567269	888.039978027344
2369.18984757884	887.617492675781
2371.42912706098	887.195007324219
2373.66774439134	887.364990234375
2375.90569984199	886.484985351563
2378.14299368488	886.405029296875
2380.37962619179	886.325012207031
2382.61559763435	885.809997558594
2384.85090828405	886.830017089844
2387.08555841222	888.804992675781
2389.31954829006	888.275024414063
2391.55287818861	889.119995117188
2393.78554837877	887.174987792969
2396.01755913128	885.14501953125
2398.24891071673	885.155029296875
2400.47960340558	886.02001953125
2402.70963746814	887.960021972656
2404.93901317456	886.97998046875
2407.16773079485	888.349975585938
2409.39579059887	888.262451171875
2411.62319285633	888.174987792969
2413.84993783681	887.169982910156
2416.07602580971	886.169982910156
2418.30145704432	885.640014648438
2420.52623180977	885.825012207031
2422.75035037503	887.515014648438
2424.97381300893	887.4150390625
2427.19661998017	887.315002441406
2429.41877155729	887.340026855469
2431.64026800867	886.364990234375
2433.86110960257	886.570007324219
2436.08129660709	886.844970703125
2438.30082929019	887.455017089844
2440.51970791967	888.494995117188
2442.73793276321	888.429992675781
2444.95550408832	888.559997558594
2447.17242216237	888.690002441406
2449.38868725259	888.489990234375
2451.60429962607	886.5
2453.81925954975	886.609985351563
2456.03356729041	886.719970703125
2458.2472231147	886.859985351563
2460.46022728913	886.565002441406
2462.67258008005	886.784973144531
2464.88428175368	888.554992675781
2467.09533257608	889.039978027344
2469.30573281318	888.429992675781
2471.51548273076	887.114990234375
2473.72458259445	885.614990234375
2475.93303266974	886.594970703125
2478.14083322198	888.195007324219
2480.34798451637	888.255004882813
2482.55448681797	889.869995117188
2484.76034039169	891.47998046875
2486.96554550231	890.510009765625
2489.17010241445	889.565002441406
2491.37401139259	889.344970703125
2493.57727270109	889.125
2495.77988660412	889.424987792969
2497.98185336574	890.684997558594
2500.18317324987	890.892456054688
2502.38384652028	891.099975585938
2504.58387344058	888.445007324219
2506.78325427425	889.984985351563
2508.98198928465	889.077514648438
2511.18007873495	888.169982910156
2513.37752288821	888.760009765625
2515.57432200735	889.775024414063
2517.77047635514	889.554992675781
2519.96598619419	891.664978027344
2522.16085178699	891.164978027344
2524.35507339589	891.030029296875
2526.54865128308	891.469970703125
2528.74158571062	890.575012207031
2530.93387694042	889.719970703125
2533.12552523427	888.440002441406
2535.31653085379	890.304992675781
2537.50689406046	891.945007324219
2539.69661511566	891.864990234375
2541.88569428057	891.835021972656
2544.07413181627	892.049987792969
2546.26192798368	891.294982910156
2548.44908304359	890.364990234375
2550.63559725664	890.724975585938
2552.82147088333	889.664978027344
2555.00670418402	890.635009765625
2557.19129741894	893.190002441406
2559.37525084817	893.094970703125
2561.55856473164	892.669982910156
2563.74123932917	892.942504882813
2565.92327490039	893.215026855469
2568.10467170484	892.565002441406
2570.28543000189	892.64501953125
2572.46555005079	892.724975585938
2574.64503211063	892.690002441406
2576.82387644036	895.114990234375
2579.00208329882	895.02001953125
2581.17965294468	894.752502441406
2583.35658563648	894.484985351563
2585.53288163263	894.440002441406
2587.70854119137	894.255004882813
2589.88356457084	892.85498046875
2592.05795202902	893.460021972656
2594.23170382376	893.565002441406
2596.40482021275	895.184997558594
2598.57730145356	896.724975585938
2600.74914780363	895.099975585938
2602.92035952023	895.955017089844
2605.09093686053	893.085021972656
2607.26088008153	892.52001953125
2609.4301894401	894.659973144531
2611.59886519299	897.054992675781
2613.76690759678	897.335021972656
2615.93431690793	898.955017089844
2618.10109338277	900.525024414063
2620.26723727748	901.219970703125
2622.4327488481	902.215026855469
2624.59762835054	901.820007324219
2626.76187604057	901.424987792969
2628.92549217382	901.460021972656
2631.08847700579	901.580017089844
2633.25083079182	901.700012207031
2635.41255378715	901.25
2637.57364624684	903.039978027344
2639.73410842586	903.025024414063
2641.893940579	902.690002441406
2644.05314296094	903.950012207031
2646.21171582621	906.034973144531
2648.36965942921	905.72998046875
2650.5269740242	907.469970703125
2652.6836598653	908.14501953125
2654.83971720651	907.659973144531
2656.99514630167	906
2659.1499474045	905.130004882813
2661.30412076857	905.515014648438
2663.45766664734	906.200012207031
2665.61058529411	907.52001953125
2667.76287696204	909.905029296875
2669.91454190418	910.515014648438
2672.06558037342	910.844970703125
2674.21599262253	911.309997558594
2676.36577890413	911.539978027344
2678.51493947072	912.140014648438
2680.66347457466	912.070007324219
2682.81138446816	912.39501953125
2684.95866940332	912.52001953125
2687.10532963209	913.400024414063
2689.25136540628	912.974975585938
2691.39677697757	914.164978027344
2693.54156459752	911.554992675781
2695.68572851753	912.244995117188
2697.82926898888	914.585021972656
2699.97218626272	915.125
2702.11448059006	914.875
2704.25615222175	917.179992675781
2706.39720140856	920.255004882813
2708.53762840109	923.085021972656
2710.67743344979	920.960021972656
2712.81661680503	921.244995117188
2714.95517871698	923.609985351563
2717.09311943574	925.244995117188
2719.23043921123	929.424987792969
2721.36713829325	934.97998046875
2723.50321693148	936.875
2725.63867537545	940.349975585938
2727.77351387456	942.375
2729.90773267809	942.815002441406
2732.04133203516	942.284973144531
2734.17431219478	941.909973144531
2736.30667340581	940.465026855469
2738.438415917	940.234985351563
2740.56953997695	937.25
2742.70004583414	937.715026855469
2744.82993373688	938.440002441406
2746.9592039334	937.114990234375
2749.08785667177	935.619995117188
2751.21589219993	935.775024414063
2753.34331076568	935.755004882813
2755.4701126167	933.914978027344
2757.59629800054	932.77001953125
2759.7218671646	931.119995117188
2761.84682035617	932.075012207031
2763.9711578224	930.659973144531
2766.0948798103	929.114990234375
2768.21798656676	928.755004882813
2770.34047833852	928.659973144531
2772.46235537222	928.565002441406
2774.58361791434	928.469970703125
2776.70426621124	928.549987792969
2778.82430050915	928.224975585938
2780.94372105416	927.590026855469
2783.06252809224	927.349975585938
2785.18072186922	928.169982910156
2787.29830263081	925.784973144531
2789.41527062257	925.27001953125
2791.53162608996	923.609985351563
2793.64736927828	922.89501953125
2795.76250043271	923.469970703125
2797.8770197983	923.994995117188
2799.99092761997	924.465026855469
2802.10422414252	923.429992675781
2804.21690961059	925.664978027344
2806.32898426873	927.419982910156
2808.44044836132	930.02001953125
2810.55130213264	932.460021972656
2812.66154582682	933.950012207031
2814.77117968788	936.820007324219
2816.8802039597	939.840026855469
2818.98861888601	940
2821.09642471046	944.820007324219
2823.20362167653	947.494995117188
2825.31021002756	954.715026855469
2827.41619000682	960.974975585938
2829.52156185738	966.219970703125
2831.62632582224	970.695007324219
2833.73048214422	976.655029296875
2835.83403106606	983.815002441406
2837.93697283033	990.364990234375
2840.03930767951	997.965026855469
2842.1410358559	1007.28997802734
2844.24215760173	1020.58001708984
2846.34267315905	1038.75500488281
2848.44258276982	1059.69494628906
2850.54188667585	1082.06494140625
2852.64058511883	1111.26501464844
2854.73867834032	1139.93505859375
2856.83616658175	1167.19494628906
2858.93305008443	1194.30505371094
2861.02932908952	1217.30004882813
2863.12500383809	1235.38500976563
2865.22007457104	1271.58996582031
2867.31454152918	1316.81994628906
2869.40840495316	1359.43005371094
2871.50166508353	1414.96496582031
2873.59432216069	1464.39001464844
2875.68637642493	1498.01501464844
2877.77782811641	1523.68505859375
2879.86867747515	1540.70495605469
2881.95892474105	1552.3349609375
2884.0485701539	1561.32495117188
2886.13761395333	1563.06005859375
2888.22605637886	1568.29504394531
2890.3138976699	1567.25500488281
2892.40113806571	1579.35498046875
2894.48777780544	1592.4150390625
2896.57381712808	1607.95495605469
2898.65925627254	1639.93005371094
2900.74409547758	1660.19494628906
2902.82833498183	1669.15502929688
2904.9119750238	1680.89001464844
2906.99501584188	1706.43005371094
2909.07745767432	1730.30505371094
2911.15930075925	1757.2099609375
2913.24054533469	1802.59997558594
2915.3211916385	1840.625
2917.40123990846	1877.25500488281
2919.48069038217	1920.01000976563
2921.55954329716	1969.04504394531
2923.63779889079	2009.30505371094
2925.71545740033	2056.1298828125
2927.79251906289	2088.06494140625
2929.86898411548	2118.705078125
2931.94485279498	2135.42993164063
2934.02012533815	2150.73510742188
2936.0948019816	2159.8251953125
2938.16888296184	2168.9150390625
2940.24236851525	2145.65502929688
2942.31525887809	2129.84008789063
2944.38755428648	2100.44995117188
2946.45925497643	2080.69995117188
2948.53036118382	2044.21496582031
2950.6008731444	1982.73498535156
2952.67079109381	1924.33996582031
2954.74011526755	1867.40002441406
2956.80884590101	1820.51000976563
2958.87698322944	1794.97497558594
2960.94452748799	1790.00500488281
2963.01147891167	1774
2965.07783773535	1744.89001464844
2967.14360419382	1711.15002441406
2969.2087785217	1683.15002441406
2971.27336095352	1671.75
2973.33735172366	1645.84497070313
2975.40075106641	1614.7099609375
2977.46355921591	1584.97998046875
2979.52577640618	1561.42004394531
2981.58740287112	1542.56005859375
2983.64843884452	1526.15502929688
2985.70888456003	1502.59997558594
2987.76874025117	1480.68505859375
2989.82800615137	1454.86999511719
2991.88668249391	1423.19995117188
2993.94476951194	1391.61499023438
2996.00226743852	1360.06005859375
2998.05917650657	1327.04504394531
3000.11549694887	1295.81994628906
3002.17122899812	1267.43505859375
3004.22637288685	1243.68505859375
3006.2809288475	1220.56494140625
3008.33489711238	1196.67504882813
3010.38827791368	1167.70495605469
3012.44107148345	1150.55505371094
3014.49327805366	1135.26000976563
3016.5448978561	1115.3349609375
3018.59593112249	1098.24499511719
3020.64637808441	1087.19494628906
3022.6962389733	1078.72497558594
3024.74551402051	1069.53503417969
3026.79420345725	1063.67504882813
3028.84230751461	1053.94494628906
3030.88982642357	1045.94995117188
3032.93676041497	1040.50500488281
3034.98310971955	1037.90002441406
3037.02887456791	1041.74499511719
3039.07405519054	1045.91003417969
3041.11865181781	1049.56994628906
3043.16266467996	1052.24499511719
3045.20609400713	1053.66003417969
3047.24894002932	1055.74499511719
3049.2912029764	1059.32495117188
3051.33288307815	1060.22497558594
3053.37398056421	1066.40002441406
3055.41449566411	1075.65502929688
3057.45442860725	1085.32495117188
3059.49377962291	1100.18505859375
3061.53254894026	1112.92004394531
3063.57073678834	1117.35498046875
3065.60834339607	1119.76501464844
3067.64536899227	1118.18505859375
3069.68181380561	1116.35998535156
3071.71767806467	1105.84497070313
3073.75296199788	1089.15002441406
3075.78766583357	1075.31494140625
3077.82178979997	1059.68994140625
3079.85533412513	1048.875
3081.88829903705	1040.3349609375
3083.92068476356	1029.58996582031
3085.95249153241	1018.10498046875
3087.98371957119	1009.65502929688
3090.01436910741	1001.36999511719
3092.04444036844	996.034973144531
3094.07393358152	993.580017089844
3096.10284897381	989.434997558594
3098.13118677232	986.594970703125
3100.15894720395	986.789978027344
3102.18613049548	981.664978027344
3104.21273687357	978.945007324219
3106.23876656477	978.450012207031
3108.2642197955	978.974975585938
3110.28909679208	978.424987792969
3112.31339778069	977.044982910156
3114.33712298741	978.304992675781
3116.36027263819	978.625
3118.38284695887	978.945007324219
3120.40484617516	980.799987792969
3122.42627051268	982.409973144531
3124.4471201969	983.005004882813
3126.46739545319	983.775024414063
3128.4870965068	987.294982910156
3130.50622358287	986.960021972656
3132.5247769064	985.635009765625
3134.54275670229	985.590026855469
3136.56016319534	987.02001953125
3138.57699661019	988.924987792969
3140.59325717139	989.525024414063
3142.60894510338	989.010009765625
3144.62406063047	987.630004882813
3146.63860397686	987.244995117188
3148.65257536662	988.119995117188
3150.66597502371	988.034973144531
3152.67880317199	988.359985351563
3154.69106003518	991.02001953125
3156.70274583691	993.820007324219
3158.71386080065	992.775024414063
3160.72440514981	997.364990234375
3162.73437910763	1002.96002197266
3164.74378289728	1004.31500244141
3166.75261674179	1004.26000976563
3168.76088086407	1004.94500732422
3170.76857548692	1007.15002441406
3172.77570083303	1013.03002929688
3174.78225712498	1014.10498046875
3176.78824458521	1012.70001220703
3178.79366343607	1014.91497802734
3180.79851389977	1016.73999023438
3182.80279619844	1016.18499755859
3184.80651055405	1018.86999511719
3186.80965718849	1022.80499267578
3188.81223632353	1028.25500488281
3190.81424818081	1032.71496582031
3192.81569298186	1037.76501464844
3194.8165709481	1034.56494140625
3196.81688230084	1034.50500488281
3198.81662726126	1039.41003417969
3200.81580605044	1042.21496582031
3202.81441888933	1042.33996582031
3204.81246599879	1044.125
3206.80994759954	1046.64501953125
3208.80686391219	1053.55505371094
3210.80321515726	1053.75
3212.79900155512	1054.76501464844
3214.79422332605	1061.89501953125
3216.78888069021	1062.88000488281
3218.78297386765	1063.36999511719
3220.77650307828	1067.39001464844
3222.76946854195	1073.66003417969
3224.76187047834	1077.92004394531
3226.75370910705	1079.84997558594
3228.74498464755	1081.28503417969
3230.73569731921	1085.72497558594
3232.72584734127	1086.21496582031
3234.71543493287	1086.31005859375
3236.70446031304	1087.93505859375
3238.69292370068	1089.09997558594
3240.68082531459	1093.43505859375
3242.66816537345	1095.22998046875
3244.65494409583	1097.43005371094
3246.6411617002	1102.44494628906
3248.62681840488	1107.33996582031
3250.61191442812	1109.71496582031
3252.59644998804	1112.63000488281
3254.58042530263	1110.07495117188
3256.56384058979	1112.13000488281
3258.54669606731	1113.13500976563
3260.52899195285	1118.28503417969
3262.51072846396	1125.65502929688
3264.4919058181	1125.79504394531
3266.47252423259	1125.97998046875
3268.45258392464	1128.1650390625
3270.43208511138	1133.88500976563
3272.41102800978	1141.60498046875
3274.38941283675	1146.25
3276.36723980904	1150.80004882813
3278.34450914332	1156.47998046875
3280.32122105613	1157.2900390625
3282.29737576392	1163.25
3284.272973483	1164.44494628906
3286.24801442958	1170.39501953125
3288.22249881978	1170.80004882813
3290.19642686957	1169.82495117188
3292.16979879485	1172.34497070313
3294.14261481136	1174.53002929688
3296.11487513478	1179.19995117188
3298.08657998065	1182.23999023438
3300.0577295644	1179.0849609375
3302.02832410136	1171.96997070313
3303.99836380673	1174.02502441406
3305.96784889563	1169.27001953125
3307.93677958303	1164.55505371094
3309.90515608383	1161.23999023438
3311.87297861278	1160.9599609375
3313.84024738456	1165.05004882813
3315.80696261371	1166.43005371094
3317.77312451466	1167.6826171875
3319.73873330175	1168.93505859375
3321.70378918919	1163.18005371094
3323.66829239109	1156.69995117188
3325.63224312145	1153.61499023438
3327.59564159416	1159.99499511719
3329.55848802299	1166.0400390625
3331.52078262162	1163.76501464844
3333.4825256036	1153.28503417969
3335.44371718237	1156.02502441406
3337.40435757128	1155.53503417969
3339.36444698356	1155.04504394531
3341.32398563232	1154.18005371094
3343.28297373058	1151.55004882813
3345.24141149124	1150
3347.19929912709	1150.62829589844
3349.15663685081	1151.25671386719
3351.11342487497	1151.88500976563
3353.06966341204	1147.78503417969
3355.02535267437	1145.22998046875
3356.98049287421	1145.10498046875
3358.9350842237	1144.97998046875
3360.88912693486	1145.01000976563
3362.84262121962	1150.94494628906
3364.79556728978	1158.03002929688
3366.74796535705	1155.22998046875
3368.69981563302	1154.22998046875
3370.65111832917	1153.74499511719
3372.60187365689	1148.5
3374.55208182744	1146.07995605469
3376.50174305198	1143.77001953125
3378.45085754157	1141.66003417969
3380.39942550714	1140.64001464844
3382.34744715954	1144.39001464844
3384.29492270949	1146.54504394531
3386.24185236761	1143.56005859375
3388.18823634442	1140.40502929688
3390.13407485031	1137.68994140625
3392.07936809559	1142.22998046875
3394.02411629045	1144.15502929688
3395.96831964496	1136.94995117188
3397.91197836911	1130.25500488281
3399.85509267275	1125.86499023438
3401.79766276564	1122.73999023438
3403.73968885745	1125.82995605469
3405.68117115771	1132.86499023438
3407.62210987586	1131.48498535156
3409.56250522123	1132.11999511719
3411.50235740305	1132.55004882813
3413.44166663043	1127.34997558594
3415.38043311238	1125.47998046875
3417.3186570578	1125.53002929688
3419.2563386755	1125.55004882813
3421.19347817415	1122.30004882813
3423.13007576235	1127.44494628906
3425.06613164857	1125.01000976563
3427.00164604118	1122.57495117188
3428.93661914844	1119.57995605469
3430.87105117852	1118.19995117188
3432.80494233945	1118.48498535156
3434.73829283919	1118.77001953125
3436.67110288558	1119.05505371094
3438.60337268634	1116.23498535156
3440.53510244911	1118.31994628906
3442.4662923814	1116.65502929688
3444.39694269064	1109.43994140625
3446.32705358412	1102.26000976563
3448.25662526905	1101.68994140625
3450.18565795254	1110.45495605469
3452.11415184156	1109.51000976563
3454.04210714302	1110.25500488281
3455.96952406369	1108.30004882813
3457.89640281024	1106.36999511719
3459.82274358924	1106.125
3461.74854660717	1102.45495605469
3463.67381207038	1098.34497070313
3465.59854018513	1095.54504394531
3467.52273115756	1091.28503417969
3469.44638519373	1086.81005859375
3471.36950249956	1083.40502929688
3473.29208328091	1077.4150390625
3475.21412774349	1075.03503417969
3477.13563609293	1071.72998046875
3479.05660853476	1067.75
3480.97704527438	1067.03002929688
3482.89694651712	1067.31994628906
3484.81631246818	1063.96496582031
3486.73514333266	1059.75500488281
3488.65343931557	1056.94995117188
3490.57120062179	1058.01501464844
3492.48842745612	1053.95495605469
3494.40512002324	1048.71997070313
3496.32127852773	1042.93994140625
3498.23690317408	1040.89001464844
3500.15199416666	1035.41003417969
3502.06655170974	1033.47497558594
3503.98057600749	1032.38500976563
3505.89406726396	1028.0849609375
3507.80702568312	1025.16003417969
3509.71945146883	1020.25500488281
3511.63134482483	1012.93499755859
3513.54270595478	1007.73999023438
3515.45353506222	1006.03997802734
3517.3638323506	1006.20001220703
3519.27359802324	1007.92498779297
3521.1828322834	1004.80499267578
3523.09153533419	1002.47497558594
3524.99970737866	998.494995117188
3526.90734861972	992.52001953125
3528.81445926021	988.864990234375
3530.72103950283	986.400024414063
3532.62708955022	982.340026855469
3534.53260960488	977.85498046875
3536.43759986923	971.869995117188
3538.34206054558	967.744995117188
3540.24599183613	963.375
3542.149393943	963.349975585938
3544.05226706817	960.385009765625
3545.95461141357	957.859985351563
3547.85642718097	953.994995117188
3549.75771457208	950.419982910156
3551.6584737885	949.440002441406
3553.55870503171	947.960021972656
3555.4584085031	945.914978027344
3557.35758440396	940.614990234375
3559.25623293548	937.554992675781
3561.15435429874	934.450012207031
3563.05194869473	931.335021972656
3564.94901632432	929.614990234375
3566.84555738829	927.10498046875
3568.74157208732	924.799987792969
3570.63706062199	922.64501953125
3572.53202319277	922.085021972656
3574.42646000003	921.255004882813
3576.32037124406	918.900024414063
3578.213757125	917.789978027344
3580.10661784295	913.755004882813
3581.99895359786	911.099975585938
3583.8907645896	909.049987792969
3585.78205101794	905.804992675781
3587.67281308254	905.830017089844
3589.56305098297	905.489990234375
3591.4527649187	904.549987792969
3593.34195508907	903.474975585938
3595.23062169338	901.034973144531
3597.11876493075	899.804992675781
3599.00638500027	896.224975585938
3600.89348210089	893.989990234375
3602.78005643148	892.89501953125
3604.66610819078	890.72998046875
3606.55163757747	889.309997558594
3608.4366447901	886.960021972656
3610.32113002713	884.140014648438
3612.20509348693	881.265014648438
3614.08853536774	880.510009765625
3615.97145586773	879.125
3617.85385518497	878.679992675781
3619.7357335174	878.02001953125
3621.61709106289	875.994995117188
3623.4979280192	872.594970703125
3625.37824458399	870.179992675781
3627.25804095482	868.539978027344
3629.13731732915	867.875
3631.01607390435	869.164978027344
3632.89431087767	865.465026855469
3634.77202844629	862.849975585938
3636.64922680726	860.765014648438
3638.52590615754	859.794982910156
3640.40206669402	860.010009765625
3642.27770861344	858.684997558594
3644.15283211248	857.734985351563
3646.02743738771	855.664978027344
3647.90152463559	854.924987792969
3649.77509405251	854.005004882813
3651.64814583473	851.820007324219
3653.52068017842	849.210021972656
3655.39269727965	846.614990234375
3657.26419733442	844.315002441406
3659.13518053858	844.585021972656
3661.00564708793	843.27001953125
3662.87559717814	841.890014648438
3664.7450310048	840.359985351563
3666.61394876338	839.5
3668.48235064928	837.724975585938
3670.35023685779	838.125
3672.21760758409	837.775024414063
3674.08446302327	836.359985351563
3675.95080337033	834.780029296875
3677.81662882017	833.719970703125
3679.68193956758	831.405029296875
3681.54673580727	830.950012207031
3683.41101773383	828.880004882813
3685.27478554178	826.909973144531
3687.13803942551	827.679992675781
3689.00077957934	825.619995117188
3690.86300619748	824.515014648438
3692.72471947405	823.594970703125
3694.58591960306	823.825012207031
3696.44660677844	822.655029296875
3698.306781194	822.419982910156
3700.16644304348	822.080017089844
3702.02559252049	821.64501953125
3703.88422981859	821.155029296875
3705.74235513119	821.315002441406
3707.59996865164	817.659973144531
3709.45707057318	816.534973144531
3711.31366108895	817.130004882813
3713.16974039199	815.465026855469
3715.02530867527	814.630004882813
3716.88036613164	814.594970703125
3718.73491295385	814.515014648438
3720.58894933456	814.650024414063
3722.44247546634	813.239990234375
3724.29549154166	811.534973144531
3726.14799775289	812.119995117188
3727.9999942923	811.784973144531
3729.85148135209	810.195007324219
3731.70245912432	809.440002441406
3733.55292780098	809.77001953125
3735.40288757397	810.335021972656
3737.25233863509	810.594970703125
3739.10128117603	810.034973144531
3740.9497153884	810.200012207031
3742.7976414637	808.880004882813
3744.64505959335	807.710021972656
3746.49196996866	807.97998046875
3748.33837278086	807.822509765625
3750.18426822108	807.664978027344
3752.02965648033	807.419982910156
3753.87453774956	806.909973144531
3755.7189122196	806.210021972656
3757.5627800812	806.905029296875
3759.40614152501	806.289978027344
3761.24899674159	806.494995117188
3763.09134592138	806.700012207031
3764.93318925476	806.905029296875
3766.77452693199	807.179992675781
3768.61535914325	806.950012207031
3770.45568607861	808.140014648438
3772.29550792807	807.794982910156
3774.1348248815	805.640014648438
3775.9736371287	805.919982910156
3777.81194485938	805.5
