32.6816976106991	719.544982910156
35.6535599501435	719.544982910156
38.6244374909659	719.469970703125
41.5943306947054	719.359985351563
44.5632400226282	719.25
47.5311659356917	719.075012207031
50.4981088945929	718.955017089844
53.4640693597127	719.099975585938
56.4290477911676	719.075012207031
59.3930446487746	718.77001953125
62.356060392067	718.880004882813
65.3180954802906	718.900024414063
68.2791503724084	718.869995117188
71.2392255270922	718.840026855469
74.1983214027271	718.674987792969
77.1564384574159	718.97998046875
80.113577148983	718.775024414063
83.0697379349549	718.974975585938
86.0249212725722	718.85498046875
88.9791276188058	718.909973144531
91.9323574303255	718.885009765625
94.8846111635238	719.119995117188
97.8358892745121	719.190002441406
100.786192219114	719.044982910156
103.73552045287	719.044982910156
106.683874431037	719.179992675781
109.631254608583	719.559997558594
112.577661440203	719.539978027344
115.523095380307	719.724975585938
118.467556883015	720.309997558594
121.411046402175	721.099975585938
124.353564391344	722.445007324219
127.295111303796	724.659973144531
130.235687592532	728.75
133.175293710265	736.02001953125
136.113930109434	748.530029296875
139.051597242185	769.159973144531
141.98829556039	798.159973144531
144.92402551564	837.114990234375
147.858787559244	881.135009765625
150.792582142239	930.734985351563
153.725409715372	981.085021972656
156.65727072911	1023.125
159.588165633643	1056.2099609375
162.518094878884	1077.65502929688
165.447058914469	1093.92004394531
168.375058189747	1103.41003417969
171.302093153792	1104.05004882813
174.228164255401	1102.53002929688
177.153271943091	1095.57495117188
180.077416665101	1095.52001953125
183.000598869394	1094.72497558594
185.922819003656	1095.0224609375
188.84407751529	1095.31994628906
191.764374851424	1097.31005859375
194.683711458919	1095.58996582031
197.60208778434	1097.57495117188
200.519504273992	1104.3349609375
203.435961373894	1114.20495605469
206.351459529801	1125
209.265999187174	1134.5849609375
212.179580791207	1152.79504394531
215.092204786825	1170.32495117188
218.003871618673	1189.60498046875
220.914581731116	1211.85498046875
223.824335568247	1224.05004882813
226.733133573893	1234.32995605469
229.640976191593	1249.95495605469
232.547863864614	1266.10998535156
235.453797035961	1278.42504882813
238.358776148354	1278.39501953125
241.26280164424	1281.11999511719
244.1658739658	1283.81994628906
247.067993554929	1283.86499023438
249.969160853266	1277.35998535156
252.869376302162	1274.17504882813
255.768640342707	1262.92004394531
258.666953415705	1252.69494628906
261.564315961705	1251.56494140625
264.46072842097	1251.5849609375
267.356191233499	1244.67004394531
270.25070483901	1233.94995117188
273.144269676967	1231.30505371094
276.036886186551	1229.81005859375
278.928554806671	1226.85498046875
281.819275975966	1223.03503417969
284.709050132812	1218.10998535156
287.597877715306	1214.08996582031
290.485759161281	1212.32995605469
293.372694908298	1210.47497558594
296.258685393644	1204.64501953125
299.143731054352	1198.64501953125
302.027832327156	1194.90002441406
304.910989648557	1194.89001464844
307.79320345476	1192.41003417969
310.674474181717	1194.65002441406
313.554802265101	1193.19494628906
316.434188140326	1190.13000488281
319.312632242533	1187.26000976563
322.190135006593	1185.7099609375
325.066696867117	1182.375
327.942318258443	1180.35998535156
330.816999614641	1177.83996582031
333.690741369517	1174.56005859375
336.56354395661	1174.05505371094
339.435407809193	1171.125
342.306333360273	1168.55004882813
345.176321042591	1164.2099609375
348.045371288612	1155.68005371094
350.913484530551	1157.65002441406
353.78066120035	1153.89001464844
356.64690172969	1151.95495605469
359.512206549972	1152.19995117188
362.376576092357	1146.46997070313
365.240010787716	1141.81494140625
368.102511066677	1141.82495117188
370.964077359587	1140.65502929688
373.82471009654	1142.18994140625
376.684409707364	1143.72497558594
379.543176621612	1139.14501953125
382.401011268595	1133.8349609375
385.257914077343	1134.27502441406
388.113885476627	1139.7099609375
390.968925894961	1142.40002441406
393.823035760591	1142.68994140625
396.676215501503	1144.81005859375
399.528465545415	1153.34997558594
402.379786319791	1159.77001953125
405.230178251834	1162.3349609375
408.079641768472	1171.61999511719
410.928177296387	1179.51501464844
413.775785261992	1182.59997558594
416.622466091445	1186.43505859375
419.468220210631	1188.97497558594
422.313048045182	1191.57995605469
425.156950020479	1198.20495605469
427.999926561623	1196.88000488281
430.841978093471	1198.05004882813
433.683105040613	1195.89001464844
436.523307827384	1189.94494628906
439.362586877851	1188.13500976563
442.200942615829	1179.57995605469
445.038375464876	1179.2099609375
447.874885848283	1182.52502441406
450.710474189089	1179.97998046875
453.54514091007	1176.50500488281
456.37888643375	1172.50500488281
459.211711182386	1170.56994628906
462.043615577986	1172.94995117188
464.874600042297	1173.28002929688
467.704664996804	1165.96997070313
470.533810862741	1163.50500488281
473.36203806108	1159.43994140625
476.189347012547	1157.9150390625
479.015738137594	1158.71997070313
481.841211856432	1158.13000488281
484.665768589008	1157.5400390625
487.489408755009	1161.76000976563
490.312132773878	1172.15502929688
493.133941064796	1175.75
495.954834046683	1178.30004882813
498.77481213821	1176.31994628906
501.593875757797	1182.26000976563
504.412025323601	1187.42504882813
507.229261253524	1184.96997070313
510.045583965226	1184.10998535156
512.860993876093	1184.85498046875
515.675491403271	1184.05004882813
518.489076963649	1183.24499511719
521.301750973863	1182.23498535156
524.113513850293	1173.61999511719
526.924366009065	1165.63000488281
529.734307866052	1162.78002929688
532.543339836881	1161.22998046875
535.35146233692	1155.38000488281
538.158675781281	1149.20495605469
540.964980584833	1142.55004882813
543.770377162182	1140.42504882813
546.574865927692	1135.86499023438
549.378447295465	1136.77001953125
552.181121679365	1130.1650390625
554.982889492993	1122.10998535156
557.783751149701	1119.21496582031
560.583707062591	1117.04504394531
563.38275764452	1117.95495605469
566.180903308083	1115.0849609375
568.978144465633	1113.77001953125
571.774481529266	1115.26000976563
574.569914910839	1106.9599609375
577.364445021949	1101.64501953125
580.158072273946	1098.20495605469
582.950797077926	1098.375
585.742619844752	1092.35498046875
588.533540985018	1089.38000488281
591.323560909078	1090.18505859375
594.112680027034	1086.52502441406
596.90089874875	1086.43005371094
599.688217483828	1085.86499023438
602.474636641629	1081.96997070313
605.260156631263	1079.24499511719
608.044777861596	1076.84997558594
610.828500741241	1073.93994140625
613.611325678567	1075.71496582031
616.393253081697	1078.05004882813
619.174283358506	1077.26000976563
621.954416916616	1083.35998535156
624.733654163414	1085.52502441406
627.511995506029	1084.392578125
630.289441351351	1083.26000976563
633.065992106022	1079.71997070313
635.841648176434	1074.81494140625
638.616409968744	1070.23999023438
641.390277888847	1071.65002441406
644.163252342408	1079.19494628906
646.93533373484	1082.51000976563
649.706522471307	1086.93994140625
652.47681895674	1087.5
655.246223595811	1087.32495117188
658.014736792957	1086.78002929688
660.782358952371	1084.18994140625
663.549090477999	1081.14501953125
666.314931773542	1078.59497070313
669.079883242452	1081.51501464844
671.843945287955	1080.55505371094
674.607118313019	1081.86999511719
677.369402720366	1087.60498046875
680.130798912488	1086.70251464844
682.891307291627	1085.80004882813
685.650928259784	1082.26000976563
688.409662218708	1081.18994140625
691.167509569927	1079.73498535156
693.924470714705	1078.84997558594
696.680546054078	1078.45495605469
699.435735988832	1078.24499511719
702.190040919516	1075.5400390625
704.943461246442	1078.92004394531
707.695997369667	1081.09497070313
710.447649689022	1080.70495605469
713.198418604088	1079.89001464844
715.948304514206	1079.57995605469
718.697307818481	1079.9599609375
721.445428915779	1083.44494628906
724.192668204716	1083.07824707031
726.93902608368	1082.71166992188
729.684502950805	1082.34497070313
732.429099204005	1084.90502929688
735.172815240936	1086.01000976563
737.915651459026	1088.96997070313
740.657608255463	1088.32495117188
743.398686027186	1087.3349609375
746.13888517091	1092.27502441406
748.878206083102	1097.9150390625
751.616649159998	1099.94494628906
754.354214797584	1101.05004882813
757.09090339162	1105.25
759.826715337622	1108.47998046875
762.561651030868	1107.96997070313
765.295710866406	1104.81005859375
768.028895239041	1098.77502441406
770.761204543336	1091.88500976563
773.492639173626	1087.73498535156
776.223199524006	1077.80004882813
778.952885988334	1073.56494140625
781.681698960235	1072.03002929688
784.40963883309	1067.93505859375
787.136706000052	1064.77502441406
789.862900854037	1064.10998535156
792.588223787721	1067.2900390625
795.312675193549	1067.84997558594
798.036255463728	1067.375
800.758964990228	1064.61499023438
803.480804164792	1064.16003417969
806.201773378919	1067.85998535156
808.921873023884	1073.52502441406
811.641103490712	1081.11499023438
814.359465170214	1089.24499511719
817.076958452946	1095.7099609375
819.793583729246	1103.88000488281
822.509341389214	1112.85498046875
825.224231822712	1125.07995605469
827.938255419375	1141.8349609375
830.651412568596	1152.19494628906
833.363703659544	1158.90502929688
836.075129081157	1164.90002441406
838.785689222127	1171.52001953125
841.495384470928	1172.10498046875
844.204215215788	1174.72497558594
846.912181844721	1183.85998535156
849.619284745491	1192.40502929688
852.325524305638	1199.625
855.030900912475	1210.81994628906
857.735414953079	1214.68994140625
860.439066814289	1213.81005859375
863.141856882725	1215.18994140625
865.843785544769	1207.03503417969
868.544853186571	1190.60498046875
871.245060194063	1181.43994140625
873.944406952925	1176.2099609375
876.642893848625	1174.05505371094
879.340521266398	1175.88500976563
882.037289591241	1179.875
884.733199207927	1185.59997558594
887.428250501001	1189.13000488281
890.122443854778	1191.22998046875
892.815779653335	1186.99499511719
895.508258280534	1192.40502929688
898.199880119997	1201.82495117188
900.890645555129	1206.9150390625
903.580554969094	1213.55004882813
906.269608744832	1212.58996582031
908.957807265056	1210.26000976563
911.645150912257	1213.55505371094
914.331640068689	1206.10498046875
917.017275116375	1203.3349609375
919.702056437128	1202.83996582031
922.385984412518	1202.75
925.069059423886	1203.23498535156
927.751281852366	1216.53503417969
930.432652078842	1226.72497558594
933.113170483983	1235.64001464844
935.79283744823	1246.72497558594
938.471653351806	1258.61999511719
941.149618574686	1258.15002441406
943.826733496641	1259.68505859375
946.502998497206	1271.50500488281
949.178413955689	1273.24499511719
951.85298025118	1272.32751464844
954.526697762544	1271.41003417969
957.199566868403	1272.17004394531
959.87158794718	1275.830078125
962.542761377054	1279.48999023438
965.213087535987	1270.2099609375
967.882566801719	1260.17504882813
970.551199551761	1253.76501464844
973.218986163399	1249.13500976563
975.885927013698	1239.93505859375
978.552022479501	1233.40002441406
981.217272937423	1224.39001464844
983.88167876386	1225.625
986.545240334978	1233.38000488281
989.207958026729	1240.7099609375
991.869832214835	1255.03503417969
994.530863274798	1269.67504882813
997.191051581895	1296.94494628906
999.850397511185	1342.0400390625
1002.50890143751	1408.79504394531
1005.16656373546	1466.66003417969
1007.82338477944	1500.23498535156
1010.47936494363	1515.63000488281
1013.13450460195	1499.80505371094
1015.78880412815	1445.5400390625
1018.44226389572	1381.68505859375
1021.09488427794	1318.38500976563
1023.74666564789	1284.18994140625
1026.3976083784	1261.78503417969
1029.04771284208	1247.64501953125
1031.69697941135	1246.60498046875
1034.34540845838	1251.0849609375
1036.99300035512	1258.77502441406
1039.63975547333	1261.44995117188
1042.28567418452	1258.06494140625
1044.93075685998	1255.5
1047.57500387081	1246.85498046875
1050.21841558786	1246.99499511719
1052.86099238177	1251.02001953125
1055.50273462297	1256.30004882813
1058.14364268167	1257.76000976563
1060.78371692784	1261.67004394531
1063.42295773126	1266.60998535156
1066.06136546148	1273.22998046875
1068.69894048781	1276.86499023438
1071.33568317939	1289.84997558594
1073.9715939051	1292.99499511719
1076.60667303362	1296.50500488281
1079.24092093341	1297
1081.87433797271	1296.48999023438
1084.50692451954	1295.97998046875
1087.13868094172	1294.34497070313
1089.76960760684	1295.05004882813
1092.39970488226	1293.85998535156
1095.02897313516	1292.39501953125
1097.65741273246	1289.67504882813
1100.28502404089	1281.00500488281
1102.91180742697	1267.6650390625
1105.53776325698	1260.2099609375
1108.16289189701	1255.96496582031
1110.78719371291	1252.57495117188
1113.41066907033	1252.76000976563
1116.0333183347	1252.67004394531
1118.65514187124	1250.60998535156
1121.27614004495	1249.61999511719
1123.89631322061	1247.86999511719
1126.51566176279	1246.02001953125
1129.13418603585	1250.53503417969
1131.75188640394	1254.88000488281
1134.36876323098	1251.82495117188
1136.98481688069	1235.38000488281
1139.60004771655	1219.10498046875
1142.21445610187	1195.21496582031
1144.82804239972	1175.2099609375
1147.44080697295	1162.11999511719
1150.05275018421	1158.22497558594
1152.66387239593	1157.58996582031
1155.27417397034	1160.10998535156
1157.88365526943	1165.41003417969
1160.49231665502	1173.47497558594
1163.10015848867	1181.03002929688
1165.70718113176	1183.91003417969
1168.31338494544	1179.80004882813
1170.91877029067	1178.375
1173.52333752817	1180.76000976563
1176.12708701847	1182.05004882813
1178.73001912187	1183.33996582031
1181.33213419848	1178.34997558594
1183.93343260819	1177.44995117188
1186.53391471068	1174.09497070313
1189.13358086539	1167.25500488281
1191.73243143161	1161.86999511719
1194.33046676836	1155.53503417969
1196.92768723449	1151.92004394531
1199.52409318861	1159.125
1202.11968498915	1171.35998535156
1204.7144629943	1184.68005371094
1207.30842756206	1197.17504882813
1209.90157905021	1209.82495117188
1212.49391781634	1225.36999511719
1215.08544421779	1229.13500976563
1217.67615861174	1222.05505371094
1220.26606135512	1221.0400390625
1222.85515280468	1216.72998046875
1225.44343331694	1210.55004882813
1228.03090324823	1210.90002441406
1230.61756295466	1216.80004882813
1233.20341279213	1227.89501953125
1235.78845311634	1240.78503417969
1238.37268428278	1256.73498535156
1240.95610664673	1272.41003417969
1243.53872056325	1284.78002929688
1246.12052638722	1287.80004882813
1248.70152447329	1290.72497558594
1251.28171517591	1288.09997558594
1253.86109884934	1289.80505371094
1256.43967584759	1293.69995117188
1259.0174465245	1294.88500976563
1261.5944112337	1297.19995117188
1264.1705703286	1299.41003417969
1266.74592416241	1303.65002441406
1269.32047308814	1303.83996582031
1271.89421745858	1307.76501464844
1274.46715762633	1312.98999023438
1277.03929394377	1310.79248046875
1279.61062676308	1308.59497070313
1282.18115643624	1305.71496582031
1284.75088331502	1306.49499511719
1287.31980775098	1301.6650390625
1289.88793009548	1306.05505371094
1292.45525069969	1303.31994628906
1295.02176991454	1294.33996582031
1297.58748809078	1283.14001464844
1300.15240557897	1283.47998046875
1302.71652272942	1292.96496582031
1305.27983989229	1304.51501464844
1307.84235741749	1313.81494140625
1310.40407565475	1321.21496582031
1312.9649949536	1325.4150390625
1315.52511566335	1335.49499511719
1318.08443813311	1335.31005859375
1320.64296271181	1344.65002441406
1323.20068974815	1355.71496582031
1325.75761959063	1359.35498046875
1328.31375258756	1356.78503417969
1330.86908908704	1355.51000976563
1333.42362943696	1357.38500976563
1335.97737398503	1358.34997558594
1338.53032307874	1359.31494140625
1341.08247706537	1356.3349609375
1343.63383629202	1359.76000976563
1346.18440110558	1358.38745117188
1348.73417185274	1357.01501464844
1351.28314887997	1349.79504394531
1353.83133253357	1327.53002929688
1356.37872315961	1302.8349609375
1358.92532110398	1283.25
1361.47112671237	1258.42004394531
1364.01614033024	1232.8349609375
1366.56036230288	1222.32995605469
1369.10379297537	1212.72497558594
1371.64643269258	1202.56994628906
1374.18828179921	1189.4599609375
1376.72934063972	1178.09997558594
1379.2696095584	1168.40002441406
1381.80908889932	1166.69995117188
1384.34777900637	1163.85998535156
1386.88568022323	1163.98999023438
1389.42279289337	1160.06994628906
1391.95911736009	1160.96496582031
1394.49465396645	1162.05505371094
1397.02940305537	1169.25500488281
1399.5633649695	1175.50500488281
1402.09654005135	1176.17504882813
1404.6289286432	1181.43005371094
1407.16053108714	1188.06994628906
1409.69134772507	1186.18994140625
1412.22137889868	1190.125
1414.75062494947	1197.88500976563
1417.27908621874	1198.09997558594
1419.80676304759	1200.71496582031
1422.33365577692	1204.36999511719
1424.85976474744	1206.63000488281
1427.38509029967	1209.43994140625
1429.90963277392	1215.36999511719
1432.4333925103	1220.06994628906
1434.95636984873	1230.5
1437.47856512894	1244.35998535156
1439.99997869045	1268.90502929688
1442.5206108726	1291.64501953125
1445.04046201452	1324.75500488281
1447.55953245515	1366.13000488281
1450.07782253323	1400.10998535156
1452.59533258731	1469.34997558594
1455.11206295574	1445.53747558594
1457.62801397668	1421.72497558594
1460.14318598809	1421.65002441406
1462.65757932774	1406.26501464844
1465.1711943332	1381.85998535156
1467.68403134184	1355.61999511719
1470.19609069085	1326.23498535156
1472.70737271721	1295.32995605469
1475.21787775772	1264.07995605469
1477.72760614897	1225.17504882813
1480.23655822738	1188.4150390625
1482.74473432914	1148.18505859375
1485.25213479029	1110.07995605469
1487.75875994664	1083.39001464844
1490.26461013382	1061.5849609375
1492.76968568726	1045.30505371094
1495.27398694222	1034.38000488281
1497.77751423374	1026.31994628906
1500.28026789667	1023.59002685547
1502.78224826569	1018.27502441406
1505.28345567526	1014.75
1507.78389045967	1010.54998779297
1510.28355295299	1006.60498046875
1512.78244348913	1004.33502197266
1515.28056240178	1004.69000244141
1517.77791002445	1003.59997558594
1520.27448669047	1004.54998779297
1522.77029273296	1005.47497558594
1525.26532848486	1004.80999755859
1527.75959427889	1004.35498046875
1530.25309044764	1005.11999511719
1532.74581732344	1004.74749755859
1535.23777523847	1004.375
1537.72896452471	1006.67999267578
1540.21938551394	1010.17999267578
1542.70903853778	1012.30999755859
1545.19792392761	1018.41998291016
1547.68604201466	1025.34997558594
1550.17339312997	1034.84997558594
1552.65997760434	1040.5849609375
1555.14579576845	1043.10498046875
1557.63084795275	1049.66003417969
1560.11513448749	1053.31494140625
1562.59865570276	1053.07495117188
1565.08141192845	1050.46496582031
1567.56340349426	1047.09497070313
1570.04463072969	1044.67504882813
1572.52509396406	1043.2099609375
1575.00479352652	1043.17004394531
1577.48372974599	1045.73498535156
1579.96190295124	1048.48999023438
1582.43931347083	1052.59997558594
1584.91596163314	1057.97998046875
1587.39184776636	1066.14001464844
1589.86697219849	1070.02502441406
1592.34133525734	1075.28503417969
1594.81493727054	1078.95495605469
1597.28777856553	1083.7900390625
1599.75985946955	1088.86999511719
1602.23118030968	1096.35498046875
1604.70174141278	1111.7099609375
1607.17154310555	1129.19995117188
1609.64058571449	1142.56994628906
1612.10886956591	1153.2900390625
1614.57639498595	1157.47998046875
1617.04316230054	1159.05493164063
1619.50917183543	1160.63000488281
1621.97442391621	1154.81994628906
1624.43891886825	1148.96496582031
1626.90265701674	1136.84497070313
1629.36563868671	1132.72497558594
1631.82786420296	1133.80004882813
1634.28933389016	1131.64001464844
1636.75004807274	1138.43505859375
1639.21000707498	1151.63000488281
1641.66921122097	1165.35998535156
1644.12766083459	1181.00500488281
1646.58535623956	1198.64001464844
1649.04229775941	1219.23498535156
1651.4984857175	1240.01000976563
1653.95392043697	1261.98999023438
1656.40860224079	1284.92504882813
1658.86253145177	1305.63000488281
1661.3157083925	1319.42504882813
1663.76813338542	1324.53002929688
1666.21980675275	1326.17504882813
1668.67072881656	1318.89501953125
1671.1208998987	1304.54504394531
1673.57032032089	1291.25
1676.0189904046	1279.56005859375
1678.46691047118	1259.73999023438
1680.91408084174	1236.93005371094
1683.36050183726	1218.50500488281
1685.8061737785	1193.24499511719
1688.25109698605	1158.40502929688
1690.69527178032	1129.24499511719
1693.13869848153	1109.58996582031
1695.58137740972	1090.82995605469
1698.02330888476	1065.34497070313
1700.46449322631	1043.72998046875
1702.90493075388	1024.42004394531
1705.34462178678	1007.95501708984
1707.78356664414	994.010009765625
1710.22176564492	981.070007324219
1712.65921910787	971.359985351563
1715.0959273516	962.429992675781
1717.53189069449	956.315002441406
1719.9671094548	948.419982910156
1722.40158395054	945.510009765625
1724.8353144996	944.914978027344
1727.26830141965	943.429992675781
1729.70054502819	940.669982910156
1732.13204564255	939.434997558594
1734.56280357987	937.869995117188
1736.99281915711	936.484985351563
1739.42209269106	936.52001953125
1741.85062449831	937.315002441406
1744.27841489529	935.335021972656
1746.70546419823	931.945007324219
1749.13177272321	930.380004882813
1751.5573407861	929.905029296875
1753.98216870262	928.700012207031
1756.40625678828	928.155029296875
1758.82960535844	927.820007324219
1761.25221472825	927.289978027344
1763.67408521271	926.825012207031
1766.09521712663	926.75
1768.51561078464	926.460021972656
1770.93526650119	925.974975585938
1773.35418459056	923.794982910156
1775.77236536684	923.359985351563
1778.18980914396	923.89501953125
1780.60651623565	924.570007324219
1783.02248695548	924.994995117188
1785.43772161684	925.655029296875
1787.85222053292	923.784973144531
1790.26598401677	921.590026855469
1792.67901238123	920.450012207031
1795.09130593899	920.190002441406
1797.50286500254	920.419982910156
1799.9136898842	918.97998046875
1802.32378089613	918.094970703125
1804.73313835028	916.369995117188
1807.14176255846	917.525024414063
1809.54965383228	917.434997558594
1811.95681248317	917.294982910156
1814.36323882242	917.484985351563
1816.76893316109	915.174987792969
1819.17389581011	916.140014648438
1821.57812708021	915.179992675781
1823.98162728196	915.72998046875
1826.38439672573	915.487487792969
1828.78643572174	915.244995117188
1831.18774458003	914.515014648438
1833.58832361045	914.280029296875
1835.98817312269	914.025024414063
1838.38729342625	910.799987792969
1840.78568483048	910.440002441406
1843.18334764454	911.619995117188
1845.58028217741	911.309997558594
1847.9764887379	912.224975585938
1850.37196763465	913.455017089844
1852.76671917613	913.205017089844
1855.16074367062	913.015014648438
1857.55404142624	913.130004882813
1859.94661275094	910.905029296875
1862.33845795247	911.294982910156
1864.72957733844	909.02001953125
1867.11997121627	909.869995117188
1869.5096398932	909.619995117188
1871.89858367631	909.734985351563
1874.28680287251	908.515014648438
1876.67429778851	908.375
1879.06106873089	909.875
1881.44711600601	910.330017089844
1883.8324399201	910.034973144531
1886.21704077919	908.289978027344
1888.60091888915	908.580017089844
1890.98407455567	907.869995117188
1893.36650808428	909.239990234375
1895.74821978033	909.210021972656
1898.12920994899	908.22998046875
1900.50947889527	908.544982910156
1902.88902692401	907.025024414063
1905.26785433986	907.255004882813
1907.64596144734	910.349975585938
1910.02334855075	909.844970703125
1912.40001595424	910.275024414063
1914.7759639618	910.434997558594
1917.15119287724	908.034973144531
1919.52570300419	907.630004882813
1921.89949464611	907.885009765625
1924.27256810632	908.664978027344
1926.64492368793	909.169982910156
1929.0165616939	909.432495117188
1931.38748242701	909.695007324219
1933.75768618989	909.330017089844
1936.12717328497	910.327514648438
1938.49594401455	911.325012207031
1940.86399868071	909.234985351563
1943.23133758541	906.864990234375
1945.5979610304	906.10498046875
1947.96386931729	908.210021972656
1950.32906274751	907.875
1952.69354162232	907.190002441406
1955.0573062428	907.614990234375
1957.42035690989	908.224975585938
1959.78269392434	910.200012207031
1962.14431758673	910.525024414063
1964.50522819748	910.434997558594
1966.86542605684	909.054992675781
1969.22491146488	907.015014648438
1971.58368472153	905.284973144531
1973.94174612654	907.635009765625
1976.29909597945	906.6875
1978.65573457971	905.739990234375
1981.01166222654	905.525024414063
1983.36687921902	907.619995117188
1985.72138585606	908.674987792969
1988.07518243639	907.929992675781
1990.42826925859	908.174987792969
1992.78064662106	907.565002441406
1995.13231482205	907.2275390625
1997.48327415961	906.890014648438
1999.83352493167	906.760009765625
2002.18306743594	907.787475585938
2004.53190197002	908.815002441406
2006.8800288313	907.325012207031
2009.22744831703	905.525024414063
2011.57416072427	905.234985351563
2013.92016634993	904.909973144531
2016.26546549076	905.015014648438
2018.61005844332	904.635009765625
2020.95394550404	905.22998046875
2023.29712696915	906.880004882813
2025.63960313474	906.695007324219
2027.98137429672	906.405029296875
2030.32244075083	906.135009765625
2032.66280279266	904.885009765625
2035.00246071763	906.215026855469
2037.34141482099	906.945007324219
2039.67966539784	906.484985351563
2042.01721274309	906.989990234375
2044.35405715151	906.652465820313
2046.69019891769	906.315002441406
2049.02563833606	906.489990234375
2051.3603757009	904.575012207031
2053.6944113063	906.075012207031
2056.0277454462	906.445007324219
2058.36037841439	905.705017089844
2060.69231050446	904.820007324219
2063.02354200988	906.130004882813
2065.35407322392	906.525024414063
2067.68390443971	907.650024414063
2070.01303595021	908.277526855469
2072.3414680482	908.905029296875
2074.66920102633	907.674987792969
2076.99623517706	905.724975585938
2079.32257079271	905.375
2081.6482081654	904.489990234375
2083.97314758713	907.525024414063
2086.29738934971	909.075012207031
2088.62093374481	909.260009765625
2090.94378106391	909.177490234375
2093.26593159835	909.094970703125
2095.5873856393	907.5
2097.90814347777	906.364990234375
2100.2282054046	907.375
2102.54757171048	908.755004882813
2104.86624268594	909.5
2107.18421862133	909.349975585938
2109.50149980686	909.900024414063
2111.81808653257	910.25
2114.13397908834	909.940002441406
2116.44917776388	909.659973144531
2118.76368284875	910.684997558594
2121.07749463235	910.835021972656
2123.39061340391	910.783325195313
2125.70303945252	910.731689453125
2128.01477306707	910.679992675781
2130.32581453634	910.955017089844
2132.63616414891	910.512512207031
2134.94582219322	910.070007324219
2137.25478895754	909.969970703125
2139.56306472999	910.830017089844
2141.87064979851	910.619995117188
2144.17754445092	910.409973144531
2146.48374897484	910.075012207031
2148.78926365774	910.664978027344
2151.09408878695	910.380004882813
2153.39822464963	911.054992675781
2155.70167153277	911.72998046875
2158.00442972321	910.575012207031
2160.30649950763	909.030029296875
2162.60788117256	909.934997558594
2164.90857500436	909.452514648438
2167.20858128923	908.969970703125
2169.50790031323	909.494995117188
2171.80653236223	909.940002441406
2174.10447772198	910.140014648438
2176.40173667804	910.340026855469
2178.69830951582	909.320007324219
2180.99419652058	908.789978027344
2183.28939797743	907.924987792969
2185.5839141713	909.195007324219
2187.87774538698	908.640014648438
2190.17089190908	908.085021972656
2192.46335402209	908.39501953125
2194.75513201032	909.3125
2197.04622615791	910.22998046875
2199.33663674886	906.835021972656
2201.62636406702	906.094970703125
2203.91540839606	908.619995117188
2206.20377001952	909.554992675781
2208.49144922077	909.544982910156
2210.77844628302	907.784973144531
2213.06476148933	908.919982910156
2215.3503951226	908.539978027344
2217.63534746557	908.690002441406
2219.91961880085	906.419982910156
2222.20320941085	904.330017089844
2224.48611957785	905.590026855469
2226.76834958399	906.905029296875
2229.04989971122	906.265014648438
2231.33077024136	905.625
2233.61096145607	905.35498046875
2235.89047363683	903.775024414063
2238.169307065	904.304992675781
2240.44746202178	903.780029296875
2242.72493878819	905.039978027344
2245.00173764511	906.929992675781
2247.27785887327	908.344970703125
2249.55330275324	906.789978027344
2251.82806956545	905.825012207031
2254.10215959014	905.219970703125
2256.37557310744	905.224975585938
2258.64831039729	906.065002441406
2260.92037173949	908.094970703125
2263.19175741368	909.210021972656
2265.46246769938	907.89501953125
2267.7325028759	908.369995117188
2270.00186322243	906.034973144531
2272.270549018	907.330017089844
2274.5385605415	907.820007324219
2276.80589807165	907.505004882813
2279.07256188702	905.544982910156
2281.33855226601	905.662475585938
2283.60386948691	905.780029296875
2285.86851382782	905.474975585938
2288.1324855667	905.525024414063
2290.39578498136	905.575012207031
2292.65841234945	905.530029296875
2294.92036794847	906.900024414063
2297.18165205578	906.734985351563
2299.44226494856	907.315002441406
2301.70220690387	907.525024414063
2303.96147819859	907.5
2306.22007910947	905.840026855469
2308.47800991309	905.664978027344
2310.73527088589	906.025024414063
2312.99186230416	906.515014648438
2315.24778444403	908.299987792969
2317.50303758149	909.364990234375
2319.75762199235	910.234985351563
2322.01153795231	911.059997558594
2324.26478573689	909.945007324219
2326.51736562147	908.549987792969
2328.76927788127	908.065002441406
2331.02052279137	907.799987792969
2333.2711006267	907.414978027344
2335.52101166203	907.347534179688
2337.77025617198	907.280029296875
2340.01883443103	907.215026855469
2342.2667467135	906.099975585938
2344.51399329356	906.809997558594
2346.76057444525	905.690002441406
2349.00649044241	905.070007324219
2351.2517415588	905.570007324219
2353.49632806796	906.465026855469
2355.74025024334	905.044982910156
2357.98350835819	903.515014648438
2360.22610268566	905.02001953125
2362.4680334987	904.697509765625
2364.70930107016	904.375
2366.94990567269	904.380004882813
2369.18984757884	904.39501953125
2371.42912706098	904.02001953125
2373.66774439134	903.010009765625
2375.90569984199	903.789978027344
2378.14299368488	903.660034179688
2380.37962619179	903.530029296875
2382.61559763435	902.950012207031
2384.85090828405	903.890014648438
2387.08555841222	905.799987792969
2389.31954829006	906.010009765625
2391.55287818861	906.52001953125
2393.78554837877	905.284973144531
2396.01755913128	903.450012207031
2398.24891071673	902.575012207031
2400.47960340558	903.234985351563
2402.70963746814	902.465026855469
2404.93901317456	903.195007324219
2407.16773079485	906.195007324219
2409.39579059887	907.02001953125
2411.62319285633	905.64501953125
2413.84993783681	904.429992675781
2416.07602580971	903.150024414063
2418.30145704432	901.5
2420.52623180977	903.945007324219
2422.75035037503	906.294982910156
2424.97381300893	906.744995117188
2427.19661998017	905.710021972656
2429.41877155729	903.414978027344
2431.64026800867	904.299987792969
2433.86110960257	904.724975585938
2436.08129660709	903.905029296875
2438.30082929019	904.619995117188
2440.51970791967	904.044982910156
2442.73793276321	904.369995117188
2444.95550408832	905.239990234375
2447.17242216237	905.719970703125
2449.38868725259	906.650024414063
2451.60429962607	904.684997558594
2453.81925954975	902.525024414063
2456.03356729041	903.070007324219
2458.2472231147	903.494995117188
2460.46022728913	903.85498046875
2462.67258008005	903.640014648438
2464.88428175368	904.914978027344
2467.09533257608	905.450012207031
2469.30573281318	906.385009765625
2471.51548273076	904.885009765625
2473.72458259445	903.190002441406
2475.93303266974	904.184997558594
2478.14083322198	905.304992675781
2480.34798451637	905.219970703125
2482.55448681797	905.198303222656
2484.76034039169	905.176696777344
2486.96554550231	905.155029296875
2489.17010241445	905.674987792969
2491.37401139259	905.885009765625
2493.57727270109	905.539978027344
2495.77988660412	907.159973144531
2497.98185336574	907.830017089844
2500.18317324987	907.625
2502.38384652028	907.405029296875
2504.58387344058	907.489990234375
2506.78325427425	905.364990234375
2508.98198928465	904.775024414063
2511.18007873495	904.715026855469
2513.37752288821	906.015014648438
2515.57432200735	906.549987792969
2517.77047635514	907.184997558594
2519.96598619419	907.089965820313
2522.16085178699	906.994995117188
2524.35507339589	909.034973144531
2526.54865128308	910.409973144531
2528.74158571062	908.015014648438
2530.93387694042	903.890014648438
2533.12552523427	904.400024414063
2535.31653085379	906.299987792969
2537.50689406046	908.830017089844
2539.69661511566	909.469970703125
2541.88569428057	909.364990234375
2544.07413181627	910.929992675781
2546.26192798368	909.474975585938
2548.44908304359	907.070007324219
2550.63559725664	906.565002441406
2552.82147088333	907.275024414063
2555.00670418402	908.669982910156
2557.19129741894	908.626647949219
2559.37525084817	908.583312988281
2561.55856473164	908.539978027344
2563.74123932917	909.085021972656
2565.92327490039	910.465026855469
2568.10467170484	910.669982910156
2570.28543000189	910.815002441406
2572.46555005079	912.655029296875
2574.64503211063	911.684997558594
2576.82387644036	912.465026855469
2579.00208329882	912.29248046875
2581.17965294468	912.119995117188
2583.35658563648	911.809997558594
2585.53288163263	911.715026855469
2587.70854119137	911.255004882813
2589.88356457084	911.260009765625
2592.05795202902	909.794982910156
2594.23170382376	910.909973144531
2596.40482021275	911.155029296875
2598.57730145356	911.934997558594
2600.74914780363	913.080017089844
2602.92035952023	913.570007324219
2605.09093686053	914.059997558594
2607.26088008153	911.859985351563
2609.4301894401	912.455017089844
2611.59886519299	914.284973144531
2613.76690759678	917.414978027344
2615.93431690793	917.375
2618.10109338277	919.659973144531
2620.26723727748	918.849975585938
2622.4327488481	919.840026855469
2624.59762835054	920.594970703125
2626.76187604057	918.489990234375
2628.92549217382	920.044982910156
2631.08847700579	920.044982910156
2633.25083079182	922.460021972656
2635.41255378715	924.169982910156
2637.57364624684	923.342529296875
2639.73410842586	922.515014648438
2641.893940579	922.445007324219
2644.05314296094	922.744995117188
2646.21171582621	923.075012207031
2648.36965942921	923.405029296875
2650.5269740242	924.284973144531
2652.6836598653	924.400024414063
2654.83971720651	924.625
2656.99514630167	924.849975585938
2659.1499474045	925.075012207031
2661.30412076857	924.494995117188
2663.45766664734	924.815002441406
2665.61058529411	925.135009765625
2667.76287696204	926.099975585938
2669.91454190418	927.364990234375
2672.06558037342	930.119995117188
2674.21599262253	931.734985351563
2676.36577890413	930.150024414063
2678.51493947072	930.184997558594
2680.66347457466	930.875
2682.81138446816	930.950012207031
2684.95866940332	933.289978027344
2687.10532963209	934.049987792969
2689.25136540628	933.627502441406
2691.39677697757	933.205017089844
2693.54156459752	932.890014648438
2695.68572851753	932.419982910156
2697.82926898888	933.335021972656
2699.97218626272	934.60498046875
2702.11448059006	933.580017089844
2704.25615222175	937.539978027344
2706.39720140856	940.804992675781
2708.53762840109	941.440002441406
2710.67743344979	943.494995117188
2712.81661680503	946.044982910156
2714.95517871698	945.280029296875
2717.09311943574	948.635009765625
2719.23043921123	953.015014648438
2721.36713829325	955.664978027344
2723.50321693148	957.275024414063
2725.63867537545	964.090026855469
2727.77351387456	967.614990234375
2729.90773267809	966.77001953125
2732.04133203516	965.924987792969
2734.17431219478	964.844970703125
2736.30667340581	963.969970703125
2738.438415917	965.195007324219
2740.56953997695	964.340026855469
2742.70004583414	962.260009765625
2744.82993373688	962.590026855469
2746.9592039334	959.875
2749.08785667177	960.130004882813
2751.21589219993	959.114990234375
2753.34331076568	958.64501953125
2755.4701126167	956.219970703125
2757.59629800054	955.804992675781
2759.7218671646	955.044982910156
2761.84682035617	955.294982910156
2763.9711578224	953.580017089844
2766.0948798103	951.309997558594
2768.21798656676	952.130004882813
2770.34047833852	952.364990234375
2772.46235537222	952.547485351563
2774.58361791434	952.72998046875
2776.70426621124	952.200012207031
2778.82430050915	953.200012207031
2780.94372105416	952.830017089844
2783.06252809224	952.049987792969
2785.18072186922	950.705017089844
2787.29830263081	949.005004882813
2789.41527062257	947
2791.53162608996	945.085021972656
2793.64736927828	944.414978027344
2795.76250043271	945.159973144531
2797.8770197983	945.382446289063
2799.99092761997	945.60498046875
2802.10422414252	944.820007324219
2804.21690961059	946.994995117188
2806.32898426873	949.140014648438
2808.44044836132	949.905029296875
2810.55130213264	953.734985351563
2812.66154582682	955.570007324219
2814.77117968788	957.200012207031
2816.8802039597	960.27001953125
2818.98861888601	966.455017089844
2821.09642471046	969.724975585938
2823.20362167653	971.900024414063
2825.31021002756	978.484985351563
2827.41619000682	983.265014648438
2829.52156185738	991.924987792969
2831.62632582224	998.14501953125
2833.73048214422	1004.29998779297
2835.83403106606	1010.71002197266
2837.93697283033	1015.30499267578
2840.03930767951	1021.19500732422
2842.1410358559	1033.78002929688
2844.24215760173	1047.31994628906
2846.34267315905	1068.61499023438
2848.44258276982	1088.63500976563
2850.54188667585	1111.45495605469
2852.64058511883	1140.01000976563
2854.73867834032	1171.89001464844
2856.83616658175	1202.69494628906
2858.93305008443	1232.18005371094
2861.02932908952	1255.97497558594
2863.12500383809	1282.05505371094
2865.22007457104	1323.48999023438
2867.31454152918	1375.53002929688
2869.40840495316	1421.34497070313
2871.50166508353	1472.81994628906
2873.59432216069	1525.69494628906
2875.68637642493	1572.6650390625
2877.77782811641	1609.91003417969
2879.86867747515	1639.5400390625
2881.95892474105	1659.5849609375
2884.0485701539	1655.35998535156
2886.13761395333	1652.625
2888.22605637886	1655.84997558594
2890.3138976699	1659.07495117188
2892.40113806571	1670.2099609375
2894.48777780544	1693.71496582031
2896.57381712808	1705.18505859375
2898.65925627254	1741.16003417969
2900.74409547758	1773.9150390625
2902.82833498183	1779.69995117188
2904.9119750238	1780.66003417969
2906.99501584188	1802.98999023438
2909.07745767432	1839.40002441406
2911.15930075925	1872.10998535156
2913.24054533469	1930.98999023438
2915.3211916385	1967.18994140625
2917.40123990846	1992.06005859375
2919.48069038217	2051.1298828125
2921.55954329716	2112.18994140625
2923.63779889079	2160.72998046875
2925.71545740033	2209.88500976563
2927.79251906289	2239.9951171875
2929.86898411548	2273.0849609375
2931.94485279498	2280.84008789063
2934.02012533815	2293.27001953125
2936.0948019816	2330.47509765625
2938.16888296184	2321.09521484375
2940.24236851525	2311.71508789063
2942.31525887809	2301.77490234375
2944.38755428648	2287.84497070313
2946.45925497643	2247.67504882813
2948.53036118382	2189.60009765625
2950.6008731444	2119.46508789063
2952.67079109381	2055.60009765625
2954.74011526755	2002.47497558594
2956.80884590101	1960.72998046875
2958.87698322944	1942.53002929688
2960.94452748799	1928.46496582031
2963.01147891167	1897.84997558594
2965.07783773535	1851.10998535156
2967.14360419382	1802.60498046875
2969.2087785217	1779.24499511719
2971.27336095352	1774.50500488281
2973.33735172366	1753.53503417969
2975.40075106641	1713.85998535156
2977.46355921591	1685.0400390625
2979.52577640618	1666.15502929688
2981.58740287112	1639.68994140625
2983.64843884452	1613.48498535156
2985.70888456003	1588.93505859375
2987.76874025117	1573
2989.82800615137	1539.8349609375
2991.88668249391	1494.56494140625
2993.94476951194	1461.21496582031
2996.00226743852	1423.60998535156
2998.05917650657	1385.98498535156
3000.11549694887	1356.44494628906
3002.17122899812	1333.81005859375
3004.22637288685	1306.68505859375
3006.2809288475	1273.81494140625
3008.33489711238	1238.0400390625
3010.38827791368	1215.0849609375
3012.44107148345	1198.29504394531
3014.49327805366	1174.32495117188
3016.5448978561	1150.94995117188
3018.59593112249	1135.73999023438
3020.64637808441	1123
3022.6962389733	1110.31994628906
3024.74551402051	1099.0400390625
3026.79420345725	1090.02502441406
3028.84230751461	1079.32495117188
3030.88982642357	1069.46496582031
3032.93676041497	1064.25500488281
3034.98310971955	1062.53503417969
3037.02887456791	1063.9599609375
3039.07405519054	1068.53002929688
3041.11865181781	1074.89501953125
3043.16266467996	1078.82995605469
3045.20609400713	1080.81005859375
3047.24894002932	1083.44995117188
3049.2912029764	1083.90502929688
3051.33288307815	1087.43005371094
3053.37398056421	1094.15002441406
3055.41449566411	1101.94995117188
3057.45442860725	1113.57495117188
3059.49377962291	1130.5
3061.53254894026	1140.06994628906
3063.57073678834	1145.02001953125
3065.60834339607	1146.21997070313
3067.64536899227	1147.66003417969
3069.68181380561	1148.78002929688
3071.71767806467	1139.99499511719
3073.75296199788	1129.23498535156
3075.78766583357	1111.76501464844
3077.82178979997	1090.65002441406
3079.85533412513	1077.98999023438
3081.88829903705	1064.97497558594
3083.92068476356	1053.90002441406
3085.95249153241	1042.0400390625
3087.98371957119	1033.13500976563
3090.01436910741	1026.80505371094
3092.04444036844	1021.98999023438
3094.07393358152	1016.81500244141
3096.10284897381	1009.84002685547
3098.13118677232	1006.72998046875
3100.15894720395	1004.14501953125
3102.18613049548	998.5
3104.21273687357	998.489990234375
3106.23876656477	997.390014648438
3108.2642197955	998.945007324219
3110.28909679208	998.695007324219
3112.31339778069	995.880004882813
3114.33712298741	994.445007324219
3116.36027263819	994.705017089844
3118.38284695887	995.22998046875
3120.40484617516	996.684997558594
3122.42627051268	997.200012207031
3124.4471201969	997.580017089844
3126.46739545319	1003.02001953125
3128.4870965068	1006.68499755859
3130.50622358287	1005.49499511719
3132.5247769064	1000.54498291016
3134.54275670229	1002.03002929688
3136.56016319534	1005.63000488281
3138.57699661019	1007.08502197266
3140.59325717139	1006.42999267578
3142.60894510338	1006.20001220703
3144.62406063047	1003.13500976563
3146.63860397686	1001.58502197266
3148.65257536662	1003.19000244141
3150.66597502371	1004.47998046875
3152.67880317199	1005.78997802734
3154.69106003518	1007.42999267578
3156.70274583691	1009.625
3158.71386080065	1013.04498291016
3160.72440514981	1018.23999023438
3162.73437910763	1020.50500488281
3164.74378289728	1019.15997314453
3166.75261674179	1020.07000732422
3168.76088086407	1020.40002441406
3170.76857548692	1025.06005859375
3172.77570083303	1030.46997070313
3174.78225712498	1029.30004882813
3176.78824458521	1028.89001464844
3178.79366343607	1031.15002441406
3180.79851389977	1032.82495117188
3182.80279619844	1036.95495605469
3184.80651055405	1040.43994140625
3186.80965718849	1043.81494140625
3188.81223632353	1047.02001953125
3190.81424818081	1050.08996582031
3192.81569298186	1048.3974609375
3194.8165709481	1046.70495605469
3196.81688230084	1048.18994140625
3198.81662726126	1054.79504394531
3200.81580605044	1059.3349609375
3202.81441888933	1061.13500976563
3204.81246599879	1062.90502929688
3206.80994759954	1066.31994628906
3208.80686391219	1071.86999511719
3210.80321515726	1072.92504882813
3212.79900155512	1073.56494140625
3214.79422332605	1075.96997070313
3216.78888069021	1075.92504882813
3218.78297386765	1081.90002441406
3220.77650307828	1082.53503417969
3222.76946854195	1091.89001464844
3224.76187047834	1102.11999511719
3226.75370910705	1101.60998535156
3228.74498464755	1099.39501953125
3230.73569731921	1105.86999511719
3232.72584734127	1105.5849609375
3234.71543493287	1104.39001464844
3236.70446031304	1102.22998046875
3238.69292370068	1101.72497558594
3240.68082531459	1106.65002441406
3242.66816537345	1113.08996582031
3244.65494409583	1115.30004882813
3246.6411617002	1121.65002441406
3248.62681840488	1129.3349609375
3250.61191442812	1129.4599609375
3252.59644998804	1128.56005859375
3254.58042530263	1124.86499023438
3256.56384058979	1125.85498046875
3258.54669606731	1127.72998046875
3260.52899195285	1134.63000488281
3262.51072846396	1135.96496582031
3264.4919058181	1139.375
3266.47252423259	1143.39001464844
3268.45258392464	1145.25
3270.43208511138	1152.72497558594
3272.41102800978	1160.93505859375
3274.38941283675	1161.43005371094
3276.36723980904	1167.0849609375
3278.34450914332	1170.7900390625
3280.32122105613	1175.28002929688
3282.29737576392	1177.7900390625
3284.272973483	1178.43005371094
3286.24801442958	1184.44995117188
3288.22249881978	1185.5849609375
3290.19642686957	1186.9599609375
3292.16979879485	1186.4599609375
3294.14261481136	1185.9599609375
3296.11487513478	1189.31994628906
3298.08657998065	1188.95751953125
3300.0577295644	1188.59497070313
3302.02832410136	1183.72998046875
3303.99836380673	1183.05505371094
3305.96784889563	1185.12255859375
3307.93677958303	1187.18994140625
3309.90515608383	1182.61999511719
3311.87297861278	1177.72998046875
3313.84024738456	1187.46496582031
3315.80696261371	1187.85498046875
3317.77312451466	1188.06005859375
3319.73873330175	1184.17004394531
3321.70378918919	1173.7099609375
3323.66829239109	1166.4599609375
3325.63224312145	1173.68005371094
3327.59564159416	1177.42004394531
3329.55848802299	1179.625
3331.52078262162	1176.45495605469
3333.4825256036	1172.40002441406
3335.44371718237	1174.05004882813
3337.40435757128	1173.56005859375
3339.36444698356	1173.06994628906
3341.32398563232	1171.55004882813
3343.28297373058	1166.78503417969
3345.24141149124	1161.02502441406
3347.19929912709	1164.26000976563
3349.15663685081	1162.52001953125
3351.11342487497	1160.78002929688
3353.06966341204	1156.76501464844
3355.02535267437	1155.68994140625
3356.98049287421	1163.64501953125
3358.9350842237	1167.60998535156
3360.88912693486	1163.03002929688
3362.84262121962	1166.76000976563
3364.79556728978	1169.98498535156
3366.74796535705	1165.65502929688
3368.69981563302	1167.46496582031
3370.65111832917	1162.33996582031
3372.60187365689	1156.98999023438
3374.55208182744	1154.34497070313
3376.50174305198	1151.33996582031
3378.45085754157	1149.71997070313
3380.39942550714	1149.52502441406
3382.34744715954	1150.01330566406
3384.29492270949	1150.50170898438
3386.24185236761	1150.98999023438
3388.18823634442	1143.97497558594
3390.13407485031	1142.57995605469
3392.07936809559	1149.50756835938
3394.02411629045	1156.43505859375
3395.96831964496	1147.53002929688
3397.91197836911	1136.96997070313
3399.85509267275	1129.43994140625
3401.79766276564	1124.625
3403.73968885745	1132.70495605469
3405.68117115771	1141.65502929688
3407.62210987586	1139.73498535156
3409.56250522123	1136.72497558594
3411.50235740305	1136.51000976563
3413.44166663043	1137.10998535156
3415.38043311238	1137.73498535156
3417.3186570578	1133.21997070313
3419.2563386755	1124.92004394531
3421.19347817415	1119.02502441406
3423.13007576235	1124.95495605469
3425.06613164857	1127.20495605469
3427.00164604118	1122.63500976563
3428.93661914844	1116.53503417969
3430.87105117852	1116.38000488281
3432.80494233945	1118.9599609375
3434.73829283919	1121.5400390625
3436.67110288558	1118.7900390625
3438.60337268634	1120.52502441406
3440.53510244911	1124.27502441406
3442.4662923814	1117.28503417969
3444.39694269064	1109.83996582031
3446.32705358412	1103.35998535156
3448.25662526905	1103.32495117188
3450.18565795254	1102.95751953125
3452.11415184156	1102.58996582031
3454.04210714302	1103.96496582031
3455.96952406369	1107.14501953125
3457.89640281024	1105.52001953125
3459.82274358924	1105.59497070313
3461.74854660717	1101.90502929688
3463.67381207038	1092.59997558594
3465.59854018513	1094.96496582031
3467.52273115756	1092.63000488281
3469.44638519373	1087.63000488281
3471.36950249956	1083.97998046875
3473.29208328091	1075.43994140625
3475.21412774349	1068.44494628906
3477.13563609293	1069.34997558594
3479.05660853476	1068.14001464844
3480.97704527438	1063.51000976563
3482.89694651712	1063.32495117188
3484.81631246818	1065.05004882813
3486.73514333266	1064.03002929688
3488.65343931557	1060.71997070313
3490.57120062179	1058.97998046875
3492.48842745612	1049.93505859375
3494.40512002324	1042.06994628906
3496.32127852773	1039.56494140625
3498.23690317408	1032.15002441406
3500.15199416666	1027.03002929688
3502.06655170974	1030.77502441406
3503.98057600749	1030.8525390625
3505.89406726396	1030.93005371094
3507.80702568312	1025.34997558594
3509.71945146883	1017.86999511719
3511.63134482483	1012.10998535156
3513.54270595478	1007.82501220703
3515.45353506222	1006.04498291016
3517.3638323506	1002.36499023438
3519.27359802324	999.530029296875
3521.1828322834	998.825012207031
3523.09153533419	996.734985351563
3524.99970737866	993.039978027344
3526.90734861972	984.900024414063
3528.81445926021	984.349975585938
3530.72103950283	984.299987792969
3532.62708955022	983.929992675781
3534.53260960488	973.155029296875
3536.43759986923	966.140014648438
3538.34206054558	964.455017089844
3540.24599183613	964.380004882813
3542.149393943	965.400024414063
3544.05226706817	961.190002441406
3545.95461141357	955.700012207031
3547.85642718097	948.919982910156
3549.75771457208	946.169982910156
3551.6584737885	944.905029296875
3553.55870503171	944.109985351563
3555.4584085031	941.140014648438
3557.35758440396	937.335021972656
3559.25623293548	934.034973144531
3561.15435429874	931.094970703125
3563.05194869473	927.494995117188
3564.94901632432	928.804992675781
3566.84555738829	927.97998046875
3568.74157208732	923.690002441406
3570.63706062199	920.255004882813
3572.53202319277	919.784973144531
3574.42646000003	919.52001953125
3576.32037124406	915.22998046875
3578.213757125	914.994995117188
3580.10661784295	914.455017089844
3581.99895359786	910.984985351563
3583.8907645896	905.700012207031
3585.78205101794	903.934997558594
3587.67281308254	904.630004882813
3589.56305098297	904.135009765625
3591.4527649187	902.299987792969
3593.34195508907	901.35498046875
3595.23062169338	899.804992675781
3597.11876493075	897.315002441406
3599.00638500027	895.284973144531
3600.89348210089	890.849975585938
3602.78005643148	889.340026855469
3604.66610819078	889.840026855469
3606.55163757747	890.049987792969
3608.4366447901	888.049987792969
3610.32113002713	884.674987792969
3612.20509348693	882.455017089844
3614.08853536774	880.169982910156
3615.97145586773	877.955017089844
3617.85385518497	878.349975585938
3619.7357335174	876.539978027344
3621.61709106289	874.169982910156
3623.4979280192	871.775024414063
3625.37824458399	869.869995117188
3627.25804095482	868.565002441406
3629.13731732915	868.385009765625
3631.01607390435	869.070007324219
3632.89431087767	866.465026855469
3634.77202844629	864.364990234375
3636.64922680726	861.22998046875
3638.52590615754	860.424987792969
3640.40206669402	861.239990234375
3642.27770861344	861.669982910156
3644.15283211248	859.804992675781
3646.02743738771	857.414978027344
3647.90152463559	855.294982910156
3649.77509405251	853.114990234375
3651.64814583473	852.544982910156
3653.52068017842	849.960021972656
3655.39269727965	848.429992675781
3657.26419733442	845.989990234375
3659.13518053858	844.89501953125
3661.00564708793	844.260009765625
3662.87559717814	844.469970703125
3664.7450310048	843.164978027344
3666.61394876338	842.369995117188
3668.48235064928	841.825012207031
3670.35023685779	840.825012207031
3672.21760758409	839.304992675781
3674.08446302327	838.580017089844
3675.95080337033	838.205017089844
3677.81662882017	836.344970703125
3679.68193956758	835.515014648438
3681.54673580727	833.465026855469
3683.41101773383	832.364990234375
3685.27478554178	832.114990234375
3687.13803942551	831.505004882813
3689.00077957934	829.885009765625
3690.86300619748	829.924987792969
3692.72471947405	828.994995117188
3694.58591960306	827.640014648438
3696.44660677844	825.710021972656
3698.306781194	825.744995117188
3700.16644304348	824.914978027344
3702.02559252049	824.575012207031
3703.88422981859	825.190002441406
3705.74235513119	824.440002441406
3707.59996865164	822.114990234375
3709.45707057318	821.025024414063
3711.31366108895	820.724975585938
3713.16974039199	820.64501953125
3715.02530867527	819.565002441406
3716.88036613164	818.825012207031
3718.73491295385	818.335021972656
3720.58894933456	817.950012207031
3722.44247546634	817.155029296875
3724.29549154166	816.815002441406
3726.14799775289	814.955017089844
3727.9999942923	815.179992675781
3729.85148135209	814.130004882813
3731.70245912432	813.215026855469
3733.55292780098	812.760009765625
3735.40288757397	812.405029296875
3737.25233863509	811.739990234375
3739.10128117603	811.630004882813
3740.9497153884	811.85498046875
3742.7976414637	812.174987792969
3744.64505959335	811.525024414063
3746.49196996866	811.890014648438
3748.33837278086	811.059997558594
3750.18426822108	811.174987792969
3752.02965648033	810.260009765625
3753.87453774956	810.109985351563
3755.7189122196	809.715026855469
3757.5627800812	810.135009765625
3759.40614152501	810.255004882813
3761.24899674159	810.375
3763.09134592138	810.244995117188
3764.93318925476	810.265014648438
3766.77452693199	810.010009765625
3768.61535914325	810.070007324219
3770.45568607861	809.950012207031
3772.29550792807	810.284973144531
3774.1348248815	808.840026855469
3775.9736371287	808.559997558594
3777.81194485938	807.315002441406
