32.6816976106991	717.530029296875
35.6535599501435	717.530029296875
38.6244374909659	717.530029296875
41.5943306947054	717.530029296875
44.5632400226282	717.494995117188
47.5311659356917	717.39501953125
50.4981088945929	717.375
53.4640693597127	717.224975585938
56.4290477911676	717.260009765625
59.3930446487746	717.335021972656
62.356060392067	717.109985351563
65.3180954802906	717.184997558594
68.2791503724084	717.169982910156
71.2392255270922	717.164978027344
74.1983214027271	716.989990234375
77.1564384574159	717.27001953125
80.113577148983	717.150024414063
83.0697379349549	717.10498046875
86.0249212725722	717.219970703125
88.9791276188058	717.155029296875
91.9323574303255	716.969970703125
94.8846111635238	717.200012207031
97.8358892745121	717.030029296875
100.786192219114	717.385009765625
103.73552045287	717.380004882813
106.683874431037	717.260009765625
109.631254608583	717.304992675781
112.577661440203	717.419982910156
115.523095380307	717.385009765625
118.467556883015	717.414978027344
121.411046402175	717.640014648438
124.353564391344	717.984985351563
127.295111303796	718.700012207031
130.235687592532	719.75
133.175293710265	721.239990234375
136.113930109434	724.955017089844
139.051597242185	730.200012207031
141.98829556039	737.840026855469
144.92402551564	747.505004882813
147.858787559244	760.255004882813
150.792582142239	772.190002441406
153.725409715372	784.460021972656
156.65727072911	795.494995117188
159.588165633643	804.739990234375
162.518094878884	810.830017089844
165.447058914469	815.554992675781
168.375058189747	818.60498046875
171.302093153792	820.929992675781
174.228164255401	820.315002441406
177.153271943091	820.059997558594
180.077416665101	821.119995117188
183.000598869394	822.705017089844
185.922819003656	822.815002441406
188.84407751529	825.174987792969
191.764374851424	826.864990234375
194.683711458919	828.544982910156
197.60208778434	829.590026855469
200.519504273992	833.364990234375
203.435961373894	838.25
206.351459529801	843.559997558594
209.265999187174	845.934997558594
212.179580791207	853.179992675781
215.092204786825	860.130004882813
218.003871618673	869.205017089844
220.914581731116	876.474975585938
223.824335568247	883.844970703125
226.733133573893	888.85498046875
229.640976191593	895.414978027344
232.547863864614	902.179992675781
235.453797035961	906.565002441406
238.358776148354	909.794982910156
241.26280164424	912
244.1658739658	916.099975585938
247.067993554929	918.39501953125
249.969160853266	918.530029296875
252.869376302162	917.640014648438
255.768640342707	918.094970703125
258.666953415705	916.719970703125
261.564315961705	915.830017089844
264.46072842097	915.1025390625
267.356191233499	914.375
270.25070483901	915.289978027344
273.144269676967	915.760009765625
276.036886186551	918.35498046875
278.928554806671	918.02001953125
281.819275975966	917.700012207031
284.709050132812	915.474975585938
287.597877715306	918.164978027344
290.485759161281	917.619995117188
293.372694908298	917.329956054688
296.258685393644	917.039978027344
299.143731054352	917.539978027344
302.027832327156	917.25
304.910989648557	916.960021972656
307.79320345476	917.369995117188
310.674474181717	917.460021972656
313.554802265101	918.994995117188
316.434188140326	918.934997558594
319.312632242533	918.893310546875
322.190135006593	918.851684570313
325.066696867117	918.809997558594
327.942318258443	918.409973144531
330.816999614641	919.02001953125
333.690741369517	918.580017089844
336.56354395661	918.77001953125
339.435407809193	919.545043945313
342.306333360273	920.320007324219
345.176321042591	918.35498046875
348.045371288612	916.400024414063
350.913484530551	917.049987792969
353.78066120035	914.515014648438
356.64690172969	915.450012207031
359.512206549972	915.5849609375
362.376576092357	915.719970703125
365.240010787716	915.02001953125
368.102511066677	916.400024414063
370.964077359587	916.695007324219
373.82471009654	918.494995117188
376.684409707364	917.789978027344
379.543176621612	914.179992675781
382.401011268595	914.505004882813
385.257914077343	914.809997558594
388.113885476627	916.859985351563
390.968925894961	918.955017089844
393.823035760591	917.914978027344
396.676215501503	917.77001953125
399.528465545415	922.945007324219
402.379786319791	925.059997558594
405.230178251834	926.390014648438
408.079641768472	928.780029296875
410.928177296387	930.594970703125
413.775785261992	930.484985351563
416.622466091445	931.955017089844
419.468220210631	932.719970703125
422.313048045182	934.815002441406
425.156950020479	935.734985351563
427.999926561623	933.664978027344
430.841978093471	935.174987792969
433.683105040613	934.6650390625
436.523307827384	934.155029296875
439.362586877851	933.409973144531
442.200942615829	931.174987792969
445.038375464876	933.309997558594
447.874885848283	932.945007324219
450.710474189089	932.580017089844
453.54514091007	931.364990234375
456.37888643375	930.205017089844
459.211711182386	928.849975585938
462.043615577986	928.950012207031
464.874600042297	929.505004882813
467.704664996804	928.015014648438
470.533810862741	926.215026855469
473.36203806108	924.965026855469
476.189347012547	924.940002441406
479.015738137594	925.794982910156
481.841211856432	923.005004882813
484.665768589008	921.905029296875
487.489408755009	924.950012207031
490.312132773878	928.309997558594
493.133941064796	931.049987792969
495.954834046683	929.424987792969
498.77481213821	927.140014648438
501.593875757797	927.210021972656
504.412025323601	924.349975585938
507.229261253524	921.719970703125
510.045583965226	920.039978027344
512.860993876093	918.950012207031
515.675491403271	916.679992675781
518.489076963649	913.844970703125
521.301750973863	912.234985351563
524.113513850293	908.474975585938
526.924366009065	905.655029296875
529.734307866052	904.35498046875
532.543339836881	904.534973144531
535.35146233692	903.044982910156
538.158675781281	900.489990234375
540.964980584833	898.52001953125
543.770377162182	897.640014648438
546.574865927692	894.919982910156
549.378447295465	894.330017089844
552.181121679365	893.219970703125
554.982889492993	890.315002441406
557.783751149701	890.405029296875
560.583707062591	891
563.38275764452	890.950012207031
566.180903308083	889.309997558594
568.978144465633	889.135009765625
571.774481529266	888.635009765625
574.569914910839	886.815002441406
577.364445021949	885.885009765625
580.158072273946	886.02001953125
582.950797077926	886.414978027344
585.742619844752	885.335021972656
588.533540985018	883.835021972656
591.323560909078	883.469970703125
594.112680027034	883.179992675781
596.90089874875	883.077514648438
599.688217483828	882.974975585938
602.474636641629	881.635009765625
605.260156631263	881.219970703125
608.044777861596	882.325012207031
610.828500741241	881.924987792969
613.611325678567	882.5849609375
616.393253081697	883.244995117188
619.174283358506	882.200012207031
621.954416916616	883.744995117188
624.733654163414	883.679992675781
627.511995506029	882.534973144531
630.289441351351	880.619995117188
633.065992106022	880.424987792969
635.841648176434	878.684997558594
638.616409968744	878.64501953125
641.390277888847	878.565002441406
644.163252342408	880.580017089844
646.93533373484	881.825012207031
649.706522471307	882.309997558594
652.47681895674	881.8125
655.246223595811	881.315002441406
658.014736792957	881.75
660.782358952371	881.132507324219
663.549090477999	880.515014648438
666.314931773542	881.005004882813
669.079883242452	880.614990234375
671.843945287955	880.215026855469
674.607118313019	880.005004882813
677.369402720366	883.635009765625
680.130798912488	884.994995117188
682.891307291627	883.484985351563
685.650928259784	880.919982910156
688.409662218708	881.5
691.167509569927	881.065002441406
693.924470714705	880.630004882813
696.680546054078	880.864990234375
699.435735988832	880.7099609375
702.190040919516	880.554992675781
704.943461246442	882.400024414063
707.695997369667	883.929992675781
710.447649689022	884.455017089844
713.198418604088	884.215026855469
715.948304514206	882.864990234375
718.697307818481	882.765014648438
721.445428915779	883.440002441406
724.192668204716	883.463317871094
726.93902608368	883.486694335938
729.684502950805	883.510009765625
732.429099204005	883.674987792969
735.172815240936	885.205017089844
737.915651459026	885.132507324219
740.657608255463	885.059997558594
743.398686027186	886.969970703125
746.13888517091	887.164978027344
748.878206083102	887.989990234375
751.616649159998	888.820007324219
754.354214797584	889.090026855469
757.09090339162	890.950012207031
759.826715337622	892.789978027344
762.561651030868	891.942504882813
765.295710866406	891.094970703125
768.028895239041	890.239990234375
770.761204543336	890.325012207031
773.492639173626	887.674987792969
776.223199524006	885.830017089844
778.952885988334	885.755004882813
781.681698960235	884.710021972656
784.40963883309	884.065002441406
787.136706000052	884.400024414063
789.862900854037	884.590026855469
792.588223787721	886.109985351563
795.312675193549	886.559997558594
798.036255463728	887.0224609375
800.758964990228	887.484985351563
803.480804164792	886.494995117188
806.201773378919	884.965026855469
808.921873023884	887.450012207031
811.641103490712	889.799987792969
814.359465170214	892.14501953125
817.076958452946	893.380004882813
819.793583729246	895.195007324219
822.509341389214	898.315002441406
825.224231822712	899.710021972656
827.938255419375	902.924987792969
830.651412568596	905.934997558594
833.363703659544	907.554992675781
836.075129081157	908.789978027344
838.785689222127	910.669982910156
841.495384470928	913.72998046875
844.204215215788	912.940002441406
846.912181844721	914.119995117188
849.619284745491	915.619995117188
852.325524305638	916.025024414063
855.030900912475	918.150024414063
857.735414953079	919.755004882813
860.439066814289	918.695007324219
863.141856882725	918.890014648438
865.843785544769	915.755004882813
868.544853186571	913.205017089844
871.245060194063	912.265014648438
873.944406952925	910.265014648438
876.642893848625	911.429992675781
879.340521266398	910.140014648438
882.037289591241	911.054992675781
884.733199207927	914.625
887.428250501001	915.864990234375
890.122443854778	914.409973144531
892.815779653335	912.974975585938
895.508258280534	914.005004882813
898.199880119997	918.099975585938
900.890645555129	918.440002441406
903.580554969094	918.934997558594
906.269608744832	917.619995117188
908.957807265056	916.280029296875
911.645150912257	917.835021972656
914.331640068689	916.530029296875
917.017275116375	914.630004882813
919.702056437128	913.294982910156
922.385984412518	914.140014648438
925.069059423886	914.880004882813
927.751281852366	917.260009765625
930.432652078842	919.330017089844
933.113170483983	921.244995117188
935.79283744823	925.359985351563
938.471653351806	926.945007324219
941.149618574686	927.409973144531
943.826733496641	926.875
946.502998497206	927.47998046875
949.178413955689	928.085021972656
951.85298025118	930.010009765625
954.526697762544	930.125
957.199566868403	930.372497558594
959.87158794718	930.619995117188
962.542761377054	930.195007324219
965.213087535987	928.630004882813
967.882566801719	926.135009765625
970.551199551761	926.445007324219
973.218986163399	925.965026855469
975.885927013698	925.030029296875
978.552022479501	922.559997558594
981.217272937423	920.799987792969
983.88167876386	920.905029296875
986.545240334978	922.159973144531
989.207958026729	924.114990234375
991.869832214835	929.914978027344
994.530863274798	934.739990234375
997.191051581895	940.114990234375
999.850397511185	952.359985351563
1002.50890143751	967.14501953125
1005.16656373546	982.905029296875
1007.82338477944	993.445007324219
1010.47936494363	994.820007324219
1013.13450460195	989.405029296875
1015.78880412815	978.609985351563
1018.44226389572	962.890014648438
1021.09488427794	949.72998046875
1023.74666564789	940.789978027344
1026.3976083784	936.005004882813
1029.04771284208	933.414978027344
1031.69697941135	933.679992675781
1034.34540845838	936.174987792969
1036.99300035512	938.27001953125
1039.63975547333	938.640014648438
1042.28567418452	937.809997558594
1044.93075685998	935.650024414063
1047.57500387081	934.585021972656
1050.21841558786	936.039978027344
1052.86099238177	935.280029296875
1055.50273462297	936.210021972656
1058.14364268167	937.174987792969
1060.78371692784	938.950012207031
1063.42295773126	941.705017089844
1066.06136546148	945.849975585938
1068.69894048781	948.409973144531
1071.33568317939	950.340026855469
1073.9715939051	949.419982910156
1076.60667303362	949.39501953125
1079.24092093341	947.684997558594
1081.87433797271	946.130004882813
1084.50692451954	943.599975585938
1087.13868094172	941.775024414063
1089.76960760684	940.914978027344
1092.39970488226	940.080017089844
1095.02897313516	939.164978027344
1097.65741273246	938.224975585938
1100.28502404089	937.005004882813
1102.91180742697	933.994995117188
1105.53776325698	933.784973144531
1108.16289189701	933.364990234375
1110.78719371291	932.650024414063
1113.41066907033	933.505004882813
1116.0333183347	934.85498046875
1118.65514187124	933.974975585938
1121.27614004495	933.432495117188
1123.89631322061	932.890014648438
1126.51566176279	933.244995117188
1129.13418603585	933.885009765625
1131.75188640394	935.544982910156
1134.36876323098	934.349975585938
1136.98481688069	932.025024414063
1139.60004771655	927.429992675781
1142.21445610187	922.609985351563
1144.82804239972	917.619995117188
1147.44080697295	913.859985351563
1150.05275018421	913.375
1152.66387239593	913.049987792969
1155.27417397034	914.390014648438
1157.88365526943	918.72998046875
1160.49231665502	920.765014648438
1163.10015848867	920.905029296875
1165.70718113176	920.969970703125
1168.31338494544	920.130004882813
1170.91877029067	920.419982910156
1173.52333752817	919.489990234375
1176.12708701847	919.375
1178.73001912187	919.715026855469
1181.33213419848	919.974975585938
1183.93343260819	917.775024414063
1186.53391471068	915.424987792969
1189.13358086539	913.625
1191.73243143161	913.484985351563
1194.33046676836	912.155029296875
1196.92768723449	912.125
1199.52409318861	912.77001953125
1202.11968498915	916.505004882813
1204.7144629943	919.580017089844
1207.30842756206	924.400024414063
1209.90157905021	927.210021972656
1212.49391781634	930.080017089844
1215.08544421779	929.760009765625
1217.67615861174	928.724975585938
1220.26606135512	928.150024414063
1222.85515280468	926.994995117188
1225.44343331694	926.260009765625
1228.03090324823	928.369995117188
1230.61756295466	929.664978027344
1233.20341279213	932.114990234375
1235.78845311634	935.85498046875
1238.37268428278	941.059997558594
1240.95610664673	945.52001953125
1243.53872056325	949.969970703125
1246.12052638722	950.440002441406
1248.70152447329	949.294982910156
1251.28171517591	947.450012207031
1253.86109884934	948.219970703125
1256.43967584759	948.77001953125
1259.0174465245	950.025024414063
1261.5944112337	949.525024414063
1264.1705703286	951.919982910156
1266.74592416241	953.359985351563
1269.32047308814	954.744995117188
1271.89421745858	955.390014648438
1274.46715762633	956.695007324219
1277.03929394377	958
1279.61062676308	954.099975585938
1282.18115643624	952.724975585938
1284.75088331502	954.195007324219
1287.31980775098	952.945007324219
1289.88793009548	954.849975585938
1292.45525069969	952.664978027344
1295.02176991454	949.455017089844
1297.58748809078	945.169982910156
1300.15240557897	944.090026855469
1302.71652272942	946.505004882813
1305.27983989229	949.265014648438
1307.84235741749	952.440002441406
1310.40407565475	954.174987792969
1312.9649949536	954.280029296875
1315.52511566335	958.650024414063
1318.08443813311	960.445007324219
1320.64296271181	961.544982910156
1323.20068974815	962.880004882813
1325.75761959063	963.239990234375
1328.31375258756	963.739990234375
1330.86908908704	963.2275390625
1333.42362943696	962.715026855469
1335.97737398503	962.719970703125
1338.53032307874	962.960021972656
1341.08247706537	963.050048828125
1343.63383629202	963.140014648438
1346.18440110558	964.905029296875
1348.73417185274	964
1351.28314887997	962.594970703125
1353.83133253357	956.690002441406
1356.37872315961	952.625
1358.92532110398	946.515014648438
1361.47112671237	941.179992675781
1364.01614033024	933.135009765625
1366.56036230288	930.02001953125
1369.10379297537	929.575012207031
1371.64643269258	927.489990234375
1374.18828179921	923.765014648438
1376.72934063972	923.130004882813
1379.2696095584	919.955017089844
1381.80908889932	917.684997558594
1384.34777900637	917.6474609375
1386.88568022323	917.609985351563
1389.42279289337	916.434997558594
1391.95911736009	917.575012207031
1394.49465396645	918.010009765625
1397.02940305537	920.715026855469
1399.5633649695	922.044982910156
1402.09654005135	921.700012207031
1404.6289286432	923.820007324219
1407.16053108714	924.650024414063
1409.69134772507	925.804992675781
1412.22137889868	925.760009765625
1414.75062494947	926.690002441406
1417.27908621874	926.405029296875
1419.80676304759	926.505004882813
1422.33365577692	929.640014648438
1424.85976474744	929.724975585938
1427.38509029967	929.565002441406
1429.90963277392	931.554992675781
1432.4333925103	932.724975585938
1434.95636984873	935.85498046875
1437.47856512894	938.775024414063
1439.99997869045	945.059997558594
1442.5206108726	953.909973144531
1445.04046201452	963.005004882813
1447.55953245515	972.455017089844
1450.07782253323	982.64501953125
1452.59533258731	983.621704101563
1455.11206295574	984.598327636719
1457.62801397668	985.575012207031
1460.14318598809	986.169982910156
1462.65757932774	981.534973144531
1465.1711943332	975.64501953125
1467.68403134184	967.719970703125
1470.19609069085	960.950012207031
1472.70737271721	953.054992675781
1475.21787775772	944.710021972656
1477.72760614897	933.349975585938
1480.23655822738	921.869995117188
1482.74473432914	911.469970703125
1485.25213479029	903.034973144531
1487.75875994664	895.065002441406
1490.26461013382	888.830017089844
1492.76968568726	886.679992675781
1495.27398694222	883.405029296875
1497.77751423374	880.190002441406
1500.28026789667	879.765014648438
1502.78224826569	878.974975585938
1505.28345567526	878.474975585938
1507.78389045967	878.655029296875
1510.28355295299	878.4375
1512.78244348913	878.219970703125
1515.28056240178	878.424987792969
1517.77791002445	878.190002441406
1520.27448669047	878.414978027344
1522.77029273296	878.387451171875
1525.26532848486	878.359985351563
1527.75959427889	878.849975585938
1530.25309044764	878.02001953125
1532.74581732344	878.544982910156
1535.23777523847	878.14501953125
1537.72896452471	878.794982910156
1540.21938551394	878.465026855469
1542.70903853778	879.130004882813
1545.19792392761	881.030029296875
1547.68604201466	882.47998046875
1550.17339312997	885.919982910156
1552.65997760434	886.890014648438
1555.14579576845	886.434997558594
1557.63084795275	890.39501953125
1560.11513448749	891.39501953125
1562.59865570276	890
1565.08141192845	889.340026855469
1567.56340349426	888.780029296875
1570.04463072969	888.059997558594
1572.52509396406	887.554992675781
1575.00479352652	888.044982910156
1577.48372974599	889.195007324219
1579.96190295124	888.989990234375
1582.43931347083	890.64501953125
1584.91596163314	892.760009765625
1587.39184776636	894.455017089844
1589.86697219849	895.369995117188
1592.34133525734	896.445007324219
1594.81493727054	897.320007324219
1597.28777856553	900.304992675781
1599.75985946955	902.094970703125
1602.23118030968	902.825012207031
1604.70174141278	906.919982910156
1607.17154310555	913.559997558594
1609.64058571449	917.580017089844
1612.10886956591	920.429992675781
1614.57639498595	922.205017089844
1617.04316230054	921.960021972656
1619.50917183543	921.715026855469
1621.97442391621	919.390014648438
1624.43891886825	916.335021972656
1626.90265701674	913.630004882813
1629.36563868671	912.14501953125
1631.82786420296	911.815002441406
1634.28933389016	910.22998046875
1636.75004807274	912.215026855469
1639.21000707498	916.690002441406
1641.66921122097	920.549987792969
1644.12766083459	925.025024414063
1646.58535623956	928.945007324219
1649.04229775941	936.559997558594
1651.4984857175	939.474975585938
1653.95392043697	945.080017089844
1656.40860224079	952.695007324219
1658.86253145177	961.804992675781
1661.3157083925	966.914978027344
1663.76813338542	969.275024414063
1666.21980675275	967.599975585938
1668.67072881656	967.210021972656
1671.1208998987	964.094970703125
1673.57032032089	960.369995117188
1676.0189904046	956.369995117188
1678.46691047118	951.39501953125
1680.91408084174	946.674987792969
1683.36050183726	939.224975585938
1685.8061737785	932.755004882813
1688.25109698605	923.150024414063
1690.69527178032	913.655029296875
1693.13869848153	908.974975585938
1695.58137740972	903.200012207031
1698.02330888476	894.929992675781
1700.46449322631	885.945007324219
1702.90493075388	882.215026855469
1705.34462178678	876.914978027344
1707.78356664414	872.684997558594
1710.22176564492	869.304992675781
1712.65921910787	866.434997558594
1715.0959273516	863.900024414063
1717.53189069449	861.885009765625
1719.9671094548	858.755004882813
1722.40158395054	856.864990234375
1724.8353144996	857.489990234375
1727.26830141965	857.239990234375
1729.70054502819	856.989990234375
1732.13204564255	857.114990234375
1734.56280357987	855.169982910156
1736.99281915711	854.684997558594
1739.42209269106	855.75
1741.85062449831	856.005004882813
1744.27841489529	856.289978027344
1746.70546419823	854.875
1749.13177272321	856.010009765625
1751.5573407861	854.614990234375
1753.98216870262	853.625
1756.40625678828	853.299987792969
1758.82960535844	854.325012207031
1761.25221472825	854.065002441406
1763.67408521271	853.839965820313
1766.09521712663	853.614990234375
1768.51561078464	853.914978027344
1770.93526650119	854.789978027344
1773.35418459056	852.815002441406
1775.77236536684	852.195007324219
1778.18980914396	852.705017089844
1780.60651623565	852.030029296875
1783.02248695548	853.929992675781
1785.43772161684	854.465026855469
1787.85222053292	854.385009765625
1790.26598401677	852.599975585938
1792.67901238123	851.64501953125
1795.09130593899	850.945007324219
1797.50286500254	851.994995117188
1799.9136898842	851.419982910156
1802.32378089613	850.755004882813
1804.73313835028	850.070007324219
1807.14176255846	850.294982910156
1809.54965383228	850.302490234375
1811.95681248317	850.309997558594
1814.36323882242	850.465026855469
1816.76893316109	850.234985351563
1819.17389581011	850.364990234375
1821.57812708021	849.390014648438
1823.98162728196	850.190002441406
1826.38439672573	849.820007324219
1828.78643572174	848.984985351563
1831.18774458003	848.505004882813
1833.58832361045	849.255004882813
1835.98817312269	849.515014648438
1838.38729342625	847.085021972656
1840.78568483048	846.830017089844
1843.18334764454	846.325012207031
1845.58028217741	847.294982910156
1847.9764887379	847.914978027344
1850.37196763465	849.64501953125
1852.76671917613	849.765014648438
1855.16074367062	849.315002441406
1857.55404142624	849.505004882813
1859.94661275094	847.234985351563
1862.33845795247	846.609985351563
1864.72957733844	847.075012207031
1867.11997121627	845.969970703125
1869.5096398932	846.669982910156
1871.89858367631	846.155029296875
1874.28680287251	846.760009765625
1876.67429778851	847.659973144531
1879.06106873089	847.695007324219
1881.44711600601	847.455017089844
1883.8324399201	846.434997558594
1886.21704077919	845.659973144531
1888.60091888915	845.794982910156
1890.98407455567	846.094970703125
1893.36650808428	847.534973144531
1895.74821978033	847.174987792969
1898.12920994899	847.510009765625
1900.50947889527	845.885009765625
1902.88902692401	846.049987792969
1905.26785433986	846.27001953125
1907.64596144734	847.164978027344
1910.02334855075	847.275024414063
1912.40001595424	847.424987792969
1914.7759639618	847.335021972656
1917.15119287724	845.760009765625
1919.52570300419	846.049987792969
1921.89949464611	846.784973144531
1924.27256810632	846.934997558594
1926.64492368793	847.515014648438
1929.0165616939	847.340026855469
1931.38748242701	847.244995117188
1933.75768618989	847.85498046875
1936.12717328497	848.909973144531
1938.49594401455	848.655029296875
1940.86399868071	848.35498046875
1943.23133758541	846.059997558594
1945.5979610304	847.710021972656
1947.96386931729	847.117553710938
1950.32906274751	846.525024414063
1952.69354162232	846.530029296875
1955.0573062428	846.6025390625
1957.42035690989	846.674987792969
1959.78269392434	847.414978027344
1962.14431758673	847.835021972656
1964.50522819748	848.325012207031
1966.86542605684	847.010009765625
1969.22491146488	846.135009765625
1971.58368472153	845.849975585938
1973.94174612654	845.914978027344
1976.29909597945	845.982482910156
1978.65573457971	846.049987792969
1981.01166222654	845.864990234375
1983.36687921902	846.820007324219
1985.72138585606	846.919982910156
1988.07518243639	846.809997558594
1990.42826925859	846.150024414063
1992.78064662106	846.364990234375
1995.13231482205	845.974975585938
1997.48327415961	845.585021972656
1999.83352493167	845.765014648438
2002.18306743594	845.885009765625
2004.53190197002	846.005004882813
2006.8800288313	846.780029296875
2009.22744831703	845.919982910156
2011.57416072427	844.965026855469
2013.92016634993	845.224975585938
2016.26546549076	845.369995117188
2018.61005844332	845.260009765625
2020.95394550404	845.72998046875
2023.29712696915	845.825012207031
2025.63960313474	846.719970703125
2027.98137429672	844.984985351563
2030.32244075083	844.375
2032.66280279266	844.130004882813
2035.00246071763	845.094970703125
2037.34141482099	845.97998046875
2039.67966539784	846.075012207031
2042.01721274309	846.409973144531
2044.35405715151	845.849975585938
2046.69019891769	845.049987792969
2049.02563833606	845.340026855469
2051.3603757009	844.719970703125
2053.6944113063	845.784973144531
2056.0277454462	846.27001953125
2058.36037841439	845.994995117188
2060.69231050446	845.530029296875
2063.02354200988	845.47998046875
2065.35407322392	844.820007324219
2067.68390443971	845.97998046875
2070.01303595021	845.956665039063
2072.3414680482	845.933288574219
2074.66920102633	845.909973144531
2076.99623517706	845.630004882813
2079.32257079271	845.434997558594
2081.6482081654	844.919982910156
2083.97314758713	846.409973144531
2086.29738934971	848.390014648438
2088.62093374481	848.47998046875
2090.94378106391	847.335021972656
2093.26593159835	847.494995117188
2095.5873856393	846.830017089844
2097.90814347777	845.075012207031
2100.2282054046	846.065002441406
2102.54757171048	846.955017089844
2104.86624268594	846.75
2107.18421862133	846.544982910156
2109.50149980686	847.474975585938
2111.81808653257	847.900024414063
2114.13397908834	848.059997558594
2116.44917776388	848.174987792969
2118.76368284875	848.097534179688
2121.07749463235	848.02001953125
2123.39061340391	848.125
2125.70303945252	848.22998046875
2128.01477306707	848.409973144531
2130.32581453634	849.554992675781
2132.63616414891	849.140014648438
2134.94582219322	849.289978027344
2137.25478895754	849.559997558594
2139.56306472999	848.739990234375
2141.87064979851	847.659973144531
2144.17754445092	847.539978027344
2146.48374897484	848.690002441406
2148.78926365774	850.054992675781
2151.09408878695	849.309997558594
2153.39822464963	850.364990234375
2155.70167153277	849.734985351563
2158.00442972321	847.919982910156
2160.30649950763	847.294982910156
2162.60788117256	846.450012207031
2164.90857500436	848.35498046875
2167.20858128923	847.924987792969
2169.50790031323	848.030029296875
2171.80653236223	848.205017089844
2174.10447772198	848.380004882813
2176.40173667804	848.349975585938
2178.69830951582	848.320007324219
2180.99419652058	848.109985351563
2183.28939797743	847.244995117188
2185.5839141713	848.760009765625
2187.87774538698	848.505004882813
2190.17089190908	848.635009765625
2192.46335402209	847.994995117188
2194.75513201032	849.054992675781
2197.04622615791	848.239990234375
2199.33663674886	846.390014648438
2201.62636406702	845.909973144531
2203.91540839606	846.530029296875
2206.20377001952	847.14501953125
2208.49144922077	847.760009765625
2210.77844628302	846.85498046875
2213.06476148933	847.255004882813
2215.3503951226	846.690002441406
2217.63534746557	846.440002441406
2219.91961880085	845.825012207031
2222.20320941085	845.369995117188
2224.48611957785	845.75
2226.76834958399	845.659973144531
2229.04989971122	845.570007324219
2231.33077024136	845.47998046875
2233.61096145607	846.025024414063
2235.89047363683	846.465026855469
2238.169307065	845.955017089844
2240.44746202178	846.135009765625
2242.72493878819	847.099975585938
2245.00173764511	847.340026855469
2247.27785887327	846.989990234375
2249.55330275324	846.934997558594
2251.82806956545	846.25
2254.10215959014	845.619995117188
2256.37557310744	845.674987792969
2258.64831039729	846.460021972656
2260.92037173949	847.825012207031
2263.19175741368	848.909973144531
2265.46246769938	848.177490234375
2267.7325028759	847.445007324219
2270.00186322243	847.414978027344
2272.270549018	848.289978027344
2274.5385605415	848.669982910156
2276.80589807165	848.510009765625
2279.07256188702	848.349975585938
2281.33855226601	848.35498046875
2283.60386948691	847.554992675781
2285.86851382782	847.659973144531
2288.1324855667	847.349975585938
2290.39578498136	847.262451171875
2292.65841234945	847.174987792969
2294.92036794847	847.445007324219
2297.18165205578	848.200012207031
2299.44226494856	848.22998046875
2301.70220690387	848.924987792969
2303.96147819859	848.765014648438
2306.22007910947	848.580017089844
2308.47800991309	848.544982910156
2310.73527088589	847.945007324219
2312.99186230416	848.784973144531
2315.24778444403	849.284973144531
2317.50303758149	849.413330078125
2319.75762199235	849.541625976563
2322.01153795231	849.669982910156
2324.26478573689	849.905029296875
2326.51736562147	848.690002441406
2328.76927788127	849.335021972656
2331.02052279137	849.830017089844
2333.2711006267	850.234985351563
2335.52101166203	850.640014648438
2337.77025617198	849.700012207031
2340.01883443103	848.89501953125
2342.2667467135	848.75
2344.51399329356	848.815002441406
2346.76057444525	847.919982910156
2349.00649044241	847.210021972656
2351.2517415588	847.299987792969
2353.49632806796	847.322509765625
2355.74025024334	847.344970703125
2357.98350835819	847.174987792969
2360.22610268566	847.950012207031
2362.4680334987	847.775024414063
2364.70930107016	847.599975585938
2366.94990567269	847.789978027344
2369.18984757884	847.919982910156
2371.42912706098	846.820007324219
2373.66774439134	845.830017089844
2375.90569984199	847.010009765625
2378.14299368488	847.924987792969
2380.37962619179	847.390014648438
2382.61559763435	846.375
2384.85090828405	848.575012207031
2387.08555841222	848.130004882813
2389.31954829006	848.515014648438
2391.55287818861	848.570007324219
2393.78554837877	847.989990234375
2396.01755913128	847.109985351563
2398.24891071673	847.114990234375
2400.47960340558	847.070007324219
2402.70963746814	846.549987792969
2404.93901317456	847.974975585938
2407.16773079485	849.419982910156
2409.39579059887	848.780029296875
2411.62319285633	848.140014648438
2413.84993783681	847.460021972656
2416.07602580971	846.445007324219
2418.30145704432	846.200012207031
2420.52623180977	847.989990234375
2422.75035037503	849.429992675781
2424.97381300893	850
2427.19661998017	849.400024414063
2429.41877155729	849.244995117188
2431.64026800867	849.369995117188
2433.86110960257	847.784973144531
2436.08129660709	848.515014648438
2438.30082929019	848.155029296875
2440.51970791967	848.289978027344
2442.73793276321	848.25
2444.95550408832	849.52001953125
2447.17242216237	849.950012207031
2449.38868725259	849.429992675781
2451.60429962607	848.034973144531
2453.81925954975	848.093322753906
2456.03356729041	848.151672363281
2458.2472231147	848.210021972656
2460.46022728913	848.119995117188
2462.67258008005	848.804992675781
2464.88428175368	848.760009765625
2467.09533257608	849.525024414063
2469.30573281318	849.054992675781
2471.51548273076	847.655029296875
2473.72458259445	846.984985351563
2475.93303266974	847.294982910156
2478.14083322198	848.815002441406
2480.34798451637	849.155029296875
2482.55448681797	849.909973144531
2484.76034039169	850.864990234375
2486.96554550231	850.445007324219
2489.17010241445	848.909973144531
2491.37401139259	849.22998046875
2493.57727270109	849.059997558594
2495.77988660412	849.210021972656
2497.98185336574	848.99169921875
2500.18317324987	848.773315429688
2502.38384652028	848.554992675781
2504.58387344058	847.940002441406
2506.78325427425	849.119995117188
2508.98198928465	848.474975585938
2511.18007873495	849.125
2513.37752288821	849.864990234375
2515.57432200735	850.60498046875
2517.77047635514	849.380004882813
2519.96598619419	851.005004882813
2522.16085178699	850.150024414063
2524.35507339589	851.219970703125
2526.54865128308	850.869995117188
2528.74158571062	850.830017089844
2530.93387694042	847.369995117188
2533.12552523427	848.359985351563
2535.31653085379	849.484985351563
2537.50689406046	850.679992675781
2539.69661511566	850.320007324219
2541.88569428057	850.273315429688
2544.07413181627	850.226684570313
2546.26192798368	850.179992675781
2548.44908304359	849.755004882813
2550.63559725664	849.570007324219
2552.82147088333	850.549987792969
2555.00670418402	850.544982910156
2557.19129741894	850.537475585938
2559.37525084817	850.530029296875
2561.55856473164	850.150024414063
2563.74123932917	850.282470703125
2565.92327490039	850.414978027344
2568.10467170484	851.015014648438
2570.28543000189	851.140014648438
2572.46555005079	850.465026855469
2574.64503211063	851.335021972656
2576.82387644036	853.205017089844
2579.00208329882	851.844970703125
2581.17965294468	852.22998046875
2583.35658563648	851.525024414063
2585.53288163263	852.635009765625
2587.70854119137	851.799987792969
2589.88356457084	850.539978027344
2592.05795202902	849.380004882813
2594.23170382376	850.494995117188
2596.40482021275	850.619995117188
2598.57730145356	852.02001953125
2600.74914780363	852.280029296875
2602.92035952023	852.330017089844
2605.09093686053	851.130004882813
2607.26088008153	851.635009765625
2609.4301894401	852.375
2611.59886519299	854.210021972656
2613.76690759678	854.320007324219
2615.93431690793	854.174987792969
2618.10109338277	855.695007324219
2620.26723727748	855.77001953125
2622.4327488481	855.919982910156
2624.59762835054	855.580017089844
2626.76187604057	855.799987792969
2628.92549217382	856.02001953125
2631.08847700579	856.820007324219
2633.25083079182	857.224975585938
2635.41255378715	857.527465820313
2637.57364624684	857.830017089844
2639.73410842586	857.530029296875
2641.893940579	856.5
2644.05314296094	856.609985351563
2646.21171582621	858.734985351563
2648.36965942921	858.125
2650.5269740242	858.684997558594
2652.6836598653	860.179992675781
2654.83971720651	860.159973144531
2656.99514630167	860.039978027344
2659.1499474045	858.799987792969
2661.30412076857	859.349975585938
2663.45766664734	858.570007324219
2665.61058529411	860.244995117188
2667.76287696204	861.015014648438
2669.91454190418	861.489990234375
2672.06558037342	862.484985351563
2674.21599262253	862.650024414063
2676.36577890413	862.837524414063
2678.51493947072	863.025024414063
2680.66347457466	862.75
2682.81138446816	863.215026855469
2684.95866940332	864.255004882813
2687.10532963209	863.85498046875
2689.25136540628	864.390014648438
2691.39677697757	863.02001953125
2693.54156459752	862.22998046875
2695.68572851753	862.330017089844
2697.82926898888	863.585021972656
2699.97218626272	864.275024414063
2702.11448059006	863.340026855469
2704.25615222175	864.900024414063
2706.39720140856	868.02001953125
2708.53762840109	868.924987792969
2710.67743344979	869.025024414063
2712.81661680503	869.684997558594
2714.95517871698	870.655029296875
2717.09311943574	872.155029296875
2719.23043921123	874.27001953125
2721.36713829325	875.294982910156
2723.50321693148	875.239990234375
2725.63867537545	878.89501953125
2727.77351387456	879.590026855469
2729.90773267809	879.498352050781
2732.04133203516	879.406677246094
2734.17431219478	879.315002441406
2736.30667340581	878.719970703125
2738.438415917	878.625
2740.56953997695	877.090026855469
2742.70004583414	878.015014648438
2744.82993373688	877.702514648438
2746.9592039334	877.390014648438
2749.08785667177	877.380004882813
2751.21589219993	876.924987792969
2753.34331076568	876.390014648438
2755.4701126167	876.544982910156
2757.59629800054	875.580017089844
2759.7218671646	874.72998046875
2761.84682035617	874.409973144531
2763.9711578224	873.049987792969
2766.0948798103	872.669982910156
2768.21798656676	872.684997558594
2770.34047833852	872.875
2772.46235537222	873.065002441406
2774.58361791434	872.244995117188
2776.70426621124	873.419982910156
2778.82430050915	873.929992675781
2780.94372105416	873.450012207031
2783.06252809224	872.955017089844
2785.18072186922	872.130004882813
2787.29830263081	871.89501953125
2789.41527062257	871.335021972656
2791.53162608996	871.275024414063
2793.64736927828	871.080017089844
2795.76250043271	871.919982910156
2797.8770197983	872.340026855469
2799.99092761997	871.559997558594
2802.10422414252	872.330017089844
2804.21690961059	873.135009765625
2806.32898426873	874.10498046875
2808.44044836132	874.330017089844
2810.55130213264	875.659973144531
2812.66154582682	877.044982910156
2814.77117968788	878.784973144531
2816.8802039597	881.094970703125
2818.98861888601	882.924987792969
2821.09642471046	884.914978027344
2823.20362167653	887.705017089844
2825.31021002756	891.450012207031
2827.41619000682	894.784973144531
2829.52156185738	895.909973144531
2831.62632582224	897.414978027344
2833.73048214422	900.554992675781
2835.83403106606	904.585021972656
2837.93697283033	907.210021972656
2840.03930767951	910.815002441406
2842.1410358559	917.484985351563
2844.24215760173	925.775024414063
2846.34267315905	936.940002441406
2848.44258276982	948.22998046875
2850.54188667585	959.195007324219
2852.64058511883	974.539978027344
2854.73867834032	990.640014648438
2856.83616658175	1003.66497802734
2858.93305008443	1019.11999511719
2861.02932908952	1034.15502929688
2863.12500383809	1051.01000976563
2865.22007457104	1072.43994140625
2867.31454152918	1095.375
2869.40840495316	1116.21496582031
2871.50166508353	1142.25500488281
2873.59432216069	1174.43005371094
2875.68637642493	1199.10498046875
2877.77782811641	1211.0400390625
2879.86867747515	1220.79504394531
2881.95892474105	1232.52502441406
2884.0485701539	1236.96496582031
2886.13761395333	1239.31494140625
2888.22605637886	1242.96496582031
2890.3138976699	1240.56005859375
2892.40113806571	1249.38000488281
2894.48777780544	1262.01501464844
2896.57381712808	1269.85498046875
2898.65925627254	1286.30505371094
2900.74409547758	1301.11999511719
2902.82833498183	1301.51501464844
2904.9119750238	1304.89501953125
2906.99501584188	1321.43005371094
2909.07745767432	1337.68005371094
2911.15930075925	1356.40502929688
2913.24054533469	1380.46997070313
2915.3211916385	1398.85998535156
2917.40123990846	1418.63500976563
2919.48069038217	1449.80004882813
2921.55954329716	1478.75
2923.63779889079	1502.30505371094
2925.71545740033	1523.93505859375
2927.79251906289	1542.36999511719
2929.86898411548	1557.93505859375
2931.94485279498	1567.46997070313
2934.02012533815	1583.97497558594
2936.0948019816	1585.47668457031
2938.16888296184	1586.97827148438
2940.24236851525	1588.47998046875
2942.31525887809	1578.16003417969
2944.38755428648	1568.49499511719
2946.45925497643	1553.96997070313
2948.53036118382	1523.42504882813
2950.6008731444	1490.52502441406
2952.67079109381	1457.47497558594
2954.74011526755	1426.81494140625
2956.80884590101	1398.18505859375
2958.87698322944	1385.85498046875
2960.94452748799	1382.76501464844
2963.01147891167	1371.31494140625
2965.07783773535	1355.34497070313
2967.14360419382	1340.35998535156
2969.2087785217	1323.92504882813
2971.27336095352	1313.31494140625
2973.33735172366	1300.18005371094
2975.40075106641	1290.35498046875
2977.46355921591	1269.93505859375
2979.52577640618	1252.85498046875
2981.58740287112	1241.54504394531
2983.64843884452	1234.61499023438
2985.70888456003	1220.63000488281
2987.76874025117	1208.44494628906
2989.82800615137	1188.73999023438
2991.88668249391	1172.56005859375
2993.94476951194	1157.08996582031
2996.00226743852	1138.11499023438
2998.05917650657	1117.27001953125
3000.11549694887	1098.60498046875
3002.17122899812	1085.32995605469
3004.22637288685	1069.94995117188
3006.2809288475	1053.10998535156
3008.33489711238	1037.67004394531
3010.38827791368	1020.26501464844
3012.44107148345	1012.15002441406
3014.49327805366	1000.96997070313
3016.5448978561	989.655029296875
3018.59593112249	980.155029296875
3020.64637808441	974.414978027344
3022.6962389733	966.179992675781
3024.74551402051	960.590026855469
3026.79420345725	957.099975585938
3028.84230751461	952.989990234375
3030.88982642357	948.369995117188
3032.93676041497	947.5
3034.98310971955	944.945007324219
3037.02887456791	944.97998046875
3039.07405519054	947.02001953125
3041.11865181781	950.10498046875
3043.16266467996	952.140014648438
3045.20609400713	954.929992675781
3047.24894002932	955.830017089844
3049.2912029764	956.789978027344
3051.33288307815	958.789978027344
3053.37398056421	962.900024414063
3055.41449566411	968.22998046875
3057.45442860725	973.169982910156
3059.49377962291	982.97998046875
3061.53254894026	992.005004882813
3063.57073678834	996.075012207031
3065.60834339607	996.75
3067.64536899227	995.825012207031
3069.68181380561	994.294982910156
3071.71767806467	986.375
3073.75296199788	977.400024414063
3075.78766583357	968.530029296875
3077.82178979997	960.434997558594
3079.85533412513	953.619995117188
3081.88829903705	949.974975585938
3083.92068476356	941.174987792969
3085.95249153241	935.210021972656
3087.98371957119	930.039978027344
3090.01436910741	925.585021972656
3092.04444036844	921.065002441406
3094.07393358152	919.049987792969
3096.10284897381	917.919982910156
3098.13118677232	916.275024414063
3100.15894720395	915.280029296875
3102.18613049548	913.950012207031
3104.21273687357	912.219970703125
3106.23876656477	911.474975585938
3108.2642197955	910.039978027344
3110.28909679208	910.330017089844
3112.31339778069	909.875
3114.33712298741	909.239990234375
3116.36027263819	910.27001953125
3118.38284695887	911.164978027344
3120.40484617516	910.869995117188
3122.42627051268	910.47998046875
3124.4471201969	911.875
3126.46739545319	913.625
3128.4870965068	914.835021972656
3130.50622358287	914.880004882813
3132.5247769064	913.380004882813
3134.54275670229	914.789978027344
3136.56016319534	915.760009765625
3138.57699661019	916.614990234375
3140.59325717139	915.864990234375
3142.60894510338	915.382507324219
3144.62406063047	914.900024414063
3146.63860397686	914.825012207031
3148.65257536662	915.065002441406
3150.66597502371	916.940002441406
3152.67880317199	917.190002441406
3154.69106003518	917.780029296875
3156.70274583691	919.125
3158.71386080065	919.974975585938
3160.72440514981	922.994995117188
3162.73437910763	924.989990234375
3164.74378289728	926.505004882813
3166.75261674179	927.289978027344
3168.76088086407	927.544982910156
3170.76857548692	928.809997558594
3172.77570083303	932.039978027344
3174.78225712498	932.224975585938
3176.78824458521	931.414978027344
3178.79366343607	931.594970703125
3180.79851389977	933.844970703125
3182.80279619844	935.190002441406
3184.80651055405	938.344970703125
3186.80965718849	938.344970703125
3188.81223632353	940.85498046875
3190.81424818081	942.554992675781
3192.81569298186	944.539978027344
3194.8165709481	944.260009765625
3196.81688230084	944.929992675781
3198.81662726126	948.35498046875
3200.81580605044	949.684997558594
3202.81441888933	951.025024414063
3204.81246599879	950.760009765625
3206.80994759954	952.835021972656
3208.80686391219	955.585021972656
3210.80321515726	958.570007324219
3212.79900155512	959.414978027344
3214.79422332605	962.515014648438
3216.78888069021	961.719970703125
3218.78297386765	965.669982910156
3220.77650307828	968.905029296875
3222.76946854195	970.114990234375
3224.76187047834	973.034973144531
3226.75370910705	973.974975585938
3228.74498464755	975.140014648438
3230.73569731921	975.781677246094
3232.72584734127	976.42333984375
3234.71543493287	977.065002441406
3236.70446031304	977.159973144531
3238.69292370068	980.155029296875
3240.68082531459	983.77001953125
3242.66816537345	983.205017089844
3244.65494409583	986.650024414063
3246.6411617002	990.174987792969
3248.62681840488	990.419982910156
3250.61191442812	993.539978027344
3252.59644998804	995.590026855469
3254.58042530263	992.515014648438
3256.56384058979	993.364990234375
3258.54669606731	997.684997558594
3260.52899195285	1000.63000488281
3262.51072846396	1001.90502929688
3264.4919058181	1001.60998535156
3266.47252423259	1007
3268.45258392464	1009.45501708984
3270.43208511138	1012.01501464844
3272.41102800978	1014.42999267578
3274.38941283675	1016.19500732422
3276.36723980904	1018.69000244141
3278.34450914332	1021.21002197266
3280.32122105613	1026.18994140625
3282.29737576392	1030.18994140625
3284.272973483	1030.11999511719
3286.24801442958	1033.22998046875
3288.22249881978	1033.59997558594
3290.19642686957	1032.4599609375
3292.16979879485	1032.97998046875
3294.14261481136	1033.43994140625
3296.11487513478	1033.931640625
3298.08657998065	1034.42333984375
3300.0577295644	1034.9150390625
3302.02832410136	1031.67004394531
3303.99836380673	1033.26000976563
3305.96784889563	1031.38000488281
3307.93677958303	1028.56994628906
3309.90515608383	1029.52502441406
3311.87297861278	1031.0849609375
3313.84024738456	1034.46997070313
3315.80696261371	1035.57995605469
3317.77312451466	1034.78002929688
3319.73873330175	1029.60998535156
3321.70378918919	1025.38500976563
3323.66829239109	1022.66497802734
3325.63224312145	1022.61999511719
3327.59564159416	1026.43994140625
3329.55848802299	1028.94995117188
3331.52078262162	1027.23999023438
3333.4825256036	1024.80505371094
3335.44371718237	1025.93505859375
3337.40435757128	1023.21502685547
3339.36444698356	1022.91497802734
3341.32398563232	1020.78497314453
3343.28297373058	1018.97998046875
3345.24141149124	1020.27001953125
3347.19929912709	1019.77667236328
3349.15663685081	1019.28332519531
3351.11342487497	1018.78997802734
3353.06966341204	1018.54998779297
3355.02535267437	1019.21502685547
3356.98049287421	1019.80999755859
3358.9350842237	1018.29498291016
3360.88912693486	1019.69500732422
3362.84262121962	1025.25500488281
3364.79556728978	1026.76000976563
3366.74796535705	1024.35998535156
3368.69981563302	1020.08502197266
3370.65111832917	1017.35998535156
3372.60187365689	1015.46002197266
3374.55208182744	1018.17498779297
3376.50174305198	1017.18249511719
3378.45085754157	1016.19000244141
3380.39942550714	1016.54998779297
3382.34744715954	1019.61999511719
3384.29492270949	1017.90997314453
3386.24185236761	1011.40502929688
3388.18823634442	1011.72497558594
3390.13407485031	1010.70501708984
3392.07936809559	1012.83996582031
3394.02411629045	1014.97497558594
3395.96831964496	1012.07501220703
3397.91197836911	1007.46997070313
3399.85509267275	1004.11499023438
3401.79766276564	1001.59002685547
3403.73968885745	1003.28002929688
3405.68117115771	1005.02001953125
3407.62210987586	1005.11499023438
3409.56250522123	1005.21002197266
3411.50235740305	1004.42999267578
3413.44166663043	1002.46502685547
3415.38043311238	1000.51000976563
3417.3186570578	1001.21997070313
3419.2563386755	999.405029296875
3421.19347817415	1001.22998046875
3423.13007576235	1002.36999511719
3425.06613164857	1003.11499023438
3427.00164604118	999.22998046875
3428.93661914844	997.510009765625
3430.87105117852	998.789978027344
3432.80494233945	1000.27502441406
3434.73829283919	999.965026855469
3436.67110288558	997.049987792969
3438.60337268634	996.294982910156
3440.53510244911	996.89501953125
3442.4662923814	992.719970703125
3444.39694269064	990.789978027344
3446.32705358412	988.719970703125
3448.25662526905	988.690002441406
3450.18565795254	991.239990234375
3452.11415184156	991.905029296875
3454.04210714302	990.52001953125
3455.96952406369	990.090026855469
3457.89640281024	989.010009765625
3459.82274358924	989.14501953125
3461.74854660717	986.989990234375
3463.67381207038	984.219970703125
3465.59854018513	983.469970703125
3467.52273115756	979.565002441406
3469.44638519373	976.669982910156
3471.36950249956	972.309997558594
3473.29208328091	969.419982910156
3475.21412774349	967.440002441406
3477.13563609293	967.330017089844
3479.05660853476	962.445007324219
3480.97704527438	961.044982910156
3482.89694651712	961.080017089844
3484.81631246818	961.630004882813
3486.73514333266	959.554992675781
3488.65343931557	959.325012207031
3490.57120062179	957.080017089844
3492.48842745612	952
3494.40512002324	948.47998046875
3496.32127852773	945.625
3498.23690317408	944.844970703125
3500.15199416666	944.760009765625
3502.06655170974	944.445007324219
3503.98057600749	942.630004882813
3505.89406726396	939.835021972656
3507.80702568312	937.559997558594
3509.71945146883	932.465026855469
3511.63134482483	928.789978027344
3513.54270595478	927.924987792969
3515.45353506222	925.734985351563
3517.3638323506	924.744995117188
3519.27359802324	925.424987792969
3521.1828322834	922.205017089844
3523.09153533419	920.880004882813
3524.99970737866	919.239990234375
3526.90734861972	914.674987792969
3528.81445926021	913.320007324219
3530.72103950283	914.280029296875
3532.62708955022	911.669982910156
3534.53260960488	908.325012207031
3536.43759986923	903.695007324219
3538.34206054558	900.424987792969
3540.24599183613	898.289978027344
3542.149393943	897.419982910156
3544.05226706817	895.890014648438
3545.95461141357	893.969970703125
3547.85642718097	892.054992675781
3549.75771457208	888.325012207031
3551.6584737885	887.630004882813
3553.55870503171	885.474975585938
3555.4584085031	883.320007324219
3557.35758440396	881.27001953125
3559.25623293548	879.330017089844
3561.15435429874	876.664978027344
3563.05194869473	874.869995117188
3564.94901632432	875.820007324219
3566.84555738829	874.059997558594
3568.74157208732	872.989990234375
3570.63706062199	871.969970703125
3572.53202319277	871.705017089844
3574.42646000003	871.710021972656
3576.32037124406	869.14501953125
3578.213757125	868.049987792969
3580.10661784295	867.885009765625
3581.99895359786	865.255004882813
3583.8907645896	861.635009765625
3585.78205101794	861.440002441406
3587.67281308254	860.905029296875
3589.56305098297	859.890014648438
3591.4527649187	857.715026855469
3593.34195508907	857.630004882813
3595.23062169338	856.549987792969
3597.11876493075	856.320007324219
3599.00638500027	854.960021972656
3600.89348210089	852.015014648438
3602.78005643148	850.184997558594
3604.66610819078	848.924987792969
3606.55163757747	850.205017089844
3608.4366447901	848.190002441406
3610.32113002713	846.825012207031
3612.20509348693	845.130004882813
3614.08853536774	844.234985351563
3615.97145586773	842.900024414063
3617.85385518497	843.030029296875
3619.7357335174	841.034973144531
3621.61709106289	840.090026855469
3623.4979280192	837.700012207031
3625.37824458399	835.60498046875
3627.25804095482	835.015014648438
3629.13731732915	836.114990234375
3631.01607390435	835.289978027344
3632.89431087767	833.10498046875
3634.77202844629	831.945007324219
3636.64922680726	830.760009765625
3638.52590615754	830.219970703125
3640.40206669402	830.015014648438
3642.27770861344	829.099975585938
3644.15283211248	828.455017089844
3646.02743738771	826.825012207031
3647.90152463559	825.14501953125
3649.77509405251	825.195007324219
3651.64814583473	823.099975585938
3653.52068017842	821.919982910156
3655.39269727965	820.97998046875
3657.26419733442	820.349975585938
3659.13518053858	819.669982910156
3661.00564708793	819.859985351563
3662.87559717814	817.429992675781
3664.7450310048	816.289978027344
3666.61394876338	816.059997558594
3668.48235064928	815.489990234375
3670.35023685779	815.429992675781
3672.21760758409	814.325012207031
3674.08446302327	814.544982910156
3675.95080337033	814.155029296875
3677.81662882017	812.174987792969
3679.68193956758	811.679992675781
3681.54673580727	810.60498046875
3683.41101773383	809.390014648438
3685.27478554178	809.289978027344
3687.13803942551	809.299987792969
3689.00077957934	807.450012207031
3690.86300619748	806.109985351563
3692.72471947405	805.679992675781
3694.58591960306	805.565002441406
3696.44660677844	805.179992675781
3698.306781194	804.434997558594
3700.16644304348	803.77001953125
3702.02559252049	804.125
3703.88422981859	804.080017089844
3705.74235513119	802.5
3707.59996865164	801.150024414063
3709.45707057318	799.919982910156
3711.31366108895	800.190002441406
3713.16974039199	799.945007324219
3715.02530867527	799.445007324219
3716.88036613164	799.130004882813
3718.73491295385	797.619995117188
3720.58894933456	797.515014648438
3722.44247546634	797.409973144531
3724.29549154166	796.760009765625
3726.14799775289	796.700012207031
3727.9999942923	795.840026855469
3729.85148135209	795.840026855469
3731.70245912432	795.114990234375
3733.55292780098	794.375
3735.40288757397	794.440002441406
3737.25233863509	794.10498046875
3739.10128117603	794.544982910156
3740.9497153884	794.424987792969
3742.7976414637	793.965026855469
3744.64505959335	793.200012207031
3746.49196996866	792.325012207031
3748.33837278086	792.41748046875
3750.18426822108	792.510009765625
3752.02965648033	792.700012207031
3753.87453774956	792.340026855469
3755.7189122196	793.260009765625
3757.5627800812	793.049987792969
3759.40614152501	792.820007324219
3761.24899674159	792.713317871094
3763.09134592138	792.606689453125
3764.93318925476	792.5
3766.77452693199	792.515014648438
3768.61535914325	792.669982910156
3770.45568607861	792.890014648438
3772.29550792807	792.315002441406
3774.1348248815	790.880004882813
3775.9736371287	791.039978027344
3777.81194485938	791.820007324219
