32.6816976106991	717
35.6535599501435	717
38.6244374909659	717
41.5943306947054	716.914978027344
44.5632400226282	716.940002441406
47.5311659356917	716.924987792969
50.4981088945929	716.77001953125
53.4640693597127	716.840026855469
56.4290477911676	716.734985351563
59.3930446487746	716.75
62.356060392067	716.765014648438
65.3180954802906	716.794982910156
68.2791503724084	716.8125
71.2392255270922	716.830017089844
74.1983214027271	716.674987792969
77.1564384574159	716.722534179688
80.113577148983	716.77001953125
83.0697379349549	716.815002441406
86.0249212725722	716.900024414063
88.9791276188058	716.859985351563
91.9323574303255	716.989990234375
94.8846111635238	716.969970703125
97.8358892745121	717.125
100.786192219114	717.159973144531
103.73552045287	717.169982910156
106.683874431037	717.119995117188
109.631254608583	717.440002441406
112.577661440203	717.434997558594
115.523095380307	717.575012207031
118.467556883015	717.934997558594
121.411046402175	718.390014648438
124.353564391344	719.530029296875
127.295111303796	721.015014648438
130.235687592532	723.599975585938
133.175293710265	728.52001953125
136.113930109434	737.484985351563
139.051597242185	751.390014648438
141.98829556039	772.299987792969
144.92402551564	798.47998046875
147.858787559244	829.039978027344
150.792582142239	862.75
153.725409715372	896.219970703125
156.65727072911	922.109985351563
159.588165633643	942.335021972656
162.518094878884	954.630004882813
165.447058914469	965.599975585938
168.375058189747	973.635009765625
171.302093153792	973.625
174.228164255401	970.284973144531
177.153271943091	967.130004882813
180.077416665101	964.695007324219
183.000598869394	965.299987792969
185.922819003656	964.515014648438
188.84407751529	967.674987792969
191.764374851424	970.72998046875
194.683711458919	970.864990234375
197.60208778434	971.044982910156
200.519504273992	975.445007324219
203.435961373894	983.465026855469
206.351459529801	992.60498046875
209.265999187174	996.119995117188
212.179580791207	1004.92498779297
215.092204786825	1020.47497558594
218.003871618673	1037.71496582031
220.914581731116	1052.30505371094
223.824335568247	1063.4599609375
226.733133573893	1071.96496582031
229.640976191593	1081.47998046875
232.547863864614	1093.09997558594
235.453797035961	1101.97497558594
238.358776148354	1105.08996582031
241.26280164424	1100.73999023438
244.1658739658	1102.96496582031
247.067993554929	1101.14245605469
249.969160853266	1099.31994628906
252.869376302162	1099.18994140625
255.768640342707	1093.92004394531
258.666953415705	1087.89001464844
261.564315961705	1085.21496582031
264.46072842097	1085.71496582031
267.356191233499	1080.35498046875
270.25070483901	1072.72497558594
273.144269676967	1071.36499023438
276.036886186551	1069.98498535156
278.928554806671	1070.22497558594
281.819275975966	1063.84497070313
284.709050132812	1060.85998535156
287.597877715306	1061.72497558594
290.485759161281	1064.42004394531
293.372694908298	1063.77502441406
296.258685393644	1058.18994140625
299.143731054352	1053.42004394531
302.027832327156	1051.49499511719
304.910989648557	1047.29504394531
307.79320345476	1047.47497558594
310.674474181717	1048.18505859375
313.554802265101	1048.89501953125
316.434188140326	1046.47998046875
319.312632242533	1048.05505371094
322.190135006593	1048.32995605469
325.066696867117	1044.0849609375
327.942318258443	1040.98999023438
330.816999614641	1042.4599609375
333.690741369517	1037.72998046875
336.56354395661	1038.75
339.435407809193	1036.48999023438
342.306333360273	1032.77001953125
345.176321042591	1033.75
348.045371288612	1029.44494628906
350.913484530551	1025.60498046875
353.78066120035	1021.41998291016
356.64690172969	1022.20501708984
359.512206549972	1023.125
362.376576092357	1019.09497070313
365.240010787716	1015.23999023438
368.102511066677	1015.38000488281
370.964077359587	1014.35998535156
373.82471009654	1015.65502929688
376.684409707364	1013.93499755859
379.543176621612	1011.52502441406
382.401011268595	1007.34997558594
385.257914077343	1006.69500732422
388.113885476627	1011.79998779297
390.968925894961	1015.80999755859
393.823035760591	1016.41497802734
396.676215501503	1016.41497802734
399.528465545415	1019.19000244141
402.379786319791	1023.90997314453
405.230178251834	1024.84497070313
408.079641768472	1033.68505859375
410.928177296387	1041.15002441406
413.775785261992	1042.1650390625
416.622466091445	1041.28002929688
419.468220210631	1043.76501464844
422.313048045182	1044.55004882813
425.156950020479	1046.40002441406
427.999926561623	1046.65002441406
430.841978093471	1046.23498535156
433.683105040613	1045.86999511719
436.523307827384	1042.44494628906
439.362586877851	1039.93005371094
442.200942615829	1039.06005859375
445.038375464876	1035.27502441406
447.874885848283	1033.97497558594
450.710474189089	1033.28503417969
453.54514091007	1032.98498535156
456.37888643375	1031.61999511719
459.211711182386	1029.43994140625
462.043615577986	1030.22497558594
464.874600042297	1030.38500976563
467.704664996804	1026.43005371094
470.533810862741	1024.99499511719
473.36203806108	1024.31494140625
476.189347012547	1022.30999755859
479.015738137594	1022.07000732422
481.841211856432	1020.05499267578
484.665768589008	1018.89001464844
487.489408755009	1021.89501953125
490.312132773878	1028.88000488281
493.133941064796	1036.36499023438
495.954834046683	1036.90002441406
498.77481213821	1036.05505371094
501.593875757797	1036.35668945313
504.412025323601	1036.65832519531
507.229261253524	1036.9599609375
510.045583965226	1036.01000976563
512.860993876093	1037.06005859375
515.675491403271	1037.06335449219
518.489076963649	1037.06665039063
521.301750973863	1037.06994628906
524.113513850293	1035.69494628906
526.924366009065	1029.35498046875
529.734307866052	1028.5400390625
532.543339836881	1023.20001220703
535.35146233692	1022.26000976563
538.158675781281	1017.75500488281
540.964980584833	1014.21997070313
543.770377162182	1012.83001708984
546.574865927692	1010.21002197266
549.378447295465	1010.45501708984
552.181121679365	1008.09497070313
554.982889492993	1000.17999267578
557.783751149701	998.669982910156
560.583707062591	997.554992675781
563.38275764452	996.460021972656
566.180903308083	995.544982910156
568.978144465633	996.559997558594
571.774481529266	995.349975585938
574.569914910839	992.859985351563
577.364445021949	989.549987792969
580.158072273946	986.705017089844
582.950797077926	985.469970703125
585.742619844752	983.325012207031
588.533540985018	982.284973144531
591.323560909078	979.885009765625
594.112680027034	980.64501953125
596.90089874875	981.284973144531
599.688217483828	977.575012207031
602.474636641629	973.734985351563
605.260156631263	973.465026855469
608.044777861596	972.684997558594
610.828500741241	971.659973144531
613.611325678567	972.97998046875
616.393253081697	977.494995117188
619.174283358506	978.830017089844
621.954416916616	981.005004882813
624.733654163414	982.072509765625
627.511995506029	983.140014648438
630.289441351351	979.059997558594
633.065992106022	975.429992675781
635.841648176434	970.85498046875
638.616409968744	969.085021972656
641.390277888847	972.614990234375
644.163252342408	978.015014648438
646.93533373484	981.049987792969
649.706522471307	984
652.47681895674	985.450012207031
655.246223595811	983.219970703125
658.014736792957	979.02001953125
660.782358952371	981.679992675781
663.549090477999	980.705017089844
666.314931773542	981.89501953125
669.079883242452	980.965026855469
671.843945287955	978.585021972656
674.607118313019	982.89501953125
677.369402720366	984.599975585938
680.130798912488	984.875
682.891307291627	980.570007324219
685.650928259784	976.940002441406
688.409662218708	977.219970703125
691.167509569927	977.159973144531
693.924470714705	974.989990234375
696.680546054078	976.14501953125
699.435735988832	980.565002441406
702.190040919516	979.494995117188
704.943461246442	978.960021972656
707.695997369667	979.512512207031
710.447649689022	980.065002441406
713.198418604088	979.125
715.948304514206	980.989990234375
718.697307818481	981.804992675781
721.445428915779	982.150024414063
724.192668204716	983.570007324219
726.93902608368	983.248352050781
729.684502950805	982.926635742188
732.429099204005	982.60498046875
735.172815240936	982.919982910156
737.915651459026	986.169982910156
740.657608255463	985.390014648438
743.398686027186	986.239990234375
746.13888517091	987.849975585938
748.878206083102	991.10498046875
751.616649159998	991.900024414063
754.354214797584	993.674987792969
757.09090339162	996.659973144531
759.826715337622	1000.25
762.561651030868	1000.02502441406
765.295710866406	999.554992675781
768.028895239041	994.664978027344
770.761204543336	989.434997558594
773.492639173626	985.52001953125
776.223199524006	979.534973144531
778.952885988334	977.304992675781
781.681698960235	975.900024414063
784.40963883309	972.450012207031
787.136706000052	968.455017089844
789.862900854037	967.534973144531
792.588223787721	969.715026855469
795.312675193549	970.130004882813
798.036255463728	969.375
800.758964990228	970.184997558594
803.480804164792	969.585021972656
806.201773378919	970.609985351563
808.921873023884	974.534973144531
811.641103490712	979.625
814.359465170214	984.599975585938
817.076958452946	990.460021972656
819.793583729246	994.494995117188
822.509341389214	1002.88500976563
825.224231822712	1013.28497314453
827.938255419375	1022.375
830.651412568596	1029.45495605469
833.363703659544	1034.8349609375
836.075129081157	1039.34997558594
838.785689222127	1043.43005371094
841.495384470928	1043.88500976563
844.204215215788	1048.02001953125
846.912181844721	1052.7900390625
849.619284745491	1058.30505371094
852.325524305638	1064.89501953125
855.030900912475	1068.58996582031
857.735414953079	1072.7900390625
860.439066814289	1073.34997558594
863.141856882725	1070.55004882813
865.843785544769	1066.0849609375
868.544853186571	1058.2900390625
871.245060194063	1050.65002441406
873.944406952925	1046.43005371094
876.642893848625	1044.56994628906
879.340521266398	1045.27001953125
882.037289591241	1050.76000976563
884.733199207927	1056.44995117188
887.428250501001	1059.30004882813
890.122443854778	1059.78002929688
892.815779653335	1061.27001953125
895.508258280534	1062.375
898.199880119997	1065.56494140625
900.890645555129	1070.35498046875
903.580554969094	1073.46997070313
906.269608744832	1071.48498535156
908.957807265056	1069.25
911.645150912257	1068.84997558594
914.331640068689	1068.44995117188
917.017275116375	1067.04504394531
919.702056437128	1066.375
922.385984412518	1067.95495605469
925.069059423886	1068.0849609375
927.751281852366	1073.875
930.432652078842	1082.06005859375
933.113170483983	1088.16003417969
935.79283744823	1095.95495605469
938.471653351806	1101.18994140625
941.149618574686	1100.64001464844
943.826733496641	1099.5
946.502998497206	1105.28002929688
949.178413955689	1105.93005371094
951.85298025118	1106.20837402344
954.526697762544	1106.48669433594
957.199566868403	1106.76501464844
959.87158794718	1104.56494140625
962.542761377054	1103.27502441406
965.213087535987	1100.67504882813
967.882566801719	1093.74499511719
970.551199551761	1089.0849609375
973.218986163399	1086.42504882813
975.885927013698	1086.32995605469
978.552022479501	1085.36999511719
981.217272937423	1077.76000976563
983.88167876386	1075.52502441406
986.545240334978	1077.01000976563
989.207958026729	1084.32495117188
991.869832214835	1098.35998535156
994.530863274798	1111.26000976563
997.191051581895	1129.79504394531
999.850397511185	1158.14001464844
1002.50890143751	1200.36999511719
1005.16656373546	1239.97998046875
1007.82338477944	1265.0400390625
1010.47936494363	1274.26000976563
1013.13450460195	1258.94995117188
1015.78880412815	1222.75500488281
1018.44226389572	1178.84997558594
1021.09488427794	1141.81005859375
1023.74666564789	1121.4150390625
1026.3976083784	1107.68005371094
1029.04771284208	1102.5849609375
1031.69697941135	1104.60498046875
1034.34540845838	1109.74499511719
1036.99300035512	1114.71997070313
1039.63975547333	1116.21997070313
1042.28567418452	1115.19494628906
1044.93075685998	1110.19995117188
1047.57500387081	1103.03002929688
1050.21841558786	1103.5400390625
1052.86099238177	1105.0849609375
1055.50273462297	1106.76501464844
1058.14364268167	1110.30004882813
1060.78371692784	1116.99499511719
1063.42295773126	1116.15502929688
1066.06136546148	1122.15002441406
1068.69894048781	1133.9599609375
1071.33568317939	1136.2099609375
1073.9715939051	1134.6650390625
1076.60667303362	1131.2900390625
1079.24092093341	1128.56994628906
1081.87433797271	1124.48498535156
1084.50692451954	1115.41003417969
1087.13868094172	1109.73498535156
1089.76960760684	1108.19995117188
1092.39970488226	1107.31994628906
1095.02897313516	1102.93005371094
1097.65741273246	1101.38000488281
1100.28502404089	1102.82995605469
1102.91180742697	1102.19995117188
1105.53776325698	1101.0400390625
1108.16289189701	1101.70495605469
1110.78719371291	1096.63500976563
1113.41066907033	1098.30004882813
1116.0333183347	1100.57495117188
1118.65514187124	1101.69494628906
1121.27614004495	1099.43994140625
1123.89631322061	1101.49499511719
1126.51566176279	1105.39001464844
1129.13418603585	1109.56994628906
1131.75188640394	1110.375
1134.36876323098	1107.45495605469
1136.98481688069	1096.63000488281
1139.60004771655	1085.81994628906
1142.21445610187	1070.65002441406
1144.82804239972	1057.46997070313
1147.44080697295	1043.64001464844
1150.05275018421	1041.91003417969
1152.66387239593	1045.34497070313
1155.27417397034	1050.14001464844
1157.88365526943	1052.50500488281
1160.49231665502	1058.86999511719
1163.10015848867	1061.89501953125
1165.70718113176	1060.107421875
1168.31338494544	1058.31994628906
1170.91877029067	1056.68505859375
1173.52333752817	1059.03503417969
1176.12708701847	1060.71508789063
1178.73001912187	1062.39501953125
1181.33213419848	1060.375
1183.93343260819	1057.75500488281
1186.53391471068	1053.18994140625
1189.13358086539	1046.27001953125
1191.73243143161	1042.15002441406
1194.33046676836	1042.55004882813
1196.92768723449	1043.46496582031
1199.52409318861	1048.30004882813
1202.11968498915	1057.77001953125
1204.7144629943	1065.21496582031
1207.30842756206	1077.82995605469
1209.90157905021	1087.27001953125
1212.49391781634	1095.38000488281
1215.08544421779	1097.67004394531
1217.67615861174	1096.32495117188
1220.26606135512	1092.25500488281
1222.85515280468	1084.9599609375
1225.44343331694	1082.38000488281
1228.03090324823	1085.80004882813
1230.61756295466	1094.58996582031
1233.20341279213	1103.06994628906
1235.78845311634	1109.89001464844
1238.37268428278	1121.43994140625
1240.95610664673	1132.02001953125
1243.53872056325	1142.11999511719
1246.12052638722	1147.34997558594
1248.70152447329	1155.36999511719
1251.28171517591	1156.13500976563
1253.86109884934	1153.61999511719
1256.43967584759	1150.24499511719
1259.0174465245	1150.84497070313
1261.5944112337	1151.06005859375
1264.1705703286	1149.32495117188
1266.74592416241	1153.19995117188
1269.32047308814	1156.34497070313
1271.89421745858	1162.51000976563
1274.46715762633	1166.125
1277.03929394377	1167.39001464844
1279.61062676308	1164.81005859375
1282.18115643624	1161.38000488281
1284.75088331502	1158.68994140625
1287.31980775098	1156.29504394531
1289.88793009548	1161.09497070313
1292.45525069969	1161.54504394531
1295.02176991454	1151.90002441406
1297.58748809078	1147.04504394531
1300.15240557897	1145.04504394531
1302.71652272942	1146
1305.27983989229	1152.73999023438
1307.84235741749	1162.68505859375
1310.40407565475	1167.61999511719
1312.9649949536	1175.51501464844
1315.52511566335	1183.84497070313
1318.08443813311	1184.0849609375
1320.64296271181	1187.35498046875
1323.20068974815	1192.03002929688
1325.75761959063	1195.70495605469
1328.31375258756	1198.57995605469
1330.86908908704	1200.7900390625
1333.42362943696	1201.48999023438
1335.97737398503	1200.31005859375
1338.53032307874	1195.05004882813
1341.08247706537	1193.8349609375
1343.63383629202	1195.55505371094
1346.18440110558	1196.63500976563
1348.73417185274	1194.05505371094
1351.28314887997	1186.74499511719
1353.83133253357	1172.95495605469
1356.37872315961	1155.39501953125
1358.92532110398	1142.15002441406
1361.47112671237	1125.49499511719
1364.01614033024	1105.68994140625
1366.56036230288	1098.19995117188
1369.10379297537	1093.04504394531
1371.64643269258	1083.79504394531
1374.18828179921	1074.71997070313
1376.72934063972	1066.31494140625
1379.2696095584	1057.59997558594
1381.80908889932	1054.1650390625
1384.34777900637	1053.54504394531
1386.88568022323	1055.4599609375
1389.42279289337	1055.78002929688
1391.95911736009	1056.31494140625
1394.49465396645	1058.27502441406
1397.02940305537	1059.44494628906
1399.5633649695	1063.0849609375
1402.09654005135	1066.01501464844
1404.6289286432	1070.53503417969
1407.16053108714	1073.71496582031
1409.69134772507	1073.06994628906
1412.22137889868	1075.32495117188
1414.75062494947	1077.89001464844
1417.27908621874	1080.20495605469
1419.80676304759	1080.48498535156
1422.33365577692	1084.18005371094
1424.85976474744	1087.59997558594
1427.38509029967	1089.32495117188
1429.90963277392	1092.85498046875
1432.4333925103	1098.39501953125
1434.95636984873	1109.375
1437.47856512894	1123.99499511719
1439.99997869045	1144.78503417969
1442.5206108726	1164.60998535156
1445.04046201452	1185.52001953125
1447.55953245515	1211.80004882813
1450.07782253323	1236.29504394531
1452.59533258731	1280.07495117188
1455.11206295574	1264.52746582031
1457.62801397668	1248.97998046875
1460.14318598809	1247.02502441406
1462.65757932774	1233.71997070313
1465.1711943332	1216.15502929688
1467.68403134184	1194.23999023438
1470.19609069085	1168.98999023438
1472.70737271721	1145.22998046875
1475.21787775772	1119.93994140625
1477.72760614897	1092.97497558594
1480.23655822738	1062.96997070313
1482.74473432914	1036.76501464844
1485.25213479029	1011.08502197266
1487.75875994664	989.755004882813
1490.26461013382	974.539978027344
1492.76968568726	965.054992675781
1495.27398694222	956.724975585938
1497.77751423374	949.974975585938
1500.28026789667	948.375
1502.78224826569	946.534973144531
1505.28345567526	942.974975585938
1507.78389045967	940.284973144531
1510.28355295299	938.914978027344
1512.78244348913	935.445007324219
1515.28056240178	937.010009765625
1517.77791002445	938.544982910156
1520.27448669047	939.635009765625
1522.77029273296	942.260009765625
1525.26532848486	940.594970703125
1527.75959427889	941.150024414063
1530.25309044764	940.135009765625
1532.74581732344	939.869995117188
1535.23777523847	939.179992675781
1537.72896452471	942.335021972656
1540.21938551394	942.030029296875
1542.70903853778	941.97998046875
1545.19792392761	946.880004882813
1547.68604201466	953.059997558594
1550.17339312997	961.205017089844
1552.65997760434	966.614990234375
1555.14579576845	969.195007324219
1557.63084795275	973.340026855469
1560.11513448749	975.169982910156
1562.59865570276	976.385009765625
1565.08141192845	972.664978027344
1567.56340349426	969.599975585938
1570.04463072969	965.60498046875
1572.52509396406	963.150024414063
1575.00479352652	964.044982910156
1577.48372974599	967.015014648438
1579.96190295124	970.984985351563
1582.43931347083	973.789978027344
1584.91596163314	979.280029296875
1587.39184776636	985.015014648438
1589.86697219849	989.039978027344
1592.34133525734	991.950012207031
1594.81493727054	993.429992675781
1597.28777856553	994.525024414063
1599.75985946955	999.234985351563
1602.23118030968	1005.58001708984
1604.70174141278	1019.41497802734
1607.17154310555	1034.79504394531
1609.64058571449	1046.17004394531
1612.10886956591	1052.78002929688
1614.57639498595	1054.39501953125
1617.04316230054	1054.08251953125
1619.50917183543	1053.77001953125
1621.97442391621	1051.48999023438
1624.43891886825	1046.97998046875
1626.90265701674	1037.47998046875
1629.36563868671	1030.31994628906
1631.82786420296	1032.61999511719
1634.28933389016	1033.61499023438
1636.75004807274	1042.31994628906
1639.21000707498	1052.22998046875
1641.66921122097	1059.39001464844
1644.12766083459	1070.97998046875
1646.58535623956	1088.80004882813
1649.04229775941	1105.72998046875
1651.4984857175	1119.09497070313
1653.95392043697	1134.00500488281
1656.40860224079	1152.70495605469
1658.86253145177	1170.47497558594
1661.3157083925	1181.05004882813
1663.76813338542	1186.01000976563
1666.21980675275	1186.98999023438
1668.67072881656	1181.93994140625
1671.1208998987	1170.63000488281
1673.57032032089	1161.73999023438
1676.0189904046	1151.22497558594
1678.46691047118	1137.59497070313
1680.91408084174	1119.00500488281
1683.36050183726	1103.96997070313
1685.8061737785	1082.30505371094
1688.25109698605	1058.31494140625
1690.69527178032	1035.98498535156
1693.13869848153	1020.75500488281
1695.58137740972	1004.91497802734
1698.02330888476	985.390014648438
1700.46449322631	968.085021972656
1702.90493075388	951.484985351563
1705.34462178678	939.070007324219
1707.78356664414	927.210021972656
1710.22176564492	917.094970703125
1712.65921910787	908.309997558594
1715.0959273516	902.64501953125
1717.53189069449	898.690002441406
1719.9671094548	894.909973144531
1722.40158395054	891.215026855469
1724.8353144996	888.320007324219
1727.26830141965	886.674987792969
1729.70054502819	885.965026855469
1732.13204564255	884.809997558594
1734.56280357987	882.614990234375
1736.99281915711	881.755004882813
1739.42209269106	881.244995117188
1741.85062449831	882.315002441406
1744.27841489529	881.289978027344
1746.70546419823	880.150024414063
1749.13177272321	878.494995117188
1751.5573407861	877.909973144531
1753.98216870262	877.284973144531
1756.40625678828	877.299987792969
1758.82960535844	877.724975585938
1761.25221472825	875.760009765625
1763.67408521271	873.169982910156
1766.09521712663	873.349975585938
1768.51561078464	873.274963378906
1770.93526650119	873.200012207031
1773.35418459056	873.125
1775.77236536684	873.594970703125
1778.18980914396	871.674987792969
1780.60651623565	872.580017089844
1783.02248695548	873.424987792969
1785.43772161684	872.549987792969
1787.85222053292	873.465026855469
1790.26598401677	871.835021972656
1792.67901238123	869.830017089844
1795.09130593899	869.315002441406
1797.50286500254	868.885009765625
1799.9136898842	869.659973144531
1802.32378089613	869.030029296875
1804.73313835028	867.684997558594
1807.14176255846	867.614990234375
1809.54965383228	868.135009765625
1811.95681248317	868.289978027344
1814.36323882242	868.02001953125
1816.76893316109	865.974975585938
1819.17389581011	866.455017089844
1821.57812708021	866.890014648438
1823.98162728196	866.825012207031
1826.38439672573	865.190002441406
1828.78643572174	865.320007324219
1831.18774458003	865.510009765625
1833.58832361045	865.799987792969
1835.98817312269	864.575012207031
1838.38729342625	864.244995117188
1840.78568483048	864.169982910156
1843.18334764454	862.64501953125
1845.58028217741	863.075012207031
1847.9764887379	863.565002441406
1850.37196763465	863.650024414063
1852.76671917613	864.724975585938
1855.16074367062	864.820007324219
1857.55404142624	865.690002441406
1859.94661275094	864.210021972656
1862.33845795247	862.989990234375
1864.72957733844	863.280029296875
1867.11997121627	863.304992675781
1869.5096398932	861.090026855469
1871.89858367631	861.285034179688
1874.28680287251	861.47998046875
1876.67429778851	861.075012207031
1879.06106873089	863.099975585938
1881.44711600601	862.280029296875
1883.8324399201	862.210021972656
1886.21704077919	862.669982910156
1888.60091888915	861.5
1890.98407455567	861.174987792969
1893.36650808428	861.97998046875
1895.74821978033	862.130004882813
1898.12920994899	862.349975585938
1900.50947889527	861.359985351563
1902.88902692401	861.22998046875
1905.26785433986	861.539978027344
1907.64596144734	861.849975585938
1910.02334855075	861.724975585938
1912.40001595424	861
1914.7759639618	860.609985351563
1917.15119287724	860.159973144531
1919.52570300419	861.539978027344
1921.89949464611	861.409973144531
1924.27256810632	861.974975585938
1926.64492368793	862.919982910156
1929.0165616939	862.880004882813
1931.38748242701	862.614990234375
1933.75768618989	862.960021972656
1936.12717328497	862.815002441406
1938.49594401455	862.239990234375
1940.86399868071	861.559997558594
1943.23133758541	861.294982910156
1945.5979610304	861.510009765625
1947.96386931729	862.244995117188
1950.32906274751	862.64501953125
1952.69354162232	863.315002441406
1955.0573062428	863.690002441406
1957.42035690989	861.075012207031
1959.78269392434	861.820007324219
1962.14431758673	861.400024414063
1964.50522819748	860.97998046875
1966.86542605684	861.340026855469
1969.22491146488	861.075012207031
1971.58368472153	859.734985351563
1973.94174612654	860.570007324219
1976.29909597945	860.947509765625
1978.65573457971	861.325012207031
1981.01166222654	859.934997558594
1983.36687921902	861.155029296875
1985.72138585606	862.299987792969
1988.07518243639	862.965026855469
1990.42826925859	861.710021972656
1992.78064662106	860.025024414063
1995.13231482205	860.085021972656
1997.48327415961	860.14501953125
1999.83352493167	860.205017089844
2002.18306743594	860.059997558594
2004.53190197002	860.342529296875
2006.8800288313	860.625
2009.22744831703	859.780029296875
2011.57416072427	860.260009765625
2013.92016634993	859.664978027344
2016.26546549076	860.39501953125
2018.61005844332	859.885009765625
2020.95394550404	860.095031738281
2023.29712696915	860.304992675781
2025.63960313474	860.515014648438
2027.98137429672	859.674987792969
2030.32244075083	857.864990234375
2032.66280279266	858.10498046875
2035.00246071763	860.880004882813
2037.34141482099	860.875
2039.67966539784	860.989990234375
2042.01721274309	861.114990234375
2044.35405715151	861.239990234375
2046.69019891769	861.570007324219
2049.02563833606	861.02001953125
2051.3603757009	860.474975585938
2053.6944113063	861.059997558594
2056.0277454462	860.907470703125
2058.36037841439	860.755004882813
2060.69231050446	859.974975585938
2063.02354200988	861.200012207031
2065.35407322392	861.234985351563
2067.68390443971	862.380004882813
2070.01303595021	862.924987792969
2072.3414680482	863.469970703125
2074.66920102633	862.090026855469
2076.99623517706	861.179992675781
2079.32257079271	861.380004882813
2081.6482081654	860.784973144531
2083.97314758713	862.284973144531
2086.29738934971	864.080017089844
2088.62093374481	865.525024414063
2090.94378106391	865.184997558594
2093.26593159835	863.984985351563
2095.5873856393	862.419982910156
2097.90814347777	862.445007324219
2100.2282054046	862.77001953125
2102.54757171048	864.304992675781
2104.86624268594	865.02001953125
2107.18421862133	863.419982910156
2109.50149980686	863.905029296875
2111.81808653257	864.89501953125
2114.13397908834	865.070007324219
2116.44917776388	864.585021972656
2118.76368284875	865.875
2121.07749463235	865.777465820313
2123.39061340391	865.679992675781
2125.70303945252	866.690002441406
2128.01477306707	866.445007324219
2130.32581453634	866.820007324219
2132.63616414891	866.049987792969
2134.94582219322	865.25
2137.25478895754	865.684997558594
2139.56306472999	865.660034179688
2141.87064979851	865.635009765625
2144.17754445092	865.054992675781
2146.48374897484	864.599975585938
2148.78926365774	865.130004882813
2151.09408878695	865.559997558594
2153.39822464963	866.315002441406
2155.70167153277	866.890014648438
2158.00442972321	866.205017089844
2160.30649950763	864.905029296875
2162.60788117256	864.734985351563
2164.90857500436	864.034973144531
2167.20858128923	864.575012207031
2169.50790031323	865.684997558594
2171.80653236223	865.6533203125
2174.10447772198	865.621704101563
2176.40173667804	865.590026855469
2178.69830951582	865.619995117188
2180.99419652058	864.799987792969
2183.28939797743	864.734985351563
2185.5839141713	864.179992675781
2187.87774538698	865.35498046875
2190.17089190908	865.109985351563
2192.46335402209	865.150024414063
2194.75513201032	865.700012207031
2197.04622615791	865.484985351563
2199.33663674886	864.174987792969
2201.62636406702	863.994995117188
2203.91540839606	864.905029296875
2206.20377001952	864.674987792969
2208.49144922077	865.215026855469
2210.77844628302	863.739990234375
2213.06476148933	863.385009765625
2215.3503951226	864.25
2217.63534746557	863.789978027344
2219.91961880085	862.914978027344
2222.20320941085	862.60498046875
2224.48611957785	863.005004882813
2226.76834958399	863.197509765625
2229.04989971122	863.390014648438
2231.33077024136	863.015014648438
2233.61096145607	863.674987792969
2235.89047363683	862.090026855469
2238.169307065	862.469970703125
2240.44746202178	861.844970703125
2242.72493878819	862.734985351563
2245.00173764511	862.67333984375
2247.27785887327	862.611633300781
2249.55330275324	862.549987792969
2251.82806956545	862.335021972656
2254.10215959014	862.585021972656
2256.37557310744	862.525024414063
2258.64831039729	862.465026855469
2260.92037173949	862.700012207031
2263.19175741368	865.900024414063
2265.46246769938	865.215026855469
2267.7325028759	864.315002441406
2270.00186322243	863.815002441406
2272.270549018	863.484985351563
2274.5385605415	863.265014648438
2276.80589807165	863.398315429688
2279.07256188702	863.531677246094
2281.33855226601	863.664978027344
2283.60386948691	863.715026855469
2285.86851382782	863.650024414063
2288.1324855667	863.27001953125
2290.39578498136	862.97998046875
2292.65841234945	863.385009765625
2294.92036794847	863.840026855469
2297.18165205578	864.405029296875
2299.44226494856	864.275024414063
2301.70220690387	864.674987792969
2303.96147819859	865.179992675781
2306.22007910947	864.900024414063
2308.47800991309	864.900024414063
2310.73527088589	864.914978027344
2312.99186230416	862.994995117188
2315.24778444403	864.924987792969
2317.50303758149	867.065002441406
2319.75762199235	866.97998046875
2322.01153795231	867.315002441406
2324.26478573689	867.044982910156
2326.51736562147	866.085021972656
2328.76927788127	866.260009765625
2331.02052279137	865.849975585938
2333.2711006267	866.099975585938
2335.52101166203	866.349975585938
2337.77025617198	866.525024414063
2340.01883443103	865.844970703125
2342.2667467135	864.815002441406
2344.51399329356	865.114990234375
2346.76057444525	864.989990234375
2349.00649044241	863.724975585938
2351.2517415588	862.789978027344
2353.49632806796	862.775024414063
2355.74025024334	862.760009765625
2357.98350835819	862.765014648438
2360.22610268566	863.809997558594
2362.4680334987	864.85498046875
2364.70930107016	864.159973144531
2366.94990567269	863.474975585938
2369.18984757884	863.309997558594
2371.42912706098	863.287475585938
2373.66774439134	863.265014648438
2375.90569984199	862.765014648438
2378.14299368488	863.27001953125
2380.37962619179	863.320007324219
2382.61559763435	863.794982910156
2384.85090828405	864.484985351563
2387.08555841222	864.445007324219
2389.31954829006	864.554992675781
2391.55287818861	864.455017089844
2393.78554837877	863.265014648438
2396.01755913128	863
2398.24891071673	862.950012207031
2400.47960340558	864.275024414063
2402.70963746814	864.114990234375
2404.93901317456	864.054992675781
2407.16773079485	864.016662597656
2409.39579059887	863.978332519531
2411.62319285633	863.940002441406
2413.84993783681	863.330017089844
2416.07602580971	862.710021972656
2418.30145704432	862.539978027344
2420.52623180977	863.109985351563
2422.75035037503	864.804992675781
2424.97381300893	865.929992675781
2427.19661998017	864.559997558594
2429.41877155729	863.559997558594
2431.64026800867	864.820007324219
2433.86110960257	864.784973144531
2436.08129660709	863.10498046875
2438.30082929019	864.414978027344
2440.51970791967	865.659973144531
2442.73793276321	865.599975585938
2444.95550408832	865.275024414063
2447.17242216237	865.765014648438
2449.38868725259	865.864990234375
2451.60429962607	865.205017089844
2453.81925954975	864.619995117188
2456.03356729041	864.590026855469
2458.2472231147	863.650024414063
2460.46022728913	864.150024414063
2462.67258008005	864.450012207031
2464.88428175368	865.60498046875
2467.09533257608	866.760009765625
2469.30573281318	865.484985351563
2471.51548273076	864.059997558594
2473.72458259445	863.77001953125
2475.93303266974	864.094970703125
2478.14083322198	865.534973144531
2480.34798451637	865.890014648438
2482.55448681797	867.890014648438
2484.76034039169	867.900024414063
2486.96554550231	867.780029296875
2489.17010241445	867.094970703125
2491.37401139259	867.565002441406
2493.57727270109	867.719970703125
2495.77988660412	867.684997558594
2497.98185336574	867.9033203125
2500.18317324987	868.121704101563
2502.38384652028	868.340026855469
2504.58387344058	866.914978027344
2506.78325427425	867.414978027344
2508.98198928465	867.414978027344
2511.18007873495	866.599975585938
2513.37752288821	867.60498046875
2515.57432200735	867.405029296875
2517.77047635514	867.539978027344
2519.96598619419	868.844970703125
2522.16085178699	869.625
2524.35507339589	869.169982910156
2526.54865128308	869.794982910156
2528.74158571062	869.575012207031
2530.93387694042	867.974975585938
2533.12552523427	867.724975585938
2535.31653085379	869.039978027344
2537.50689406046	870.460021972656
2539.69661511566	870.919982910156
2541.88569428057	870.340026855469
2544.07413181627	871.544982910156
2546.26192798368	870.780029296875
2548.44908304359	869.059997558594
2550.63559725664	869.804992675781
2552.82147088333	869.85498046875
2555.00670418402	870.02001953125
2557.19129741894	872.60498046875
2559.37525084817	873.200012207031
2561.55856473164	872.784973144531
2563.74123932917	873.349975585938
2565.92327490039	873.174987792969
2568.10467170484	871.960021972656
2570.28543000189	873.325012207031
2572.46555005079	872.275024414063
2574.64503211063	873.265014648438
2576.82387644036	874.780029296875
2579.00208329882	874.515014648438
2581.17965294468	874.77001953125
2583.35658563648	875.080017089844
2585.53288163263	875.094970703125
2587.70854119137	875.034973144531
2589.88356457084	873.880004882813
2592.05795202902	873.580017089844
2594.23170382376	875.049987792969
2596.40482021275	874.890014648438
2598.57730145356	874.789978027344
2600.74914780363	874.566650390625
2602.92035952023	874.343322753906
2605.09093686053	874.119995117188
2607.26088008153	874.815002441406
2609.4301894401	876.335021972656
2611.59886519299	878.640014648438
2613.76690759678	879.640014648438
2615.93431690793	880.159973144531
2618.10109338277	881.599975585938
2620.26723727748	883.929992675781
2622.4327488481	884.010009765625
2624.59762835054	883.8525390625
2626.76187604057	883.695007324219
2628.92549217382	884.140014648438
2631.08847700579	883.859985351563
2633.25083079182	884.179992675781
2635.41255378715	883.947509765625
2637.57364624684	883.715026855469
2639.73410842586	883.794982910156
2641.893940579	885.375
2644.05314296094	887.215026855469
2646.21171582621	886.690002441406
2648.36965942921	886.460021972656
2650.5269740242	889.39501953125
2652.6836598653	888.965026855469
2654.83971720651	890.080017089844
2656.99514630167	888.034973144531
2659.1499474045	887.755004882813
2661.30412076857	888.085021972656
2663.45766664734	888.015014648438
2665.61058529411	890.179992675781
2667.76287696204	891.669982910156
2669.91454190418	892.965026855469
2672.06558037342	892.205017089844
2674.21599262253	894.534973144531
2676.36577890413	895.260009765625
2678.51493947072	895.799987792969
2680.66347457466	895.375
2682.81138446816	895.905029296875
2684.95866940332	895.650024414063
2687.10532963209	896.390014648438
2689.25136540628	896.627502441406
2691.39677697757	896.864990234375
2693.54156459752	895.72998046875
2695.68572851753	896.364990234375
2697.82926898888	898.215026855469
2699.97218626272	898.784973144531
2702.11448059006	898.369995117188
2704.25615222175	902.335021972656
2706.39720140856	904.679992675781
2708.53762840109	905.400024414063
2710.67743344979	907.125
2712.81661680503	906.630004882813
2714.95517871698	907.744995117188
2717.09311943574	910.445007324219
2719.23043921123	916.900024414063
2721.36713829325	922.10498046875
2723.50321693148	924.320007324219
2725.63867537545	927.830017089844
2727.77351387456	930.64501953125
2729.90773267809	932.625
2732.04133203516	931.284973144531
2734.17431219478	929.844970703125
2736.30667340581	927.89501953125
2738.438415917	927.700012207031
2740.56953997695	926.409973144531
2742.70004583414	925.775024414063
2744.82993373688	926.380004882813
2746.9592039334	923.799987792969
2749.08785667177	922.835021972656
2751.21589219993	922.114990234375
2753.34331076568	921.890014648438
2755.4701126167	921.02001953125
2757.59629800054	919.325012207031
2759.7218671646	918.215026855469
2761.84682035617	917.804992675781
2763.9711578224	917.184997558594
2766.0948798103	915.364990234375
2768.21798656676	916.825012207031
2770.34047833852	917.425048828125
2772.46235537222	918.025024414063
2774.58361791434	915.965026855469
2776.70426621124	914.525024414063
2778.82430050915	915.630004882813
2780.94372105416	914.804992675781
2783.06252809224	915.580017089844
2785.18072186922	916.465026855469
2787.29830263081	913.465026855469
2789.41527062257	912.320007324219
2791.53162608996	910.255004882813
2793.64736927828	908.484985351563
2795.76250043271	909.580017089844
2797.8770197983	910.315002441406
2799.99092761997	910.809997558594
2802.10422414252	910.219970703125
2804.21690961059	912.340026855469
2806.32898426873	913.539978027344
2808.44044836132	917.955017089844
2810.55130213264	919.705017089844
2812.66154582682	922.005004882813
2814.77117968788	925.010009765625
2816.8802039597	926.205017089844
2818.98861888601	929.315002441406
2821.09642471046	933.775024414063
2823.20362167653	937.755004882813
2825.31021002756	945.315002441406
2827.41619000682	950.974975585938
2829.52156185738	956.734985351563
2831.62632582224	962.744995117188
2833.73048214422	970.539978027344
2835.83403106606	977.734985351563
2837.93697283033	985.599975585938
2840.03930767951	994.60498046875
2842.1410358559	1005.34002685547
2844.24215760173	1020.68499755859
2846.34267315905	1040.19995117188
2848.44258276982	1062.91003417969
2850.54188667585	1088.93005371094
2852.64058511883	1123.53503417969
2854.73867834032	1157.26501464844
2856.83616658175	1188.44995117188
2858.93305008443	1216.07995605469
2861.02932908952	1240.85998535156
2863.12500383809	1265.72497558594
2865.22007457104	1307.55505371094
2867.31454152918	1358.38500976563
2869.40840495316	1402.38000488281
2871.50166508353	1461.5
2873.59432216069	1521.24499511719
2875.68637642493	1563.25
2877.77782811641	1589.71496582031
2879.86867747515	1611.9150390625
2881.95892474105	1625.27001953125
2884.0485701539	1629.43505859375
2886.13761395333	1630.08996582031
2888.22605637886	1633.52001953125
2890.3138976699	1637.625
2892.40113806571	1654.41003417969
2894.48777780544	1672.07495117188
2896.57381712808	1689.40502929688
2898.65925627254	1717.96496582031
2900.74409547758	1743.16003417969
2902.82833498183	1755.13000488281
2904.9119750238	1767.56005859375
2906.99501584188	1799.30004882813
2909.07745767432	1825.67504882813
2911.15930075925	1852.79504394531
2913.24054533469	1902.15502929688
2915.3211916385	1941.64001464844
2917.40123990846	1981.67004394531
2919.48069038217	2039.01000976563
2921.55954329716	2100.47998046875
2923.63779889079	2145.72998046875
2925.71545740033	2195.07495117188
2927.79251906289	2227.90991210938
2929.86898411548	2262.61499023438
2931.94485279498	2286.63989257813
2934.02012533815	2300.32006835938
2936.0948019816	2299.97338867188
2938.16888296184	2299.62670898438
2940.24236851525	2299.28002929688
2942.31525887809	2278.47998046875
2944.38755428648	2245.294921875
2946.45925497643	2223.205078125
2948.53036118382	2189.044921875
2950.6008731444	2120.294921875
2952.67079109381	2048.2099609375
2954.74011526755	1979.27502441406
2956.80884590101	1921.98999023438
2958.87698322944	1897.53503417969
2960.94452748799	1893.64501953125
2963.01147891167	1876.84497070313
2965.07783773535	1840.52001953125
2967.14360419382	1801.81005859375
2969.2087785217	1776.66003417969
2971.27336095352	1757.86999511719
2973.33735172366	1731.32495117188
2975.40075106641	1695.01000976563
2977.46355921591	1668.42004394531
2979.52577640618	1634.63000488281
2981.58740287112	1607.38000488281
2983.64843884452	1592.38500976563
2985.70888456003	1567.96997070313
2987.76874025117	1543.53002929688
2989.82800615137	1511.44494628906
2991.88668249391	1478.43505859375
2993.94476951194	1445.21997070313
2996.00226743852	1409.17504882813
2998.05917650657	1371.31005859375
3000.11549694887	1333.38000488281
3002.17122899812	1300.72998046875
3004.22637288685	1271.72497558594
3006.2809288475	1243.31494140625
3008.33489711238	1216.36499023438
3010.38827791368	1188.98999023438
3012.44107148345	1168.99499511719
3014.49327805366	1151.27502441406
3016.5448978561	1128.88000488281
3018.59593112249	1109.4150390625
3020.64637808441	1095.03002929688
3022.6962389733	1084.77502441406
3024.74551402051	1078.22497558594
3026.79420345725	1070.22998046875
3028.84230751461	1059.43505859375
3030.88982642357	1048.36999511719
3032.93676041497	1042.5
3034.98310971955	1039.61499023438
3037.02887456791	1043.44995117188
3039.07405519054	1048.76501464844
3041.11865181781	1053.45495605469
3043.16266467996	1057.53503417969
3045.20609400713	1059.20495605469
3047.24894002932	1059.375
3049.2912029764	1062.56494140625
3051.33288307815	1067.2099609375
3053.37398056421	1076.41003417969
3055.41449566411	1086.07495117188
3057.45442860725	1097.60498046875
3059.49377962291	1112.74499511719
3061.53254894026	1126.00500488281
3063.57073678834	1128.58996582031
3065.60834339607	1132.59997558594
3067.64536899227	1131.40002441406
3069.68181380561	1129.9150390625
3071.71767806467	1119.73498535156
3073.75296199788	1100.44995117188
3075.78766583357	1083.15002441406
3077.82178979997	1066.03002929688
3079.85533412513	1053.22998046875
3081.88829903705	1045.07995605469
3083.92068476356	1031.30004882813
3085.95249153241	1017.10998535156
3087.98371957119	1008.05499267578
3090.01436910741	1000.85498046875
3092.04444036844	993.960021972656
3094.07393358152	990.234985351563
3096.10284897381	984.739990234375
3098.13118677232	982.544982910156
3100.15894720395	981.340026855469
3102.18613049548	976.715026855469
3104.21273687357	974.484985351563
3106.23876656477	973.97998046875
3108.2642197955	974.127502441406
3110.28909679208	974.275024414063
3112.31339778069	973.440002441406
3114.33712298741	974.929992675781
3116.36027263819	976.015014648438
3118.38284695887	975.859985351563
3120.40484617516	976.695007324219
3122.42627051268	976.554992675781
3124.4471201969	978.179992675781
3126.46739545319	978.929992675781
3128.4870965068	981.864990234375
3130.50622358287	983.275024414063
3132.5247769064	982.570007324219
3134.54275670229	981.929992675781
3136.56016319534	984.630004882813
3138.57699661019	985.065002441406
3140.59325717139	985.317504882813
3142.60894510338	985.570007324219
3144.62406063047	983.044982910156
3146.63860397686	983.525024414063
3148.65257536662	985.309997558594
3150.66597502371	984.945007324219
3152.67880317199	985.340026855469
3154.69106003518	988.200012207031
3156.70274583691	991.474975585938
3158.71386080065	991.929992675781
3160.72440514981	996.455017089844
3162.73437910763	1002.78997802734
3164.74378289728	1002.74499511719
3166.75261674179	1003.00500488281
3168.76088086407	1003.76501464844
3170.76857548692	1007.03997802734
3172.77570083303	1013.45501708984
3174.78225712498	1013.53002929688
3176.78824458521	1012.30999755859
3178.79366343607	1013.53997802734
3180.79851389977	1017.05999755859
3182.80279619844	1017.05999755859
3184.80651055405	1021.04498291016
3186.80965718849	1026.59997558594
3188.81223632353	1030.82995605469
3190.81424818081	1036.75500488281
3192.81569298186	1038.30004882813
3194.8165709481	1037.1650390625
3196.81688230084	1039.22497558594
3198.81662726126	1045.41003417969
3200.81580605044	1046.94494628906
3202.81441888933	1048.45495605469
3204.81246599879	1048.375
3206.80994759954	1052.39001464844
3208.80686391219	1059.99499511719
3210.80321515726	1062.51501464844
3212.79900155512	1062.93005371094
3214.79422332605	1067.76501464844
3216.78888069021	1070.44494628906
3218.78297386765	1072.78002929688
3220.77650307828	1075.69995117188
3222.76946854195	1082.22497558594
3224.76187047834	1088.78503417969
3226.75370910705	1091.14501953125
3228.74498464755	1091.17004394531
3230.73569731921	1098.66003417969
3232.72584734127	1098.9150390625
3234.71543493287	1097.38500976563
3236.70446031304	1096.89501953125
3238.69292370068	1100.55505371094
3240.68082531459	1106.09497070313
3242.66816537345	1108.66003417969
3244.65494409583	1109.73498535156
3246.6411617002	1116.5849609375
3248.62681840488	1119.90002441406
3250.61191442812	1121.85998535156
3252.59644998804	1125.27001953125
3254.58042530263	1125.66003417969
3256.56384058979	1126.71997070313
3258.54669606731	1131.75
3260.52899195285	1137.40502929688
3262.51072846396	1142.47998046875
3264.4919058181	1143.75500488281
3266.47252423259	1145.53002929688
3268.45258392464	1148.9599609375
3270.43208511138	1155.49499511719
3272.41102800978	1162.46496582031
3274.38941283675	1164.31005859375
3276.36723980904	1171.4599609375
3278.34450914332	1176.78503417969
3280.32122105613	1178.73498535156
3282.29737576392	1186.93005371094
3284.272973483	1189.98498535156
3286.24801442958	1193.73498535156
3288.22249881978	1195.43994140625
3290.19642686957	1195.9150390625
3292.16979879485	1201.40502929688
3294.14261481136	1199.88000488281
3296.11487513478	1205.4599609375
3298.08657998065	1207.4150390625
3300.0577295644	1204.56994628906
3302.02832410136	1198.64501953125
3303.99836380673	1197.53002929688
3305.96784889563	1197.38500976563
3307.93677958303	1190.875
3309.90515608383	1187.0849609375
3311.87297861278	1185.78503417969
3313.84024738456	1188.63000488281
3315.80696261371	1191.72998046875
3317.77312451466	1192.99243164063
3319.73873330175	1194.25500488281
3321.70378918919	1186.89501953125
3323.66829239109	1179.71997070313
3325.63224312145	1175.88500976563
3327.59564159416	1183.91003417969
3329.55848802299	1186.11743164063
3331.52078262162	1188.32495117188
3333.4825256036	1178.90002441406
3335.44371718237	1180.77001953125
3337.40435757128	1179.5400390625
3339.36444698356	1178.31005859375
3341.32398563232	1178.76501464844
3343.28297373058	1175.59997558594
3345.24141149124	1171.92004394531
3347.19929912709	1181.03503417969
3349.15663685081	1184.65002441406
3351.11342487497	1178.0400390625
3353.06966341204	1170.34997558594
3355.02535267437	1169.34997558594
3356.98049287421	1170.95495605469
3358.9350842237	1169.96997070313
3360.88912693486	1167.55505371094
3362.84262121962	1175.32995605469
3364.79556728978	1183.80004882813
3366.74796535705	1181.4150390625
3368.69981563302	1181.0400390625
3370.65111832917	1178.85998535156
3372.60187365689	1174.57995605469
3374.55208182744	1171.61499023438
3376.50174305198	1171.60998535156
3378.45085754157	1167.67504882813
3380.39942550714	1163.89001464844
3382.34744715954	1169.29504394531
3384.29492270949	1171.4150390625
3386.24185236761	1168.07495117188
3388.18823634442	1162.85498046875
3390.13407485031	1163.74499511719
3392.07936809559	1166.27502441406
3394.02411629045	1168.80505371094
3395.96831964496	1162.35498046875
3397.91197836911	1151.7900390625
3399.85509267275	1145.76000976563
3401.79766276564	1143.63500976563
3403.73968885745	1148.22998046875
3405.68117115771	1156.21997070313
3407.62210987586	1156.30004882813
3409.56250522123	1156.03002929688
3411.50235740305	1154.89001464844
3413.44166663043	1155.17004394531
3415.38043311238	1147.56494140625
3417.3186570578	1145.76000976563
3419.2563386755	1146.71997070313
3421.19347817415	1145.61999511719
3423.13007576235	1152.92504882813
3425.06613164857	1155.125
3427.00164604118	1150.03503417969
3428.93661914844	1143.36999511719
3430.87105117852	1143.01000976563
3432.80494233945	1142.42004394531
3434.73829283919	1141.82995605469
3436.67110288558	1141.23999023438
3438.60337268634	1139.0849609375
3440.53510244911	1140.7900390625
3442.4662923814	1139.57995605469
3444.39694269064	1131.67004394531
3446.32705358412	1123.27502441406
3448.25662526905	1124.18994140625
3450.18565795254	1130.95495605469
3452.11415184156	1133.05505371094
3454.04210714302	1133.58996582031
3455.96952406369	1131.89501953125
3457.89640281024	1129.15002441406
3459.82274358924	1128.47998046875
3461.74854660717	1122.49499511719
3463.67381207038	1117.97998046875
3465.59854018513	1117.46997070313
3467.52273115756	1110.99499511719
3469.44638519373	1106.75
3471.36950249956	1103.56994628906
3473.29208328091	1096.45495605469
3475.21412774349	1090.78002929688
3477.13563609293	1089.17004394531
3479.05660853476	1086.43994140625
3480.97704527438	1083.21997070313
3482.89694651712	1083.65502929688
3484.81631246818	1081.48498535156
3486.73514333266	1078.42004394531
3488.65343931557	1074.4150390625
3490.57120062179	1075.125
3492.48842745612	1070.30505371094
3494.40512002324	1063.69995117188
3496.32127852773	1061.36999511719
3498.23690317408	1056.73999023438
3500.15199416666	1049.74499511719
3502.06655170974	1047.11499023438
3503.98057600749	1045.81494140625
3505.89406726396	1042.22998046875
3507.80702568312	1037.40002441406
3509.71945146883	1031.66003417969
3511.63134482483	1024.11999511719
3513.54270595478	1019.30499267578
3515.45353506222	1017.21997070313
3517.3638323506	1017.5
3519.27359802324	1016.47998046875
3521.1828322834	1012.43499755859
3523.09153533419	1009.98999023438
3524.99970737866	1005.59497070313
3526.90734861972	1000.67498779297
3528.81445926021	996.820007324219
3530.72103950283	994.924987792969
3532.62708955022	991.559997558594
3534.53260960488	985.934997558594
3536.43759986923	980.75
3538.34206054558	975.469970703125
3540.24599183613	970.445007324219
3542.149393943	968.234985351563
3544.05226706817	965.405029296875
3545.95461141357	961.39501953125
3547.85642718097	958.304992675781
3549.75771457208	955.775024414063
3551.6584737885	952.909973144531
3553.55870503171	951.27001953125
3555.4584085031	949.789978027344
3557.35758440396	944.809997558594
3559.25623293548	939.39501953125
3561.15435429874	934.794982910156
3563.05194869473	931.164978027344
3564.94901632432	930.489990234375
3566.84555738829	930.255004882813
3568.74157208732	924.905029296875
3570.63706062199	922.390014648438
3572.53202319277	920.765014648438
3574.42646000003	921.065002441406
3576.32037124406	918.174987792969
3578.213757125	917.22998046875
3580.10661784295	915.02001953125
3581.99895359786	911.125
3583.8907645896	906.794982910156
3585.78205101794	904.659973144531
3587.67281308254	904.650024414063
3589.56305098297	904.5
3591.4527649187	903.734985351563
3593.34195508907	900.549987792969
3595.23062169338	898.960021972656
3597.11876493075	896.455017089844
3599.00638500027	892.525024414063
3600.89348210089	890.044982910156
3602.78005643148	888.034973144531
3604.66610819078	886.724975585938
3606.55163757747	885.820007324219
3608.4366447901	883.284973144531
3610.32113002713	879.080017089844
3612.20509348693	877.940002441406
3614.08853536774	876.070007324219
3615.97145586773	874.405029296875
3617.85385518497	872.664978027344
3619.7357335174	871.765014648438
3621.61709106289	869.179992675781
3623.4979280192	868.155029296875
3625.37824458399	864.049987792969
3627.25804095482	862.664978027344
3629.13731732915	863.085021972656
3631.01607390435	863.47998046875
3632.89431087767	858.969970703125
3634.77202844629	856.335021972656
3636.64922680726	854.539978027344
3638.52590615754	851.690002441406
3640.40206669402	851.924987792969
3642.27770861344	851.47998046875
3644.15283211248	850.099975585938
3646.02743738771	848.580017089844
3647.90152463559	846.474975585938
3649.77509405251	844.820007324219
3651.64814583473	841.924987792969
3653.52068017842	840.559997558594
3655.39269727965	838.534973144531
3657.26419733442	836.89501953125
3659.13518053858	835.215026855469
3661.00564708793	834.215026855469
3662.87559717814	832.849975585938
3664.7450310048	831.880004882813
3666.61394876338	829.784973144531
3668.48235064928	828.169982910156
3670.35023685779	828.789978027344
3672.21760758409	827.820007324219
3674.08446302327	827.215026855469
3675.95080337033	826.075012207031
3677.81662882017	822.869995117188
3679.68193956758	822.434997558594
3681.54673580727	820.580017089844
3683.41101773383	818.034973144531
3685.27478554178	817.424987792969
3687.13803942551	817.614990234375
3689.00077957934	815.609985351563
3690.86300619748	814.965026855469
3692.72471947405	812.775024414063
3694.58591960306	812.77001953125
3696.44660677844	812.265014648438
3698.306781194	810.674987792969
3700.16644304348	810.494995117188
3702.02559252049	811.025024414063
3703.88422981859	811.719970703125
3705.74235513119	809.440002441406
3707.59996865164	807.219970703125
3709.45707057318	805.559997558594
3711.31366108895	805.650024414063
3713.16974039199	804.760009765625
3715.02530867527	804.054992675781
3716.88036613164	804.244995117188
3718.73491295385	802.815002441406
3720.58894933456	802.429992675781
3722.44247546634	803.02001953125
3724.29549154166	801.780029296875
3726.14799775289	801.114990234375
3727.9999942923	800.599975585938
3729.85148135209	799.094970703125
3731.70245912432	798.655029296875
3733.55292780098	798.570007324219
3735.40288757397	798.965026855469
3737.25233863509	799.309997558594
3739.10128117603	798.900024414063
3740.9497153884	798.380004882813
3742.7976414637	797.10498046875
3744.64505959335	797.340026855469
3746.49196996866	797.294982910156
3748.33837278086	797.64501953125
3750.18426822108	797.049987792969
3752.02965648033	795.989990234375
3753.87453774956	795.844970703125
3755.7189122196	795.090026855469
3757.5627800812	795.505004882813
3759.40614152501	795.549987792969
3761.24899674159	796.544982910156
3763.09134592138	796.265014648438
3764.93318925476	796.094970703125
3766.77452693199	795.989990234375
3768.61535914325	795.349975585938
3770.45568607861	796.804992675781
3772.29550792807	795.849975585938
3774.1348248815	794.89501953125
3775.9736371287	794.744995117188
3777.81194485938	794.085021972656
