32.6816976106991	718.280029296875
35.6535599501435	718.280029296875
38.6244374909659	718.280029296875
41.5943306947054	718.140014648438
44.5632400226282	718.150024414063
47.5311659356917	718.14501953125
50.4981088945929	718.147521972656
53.4640693597127	718.150024414063
56.4290477911676	718.184997558594
59.3930446487746	718.22998046875
62.356060392067	718.065002441406
65.3180954802906	718.179992675781
68.2791503724084	717.914978027344
71.2392255270922	717.940002441406
74.1983214027271	718.025024414063
77.1564384574159	718.150024414063
80.113577148983	718.090026855469
83.0697379349549	718.065002441406
86.0249212725722	718.04248046875
88.9791276188058	718.02001953125
91.9323574303255	718.085021972656
94.8846111635238	718.130004882813
97.8358892745121	718.35498046875
100.786192219114	718.359985351563
103.73552045287	718.375
106.683874431037	718.554992675781
109.631254608583	718.525024414063
112.577661440203	718.909973144531
115.523095380307	718.994995117188
118.467556883015	719.484985351563
121.411046402175	720.179992675781
124.353564391344	721.265014648438
127.295111303796	723.414978027344
130.235687592532	727.119995117188
133.175293710265	733.534973144531
136.113930109434	744.669982910156
139.051597242185	763.390014648438
141.98829556039	792.215026855469
144.92402551564	829.205017089844
147.858787559244	872.195007324219
150.792582142239	918.905029296875
153.725409715372	966.72998046875
156.65727072911	1008.21502685547
159.588165633643	1040.53503417969
162.518094878884	1065.93994140625
165.447058914469	1082.51501464844
168.375058189747	1092.07995605469
171.302093153792	1092.60498046875
174.228164255401	1089.96496582031
177.153271943091	1083.14001464844
180.077416665101	1081.58996582031
183.000598869394	1082.97497558594
185.922819003656	1085.7099609375
188.84407751529	1087.98999023438
191.764374851424	1088.55505371094
194.683711458919	1088.78002929688
197.60208778434	1086.64501953125
200.519504273992	1097.01501464844
203.435961373894	1106.8349609375
206.351459529801	1114.31994628906
209.265999187174	1122.56005859375
212.179580791207	1137.6650390625
215.092204786825	1159.93994140625
218.003871618673	1181.66003417969
220.914581731116	1204.17504882813
223.824335568247	1219.42504882813
226.733133573893	1232.66003417969
229.640976191593	1249.75500488281
232.547863864614	1264.46496582031
235.453797035961	1274.76000976563
238.358776148354	1278.76501464844
241.26280164424	1276.60998535156
244.1658739658	1274.42004394531
247.067993554929	1275.19750976563
249.969160853266	1275.97497558594
252.869376302162	1273.25500488281
255.768640342707	1266.81494140625
258.666953415705	1258.83996582031
261.564315961705	1250.69494628906
264.46072842097	1251.2099609375
267.356191233499	1243.70495605469
270.25070483901	1235.4599609375
273.144269676967	1231.22998046875
276.036886186551	1225.89501953125
278.928554806671	1224.4150390625
281.819275975966	1222.02502441406
284.709050132812	1214.93505859375
287.597877715306	1215
290.485759161281	1214.80004882813
293.372694908298	1210.98999023438
296.258685393644	1206.77502441406
299.143731054352	1199.93994140625
302.027832327156	1196.90002441406
304.910989648557	1193.69995117188
307.79320345476	1193.18505859375
310.674474181717	1193.39501953125
313.554802265101	1193.375
316.434188140326	1192.48999023438
319.312632242533	1193.21997070313
322.190135006593	1188.4150390625
325.066696867117	1185.9599609375
327.942318258443	1181.68505859375
330.816999614641	1179.67504882813
333.690741369517	1176.11999511719
336.56354395661	1174.78002929688
339.435407809193	1172.1650390625
342.306333360273	1167.88500976563
345.176321042591	1165.55004882813
348.045371288612	1157.27001953125
350.913484530551	1152.125
353.78066120035	1149.42504882813
356.64690172969	1146.81005859375
359.512206549972	1149.44494628906
362.376576092357	1147.625
365.240010787716	1143.05004882813
368.102511066677	1139.58996582031
370.964077359587	1137.5400390625
373.82471009654	1139.06994628906
376.684409707364	1139.75
379.543176621612	1137.3349609375
382.401011268595	1131.80505371094
385.257914077343	1132.31494140625
388.113885476627	1137.78503417969
390.968925894961	1139.08996582031
393.823035760591	1138.51501464844
396.676215501503	1140.09997558594
399.528465545415	1145.26501464844
402.379786319791	1153.125
405.230178251834	1157.58996582031
408.079641768472	1163.28002929688
410.928177296387	1170.88000488281
413.775785261992	1175.72497558594
416.622466091445	1176.73498535156
419.468220210631	1177.05004882813
422.313048045182	1175.81994628906
425.156950020479	1180.75
427.999926561623	1180.9599609375
430.841978093471	1183.02502441406
433.683105040613	1180.02001953125
436.523307827384	1176.35498046875
439.362586877851	1174.91003417969
442.200942615829	1173.65002441406
445.038375464876	1168.00500488281
447.874885848283	1168.00500488281
450.710474189089	1167.6650390625
453.54514091007	1165.44995117188
456.37888643375	1163.75500488281
459.211711182386	1162.60998535156
462.043615577986	1160.45495605469
464.874600042297	1160.5849609375
467.704664996804	1157.35998535156
470.533810862741	1158.28002929688
473.36203806108	1158.10498046875
476.189347012547	1156.18005371094
479.015738137594	1156.02502441406
481.841211856432	1156.13256835938
484.665768589008	1156.23999023438
487.489408755009	1158.27001953125
490.312132773878	1167.42504882813
493.133941064796	1171.67004394531
495.954834046683	1174.40502929688
498.77481213821	1175.81005859375
501.593875757797	1180.125
504.412025323601	1190.43505859375
507.229261253524	1195.3349609375
510.045583965226	1192.96496582031
512.860993876093	1195.3349609375
515.675491403271	1201
518.489076963649	1199.26000976563
521.301750973863	1199.72497558594
524.113513850293	1194.56005859375
526.924366009065	1183.13500976563
529.734307866052	1181.26501464844
532.543339836881	1178.88000488281
535.35146233692	1174.18005371094
538.158675781281	1169.94494628906
540.964980584833	1169.32995605469
543.770377162182	1162.89501953125
546.574865927692	1157.97998046875
549.378447295465	1160.57995605469
552.181121679365	1156.31494140625
554.982889492993	1148.25
557.783751149701	1145.75
560.583707062591	1144.25
563.38275764452	1146.31005859375
566.180903308083	1143.86499023438
568.978144465633	1142
571.774481529266	1143.5849609375
574.569914910839	1139.42504882813
577.364445021949	1135.7099609375
580.158072273946	1128.40502929688
582.950797077926	1129.3349609375
585.742619844752	1124.63000488281
588.533540985018	1121.27502441406
591.323560909078	1120.56005859375
594.112680027034	1118.9150390625
596.90089874875	1116.84497070313
599.688217483828	1114.72998046875
602.474636641629	1112.78503417969
605.260156631263	1109.64501953125
608.044777861596	1108.47998046875
610.828500741241	1105.59497070313
613.611325678567	1106.34997558594
616.393253081697	1112.80004882813
619.174283358506	1114.71496582031
621.954416916616	1118.68005371094
624.733654163414	1123.86499023438
627.511995506029	1124.98498535156
630.289441351351	1121.76501464844
633.065992106022	1117.18994140625
635.841648176434	1111.55505371094
638.616409968744	1109.36499023438
641.390277888847	1111.35998535156
644.163252342408	1115.94995117188
646.93533373484	1121.80505371094
649.706522471307	1126.92504882813
652.47681895674	1127.71997070313
655.246223595811	1127.375
658.014736792957	1128.26501464844
660.782358952371	1126.48999023438
663.549090477999	1124.35498046875
666.314931773542	1122.79504394531
669.079883242452	1124.10998535156
671.843945287955	1125.68994140625
674.607118313019	1126.93505859375
677.369402720366	1130.39501953125
680.130798912488	1133.85498046875
682.891307291627	1128.69995117188
685.650928259784	1123.47998046875
688.409662218708	1122.44995117188
691.167509569927	1119.70495605469
693.924470714705	1119.07995605469
696.680546054078	1119.39001464844
699.435735988832	1119.57006835938
702.190040919516	1119.75
704.943461246442	1120.61499023438
707.695997369667	1125.21496582031
710.447649689022	1125.00500488281
713.198418604088	1125.18005371094
715.948304514206	1124.96496582031
718.697307818481	1123.71997070313
721.445428915779	1124.93994140625
724.192668204716	1131.16003417969
726.93902608368	1136.85498046875
729.684502950805	1132.19995117188
732.429099204005	1130.36499023438
735.172815240936	1132.07495117188
737.915651459026	1134.90002441406
740.657608255463	1135.81994628906
743.398686027186	1133.16003417969
746.13888517091	1135.43005371094
748.878206083102	1143.63500976563
751.616649159998	1146.84997558594
754.354214797584	1146.44494628906
757.09090339162	1151.02001953125
759.826715337622	1153.58996582031
762.561651030868	1154.39001464844
765.295710866406	1148.59497070313
768.028895239041	1140.94494628906
770.761204543336	1134.34997558594
773.492639173626	1128.56494140625
776.223199524006	1118.89001464844
778.952885988334	1115.63000488281
781.681698960235	1116.25500488281
784.40963883309	1108.89001464844
787.136706000052	1104.27502441406
789.862900854037	1103.31005859375
792.588223787721	1106.25
795.312675193549	1106.98498535156
798.036255463728	1107.15002441406
800.758964990228	1106.98498535156
803.480804164792	1106.31994628906
806.201773378919	1106.48999023438
808.921873023884	1112.92004394531
811.641103490712	1120.09997558594
814.359465170214	1127.40502929688
817.076958452946	1132.63000488281
819.793583729246	1142.11499023438
822.509341389214	1153.18994140625
825.224231822712	1165.875
827.938255419375	1182.47497558594
830.651412568596	1196.47497558594
833.363703659544	1203.83996582031
836.075129081157	1207.96997070313
838.785689222127	1212.56005859375
841.495384470928	1217.5
844.204215215788	1218.81994628906
846.912181844721	1225.48999023438
849.619284745491	1238.19494628906
852.325524305638	1244.52001953125
855.030900912475	1251.54504394531
857.735414953079	1254.35998535156
860.439066814289	1254.85498046875
863.141856882725	1255.34497070313
865.843785544769	1254.125
868.544853186571	1240.51000976563
871.245060194063	1227.15002441406
873.944406952925	1221.0849609375
876.642893848625	1220.13500976563
879.340521266398	1220.44995117188
882.037289591241	1226.83996582031
884.733199207927	1231.375
887.428250501001	1239.77001953125
890.122443854778	1245.5400390625
892.815779653335	1243.7900390625
895.508258280534	1242.58996582031
898.199880119997	1250.09997558594
900.890645555129	1260.02502441406
903.580554969094	1266.35998535156
906.269608744832	1268.64501953125
908.957807265056	1266.63500976563
911.645150912257	1272.2900390625
914.331640068689	1267.19494628906
917.017275116375	1255.89001464844
919.702056437128	1255.39501953125
922.385984412518	1258.18994140625
925.069059423886	1258.40502929688
927.751281852366	1269.55505371094
930.432652078842	1282.31994628906
933.113170483983	1291.29504394531
935.79283744823	1301.33996582031
938.471653351806	1316.29504394531
941.149618574686	1316.43505859375
943.826733496641	1318.38500976563
946.502998497206	1332.22998046875
949.178413955689	1331.84497070313
951.85298025118	1332.80004882813
954.526697762544	1333.75500488281
957.199566868403	1328.65502929688
959.87158794718	1323.81994628906
962.542761377054	1327.96496582031
965.213087535987	1319.19995117188
967.882566801719	1307.69494628906
970.551199551761	1296.90502929688
973.218986163399	1293.84997558594
975.885927013698	1290.86499023438
978.552022479501	1285.45495605469
981.217272937423	1274.49499511719
983.88167876386	1268.21496582031
986.545240334978	1271.06494140625
989.207958026729	1276.65002441406
991.869832214835	1291.84997558594
994.530863274798	1307.08996582031
997.191051581895	1327.79504394531
999.850397511185	1364.98498535156
1002.50890143751	1424.72998046875
1005.16656373546	1486.49499511719
1007.82338477944	1524.71496582031
1010.47936494363	1541.14001464844
1013.13450460195	1528.59497070313
1015.78880412815	1480.93994140625
1018.44226389572	1412.45495605469
1021.09488427794	1353.36499023438
1023.74666564789	1315.17504882813
1026.3976083784	1299.76501464844
1029.04771284208	1291.34497070313
1031.69697941135	1290.26501464844
1034.34540845838	1294.625
1036.99300035512	1304.13500976563
1039.63975547333	1308.99499511719
1042.28567418452	1307.39501953125
1044.93075685998	1298.9150390625
1047.57500387081	1286.78002929688
1050.21841558786	1282.59497070313
1052.86099238177	1288.22497558594
1055.50273462297	1292.39001464844
1058.14364268167	1289.57995605469
1060.78371692784	1293.29504394531
1063.42295773126	1292.02502441406
1066.06136546148	1292.78503417969
1068.69894048781	1296.47998046875
1071.33568317939	1303.56005859375
1073.9715939051	1308.13000488281
1076.60667303362	1307.43994140625
1079.24092093341	1302.76501464844
1081.87433797271	1306.48999023438
1084.50692451954	1305.58996582031
1087.13868094172	1302.59997558594
1089.76960760684	1299.26000976563
1092.39970488226	1299.06494140625
1095.02897313516	1299.89001464844
1097.65741273246	1299.6650390625
1100.28502404089	1304.22497558594
1102.91180742697	1296.38500976563
1105.53776325698	1293.14001464844
1108.16289189701	1292.84497070313
1110.78719371291	1288.51000976563
1113.41066907033	1289.39001464844
1116.0333183347	1291.44494628906
1118.65514187124	1294.61999511719
1121.27614004495	1293.875
1123.89631322061	1296.88500976563
1126.51566176279	1298.18005371094
1129.13418603585	1301.17504882813
1131.75188640394	1304.03002929688
1134.36876323098	1301.43505859375
1136.98481688069	1290.59997558594
1139.60004771655	1270.06005859375
1142.21445610187	1247.69995117188
1144.82804239972	1226.82495117188
1147.44080697295	1211.08996582031
1150.05275018421	1207.14001464844
1152.66387239593	1209.97497558594
1155.27417397034	1214.77001953125
1157.88365526943	1220.63500976563
1160.49231665502	1229.76501464844
1163.10015848867	1238.11499023438
1165.70718113176	1243.26000976563
1168.31338494544	1238.83996582031
1170.91877029067	1235.43505859375
1173.52333752817	1238.97497558594
1176.12708701847	1238.88659667969
1178.73001912187	1238.79833984375
1181.33213419848	1238.7099609375
1183.93343260819	1237.14001464844
1186.53391471068	1236.32495117188
1189.13358086539	1230.86999511719
1191.73243143161	1221.73999023438
1194.33046676836	1218.38500976563
1196.92768723449	1212.22497558594
1199.52409318861	1218.07495117188
1202.11968498915	1229.81005859375
1204.7144629943	1242.81494140625
1207.30842756206	1259
1209.90157905021	1271.79504394531
1212.49391781634	1288.51000976563
1215.08544421779	1293.46997070313
1217.67615861174	1285.78503417969
1220.26606135512	1281.75500488281
1222.85515280468	1277.99499511719
1225.44343331694	1270.2099609375
1228.03090324823	1268.09997558594
1230.61756295466	1273.84497070313
1233.20341279213	1287.35498046875
1235.78845311634	1300.14001464844
1238.37268428278	1313.625
1240.95610664673	1329.07495117188
1243.53872056325	1343.80505371094
1246.12052638722	1353.01501464844
1248.70152447329	1358.80004882813
1251.28171517591	1356.76501464844
1253.86109884934	1353.24499511719
1256.43967584759	1357.35998535156
1259.0174465245	1354.98498535156
1261.5944112337	1358.43994140625
1264.1705703286	1359.17504882813
1266.74592416241	1366.34497070313
1269.32047308814	1373.51000976563
1271.89421745858	1376.10498046875
1274.46715762633	1380.43005371094
1277.03929394377	1381.77001953125
1279.61062676308	1381.99499511719
1282.18115643624	1373.82995605469
1284.75088331502	1374.21496582031
1287.31980775098	1369.90502929688
1289.88793009548	1374.97998046875
1292.45525069969	1377.53503417969
1295.02176991454	1369.68994140625
1297.58748809078	1360.7900390625
1300.15240557897	1359.60498046875
1302.71652272942	1364.82995605469
1305.27983989229	1377.79504394531
1307.84235741749	1390.73999023438
1310.40407565475	1396.47998046875
1312.9649949536	1404.97998046875
1315.52511566335	1415.17004394531
1318.08443813311	1417.47497558594
1320.64296271181	1420.22998046875
1323.20068974815	1431.77001953125
1325.75761959063	1445.30505371094
1328.31375258756	1446.60998535156
1330.86908908704	1442.97497558594
1333.42362943696	1443.4150390625
1335.97737398503	1441.1650390625
1338.53032307874	1439.61999511719
1341.08247706537	1434.65502929688
1343.63383629202	1437.8349609375
1346.18440110558	1439.107421875
1348.73417185274	1440.38000488281
1351.28314887997	1434.97998046875
1353.83133253357	1413.63500976563
1356.37872315961	1380.10998535156
1358.92532110398	1355.77001953125
1361.47112671237	1330.31494140625
1364.01614033024	1298.2900390625
1366.56036230288	1284.25500488281
1369.10379297537	1274.51501464844
1371.64643269258	1259.41003417969
1374.18828179921	1246.1650390625
1376.72934063972	1231.99499511719
1379.2696095584	1222.96496582031
1381.80908889932	1219.79504394531
1384.34777900637	1214.48999023438
1386.88568022323	1215.22998046875
1389.42279289337	1211.15502929688
1391.95911736009	1213.90502929688
1394.49465396645	1215.96997070313
1397.02940305537	1222.2900390625
1399.5633649695	1228.3349609375
1402.09654005135	1234.56994628906
1404.6289286432	1241.17504882813
1407.16053108714	1244.51501464844
1409.69134772507	1243.17504882813
1412.22137889868	1241.95495605469
1414.75062494947	1254.26501464844
1417.27908621874	1256.46496582031
1419.80676304759	1260.48999023438
1422.33365577692	1265.09997558594
1424.85976474744	1270.46997070313
1427.38509029967	1269.89501953125
1429.90963277392	1273.79504394531
1432.4333925103	1281.02502441406
1434.95636984873	1290.625
1437.47856512894	1310.95495605469
1439.99997869045	1337.47998046875
1442.5206108726	1362.99499511719
1445.04046201452	1397.06994628906
1447.55953245515	1444.23498535156
1450.07782253323	1482.48498535156
1452.59533258731	1533.26501464844
1455.11206295574	1519.41748046875
1457.62801397668	1505.56994628906
1460.14318598809	1502.15002441406
1462.65757932774	1489.63500976563
1465.1711943332	1464.28503417969
1467.68403134184	1432.3349609375
1470.19609069085	1399.07495117188
1472.70737271721	1361.64001464844
1475.21787775772	1332.69995117188
1477.72760614897	1291.67004394531
1480.23655822738	1251.94494628906
1482.74473432914	1211.43005371094
1485.25213479029	1172.98999023438
1487.75875994664	1139.14001464844
1490.26461013382	1115.82495117188
1492.76968568726	1099.40002441406
1495.27398694222	1084.88000488281
1497.77751423374	1077.9150390625
1500.28026789667	1075.1650390625
1502.78224826569	1069.64001464844
1505.28345567526	1066.18505859375
1507.78389045967	1061.51501464844
1510.28355295299	1060.43505859375
1512.78244348913	1058.67004394531
1515.28056240178	1057.02502441406
1517.77791002445	1057.39501953125
1520.27448669047	1059.5
1522.77029273296	1060.15502929688
1525.26532848486	1059.48999023438
1527.75959427889	1058.82995605469
1530.25309044764	1058.54504394531
1532.74581732344	1060.7900390625
1535.23777523847	1059.75500488281
1537.72896452471	1060.27001953125
1540.21938551394	1061.78002929688
1542.70903853778	1064.35998535156
1545.19792392761	1069.00500488281
1547.68604201466	1076.14001464844
1550.17339312997	1085.5849609375
1552.65997760434	1091.34997558594
1555.14579576845	1095.36999511719
1557.63084795275	1101.86999511719
1560.11513448749	1107.32995605469
1562.59865570276	1106.24499511719
1565.08141192845	1106.60498046875
1567.56340349426	1101.15002441406
1570.04463072969	1095.79504394531
1572.52509396406	1093.875
1575.00479352652	1096.15002441406
1577.48372974599	1099.51501464844
1579.96190295124	1104.4150390625
1582.43931347083	1108.85498046875
1584.91596163314	1113.93505859375
1587.39184776636	1121.5
1589.86697219849	1129.30505371094
1592.34133525734	1134.23498535156
1594.81493727054	1137.32495117188
1597.28777856553	1140.76501464844
1599.75985946955	1146.31994628906
1602.23118030968	1155.28002929688
1604.70174141278	1170.91003417969
1607.17154310555	1192.27001953125
1609.64058571449	1208.97998046875
1612.10886956591	1222.72998046875
1614.57639498595	1227.18505859375
1617.04316230054	1227.642578125
1619.50917183543	1228.09997558594
1621.97442391621	1222.98498535156
1624.43891886825	1217.38500976563
1626.90265701674	1208.77502441406
1629.36563868671	1201.35498046875
1631.82786420296	1200.69995117188
1634.28933389016	1199.5400390625
1636.75004807274	1206.01000976563
1639.21000707498	1222.66003417969
1641.66921122097	1239.49499511719
1644.12766083459	1258.26501464844
1646.58535623956	1278.94494628906
1649.04229775941	1304.00500488281
1651.4984857175	1325.55004882813
1653.95392043697	1353.46496582031
1656.40860224079	1379.77502441406
1658.86253145177	1401.93005371094
1661.3157083925	1415.22497558594
1663.76813338542	1419.67004394531
1666.21980675275	1421.47497558594
1668.67072881656	1419.05505371094
1671.1208998987	1403.22497558594
1673.57032032089	1378.7900390625
1676.0189904046	1362.81494140625
1678.46691047118	1344.72998046875
1680.91408084174	1317.7099609375
1683.36050183726	1290.52502441406
1685.8061737785	1266.15502929688
1688.25109698605	1227.73999023438
1690.69527178032	1195.60498046875
1693.13869848153	1176.36999511719
1695.58137740972	1156.05505371094
1698.02330888476	1126.06005859375
1700.46449322631	1098.68505859375
1702.90493075388	1079.15002441406
1705.34462178678	1062.375
1707.78356664414	1046.96496582031
1710.22176564492	1029.39501953125
1712.65921910787	1017.77001953125
1715.0959273516	1013.35498046875
1717.53189069449	1005.26000976563
1719.9671094548	998.315002441406
1722.40158395054	992.234985351563
1724.8353144996	989.164978027344
1727.26830141965	988.679992675781
1729.70054502819	987.609985351563
1732.13204564255	987.234985351563
1734.56280357987	984.864990234375
1736.99281915711	980.984985351563
1739.42209269106	982.460021972656
1741.85062449831	983.72998046875
1744.27841489529	982.924987792969
1746.70546419823	978.97998046875
1749.13177272321	977.280029296875
1751.5573407861	977.065002441406
1753.98216870262	976.765014648438
1756.40625678828	972.530029296875
1758.82960535844	972.950012207031
1761.25221472825	971.434997558594
1763.67408521271	970.025024414063
1766.09521712663	970.234985351563
1768.51561078464	970.802490234375
1770.93526650119	971.369995117188
1773.35418459056	969.375
1775.77236536684	968.609985351563
1778.18980914396	967.280029296875
1780.60651623565	969.820007324219
1783.02248695548	967.594970703125
1785.43772161684	968.835021972656
1787.85222053292	969.835021972656
1790.26598401677	964.294982910156
1792.67901238123	964.070007324219
1795.09130593899	963.205017089844
1797.50286500254	963.181701660156
1799.9136898842	963.158325195313
1802.32378089613	963.135009765625
1804.73313835028	962.799987792969
1807.14176255846	962.47998046875
1809.54965383228	961.669982910156
1811.95681248317	960.919982910156
1814.36323882242	961.375
1816.76893316109	958.619995117188
1819.17389581011	959.929992675781
1821.57812708021	959.275024414063
1823.98162728196	959.419982910156
1826.38439672573	958.575012207031
1828.78643572174	958.864990234375
1831.18774458003	957.89501953125
1833.58832361045	958.294982910156
1835.98817312269	959.130004882813
1838.38729342625	956.400024414063
1840.78568483048	954.450012207031
1843.18334764454	953.974975585938
1845.58028217741	953.77001953125
1847.9764887379	954.784973144531
1850.37196763465	956.039978027344
1852.76671917613	956.794982910156
1855.16074367062	956.60498046875
1857.55404142624	956.549987792969
1859.94661275094	953.434997558594
1862.33845795247	952.359985351563
1864.72957733844	952.505004882813
1867.11997121627	951.89501953125
1869.5096398932	952.64501953125
1871.89858367631	953.390014648438
1874.28680287251	952.155029296875
1876.67429778851	950.349975585938
1879.06106873089	952.075012207031
1881.44711600601	952.885009765625
1883.8324399201	952.440002441406
1886.21704077919	951.510009765625
1888.60091888915	951.289978027344
1890.98407455567	950.044982910156
1893.36650808428	952.135009765625
1895.74821978033	951.929992675781
1898.12920994899	950.260009765625
1900.50947889527	950.214965820313
1902.88902692401	950.169982910156
1905.26785433986	950.875
1907.64596144734	952.544982910156
1910.02334855075	953.47998046875
1912.40001595424	953.679992675781
1914.7759639618	951.849975585938
1917.15119287724	950.390014648438
1919.52570300419	950.775024414063
1921.89949464611	950.734985351563
1924.27256810632	951.719970703125
1926.64492368793	952.775024414063
1929.0165616939	952.39501953125
1931.38748242701	952.015014648438
1933.75768618989	952.190002441406
1936.12717328497	953.737487792969
1938.49594401455	955.284973144531
1940.86399868071	953.210021972656
1943.23133758541	950.974975585938
1945.5979610304	949.054992675781
1947.96386931729	949.784973144531
1950.32906274751	950.255004882813
1952.69354162232	950.186645507813
1955.0573062428	950.118347167969
1957.42035690989	950.049987792969
1959.78269392434	950.369995117188
1962.14431758673	950.640014648438
1964.50522819748	950.909973144531
1966.86542605684	951.179992675781
1969.22491146488	949.325012207031
1971.58368472153	948.174987792969
1973.94174612654	948.659973144531
1976.29909597945	949.765014648438
1978.65573457971	950.869995117188
1981.01166222654	948.844970703125
1983.36687921902	950.695007324219
1985.72138585606	950.559997558594
1988.07518243639	950.424987792969
1990.42826925859	950.289978027344
1992.78064662106	950.424987792969
1995.13231482205	950.260009765625
1997.48327415961	949.914978027344
1999.83352493167	948.60498046875
2002.18306743594	950.510009765625
2004.53190197002	951.955017089844
2006.8800288313	951.775024414063
2009.22744831703	948.265014648438
2011.57416072427	947.825012207031
2013.92016634993	946.590026855469
2016.26546549076	947.494995117188
2018.61005844332	945.945007324219
2020.95394550404	947.015014648438
2023.29712696915	946.876647949219
2025.63960313474	946.738342285156
2027.98137429672	946.599975585938
2030.32244075083	945.765014648438
2032.66280279266	947.799987792969
2035.00246071763	947.960021972656
2037.34141482099	949.429992675781
2039.67966539784	949.75
2042.01721274309	949.7275390625
2044.35405715151	949.705017089844
2046.69019891769	949.934997558594
2049.02563833606	948.940002441406
2051.3603757009	948.224975585938
2053.6944113063	948.515014648438
2056.0277454462	948.804992675781
2058.36037841439	948.825012207031
2060.69231050446	947.994995117188
2063.02354200988	948.200012207031
2065.35407322392	948.39501953125
2067.68390443971	949.284973144531
2070.01303595021	952.450012207031
2072.3414680482	953.434997558594
2074.66920102633	952.119995117188
2076.99623517706	949.195007324219
2079.32257079271	949.739990234375
2081.6482081654	948.065002441406
2083.97314758713	949.570007324219
2086.29738934971	951.844970703125
2088.62093374481	952.585021972656
2090.94378106391	952.272521972656
2093.26593159835	951.960021972656
2095.5873856393	950.525024414063
2097.90814347777	950.630004882813
2100.2282054046	952.075012207031
2102.54757171048	952.155029296875
2104.86624268594	951.950012207031
2107.18421862133	950.820007324219
2109.50149980686	951.929992675781
2111.81808653257	953.919982910156
2114.13397908834	954.619995117188
2116.44917776388	953.599975585938
2118.76368284875	954.565002441406
2121.07749463235	955.174987792969
2123.39061340391	955.252502441406
2125.70303945252	955.330017089844
2128.01477306707	954.830017089844
2130.32581453634	954.190002441406
2132.63616414891	953.655029296875
2134.94582219322	953.119995117188
2137.25478895754	953.585021972656
2139.56306472999	953.869995117188
2141.87064979851	954.155029296875
2144.17754445092	954.849975585938
2146.48374897484	953.450012207031
2148.78926365774	953.044982910156
2151.09408878695	953.14501953125
2153.39822464963	953.1650390625
2155.70167153277	953.184997558594
2158.00442972321	953.205017089844
2160.30649950763	952.905029296875
2162.60788117256	953.114990234375
2164.90857500436	953.559997558594
2167.20858128923	953.590026855469
2169.50790031323	954.744995117188
2171.80653236223	957.309997558594
2174.10447772198	955.830017089844
2176.40173667804	955.554992675781
2178.69830951582	953.424987792969
2180.99419652058	952.794982910156
2183.28939797743	951.469970703125
2185.5839141713	952.265014648438
2187.87774538698	952.794982910156
2190.17089190908	952.575012207031
2192.46335402209	952.700012207031
2194.75513201032	953.429992675781
2197.04622615791	954.159973144531
2199.33663674886	952.525024414063
2201.62636406702	950.715026855469
2203.91540839606	952.299987792969
2206.20377001952	952.965026855469
2208.49144922077	952.700012207031
2210.77844628302	950.909973144531
2213.06476148933	950.739990234375
2215.3503951226	951.182495117188
2217.63534746557	951.625
2219.91961880085	950.325012207031
2222.20320941085	949.840026855469
2224.48611957785	949.409973144531
2226.76834958399	949.25
2229.04989971122	949.375
2231.33077024136	948.614990234375
2233.61096145607	949.809997558594
2235.89047363683	948.994995117188
2238.169307065	947.840026855469
2240.44746202178	947.25
2242.72493878819	947.909973144531
2245.00173764511	949.60498046875
2247.27785887327	949.8125
2249.55330275324	950.02001953125
2251.82806956545	948.304992675781
2254.10215959014	948.424987792969
2256.37557310744	947.530029296875
2258.64831039729	949.210021972656
2260.92037173949	951.039978027344
2263.19175741368	953.724975585938
2265.46246769938	953.010009765625
2267.7325028759	952.119995117188
2270.00186322243	952.02001953125
2272.270549018	951.659973144531
2274.5385605415	951.650024414063
2276.80589807165	952.304992675781
2279.07256188702	951.835021972656
2281.33855226601	950.289978027344
2283.60386948691	950.609985351563
2285.86851382782	950.527465820313
2288.1324855667	950.445007324219
2290.39578498136	950.39501953125
2292.65841234945	950.890014648438
2294.92036794847	951.960021972656
2297.18165205578	951.635009765625
2299.44226494856	952.570007324219
2301.70220690387	952.47998046875
2303.96147819859	952.799987792969
2306.22007910947	952.775024414063
2308.47800991309	951
2310.73527088589	950.150024414063
2312.99186230416	949.684997558594
2315.24778444403	951.784973144531
2317.50303758149	955.385009765625
2319.75762199235	954.880004882813
2322.01153795231	954.460021972656
2324.26478573689	956.174987792969
2326.51736562147	954.739990234375
2328.76927788127	952.385009765625
2331.02052279137	952.684997558594
2333.2711006267	953.679992675781
2335.52101166203	953.85498046875
2337.77025617198	953.280029296875
2340.01883443103	950.919982910156
2342.2667467135	950.825012207031
2344.51399329356	951.640014648438
2346.76057444525	951.234985351563
2349.00649044241	949.960021972656
2351.2517415588	949.554992675781
2353.49632806796	949.85498046875
2355.74025024334	950.474975585938
2357.98350835819	948.914978027344
2360.22610268566	951.025024414063
2362.4680334987	950.974975585938
2364.70930107016	951.465026855469
2366.94990567269	949.525024414063
2369.18984757884	948.005004882813
2371.42912706098	948.044982910156
2373.66774439134	946.775024414063
2375.90569984199	946.325012207031
2378.14299368488	946.628356933594
2380.37962619179	946.931640625
2382.61559763435	947.234985351563
2384.85090828405	947.414978027344
2387.08555841222	950.640014648438
2389.31954829006	950.924987792969
2391.55287818861	951.575012207031
2393.78554837877	948.64501953125
2396.01755913128	948.025024414063
2398.24891071673	946.994995117188
2400.47960340558	946.955017089844
2402.70963746814	947.719970703125
2404.93901317456	948.080017089844
2407.16773079485	950.169982910156
2409.39579059887	950.087524414063
2411.62319285633	950.005004882813
2413.84993783681	947.974975585938
2416.07602580971	948.030029296875
2418.30145704432	948.080017089844
2420.52623180977	949.179992675781
2422.75035037503	950.224975585938
2424.97381300893	950.472473144531
2427.19661998017	950.719970703125
2429.41877155729	948.85498046875
2431.64026800867	948.909973144531
2433.86110960257	948.859985351563
2436.08129660709	948
2438.30082929019	949.505004882813
2440.51970791967	950.070007324219
2442.73793276321	949.72998046875
2444.95550408832	949.929992675781
2447.17242216237	951.140014648438
2449.38868725259	952.494995117188
2451.60429962607	950.690002441406
2453.81925954975	948.27001953125
2456.03356729041	946.794982910156
2458.2472231147	947.530029296875
2460.46022728913	947.775024414063
2462.67258008005	948.859985351563
2464.88428175368	949.715026855469
2467.09533257608	950.030029296875
2469.30573281318	949.965026855469
2471.51548273076	949.900024414063
2473.72458259445	949.835021972656
2475.93303266974	949.200012207031
2478.14083322198	950.840026855469
2480.34798451637	951.169982910156
2482.55448681797	952.070007324219
2484.76034039169	952.369995117188
2486.96554550231	952.460021972656
2489.17010241445	950.820007324219
2491.37401139259	952.315002441406
2493.57727270109	951.859985351563
2495.77988660412	953.484985351563
2497.98185336574	953.734985351563
2500.18317324987	953.974975585938
2502.38384652028	954.215026855469
2504.58387344058	953.010009765625
2506.78325427425	952.299987792969
2508.98198928465	951.164978027344
2511.18007873495	948.60498046875
2513.37752288821	951.205017089844
2515.57432200735	951.960021972656
2517.77047635514	950.974975585938
2519.96598619419	952.299987792969
2522.16085178699	951.804992675781
2524.35507339589	955.075012207031
2526.54865128308	956.789978027344
2528.74158571062	957.109985351563
2530.93387694042	954.039978027344
2533.12552523427	951.130004882813
2535.31653085379	953.340026855469
2537.50689406046	955.525024414063
2539.69661511566	956.505004882813
2541.88569428057	958.210021972656
2544.07413181627	958.159973144531
2546.26192798368	959.27001953125
2548.44908304359	956.619995117188
2550.63559725664	954.130004882813
2552.82147088333	955.565002441406
2555.00670418402	957.494995117188
2557.19129741894	958.902465820313
2559.37525084817	960.309997558594
2561.55856473164	957.135009765625
2563.74123932917	959.320007324219
2565.92327490039	959.434997558594
2568.10467170484	957.664978027344
2570.28543000189	958.664978027344
2572.46555005079	958.900024414063
2574.64503211063	960.715026855469
2576.82387644036	961.960021972656
2579.00208329882	961.989990234375
2581.17965294468	962.217529296875
2583.35658563648	962.445007324219
2585.53288163263	961.174987792969
2587.70854119137	960.289978027344
2589.88356457084	959.820007324219
2592.05795202902	959.695007324219
2594.23170382376	959.570007324219
2596.40482021275	959.575012207031
2598.57730145356	960.885009765625
2600.74914780363	963.125
2602.92035952023	964.174987792969
2605.09093686053	963.765014648438
2607.26088008153	962.200012207031
2609.4301894401	961.559997558594
2611.59886519299	964.465026855469
2613.76690759678	965.409973144531
2615.93431690793	968.489990234375
2618.10109338277	971.070007324219
2620.26723727748	972.239990234375
2622.4327488481	971.8525390625
2624.59762835054	971.465026855469
2626.76187604057	971.724975585938
2628.92549217382	971.885009765625
2631.08847700579	972.224975585938
2633.25083079182	974.299987792969
2635.41255378715	975.369995117188
2637.57364624684	977.575012207031
2639.73410842586	976.544982910156
2641.893940579	976.909973144531
2644.05314296094	975.5
2646.21171582621	977.825012207031
2648.36965942921	978.325012207031
2650.5269740242	978.484985351563
2652.6836598653	980.309997558594
2654.83971720651	980.710021972656
2656.99514630167	979.840026855469
2659.1499474045	979.10498046875
2661.30412076857	980.400024414063
2663.45766664734	980.174987792969
2665.61058529411	980.217529296875
2667.76287696204	980.260009765625
2669.91454190418	981.159973144531
2672.06558037342	983.015014648438
2674.21599262253	985.940002441406
2676.36577890413	986.950012207031
2678.51493947072	986.4599609375
2680.66347457466	985.969970703125
2682.81138446816	985.799987792969
2684.95866940332	988.580017089844
2687.10532963209	989.090026855469
2689.25136540628	988.955017089844
2691.39677697757	988.820007324219
2693.54156459752	987.294982910156
2695.68572851753	987.155029296875
2697.82926898888	988.419982910156
2699.97218626272	991.909973144531
2702.11448059006	990.664978027344
2704.25615222175	994.765014648438
2706.39720140856	998.590026855469
2708.53762840109	999.859985351563
2710.67743344979	1000.80499267578
2712.81661680503	1003.79998779297
2714.95517871698	1005.52502441406
2717.09311943574	1008.18499755859
2719.23043921123	1012.98498535156
2721.36713829325	1017.53997802734
2723.50321693148	1020.63500976563
2725.63867537545	1026.78503417969
2727.77351387456	1032.90002441406
2729.90773267809	1034.19995117188
2732.04133203516	1032.78002929688
2734.17431219478	1030.55505371094
2736.30667340581	1028.91003417969
2738.438415917	1028.67004394531
2740.56953997695	1028.43005371094
2742.70004583414	1028.74499511719
2744.82993373688	1028.80004882813
2746.9592039334	1025.69494628906
2749.08785667177	1023.95501708984
2751.21589219993	1023.28497314453
2753.34331076568	1022.63500976563
2755.4701126167	1019.16998291016
2757.59629800054	1016.94000244141
2759.7218671646	1017.70001220703
2761.84682035617	1017.5
2763.9711578224	1016.21997070313
2766.0948798103	1013.57501220703
2768.21798656676	1014.25
2770.34047833852	1015.42498779297
2772.46235537222	1015.53497314453
2774.58361791434	1012.07000732422
2776.70426621124	1014.52001953125
2778.82430050915	1014.98999023438
2780.94372105416	1014.08502197266
2783.06252809224	1013.05999755859
2785.18072186922	1013.24499511719
2787.29830263081	1010.96502685547
2789.41527062257	1008.53997802734
2791.53162608996	1006.03997802734
2793.64736927828	1003
2795.76250043271	1004.21002197266
2797.8770197983	1004.83502197266
2799.99092761997	1004.83001708984
2802.10422414252	1003.67498779297
2804.21690961059	1007.47998046875
2806.32898426873	1011.20001220703
2808.44044836132	1012.09997558594
2810.55130213264	1013.52502441406
2812.66154582682	1016.36999511719
2814.77117968788	1019.79498291016
2816.8802039597	1023.20501708984
2818.98861888601	1028.98999023438
2821.09642471046	1037.4599609375
2823.20362167653	1041.97998046875
2825.31021002756	1047.99499511719
2827.41619000682	1054.5849609375
2829.52156185738	1061.38000488281
2831.62632582224	1069.86999511719
2833.73048214422	1078.44995117188
2835.83403106606	1091.65002441406
2837.93697283033	1100.18005371094
2840.03930767951	1109.39001464844
2842.1410358559	1121.39501953125
2844.24215760173	1137.01501464844
2846.34267315905	1162.10498046875
2848.44258276982	1192.35998535156
2850.54188667585	1224.61499023438
2852.64058511883	1264.05004882813
2854.73867834032	1305.09997558594
2856.83616658175	1343.09997558594
2858.93305008443	1381.97497558594
2861.02932908952	1418.26000976563
2863.12500383809	1458.7900390625
2865.22007457104	1512.6650390625
2867.31454152918	1580.6650390625
2869.40840495316	1647.35498046875
2871.50166508353	1717.89501953125
2873.59432216069	1784.2900390625
2875.68637642493	1844.56994628906
2877.77782811641	1897.56494140625
2879.86867747515	1932.34497070313
2881.95892474105	1954.26501464844
2884.0485701539	1967.85498046875
2886.13761395333	1951.53002929688
2888.22605637886	1951.21997070313
2890.3138976699	1948.78503417969
2892.40113806571	1962.65002441406
2894.48777780544	1994.48999023438
2896.57381712808	2015.06994628906
2898.65925627254	2053.830078125
2900.74409547758	2110.05004882813
2902.82833498183	2130.125
2904.9119750238	2136.72509765625
2906.99501584188	2167.63500976563
2909.07745767432	2213.47998046875
2911.15930075925	2256.9599609375
2913.24054533469	2324.05493164063
2915.3211916385	2385.56005859375
2917.40123990846	2436.52001953125
2919.48069038217	2517.18994140625
2921.55954329716	2602.78491210938
2923.63779889079	2663.21508789063
2925.71545740033	2732.80493164063
2927.79251906289	2792.19995117188
2929.86898411548	2849.48510742188
2931.94485279498	2874.88989257813
2934.02012533815	2867.36499023438
2936.0948019816	2905.31005859375
2938.16888296184	2898.64501953125
2940.24236851525	2891.97998046875
2942.31525887809	2859.69506835938
2944.38755428648	2825.07495117188
2946.45925497643	2797.0400390625
2948.53036118382	2726.55493164063
2950.6008731444	2634.35498046875
2952.67079109381	2547.375
2954.74011526755	2465.919921875
2956.80884590101	2381.40502929688
2958.87698322944	2349.27490234375
2960.94452748799	2340.47998046875
2963.01147891167	2310.8701171875
2965.07783773535	2259.56494140625
2967.14360419382	2201.30493164063
2969.2087785217	2159.544921875
2971.27336095352	2143.69995117188
2973.33735172366	2116.97998046875
2975.40075106641	2072.5
2977.46355921591	2028.11999511719
2979.52577640618	1984.48498535156
2981.58740287112	1950.6650390625
2983.64843884452	1926.71496582031
2985.70888456003	1892.06005859375
2987.76874025117	1865.64501953125
2989.82800615137	1831.20495605469
2991.88668249391	1775.02502441406
2993.94476951194	1726.66003417969
2996.00226743852	1678.33996582031
2998.05917650657	1625.57995605469
3000.11549694887	1578.48999023438
3002.17122899812	1545.34497070313
3004.22637288685	1513.65002441406
3006.2809288475	1469.13500976563
3008.33489711238	1426.61999511719
3010.38827791368	1389.42504882813
3012.44107148345	1364.13000488281
3014.49327805366	1338.47998046875
3016.5448978561	1309.99499511719
3018.59593112249	1280.27001953125
3020.64637808441	1258.97998046875
3022.6962389733	1242.375
3024.74551402051	1226.7099609375
3026.79420345725	1216.7900390625
3028.84230751461	1204.79504394531
3030.88982642357	1192.18505859375
3032.93676041497	1183.27001953125
3034.98310971955	1178.19494628906
3037.02887456791	1183.30505371094
3039.07405519054	1187.30004882813
3041.11865181781	1195.69995117188
3043.16266467996	1202.84497070313
3045.20609400713	1204.3349609375
3047.24894002932	1205.47497558594
3049.2912029764	1206.66003417969
3051.33288307815	1211.71496582031
3053.37398056421	1220.84497070313
3055.41449566411	1235.58996582031
3057.45442860725	1255.38500976563
3059.49377962291	1278.65502929688
3061.53254894026	1297.66003417969
3063.57073678834	1302.00500488281
3065.60834339607	1301.48999023438
3067.64536899227	1300.9150390625
3069.68181380561	1299.77001953125
3071.71767806467	1290.58996582031
3073.75296199788	1275.57495117188
3075.78766583357	1251.2099609375
3077.82178979997	1225.18994140625
3079.85533412513	1207.13000488281
3081.88829903705	1190.18505859375
3083.92068476356	1169
3085.95249153241	1151.96496582031
3087.98371957119	1138.18994140625
3090.01436910741	1126.39001464844
3092.04444036844	1114.84497070313
3094.07393358152	1108.55004882813
3096.10284897381	1099.55004882813
3098.13118677232	1096.03503417969
3100.15894720395	1095.50500488281
3102.18613049548	1088.69995117188
3104.21273687357	1084.18505859375
3106.23876656477	1083.83996582031
3108.2642197955	1086.25500488281
3110.28909679208	1085.80505371094
3112.31339778069	1080.96496582031
3114.33712298741	1079.43505859375
3116.36027263819	1079.81005859375
3118.38284695887	1080.80505371094
3120.40484617516	1081.93994140625
3122.42627051268	1084.55505371094
3124.4471201969	1084.39001464844
3126.46739545319	1089.39001464844
3128.4870965068	1093.68994140625
3130.50622358287	1090.83251953125
3132.5247769064	1087.97497558594
3134.54275670229	1089.48498535156
3136.56016319534	1091.50500488281
3138.57699661019	1094.125
3140.59325717139	1095.16003417969
3142.60894510338	1095.875
3144.62406063047	1093.26000976563
3146.63860397686	1089.64501953125
3148.65257536662	1089.28503417969
3150.66597502371	1092.48498535156
3152.67880317199	1094.19995117188
3154.69106003518	1097.80505371094
3156.70274583691	1100.2099609375
3158.71386080065	1101.52001953125
3160.72440514981	1105.85998535156
3162.73437910763	1111.69494628906
3164.74378289728	1110.97998046875
3166.75261674179	1112.36499023438
3168.76088086407	1113.81994628906
3170.76857548692	1116.625
3172.77570083303	1121.65502929688
3174.78225712498	1124.16003417969
3176.78824458521	1126.26501464844
3178.79366343607	1126.52502441406
3180.79851389977	1130.01000976563
3182.80279619844	1130.0400390625
3184.80651055405	1135.24499511719
3186.80965718849	1141.32495117188
3188.81223632353	1146.78002929688
3190.81424818081	1149.71496582031
3192.81569298186	1147.57739257813
3194.8165709481	1145.43994140625
3196.81688230084	1146.90502929688
3198.81662726126	1157.2099609375
3200.81580605044	1161.53503417969
3202.81441888933	1166.79504394531
3204.81246599879	1170.73498535156
3206.80994759954	1171.6650390625
3208.80686391219	1177.81005859375
3210.80321515726	1180.34497070313
3212.79900155512	1185.0400390625
3214.79422332605	1189.44494628906
3216.78888069021	1192.48999023438
3218.78297386765	1194.50500488281
3220.77650307828	1194.38000488281
3222.76946854195	1202.48999023438
3224.76187047834	1212.57495117188
3226.75370910705	1218.35998535156
3228.74498464755	1216.32995605469
3230.73569731921	1219.52502441406
3232.72584734127	1221.71997070313
3234.71543493287	1221.04504394531
3236.70446031304	1222.02001953125
3238.69292370068	1225.33996582031
3240.68082531459	1228.40002441406
3242.66816537345	1233.31494140625
3244.65494409583	1242.125
3246.6411617002	1251.53002929688
3248.62681840488	1256.56494140625
3250.61191442812	1255.14501953125
3252.59644998804	1257.22998046875
3254.58042530263	1257.68005371094
3256.56384058979	1257.66003417969
3258.54669606731	1261.27001953125
3260.52899195285	1267.82495117188
3262.51072846396	1274.82495117188
3264.4919058181	1277.60998535156
3266.47252423259	1281.93005371094
3268.45258392464	1285.94494628906
3270.43208511138	1292.125
3272.41102800978	1304.3349609375
3274.38941283675	1310.5849609375
3276.36723980904	1314.81994628906
3278.34450914332	1318.9150390625
3280.32122105613	1324.14001464844
3282.29737576392	1334.09497070313
3284.272973483	1335.88500976563
3286.24801442958	1344.2900390625
3288.22249881978	1349.59997558594
3290.19642686957	1350.58996582031
3292.16979879485	1353.05505371094
3294.14261481136	1354.44494628906
3296.11487513478	1357.47497558594
3298.08657998065	1363.05004882813
3300.0577295644	1359.00500488281
3302.02832410136	1350
3303.99836380673	1346.35498046875
3305.96784889563	1348.31005859375
3307.93677958303	1347.83996582031
3309.90515608383	1346.23498535156
3311.87297861278	1340.48999023438
3313.84024738456	1344.18005371094
3315.80696261371	1347.92004394531
3317.77312451466	1352.03002929688
3319.73873330175	1348.32495117188
3321.70378918919	1338.55505371094
3323.66829239109	1331.82995605469
3325.63224312145	1334.07495117188
3327.59564159416	1340.28247070313
3329.55848802299	1346.48999023438
3331.52078262162	1337.73498535156
3333.4825256036	1328.15002441406
3335.44371718237	1326
3337.40435757128	1328.73498535156
3339.36444698356	1328.99499511719
3341.32398563232	1327.64501953125
3343.28297373058	1321.45495605469
3345.24141149124	1316.67504882813
3347.19929912709	1325.15502929688
3349.15663685081	1327.43505859375
3351.11342487497	1319.71997070313
3353.06966341204	1308.80004882813
3355.02535267437	1304.27502441406
3356.98049287421	1308.35498046875
3358.9350842237	1313.92004394531
3360.88912693486	1313.625
3362.84262121962	1321.44494628906
3364.79556728978	1327.07995605469
3366.74796535705	1326.57995605469
3368.69981563302	1322.35498046875
3370.65111832917	1317.57495117188
3372.60187365689	1306.51501464844
3374.55208182744	1304.77502441406
3376.50174305198	1305.16003417969
3378.45085754157	1301.50500488281
3380.39942550714	1301.88000488281
3382.34744715954	1305.51000976563
3384.29492270949	1309.14001464844
3386.24185236761	1304.48999023438
3388.18823634442	1296.13500976563
3390.13407485031	1290.25
3392.07936809559	1297.05004882813
3394.02411629045	1302.92004394531
3395.96831964496	1296.6650390625
3397.91197836911	1282.5400390625
3399.85509267275	1272.32995605469
3401.79766276564	1267.23498535156
3403.73968885745	1272.125
3405.68117115771	1285.44494628906
3407.62210987586	1286.83996582031
3409.56250522123	1283.48498535156
3411.50235740305	1284.44995117188
3413.44166663043	1281.375
3415.38043311238	1277.89501953125
3417.3186570578	1275.7900390625
3419.2563386755	1272.43005371094
3421.19347817415	1266.42504882813
3423.13007576235	1271.93505859375
3425.06613164857	1275.75
3427.00164604118	1269.01000976563
3428.93661914844	1260.52502441406
3430.87105117852	1256.36499023438
3432.80494233945	1257.71496582031
3434.73829283919	1265.39501953125
3436.67110288558	1264.5849609375
3438.60337268634	1261.02001953125
3440.53510244911	1263.57995605469
3442.4662923814	1260.77502441406
3444.39694269064	1252.94995117188
3446.32705358412	1248.39001464844
3448.25662526905	1246.14501953125
3450.18565795254	1249.14001464844
3452.11415184156	1247.35998535156
3454.04210714302	1243.97998046875
3455.96952406369	1243.01501464844
3457.89640281024	1240.47998046875
3459.82274358924	1245.08996582031
3461.74854660717	1244.09497070313
3463.67381207038	1232.19494628906
3465.59854018513	1227.31494140625
3467.52273115756	1223.85998535156
3469.44638519373	1221.14501953125
3471.36950249956	1219.72497558594
3473.29208328091	1207.93005371094
3475.21412774349	1201.61999511719
3477.13563609293	1198.67504882813
3479.05660853476	1194.97998046875
3480.97704527438	1191.77001953125
3482.89694651712	1189.25
3484.81631246818	1187.625
3486.73514333266	1184.68994140625
3488.65343931557	1178.61999511719
3490.57120062179	1178.3349609375
3492.48842745612	1172.88000488281
3494.40512002324	1164.36999511719
3496.32127852773	1159.0400390625
3498.23690317408	1154.61499023438
3500.15199416666	1146.17504882813
3502.06655170974	1143.65002441406
3503.98057600749	1149.8349609375
3505.89406726396	1142.77001953125
3507.80702568312	1136.06494140625
3509.71945146883	1130.33996582031
3511.63134482483	1121.01000976563
3513.54270595478	1115.22998046875
3515.45353506222	1111.27001953125
3517.3638323506	1108.31994628906
3519.27359802324	1104.07995605469
3521.1828322834	1099.18994140625
3523.09153533419	1098.96496582031
3524.99970737866	1098.2900390625
3526.90734861972	1087.10498046875
3528.81445926021	1079.65502929688
3530.72103950283	1079.68505859375
3532.62708955022	1079.23999023438
3534.53260960488	1071.91003417969
3536.43759986923	1063.52001953125
3538.34206054558	1054.47497558594
3540.24599183613	1049.4150390625
3542.149393943	1051.8349609375
3544.05226706817	1048.14001464844
3545.95461141357	1040.70495605469
3547.85642718097	1035.13000488281
3549.75771457208	1029.875
3551.6584737885	1028.28503417969
3553.55870503171	1027.7099609375
3555.4584085031	1024.73999023438
3557.35758440396	1019.95001220703
3559.25623293548	1014.64501953125
3561.15435429874	1008.32501220703
3563.05194869473	1002.52502441406
3564.94901632432	1002.53497314453
3566.84555738829	1002.03002929688
3568.74157208732	997.075012207031
3570.63706062199	993.695007324219
3572.53202319277	991.859985351563
3574.42646000003	991.484985351563
3576.32037124406	986.640014648438
3578.213757125	983.39501953125
3580.10661784295	980.52001953125
3581.99895359786	975.52001953125
3583.8907645896	971.799987792969
3585.78205101794	969.60498046875
3587.67281308254	970.184997558594
3589.56305098297	969.929992675781
3591.4527649187	967.590026855469
3593.34195508907	966.794982910156
3595.23062169338	963.840026855469
3597.11876493075	961.47998046875
3599.00638500027	957.784973144531
3600.89348210089	953.155029296875
3602.78005643148	949.155029296875
3604.66610819078	946.275024414063
3606.55163757747	946.549987792969
3608.4366447901	946.299987792969
3610.32113002713	943.684997558594
3612.20509348693	938.705017089844
3614.08853536774	935.200012207031
3615.97145586773	933.5
3617.85385518497	931.469970703125
3619.7357335174	931.030029296875
3621.61709106289	927.14501953125
3623.4979280192	924.97998046875
3625.37824458399	921.054992675781
3627.25804095482	919.054992675781
3629.13731732915	918.900024414063
3631.01607390435	919.669982910156
3632.89431087767	916.409973144531
3634.77202844629	913.280029296875
3636.64922680726	909.330017089844
3638.52590615754	907.77001953125
3640.40206669402	906.10498046875
3642.27770861344	906.364990234375
3644.15283211248	905.289978027344
3646.02743738771	902.640014648438
3647.90152463559	899.335021972656
3649.77509405251	896.659973144531
3651.64814583473	894.880004882813
3653.52068017842	893.630004882813
3655.39269727965	889.059997558594
3657.26419733442	886.599975585938
3659.13518053858	885.030029296875
3661.00564708793	883.974975585938
3662.87559717814	883.724975585938
3664.7450310048	882.77001953125
3666.61394876338	879.815002441406
3668.48235064928	879.205017089844
3670.35023685779	877.255004882813
3672.21760758409	876.140014648438
3674.08446302327	874.659973144531
3675.95080337033	873.669982910156
3677.81662882017	871.419982910156
3679.68193956758	868.849975585938
3681.54673580727	867.715026855469
3683.41101773383	866.224975585938
3685.27478554178	864.945007324219
3687.13803942551	864.859985351563
3689.00077957934	861.890014648438
3690.86300619748	859.789978027344
3692.72471947405	859.64501953125
3694.58591960306	857.52001953125
3696.44660677844	856.409973144531
3698.306781194	854.690002441406
3700.16644304348	854.090026855469
3702.02559252049	853.945007324219
3703.88422981859	853.344970703125
3705.74235513119	852.614990234375
3707.59996865164	850.210021972656
3709.45707057318	848.35498046875
3711.31366108895	848.840026855469
3713.16974039199	847.47998046875
3715.02530867527	846.880004882813
3716.88036613164	846.594970703125
3718.73491295385	844.914978027344
3720.58894933456	844.815002441406
3722.44247546634	844.849975585938
3724.29549154166	843.085021972656
3726.14799775289	841.825012207031
3727.9999942923	840.710021972656
3729.85148135209	840.210021972656
3731.70245912432	838.174987792969
3733.55292780098	839.275024414063
3735.40288757397	839.094970703125
3737.25233863509	837.994995117188
3739.10128117603	836.125
3740.9497153884	836.739990234375
3742.7976414637	837.424987792969
3744.64505959335	837.505004882813
3746.49196996866	837.372497558594
3748.33837278086	837.239990234375
3750.18426822108	837.52001953125
3752.02965648033	835.635009765625
3753.87453774956	834.135009765625
3755.7189122196	834.525024414063
3757.5627800812	834.75
3759.40614152501	834.905029296875
3761.24899674159	836.224975585938
3763.09134592138	835.97998046875
3764.93318925476	835.835021972656
3766.77452693199	835.125
3768.61535914325	834.905029296875
3770.45568607861	835.200012207031
3772.29550792807	834.409973144531
3774.1348248815	833.349975585938
3775.9736371287	832.905029296875
3777.81194485938	831.119995117188
