32.6816976106991	718.039978027344
35.6535599501435	718.039978027344
38.6244374909659	718.140014648438
41.5943306947054	717.864990234375
44.5632400226282	717.83251953125
47.5311659356917	717.799987792969
50.4981088945929	717.809997558594
53.4640693597127	717.7900390625
56.4290477911676	717.77001953125
59.3930446487746	717.719970703125
62.356060392067	717.669982910156
65.3180954802906	717.75
68.2791503724084	717.7099609375
71.2392255270922	717.669982910156
74.1983214027271	717.679992675781
77.1564384574159	717.679992675781
80.113577148983	717.534973144531
83.0697379349549	717.609985351563
86.0249212725722	717.559997558594
88.9791276188058	717.692504882813
91.9323574303255	717.825012207031
94.8846111635238	717.599975585938
97.8358892745121	717.820007324219
100.786192219114	717.580017089844
103.73552045287	717.900024414063
106.683874431037	717.755004882813
109.631254608583	717.757507324219
112.577661440203	717.760009765625
115.523095380307	717.775024414063
118.467556883015	718.080017089844
121.411046402175	718.244995117188
124.353564391344	718.775024414063
127.295111303796	719.544982910156
130.235687592532	720.989990234375
133.175293710265	723.799987792969
136.113930109434	728.015014648438
139.051597242185	735.219970703125
141.98829556039	745.385009765625
144.92402551564	758.265014648438
147.858787559244	775.469970703125
150.792582142239	792.659973144531
153.725409715372	807.775024414063
156.65727072911	822.849975585938
159.588165633643	834.140014648438
162.518094878884	841.390014648438
165.447058914469	847.525024414063
168.375058189747	850.469970703125
171.302093153792	851
174.228164255401	849.655029296875
177.153271943091	849.655029296875
180.077416665101	850.60498046875
183.000598869394	851.135009765625
185.922819003656	850.965026855469
188.84407751529	852.755004882813
191.764374851424	854.804992675781
194.683711458919	856.239990234375
197.60208778434	855.924987792969
200.519504273992	860.494995117188
203.435961373894	864.275024414063
206.351459529801	869.619995117188
209.265999187174	872.989990234375
212.179580791207	880.635009765625
215.092204786825	890
218.003871618673	898.375
220.914581731116	907.429992675781
223.824335568247	912.820007324219
226.733133573893	918.695007324219
229.640976191593	925.934997558594
232.547863864614	933.52001953125
235.453797035961	938.474975585938
238.358776148354	941.234985351563
241.26280164424	942.525024414063
244.1658739658	945.219970703125
247.067993554929	945.650024414063
249.969160853266	944.570007324219
252.869376302162	944.205017089844
255.768640342707	942.919982910156
258.666953415705	942.455017089844
261.564315961705	940.369995117188
264.46072842097	941.559997558594
267.356191233499	936.414978027344
270.25070483901	934.705017089844
273.144269676967	935.669982910156
276.036886186551	936.474975585938
278.928554806671	935.530029296875
281.819275975966	933.950012207031
284.709050132812	932.494995117188
287.597877715306	932.924987792969
290.485759161281	932.049987792969
293.372694908298	932.239990234375
296.258685393644	930.900024414063
299.143731054352	930.590026855469
302.027832327156	930.900024414063
304.910989648557	929.35498046875
307.79320345476	929.565002441406
310.674474181717	929.429992675781
313.554802265101	928.900024414063
316.434188140326	928.494995117188
319.312632242533	928.523315429688
322.190135006593	928.551696777344
325.066696867117	928.580017089844
327.942318258443	927.674987792969
330.816999614641	927.375
333.690741369517	925.929992675781
336.56354395661	925.75
339.435407809193	925.52001953125
342.306333360273	925.260009765625
345.176321042591	923.945007324219
348.045371288612	921.344970703125
350.913484530551	922.169982910156
353.78066120035	921.174987792969
356.64690172969	920.335021972656
359.512206549972	920.429992675781
362.376576092357	918.090026855469
365.240010787716	917.205017089844
368.102511066677	918.945007324219
370.964077359587	917.575012207031
373.82471009654	920.065002441406
376.684409707364	919.335021972656
379.543176621612	916.304992675781
382.401011268595	914.625
385.257914077343	916.724975585938
388.113885476627	917.635009765625
390.968925894961	917.927490234375
393.823035760591	918.219970703125
396.676215501503	919.174987792969
399.528465545415	924.239990234375
402.379786319791	925.219970703125
405.230178251834	928.635009765625
408.079641768472	930.119995117188
410.928177296387	933.349975585938
413.775785261992	934.030029296875
416.622466091445	936.234985351563
419.468220210631	936.955017089844
422.313048045182	939.580017089844
425.156950020479	941.284973144531
427.999926561623	939.690002441406
430.841978093471	940.684997558594
433.683105040613	938.844970703125
436.523307827384	938.330017089844
439.362586877851	936.260009765625
442.200942615829	934.859985351563
445.038375464876	936.315002441406
447.874885848283	936.945007324219
450.710474189089	936.465026855469
453.54514091007	934.590026855469
456.37888643375	932.155029296875
459.211711182386	930.260009765625
462.043615577986	930.575012207031
464.874600042297	930.775024414063
467.704664996804	928.784973144531
470.533810862741	928.820007324219
473.36203806108	926.530029296875
476.189347012547	926.005004882813
479.015738137594	925.635009765625
481.841211856432	924.835021972656
484.665768589008	922.179992675781
487.489408755009	926.085021972656
490.312132773878	929.619995117188
493.133941064796	931.614990234375
495.954834046683	931.784973144531
498.77481213821	930.125
501.593875757797	931.815002441406
504.412025323601	931.140014648438
507.229261253524	928.909973144531
510.045583965226	926.215026855469
512.860993876093	924.710021972656
515.675491403271	922.335021972656
518.489076963649	920.469970703125
521.301750973863	919.799987792969
524.113513850293	916.830017089844
526.924366009065	912.984985351563
529.734307866052	912.364990234375
532.543339836881	909.820007324219
535.35146233692	909.320007324219
538.158675781281	907.869995117188
540.964980584833	904.27001953125
543.770377162182	901.455017089844
546.574865927692	900.159973144531
549.378447295465	899.445007324219
552.181121679365	897.505004882813
554.982889492993	894.429992675781
557.783751149701	893.724975585938
560.583707062591	893.044982910156
563.38275764452	893.174987792969
566.180903308083	891.835021972656
568.978144465633	891.799987792969
571.774481529266	892.52001953125
574.569914910839	888.734985351563
577.364445021949	887.784973144531
580.158072273946	887.849975585938
582.950797077926	888.140014648438
585.742619844752	886.89501953125
588.533540985018	885.289978027344
591.323560909078	883.994995117188
594.112680027034	882.724975585938
596.90089874875	884.309997558594
599.688217483828	883.559997558594
602.474636641629	881.414978027344
605.260156631263	880.315002441406
608.044777861596	881.015014648438
610.828500741241	881.484985351563
613.611325678567	881.864990234375
616.393253081697	881.699951171875
619.174283358506	881.534973144531
621.954416916616	883.184997558594
624.733654163414	883.994995117188
627.511995506029	883.359985351563
630.289441351351	881.510009765625
633.065992106022	878.239990234375
635.841648176434	878.515014648438
638.616409968744	876.469970703125
641.390277888847	877.570007324219
644.163252342408	878.789978027344
646.93533373484	879.64501953125
649.706522471307	882.359985351563
652.47681895674	882.559997558594
655.246223595811	882.835021972656
658.014736792957	882.609985351563
660.782358952371	882.200012207031
663.549090477999	880.984985351563
666.314931773542	880.630004882813
669.079883242452	879.974975585938
671.843945287955	880.35498046875
674.607118313019	880.015014648438
677.369402720366	880.718322753906
680.130798912488	881.421691894531
682.891307291627	882.125
685.650928259784	880.794982910156
688.409662218708	880.484985351563
691.167509569927	879.837524414063
693.924470714705	879.190002441406
696.680546054078	879.844970703125
699.435735988832	879.222473144531
702.190040919516	878.599975585938
704.943461246442	879.804992675781
707.695997369667	883.559997558594
710.447649689022	883.169982910156
713.198418604088	883.39501953125
715.948304514206	881.414978027344
718.697307818481	881.565002441406
721.445428915779	881.940002441406
724.192668204716	882.231689453125
726.93902608368	882.523315429688
729.684502950805	882.815002441406
732.429099204005	883.044982910156
735.172815240936	885.450012207031
737.915651459026	887.070007324219
740.657608255463	885.575012207031
743.398686027186	885.890014648438
746.13888517091	886.669982910156
748.878206083102	889.080017089844
751.616649159998	890.135009765625
754.354214797584	889.25
757.09090339162	891.030029296875
759.826715337622	892.14501953125
762.561651030868	893.275024414063
765.295710866406	891.580017089844
768.028895239041	889.445007324219
770.761204543336	888.440002441406
773.492639173626	886.02001953125
776.223199524006	884.025024414063
778.952885988334	881.375
781.681698960235	880.5
784.40963883309	879.635009765625
787.136706000052	880.275024414063
789.862900854037	881.155029296875
792.588223787721	881.719970703125
795.312675193549	881.22998046875
798.036255463728	881.630004882813
800.758964990228	881.674987792969
803.480804164792	881.244995117188
806.201773378919	882.280029296875
808.921873023884	883.489990234375
811.641103490712	886.659973144531
814.359465170214	890.239990234375
817.076958452946	891.849975585938
819.793583729246	895.059997558594
822.509341389214	898.664978027344
825.224231822712	902.304992675781
827.938255419375	907.594970703125
830.651412568596	909.719970703125
833.363703659544	912.635009765625
836.075129081157	915.815002441406
838.785689222127	918.385009765625
841.495384470928	920.325012207031
844.204215215788	921.965026855469
846.912181844721	922.375
849.619284745491	925.015014648438
852.325524305638	927.320007324219
855.030900912475	931.179992675781
857.735414953079	930.789978027344
860.439066814289	930.929992675781
863.141856882725	930.64501953125
865.843785544769	928.085021972656
868.544853186571	923.039978027344
871.245060194063	920.335021972656
873.944406952925	917.960021972656
876.642893848625	918.974975585938
879.340521266398	919.775024414063
882.037289591241	921.179992675781
884.733199207927	925.039978027344
887.428250501001	925.325012207031
890.122443854778	924.549987792969
892.815779653335	922.400024414063
895.508258280534	924.655029296875
898.199880119997	928.335021972656
900.890645555129	929.934997558594
903.580554969094	932.119995117188
906.269608744832	931.820007324219
908.957807265056	930.405029296875
911.645150912257	931.465026855469
914.331640068689	929.705017089844
917.017275116375	928.039978027344
919.702056437128	927.125
922.385984412518	926.5
925.069059423886	927.344970703125
927.751281852366	931.655029296875
930.432652078842	936.25
933.113170483983	938.599975585938
935.79283744823	942.219970703125
938.471653351806	946.304992675781
941.149618574686	946.25
943.826733496641	947.739990234375
946.502998497206	953.940002441406
949.178413955689	950.414978027344
951.85298025118	952.385009765625
954.526697762544	952.159973144531
957.199566868403	954.400024414063
959.87158794718	954.525024414063
962.542761377054	954.659973144531
965.213087535987	952.155029296875
967.882566801719	948.075012207031
970.551199551761	947.059997558594
973.218986163399	947.765014648438
975.885927013698	943.885009765625
978.552022479501	940.119995117188
981.217272937423	938.010009765625
983.88167876386	938.424987792969
986.545240334978	940.200012207031
989.207958026729	942.489990234375
991.869832214835	948.525024414063
994.530863274798	954.474975585938
997.191051581895	962.924987792969
999.850397511185	980.539978027344
1002.50890143751	1001.14001464844
1005.16656373546	1022.53997802734
1007.82338477944	1038.7099609375
1010.47936494363	1043.31494140625
1013.13450460195	1035.44494628906
1015.78880412815	1017.13000488281
1018.44226389572	994.010009765625
1021.09488427794	973.075012207031
1023.74666564789	960.719970703125
1026.3976083784	955.299987792969
1029.04771284208	952.125
1031.69697941135	951.85498046875
1034.34540845838	953.429992675781
1036.99300035512	956.205017089844
1039.63975547333	957.885009765625
1042.28567418452	957.739990234375
1044.93075685998	953.789978027344
1047.57500387081	951.674987792969
1050.21841558786	953.364990234375
1052.86099238177	955.065002441406
1055.50273462297	955.289978027344
1058.14364268167	957.684997558594
1060.78371692784	961.364990234375
1063.42295773126	964.929992675781
1066.06136546148	970.804992675781
1068.69894048781	975.989990234375
1071.33568317939	980.335021972656
1073.9715939051	982.309997558594
1076.60667303362	981.359985351563
1079.24092093341	980.409973144531
1081.87433797271	979.599975585938
1084.50692451954	975.195007324219
1087.13868094172	974.164978027344
1089.76960760684	973.900024414063
1092.39970488226	972.940002441406
1095.02897313516	969.880004882813
1097.65741273246	968.385009765625
1100.28502404089	964.684997558594
1102.91180742697	960.14501953125
1105.53776325698	959.065002441406
1108.16289189701	958.02001953125
1110.78719371291	956.099975585938
1113.41066907033	956.317504882813
1116.0333183347	956.534973144531
1118.65514187124	956.565002441406
1121.27614004495	956.289978027344
1123.89631322061	954.184997558594
1126.51566176279	954.409973144531
1129.13418603585	956.465026855469
1131.75188640394	956.864990234375
1134.36876323098	956.244995117188
1136.98481688069	950.60498046875
1139.60004771655	944.75
1142.21445610187	935.825012207031
1144.82804239972	929.174987792969
1147.44080697295	923.25
1150.05275018421	919.570007324219
1152.66387239593	919.710021972656
1155.27417397034	922.724975585938
1157.88365526943	924.909973144531
1160.49231665502	928.099975585938
1163.10015848867	929.469970703125
1165.70718113176	929.192504882813
1168.31338494544	928.914978027344
1170.91877029067	928.789978027344
1173.52333752817	928.155029296875
1176.12708701847	929.034973144531
1178.73001912187	929.835021972656
1181.33213419848	929.614990234375
1183.93343260819	927.825012207031
1186.53391471068	925.070007324219
1189.13358086539	923.025024414063
1191.73243143161	921.210021972656
1194.33046676836	920.85498046875
1196.92768723449	919.039978027344
1199.52409318861	922.440002441406
1202.11968498915	928.200012207031
1204.7144629943	931.924987792969
1207.30842756206	934.969970703125
1209.90157905021	942.034973144531
1212.49391781634	944.385009765625
1215.08544421779	944.825012207031
1217.67615861174	944.565002441406
1220.26606135512	943.294982910156
1222.85515280468	941.97998046875
1225.44343331694	941.525024414063
1228.03090324823	940.780029296875
1230.61756295466	945.140014648438
1233.20341279213	947.909973144531
1235.78845311634	952.739990234375
1238.37268428278	959.344970703125
1240.95610664673	965.684997558594
1243.53872056325	970.25
1246.12052638722	972.825012207031
1248.70152447329	971.844970703125
1251.28171517591	971.335021972656
1253.86109884934	971.830017089844
1256.43967584759	972.580017089844
1259.0174465245	973.835021972656
1261.5944112337	973.575012207031
1264.1705703286	976.505004882813
1266.74592416241	979.835021972656
1269.32047308814	980.890014648438
1271.89421745858	983.900024414063
1274.46715762633	985.284973144531
1277.03929394377	985.200012207031
1279.61062676308	983.27001953125
1282.18115643624	982.114990234375
1284.75088331502	980.474975585938
1287.31980775098	978.594970703125
1289.88793009548	980.534973144531
1292.45525069969	980
1295.02176991454	974.780029296875
1297.58748809078	969.844970703125
1300.15240557897	971.335021972656
1302.71652272942	972.64501953125
1305.27983989229	977.929992675781
1307.84235741749	982.015014648438
1310.40407565475	984.414978027344
1312.9649949536	987
1315.52511566335	990.530029296875
1318.08443813311	993.505004882813
1320.64296271181	995.705017089844
1323.20068974815	997.35498046875
1325.75761959063	999.059997558594
1328.31375258756	999.510009765625
1330.86908908704	999.099975585938
1333.42362943696	998.609985351563
1335.97737398503	998.030029296875
1338.53032307874	997.594970703125
1341.08247706537	999.340026855469
1343.63383629202	1000.875
1346.18440110558	1000
1348.73417185274	998.945007324219
1351.28314887997	994.864990234375
1353.83133253357	985.674987792969
1356.37872315961	977.234985351563
1358.92532110398	971.85498046875
1361.47112671237	962.789978027344
1364.01614033024	955.309997558594
1366.56036230288	951.114990234375
1369.10379297537	947.434997558594
1371.64643269258	945.190002441406
1374.18828179921	938.85498046875
1376.72934063972	934.549987792969
1379.2696095584	931.405029296875
1381.80908889932	930.474975585938
1384.34777900637	929.510009765625
1386.88568022323	929.4775390625
1389.42279289337	929.445007324219
1391.95911736009	928.955017089844
1394.49465396645	928.830017089844
1397.02940305537	932.960021972656
1399.5633649695	936.340026855469
1402.09654005135	937.315002441406
1404.6289286432	938.434997558594
1407.16053108714	941.179992675781
1409.69134772507	940.97998046875
1412.22137889868	942.099975585938
1414.75062494947	942.700012207031
1417.27908621874	943.710021972656
1419.80676304759	944.205017089844
1422.33365577692	944.419982910156
1424.85976474744	946.755004882813
1427.38509029967	948.22998046875
1429.90963277392	949.994995117188
1432.4333925103	951.715026855469
1434.95636984873	956.159973144531
1437.47856512894	961.875
1439.99997869045	971.945007324219
1442.5206108726	984.705017089844
1445.04046201452	997.359985351563
1447.55953245515	1011.65002441406
1450.07782253323	1025.96997070313
1452.59533258731	1027.09997558594
1455.11206295574	1028.22998046875
1457.62801397668	1029.35998535156
1460.14318598809	1030.36999511719
1462.65757932774	1024.75
1465.1711943332	1015.26501464844
1467.68403134184	1004.44000244141
1470.19609069085	993.794982910156
1472.70737271721	982.150024414063
1475.21787775772	967.840026855469
1477.72760614897	953.075012207031
1480.23655822738	935.830017089844
1482.74473432914	922.825012207031
1485.25213479029	909.820007324219
1487.75875994664	898.440002441406
1490.26461013382	890.044982910156
1492.76968568726	884.664978027344
1495.27398694222	880.705017089844
1497.77751423374	877.359985351563
1500.28026789667	874.940002441406
1502.78224826569	873.905029296875
1505.28345567526	872.219970703125
1507.78389045967	871.880004882813
1510.28355295299	871.075012207031
1512.78244348913	869.515014648438
1515.28056240178	868.75
1517.77791002445	869.294982910156
1520.27448669047	869.844970703125
1522.77029273296	869.599975585938
1525.26532848486	869.35498046875
1527.75959427889	869.390014648438
1530.25309044764	869.349975585938
1532.74581732344	869.5
1535.23777523847	869.760009765625
1537.72896452471	870.234985351563
1540.21938551394	871.005004882813
1542.70903853778	872.869995117188
1545.19792392761	874.005004882813
1547.68604201466	876.919982910156
1550.17339312997	880.830017089844
1552.65997760434	882.690002441406
1555.14579576845	882.989990234375
1557.63084795275	887.155029296875
1560.11513448749	889.380004882813
1562.59865570276	888.067504882813
1565.08141192845	886.755004882813
1567.56340349426	886.085021972656
1570.04463072969	884.304992675781
1572.52509396406	883.625
1575.00479352652	884.539978027344
1577.48372974599	885.799987792969
1579.96190295124	885.89501953125
1582.43931347083	887.539978027344
1584.91596163314	890.549987792969
1587.39184776636	893.825012207031
1589.86697219849	894.825012207031
1592.34133525734	896.099975585938
1594.81493727054	898.150024414063
1597.28777856553	901.390014648438
1599.75985946955	903.924987792969
1602.23118030968	906.239990234375
1604.70174141278	913.794982910156
1607.17154310555	921.455017089844
1609.64058571449	927.190002441406
1612.10886956591	929.780029296875
1614.57639498595	931.525024414063
1617.04316230054	933.094970703125
1619.50917183543	931.510009765625
1621.97442391621	929.065002441406
1624.43891886825	926.304992675781
1626.90265701674	922.460021972656
1629.36563868671	919.650024414063
1631.82786420296	920.710021972656
1634.28933389016	918.849975585938
1636.75004807274	921.010009765625
1639.21000707498	928.25
1641.66921122097	934.5
1644.12766083459	939.705017089844
1646.58535623956	947.580017089844
1649.04229775941	957.015014648438
1651.4984857175	965.599975585938
1653.95392043697	972.859985351563
1656.40860224079	981.724975585938
1658.86253145177	991.525024414063
1661.3157083925	999.52001953125
1663.76813338542	1002.95001220703
1666.21980675275	1001.93499755859
1668.67072881656	998.190002441406
1671.1208998987	992.710021972656
1673.57032032089	988.630004882813
1676.0189904046	983.39501953125
1678.46691047118	974.150024414063
1680.91408084174	967.359985351563
1683.36050183726	957.585021972656
1685.8061737785	947.909973144531
1688.25109698605	934.155029296875
1690.69527178032	923.719970703125
1693.13869848153	916.025024414063
1695.58137740972	907.369995117188
1698.02330888476	895.955017089844
1700.46449322631	886.35498046875
1702.90493075388	878.155029296875
1705.34462178678	870.760009765625
1707.78356664414	865.140014648438
1710.22176564492	859.474975585938
1712.65921910787	856.210021972656
1715.0959273516	853.380004882813
1717.53189069449	849.405029296875
1719.9671094548	846.505004882813
1722.40158395054	844.489990234375
1724.8353144996	844.195007324219
1727.26830141965	843.304992675781
1729.70054502819	843.505004882813
1732.13204564255	842.455017089844
1734.56280357987	841.414978027344
1736.99281915711	840.099975585938
1739.42209269106	841.414978027344
1741.85062449831	841.339965820313
1744.27841489529	841.265014648438
1746.70546419823	840.594970703125
1749.13177272321	840
1751.5573407861	839.590026855469
1753.98216870262	839.309997558594
1756.40625678828	838.780029296875
1758.82960535844	838.5
1761.25221472825	838.405029296875
1763.67408521271	838.039978027344
1766.09521712663	838.140014648438
1768.51561078464	838.765014648438
1770.93526650119	837.525024414063
1773.35418459056	836.070007324219
1775.77236536684	836.599975585938
1778.18980914396	836.815002441406
1780.60651623565	836.900024414063
1783.02248695548	836.984985351563
1785.43772161684	837.16748046875
1787.85222053292	837.349975585938
1790.26598401677	836.325012207031
1792.67901238123	835.575012207031
1795.09130593899	835.880004882813
1797.50286500254	836.195007324219
1799.9136898842	835.460021972656
1802.32378089613	834.190002441406
1804.73313835028	833.97998046875
1807.14176255846	834.309997558594
1809.54965383228	834.170043945313
1811.95681248317	834.030029296875
1814.36323882242	833.679992675781
1816.76893316109	832.780029296875
1819.17389581011	832.755004882813
1821.57812708021	832.72998046875
1823.98162728196	832.679992675781
1826.38439672573	832.780029296875
1828.78643572174	832.690002441406
1831.18774458003	832.570007324219
1833.58832361045	833.455017089844
1835.98817312269	832.184997558594
1838.38729342625	830.739990234375
1840.78568483048	830.375
1843.18334764454	830.825012207031
1845.58028217741	831.35498046875
1847.9764887379	831.875
1850.37196763465	831.866638183594
1852.76671917613	831.858337402344
1855.16074367062	831.849975585938
1857.55404142624	831.919982910156
1859.94661275094	830.25
1862.33845795247	830.032470703125
1864.72957733844	829.815002441406
1867.11997121627	829.679992675781
1869.5096398932	830.455017089844
1871.89858367631	830.734985351563
1874.28680287251	830.70751953125
1876.67429778851	830.679992675781
1879.06106873089	831.744995117188
1881.44711600601	831.474975585938
1883.8324399201	831.25
1886.21704077919	829.840026855469
1888.60091888915	829.325012207031
1890.98407455567	830.02001953125
1893.36650808428	830.960021972656
1895.74821978033	831.320007324219
1898.12920994899	830.974975585938
1900.50947889527	829.780029296875
1902.88902692401	829.755004882813
1905.26785433986	829.804992675781
1907.64596144734	829.907470703125
1910.02334855075	830.010009765625
1912.40001595424	830.575012207031
1914.7759639618	830.112548828125
1917.15119287724	829.650024414063
1919.52570300419	829.815002441406
1921.89949464611	830.635009765625
1924.27256810632	830.75
1926.64492368793	830.674987792969
1929.0165616939	830.755004882813
1931.38748242701	830.784973144531
1933.75768618989	831.369995117188
1936.12717328497	832
1938.49594401455	831.945007324219
1940.86399868071	831.640014648438
1943.23133758541	830.474975585938
1945.5979610304	831.174987792969
1947.96386931729	830.744995117188
1950.32906274751	830.315002441406
1952.69354162232	830.244995117188
1955.0573062428	830.255004882813
1957.42035690989	830.265014648438
1959.78269392434	831.554992675781
1962.14431758673	831.065002441406
1964.50522819748	831.070007324219
1966.86542605684	830.599975585938
1969.22491146488	829.659973144531
1971.58368472153	829.914978027344
1973.94174612654	830.664978027344
1976.29909597945	830.580017089844
1978.65573457971	830.299987792969
1981.01166222654	829.97998046875
1983.36687921902	830.297485351563
1985.72138585606	830.614990234375
1988.07518243639	830.25
1990.42826925859	831.039978027344
1992.78064662106	829.950012207031
1995.13231482205	829.85498046875
1997.48327415961	829.760009765625
1999.83352493167	829.994995117188
2002.18306743594	830.734985351563
2004.53190197002	830.830017089844
2006.8800288313	830.265014648438
2009.22744831703	830.765014648438
2011.57416072427	829.940002441406
2013.92016634993	828.974975585938
2016.26546549076	828.724975585938
2018.61005844332	829.489990234375
2020.95394550404	829.369995117188
2023.29712696915	829.359985351563
2025.63960313474	830.005004882813
2027.98137429672	829.669982910156
2030.32244075083	828.659973144531
2032.66280279266	828.130004882813
2035.00246071763	829.364990234375
2037.34141482099	830.275024414063
2039.67966539784	830.474975585938
2042.01721274309	830.715026855469
2044.35405715151	830.440002441406
2046.69019891769	829.099975585938
2049.02563833606	829.429992675781
2051.3603757009	829.219970703125
2053.6944113063	830.114990234375
2056.0277454462	830.974975585938
2058.36037841439	830.414978027344
2060.69231050446	829.85498046875
2063.02354200988	830.179992675781
2065.35407322392	830.14501953125
2067.68390443971	829.744995117188
2070.01303595021	830.994995117188
2072.3414680482	831.825012207031
2074.66920102633	830.900024414063
2076.99623517706	829.674987792969
2079.32257079271	829.64501953125
2081.6482081654	828.094970703125
2083.97314758713	830.215026855469
2086.29738934971	832.27001953125
2088.62093374481	831.570007324219
2090.94378106391	831.965026855469
2093.26593159835	832.429992675781
2095.5873856393	831.52001953125
2097.90814347777	829.775024414063
2100.2282054046	831.085021972656
2102.54757171048	832.385009765625
2104.86624268594	831.960021972656
2107.18421862133	831.570007324219
2109.50149980686	831.429992675781
2111.81808653257	832.630004882813
2114.13397908834	832.294982910156
2116.44917776388	832.575012207031
2118.76368284875	833.325012207031
2121.07749463235	833.390014648438
2123.39061340391	833.210021972656
2125.70303945252	833.130004882813
2128.01477306707	833.049987792969
2130.32581453634	833.155029296875
2132.63616414891	833.594970703125
2134.94582219322	833.565002441406
2137.25478895754	833.505004882813
2139.56306472999	832.39501953125
2141.87064979851	832.294982910156
2144.17754445092	832.244995117188
2146.48374897484	833.010009765625
2148.78926365774	833.684997558594
2151.09408878695	833.534973144531
2153.39822464963	833.72998046875
2155.70167153277	832.900024414063
2158.00442972321	832.585021972656
2160.30649950763	831.994995117188
2162.60788117256	832.174987792969
2164.90857500436	832.35498046875
2167.20858128923	832.260009765625
2169.50790031323	832.25
2171.80653236223	833.114990234375
2174.10447772198	832.760009765625
2176.40173667804	833.109985351563
2178.69830951582	832.940002441406
2180.99419652058	832.77001953125
2183.28939797743	832.594970703125
2185.5839141713	832.919982910156
2187.87774538698	832.804992675781
2190.17089190908	832.690002441406
2192.46335402209	832.275024414063
2194.75513201032	833.25
2197.04622615791	832.940002441406
2199.33663674886	831.64501953125
2201.62636406702	830.784973144531
2203.91540839606	832.005004882813
2206.20377001952	832.580017089844
2208.49144922077	831.89501953125
2210.77844628302	831.934997558594
2213.06476148933	831.710021972656
2215.3503951226	831.239990234375
2217.63534746557	831.025024414063
2219.91961880085	830.375
2222.20320941085	830.414978027344
2224.48611957785	830.205017089844
2226.76834958399	830.622497558594
2229.04989971122	831.039978027344
2231.33077024136	830.494995117188
2233.61096145607	830.445007324219
2235.89047363683	830.39501953125
2238.169307065	830.010009765625
2240.44746202178	830.784973144531
2242.72493878819	830.775024414063
2245.00173764511	832.015014648438
2247.27785887327	831.965026855469
2249.55330275324	831.599975585938
2251.82806956545	830.924987792969
2254.10215959014	830.950012207031
2256.37557310744	830.945007324219
2258.64831039729	831.625
2260.92037173949	832.960021972656
2263.19175741368	833.585021972656
2265.46246769938	833.109985351563
2267.7325028759	831.844970703125
2270.00186322243	830.945007324219
2272.270549018	832.619995117188
2274.5385605415	833.150024414063
2276.80589807165	832.760009765625
2279.07256188702	832.210021972656
2281.33855226601	832.510009765625
2283.60386948691	832.054992675781
2285.86851382782	831.190002441406
2288.1324855667	832.35498046875
2290.39578498136	831.369995117188
2292.65841234945	831.784973144531
2294.92036794847	833.255004882813
2297.18165205578	833.280029296875
2299.44226494856	832.609985351563
2301.70220690387	832.059997558594
2303.96147819859	832.159973144531
2306.22007910947	832.107482910156
2308.47800991309	832.054992675781
2310.73527088589	832.630004882813
2312.99186230416	832.525024414063
2315.24778444403	833.900024414063
2317.50303758149	833.349975585938
2319.75762199235	834.934997558594
2322.01153795231	834.450012207031
2324.26478573689	834.315002441406
2326.51736562147	832.875
2328.76927788127	832.559997558594
2331.02052279137	833.739990234375
2333.2711006267	834.405029296875
2335.52101166203	833.897521972656
2337.77025617198	833.390014648438
2340.01883443103	832.789978027344
2342.2667467135	832.719970703125
2344.51399329356	832.547485351563
2346.76057444525	832.375
2349.00649044241	832.390014648438
2351.2517415588	832.244995117188
2353.49632806796	832.140014648438
2355.74025024334	831.375
2357.98350835819	831.594970703125
2360.22610268566	831.700012207031
2362.4680334987	831.809997558594
2364.70930107016	831.919982910156
2366.94990567269	832.034973144531
2369.18984757884	832.10498046875
2371.42912706098	831.109985351563
2373.66774439134	830.489990234375
2375.90569984199	831.14501953125
2378.14299368488	831.030029296875
2380.37962619179	830.914978027344
2382.61559763435	831.655029296875
2384.85090828405	832.525024414063
2387.08555841222	833.554992675781
2389.31954829006	832.64501953125
2391.55287818861	832.969970703125
2393.78554837877	832.849975585938
2396.01755913128	831.710021972656
2398.24891071673	831.219970703125
2400.47960340558	831.974975585938
2402.70963746814	832.179992675781
2404.93901317456	832.280029296875
2407.16773079485	833.405029296875
2409.39579059887	833.125
2411.62319285633	832.844970703125
2413.84993783681	832.140014648438
2416.07602580971	830.505004882813
2418.30145704432	830.585021972656
2420.52623180977	831.830017089844
2422.75035037503	833.359985351563
2424.97381300893	833.700012207031
2427.19661998017	833.679992675781
2429.41877155729	832.72998046875
2431.64026800867	833.364990234375
2433.86110960257	832.875
2436.08129660709	832.385009765625
2438.30082929019	832.640014648438
2440.51970791967	832.89501953125
2442.73793276321	833.054992675781
2444.95550408832	833.650024414063
2447.17242216237	833.849975585938
2449.38868725259	833.320007324219
2451.60429962607	832.609985351563
2453.81925954975	832.465026855469
2456.03356729041	831.60498046875
2458.2472231147	832.460021972656
2460.46022728913	832.159973144531
2462.67258008005	833.275024414063
2464.88428175368	833.554992675781
2467.09533257608	833.539978027344
2469.30573281318	833.97998046875
2471.51548273076	833.065002441406
2473.72458259445	831.869995117188
2475.93303266974	832.619995117188
2478.14083322198	833.164978027344
2480.34798451637	833.570007324219
2482.55448681797	833.822509765625
2484.76034039169	834.075012207031
2486.96554550231	833.664978027344
2489.17010241445	832.869995117188
2491.37401139259	833.789978027344
2493.57727270109	834.159973144531
2495.77988660412	833.799987792969
2497.98185336574	833.700012207031
2500.18317324987	833.599975585938
2502.38384652028	833.5
2504.58387344058	832.994995117188
2506.78325427425	833.099975585938
2508.98198928465	833.75
2511.18007873495	833.690002441406
2513.37752288821	833.630004882813
2515.57432200735	834.059997558594
2517.77047635514	834.594970703125
2519.96598619419	835.075012207031
2522.16085178699	834.52001953125
2524.35507339589	835.142517089844
2526.54865128308	835.765014648438
2528.74158571062	835.015014648438
2530.93387694042	834.130004882813
2533.12552523427	833.140014648438
2535.31653085379	834.239990234375
2537.50689406046	835.255004882813
2539.69661511566	835.695007324219
2541.88569428057	835.359985351563
2544.07413181627	835.969970703125
2546.26192798368	835.554992675781
2548.44908304359	835.094970703125
2550.63559725664	834.789978027344
2552.82147088333	835.544982910156
2555.00670418402	836.320007324219
2557.19129741894	836.317504882813
2559.37525084817	836.315002441406
2561.55856473164	836.835021972656
2563.74123932917	836.35498046875
2565.92327490039	835.875
2568.10467170484	836.515014648438
2570.28543000189	838.10498046875
2572.46555005079	837.385009765625
2574.64503211063	837.994995117188
2576.82387644036	838.402465820313
2579.00208329882	838.809997558594
2581.17965294468	838.174987792969
2583.35658563648	838.484985351563
2585.53288163263	838.059997558594
2587.70854119137	836.97998046875
2589.88356457084	835.905029296875
2592.05795202902	836.080017089844
2594.23170382376	837.049987792969
2596.40482021275	837.429992675781
2598.57730145356	837.572509765625
2600.74914780363	837.715026855469
2602.92035952023	837.64501953125
2605.09093686053	837.575012207031
2607.26088008153	837.330017089844
2609.4301894401	839.090026855469
2611.59886519299	840.419982910156
2613.76690759678	840.625
2615.93431690793	840.599975585938
2618.10109338277	841.955017089844
2620.26723727748	842.989990234375
2622.4327488481	842.682495117188
2624.59762835054	842.375
2626.76187604057	842.400024414063
2628.92549217382	844.034973144531
2631.08847700579	843.940002441406
2633.25083079182	844.005004882813
2635.41255378715	845.385009765625
2637.57364624684	845.809997558594
2639.73410842586	845.065002441406
2641.893940579	843.655029296875
2644.05314296094	845.75
2646.21171582621	846.304992675781
2648.36965942921	844.710021972656
2650.5269740242	845.950012207031
2652.6836598653	846.429992675781
2654.83971720651	846.909973144531
2656.99514630167	846.809997558594
2659.1499474045	845.775024414063
2661.30412076857	845.640014648438
2663.45766664734	846.424987792969
2665.61058529411	847.025024414063
2667.76287696204	847.460021972656
2669.91454190418	848.635009765625
2672.06558037342	849.484985351563
2674.21599262253	849.684997558594
2676.36577890413	849.924987792969
2678.51493947072	849.880004882813
2680.66347457466	849.835021972656
2682.81138446816	850.10498046875
2684.95866940332	851.77001953125
2687.10532963209	852.565002441406
2689.25136540628	851.885009765625
2691.39677697757	851.760009765625
2693.54156459752	850.940002441406
2695.68572851753	851.380004882813
2697.82926898888	853.099975585938
2699.97218626272	853.375
2702.11448059006	852.60498046875
2704.25615222175	855.599975585938
2706.39720140856	856.27001953125
2708.53762840109	858.070007324219
2710.67743344979	859.130004882813
2712.81661680503	859.984985351563
2714.95517871698	859.679992675781
2717.09311943574	863.090026855469
2719.23043921123	864.594970703125
2721.36713829325	866.554992675781
2723.50321693148	867.655029296875
2725.63867537545	869.909973144531
2727.77351387456	872.22998046875
2729.90773267809	873.494995117188
2732.04133203516	873.219970703125
2734.17431219478	872.049987792969
2736.30667340581	870.684997558594
2738.438415917	869.724975585938
2740.56953997695	869.02001953125
2742.70004583414	869.955017089844
2744.82993373688	869.557495117188
2746.9592039334	869.159973144531
2749.08785667177	868.349975585938
2751.21589219993	868.130004882813
2753.34331076568	867.965026855469
2755.4701126167	867.025024414063
2757.59629800054	866.289978027344
2759.7218671646	865.994995117188
2761.84682035617	865.289978027344
2763.9711578224	864.455017089844
2766.0948798103	863.744995117188
2768.21798656676	862.734985351563
2770.34047833852	863.97998046875
2772.46235537222	864.190002441406
2774.58361791434	863.655029296875
2776.70426621124	863.400024414063
2778.82430050915	864.080017089844
2780.94372105416	863.775024414063
2783.06252809224	863.77001953125
2785.18072186922	862.195007324219
2787.29830263081	862.034973144531
2789.41527062257	860.744995117188
2791.53162608996	860.174987792969
2793.64736927828	860.72998046875
2795.76250043271	861
2797.8770197983	861.530029296875
2799.99092761997	861.25
2802.10422414252	861.414978027344
2804.21690961059	862.804992675781
2806.32898426873	863.739990234375
2808.44044836132	863.869995117188
2810.55130213264	866.804992675781
2812.66154582682	868.780029296875
2814.77117968788	869.594970703125
2816.8802039597	870.5
2818.98861888601	873.109985351563
2821.09642471046	876.375
2823.20362167653	879.914978027344
2825.31021002756	883.630004882813
2827.41619000682	886.780029296875
2829.52156185738	890.655029296875
2831.62632582224	894.349975585938
2833.73048214422	897.690002441406
2835.83403106606	902.565002441406
2837.93697283033	907.809997558594
2840.03930767951	911.179992675781
2842.1410358559	919.765014648438
2844.24215760173	931.825012207031
2846.34267315905	946.960021972656
2848.44258276982	959.409973144531
2850.54188667585	973.465026855469
2852.64058511883	991.830017089844
2854.73867834032	1014.90997314453
2856.83616658175	1032.77001953125
2858.93305008443	1050.875
2861.02932908952	1068.22998046875
2863.12500383809	1087.85998535156
2865.22007457104	1114.01000976563
2867.31454152918	1143.5
2869.40840495316	1170.8349609375
2871.50166508353	1203.90002441406
2873.59432216069	1238.68505859375
2875.68637642493	1266.90002441406
2877.77782811641	1282.24499511719
2879.86867747515	1297.14501953125
2881.95892474105	1310.625
2884.0485701539	1314.09497070313
2886.13761395333	1318.13500976563
2888.22605637886	1323.0400390625
2890.3138976699	1318.92004394531
2892.40113806571	1329.03503417969
2894.48777780544	1343.68505859375
2896.57381712808	1357.64501953125
2898.65925627254	1374.9150390625
2900.74409547758	1389.98498535156
2902.82833498183	1390.93005371094
2904.9119750238	1399.5400390625
2906.99501584188	1418.93994140625
2909.07745767432	1437.21496582031
2911.15930075925	1458.21997070313
2913.24054533469	1488.98999023438
2915.3211916385	1515.76501464844
2917.40123990846	1535.32995605469
2919.48069038217	1577.94494628906
2921.55954329716	1607.23498535156
2923.63779889079	1629.18994140625
2925.71545740033	1659.38000488281
2927.79251906289	1687.32995605469
2929.86898411548	1703.67504882813
2931.94485279498	1713.74499511719
2934.02012533815	1725.95495605469
2936.0948019816	1750.64501953125
2938.16888296184	1741.87255859375
2940.24236851525	1733.09997558594
2942.31525887809	1728.69494628906
2944.38755428648	1715.47497558594
2946.45925497643	1693.56005859375
2948.53036118382	1652.69494628906
2950.6008731444	1611.82995605469
2952.67079109381	1570.19494628906
2954.74011526755	1534.81994628906
2956.80884590101	1500.91003417969
2958.87698322944	1483.38000488281
2960.94452748799	1484.50500488281
2963.01147891167	1467.57495117188
2965.07783773535	1442.89001464844
2967.14360419382	1421.28503417969
2969.2087785217	1402.11999511719
2971.27336095352	1389.5
2973.33735172366	1374.36999511719
2975.40075106641	1360.53002929688
2977.46355921591	1339.21496582031
2979.52577640618	1316.69995117188
2981.58740287112	1305.39001464844
2983.64843884452	1294.98999023438
2985.70888456003	1278.40502929688
2987.76874025117	1260.39501953125
2989.82800615137	1234.18505859375
2991.88668249391	1212.89001464844
2993.94476951194	1194.32495117188
2996.00226743852	1173.375
2998.05917650657	1150.5400390625
3000.11549694887	1127.08996582031
3002.17122899812	1110.76501464844
3004.22637288685	1092.34497070313
3006.2809288475	1074.9150390625
3008.33489711238	1054.55505371094
3010.38827791368	1034.94995117188
3012.44107148345	1025.30505371094
3014.49327805366	1013.05999755859
3016.5448978561	1000.55499267578
3018.59593112249	988.140014648438
3020.64637808441	980.015014648438
3022.6962389733	970.650024414063
3024.74551402051	964.174987792969
3026.79420345725	960.10498046875
3028.84230751461	952.594970703125
3030.88982642357	949.049987792969
3032.93676041497	943.955017089844
3034.98310971955	943.405029296875
3037.02887456791	945.265014648438
3039.07405519054	948.369995117188
3041.11865181781	949.195007324219
3043.16266467996	951.825012207031
3045.20609400713	954.275024414063
3047.24894002932	956.340026855469
3049.2912029764	958.544982910156
3051.33288307815	959.330017089844
3053.37398056421	963.554992675781
3055.41449566411	968.890014648438
3057.45442860725	976.299987792969
3059.49377962291	985.075012207031
3061.53254894026	995.52001953125
3063.57073678834	1000.40002441406
3065.60834339607	1002.35498046875
3067.64536899227	1001.35998535156
3069.68181380561	998.945007324219
3071.71767806467	990.25
3073.75296199788	980.710021972656
3075.78766583357	970.059997558594
3077.82178979997	959.244995117188
3079.85533412513	951.570007324219
3081.88829903705	944.804992675781
3083.92068476356	937.405029296875
3085.95249153241	928.674987792969
3087.98371957119	923.315002441406
3090.01436910741	917.655029296875
3092.04444036844	913.929992675781
3094.07393358152	911.309997558594
3096.10284897381	907.844970703125
3098.13118677232	906.690002441406
3100.15894720395	905.570007324219
3102.18613049548	903.580017089844
3104.21273687357	902.609985351563
3106.23876656477	900.265014648438
3108.2642197955	902.030029296875
3110.28909679208	901.357543945313
3112.31339778069	900.684997558594
3114.33712298741	899.929992675781
3116.36027263819	900.362487792969
3118.38284695887	900.794982910156
3120.40484617516	902.419982910156
3122.42627051268	901.940002441406
3124.4471201969	902.659973144531
3126.46739545319	904.570007324219
3128.4870965068	905.940002441406
3130.50622358287	904.75
3132.5247769064	905.239990234375
3134.54275670229	906.375
3136.56016319534	908.219970703125
3138.57699661019	907.325012207031
3140.59325717139	907.472534179688
3142.60894510338	907.619995117188
3144.62406063047	906.719970703125
3146.63860397686	906.215026855469
3148.65257536662	906.830017089844
3150.66597502371	909.054992675781
3152.67880317199	908.534973144531
3154.69106003518	909.265014648438
3156.70274583691	911.010009765625
3158.71386080065	911.799987792969
3160.72440514981	913.969970703125
3162.73437910763	915.864990234375
3164.74378289728	917.510009765625
3166.75261674179	918.52001953125
3168.76088086407	920.775024414063
3170.76857548692	922.429992675781
3172.77570083303	926.969970703125
3174.78225712498	927.150024414063
3176.78824458521	924.114990234375
3178.79366343607	925.969970703125
3180.79851389977	926.179992675781
3182.80279619844	929.35498046875
3184.80651055405	931.484985351563
3186.80965718849	933.059997558594
3188.81223632353	936.234985351563
3190.81424818081	939.265014648438
3192.81569298186	939.715026855469
3194.8165709481	940.164978027344
3196.81688230084	941.125
3198.81662726126	943.164978027344
3200.81580605044	947.034973144531
3202.81441888933	947.130004882813
3204.81246599879	948.320007324219
3206.80994759954	949.385009765625
3208.80686391219	954.280029296875
3210.80321515726	956.169982910156
3212.79900155512	956.844970703125
3214.79422332605	958.89501953125
3216.78888069021	960.184997558594
3218.78297386765	961.924987792969
3220.77650307828	964.789978027344
3222.76946854195	969.530029296875
3224.76187047834	971.27001953125
3226.75370910705	975.114990234375
3228.74498464755	974.864990234375
3230.73569731921	978.900024414063
3232.72584734127	979.35498046875
3234.71543493287	978.669982910156
3236.70446031304	979.205017089844
3238.69292370068	980.885009765625
3240.68082531459	982.64501953125
3242.66816537345	985.234985351563
3244.65494409583	986.994995117188
3246.6411617002	992.234985351563
3248.62681840488	993.909973144531
3250.61191442812	995.065002441406
3252.59644998804	994.760009765625
3254.58042530263	994.455017089844
3256.56384058979	996.044982910156
3258.54669606731	999.340026855469
3260.52899195285	1003.19500732422
3262.51072846396	1003.78497314453
3264.4919058181	1003.95001220703
3266.47252423259	1008.39501953125
3268.45258392464	1011.64001464844
3270.43208511138	1015.38000488281
3272.41102800978	1017.17498779297
3274.38941283675	1020.96502685547
3276.36723980904	1025.72998046875
3278.34450914332	1027.79504394531
3280.32122105613	1032.84997558594
3282.29737576392	1038.59997558594
3284.272973483	1037.43994140625
3286.24801442958	1040.09997558594
3288.22249881978	1039.93505859375
3290.19642686957	1039.91003417969
3292.16979879485	1039.88500976563
3294.14261481136	1040.94494628906
3296.11487513478	1045.43005371094
3298.08657998065	1044.38000488281
3300.0577295644	1043.32995605469
3302.02832410136	1039.5400390625
3303.99836380673	1039.6025390625
3305.96784889563	1039.6650390625
3307.93677958303	1040.11499023438
3309.90515608383	1037.36499023438
3311.87297861278	1038.30004882813
3313.84024738456	1042.90002441406
3315.80696261371	1042.35498046875
3317.77312451466	1043.56494140625
3319.73873330175	1038.81494140625
3321.70378918919	1033.46496582031
3323.66829239109	1029.61999511719
3325.63224312145	1032.14501953125
3327.59564159416	1034.74499511719
3329.55848802299	1034.42504882813
3331.52078262162	1034.10498046875
3333.4825256036	1033.06005859375
3335.44371718237	1034.44995117188
3337.40435757128	1033.22497558594
3339.36444698356	1031.60998535156
3341.32398563232	1030.21997070313
3343.28297373058	1028.63000488281
3345.24141149124	1027.14501953125
3347.19929912709	1029.0849609375
3349.15663685081	1026.66003417969
3351.11342487497	1024
3353.06966341204	1024.18994140625
3355.02535267437	1024.90502929688
3356.98049287421	1024.93005371094
3358.9350842237	1024.64001464844
3360.88912693486	1024.94995117188
3362.84262121962	1029.33996582031
3364.79556728978	1032.52502441406
3366.74796535705	1030.74499511719
3368.69981563302	1028.51501464844
3370.65111832917	1024.15502929688
3372.60187365689	1021.18499755859
3374.55208182744	1024.40002441406
3376.50174305198	1024.03247070313
3378.45085754157	1023.66497802734
3380.39942550714	1022.95001220703
3382.34744715954	1024.81005859375
3384.29492270949	1023.48999023438
3386.24185236761	1016.36499023438
3388.18823634442	1012.79498291016
3390.13407485031	1013.96502685547
3392.07936809559	1018.21502685547
3394.02411629045	1018.52001953125
3395.96831964496	1015.67498779297
3397.91197836911	1010.75500488281
3399.85509267275	1006.73999023438
3401.79766276564	1004.36999511719
3403.73968885745	1007.09997558594
3405.68117115771	1009
3407.62210987586	1008.52001953125
3409.56250522123	1008.03997802734
3411.50235740305	1008.30499267578
3413.44166663043	1006.27502441406
3415.38043311238	1001.33001708984
3417.3186570578	1002.07501220703
3419.2563386755	1000.93499755859
3421.19347817415	1002.40502929688
3423.13007576235	1003.49499511719
3425.06613164857	1004.58502197266
3427.00164604118	1000.97998046875
3428.93661914844	999.375
3430.87105117852	999.960021972656
3432.80494233945	1000.66003417969
3434.73829283919	1001.35998535156
3436.67110288558	998.034973144531
3438.60337268634	998.405029296875
3440.53510244911	997.934997558594
3442.4662923814	993.614990234375
3444.39694269064	990.650024414063
3446.32705358412	988.215026855469
3448.25662526905	988.184997558594
3450.18565795254	988.924987792969
3452.11415184156	988.658325195313
3454.04210714302	988.391662597656
3455.96952406369	988.125
3457.89640281024	988.224975585938
3459.82274358924	989.385009765625
3461.74854660717	985.940002441406
3463.67381207038	981.195007324219
3465.59854018513	983.309997558594
3467.52273115756	980.789978027344
3469.44638519373	977.22998046875
3471.36950249956	971.974975585938
3473.29208328091	968.174987792969
3475.21412774349	965.275024414063
3477.13563609293	963.919982910156
3479.05660853476	960.655029296875
3480.97704527438	959.280029296875
3482.89694651712	959.057495117188
3484.81631246818	958.835021972656
3486.73514333266	958.22998046875
3488.65343931557	954.054992675781
3490.57120062179	953.429992675781
3492.48842745612	951.539978027344
3494.40512002324	946.164978027344
3496.32127852773	944.284973144531
3498.23690317408	939.960021972656
3500.15199416666	939.344970703125
3502.06655170974	939.010009765625
3503.98057600749	939.090026855469
3505.89406726396	935.755004882813
3507.80702568312	931.044982910156
3509.71945146883	926.885009765625
3511.63134482483	922.695007324219
3513.54270595478	921.674987792969
3515.45353506222	918.739990234375
3517.3638323506	916.815002441406
3519.27359802324	916.544982910156
3521.1828322834	914.924987792969
3523.09153533419	916.010009765625
3524.99970737866	912.614990234375
3526.90734861972	907.994995117188
3528.81445926021	906.22998046875
3530.72103950283	906.369995117188
3532.62708955022	903.375
3534.53260960488	898.344970703125
3536.43759986923	894.450012207031
3538.34206054558	890
3540.24599183613	888.445007324219
3542.149393943	888.580017089844
3544.05226706817	885.919982910156
3545.95461141357	884.299987792969
3547.85642718097	881.934997558594
3549.75771457208	878.744995117188
3551.6584737885	877.155029296875
3553.55870503171	875.534973144531
3555.4584085031	874.534973144531
3557.35758440396	871.914978027344
3559.25623293548	870.044982910156
3561.15435429874	866.010009765625
3563.05194869473	864.179992675781
3564.94901632432	865.414978027344
3566.84555738829	863.39501953125
3568.74157208732	860.539978027344
3570.63706062199	860.799987792969
3572.53202319277	860.690002441406
3574.42646000003	859.484985351563
3576.32037124406	857.054992675781
3578.213757125	855.364990234375
3580.10661784295	855.294982910156
3581.99895359786	852.609985351563
3583.8907645896	850.539978027344
3585.78205101794	848.530029296875
3587.67281308254	848.705017089844
3589.56305098297	847.515014648438
3591.4527649187	845.635009765625
3593.34195508907	844.094970703125
3595.23062169338	845.054992675781
3597.11876493075	843.159973144531
3599.00638500027	840.309997558594
3600.89348210089	838.5
3602.78005643148	836.280029296875
3604.66610819078	836.835021972656
3606.55163757747	836.125
3608.4366447901	834.325012207031
3610.32113002713	832.429992675781
3612.20509348693	832.364990234375
3614.08853536774	831.284973144531
3615.97145586773	829.234985351563
3617.85385518497	829.309997558594
3619.7357335174	828.465026855469
3621.61709106289	825.960021972656
3623.4979280192	824.455017089844
3625.37824458399	822.869995117188
3627.25804095482	820.984985351563
3629.13731732915	821.575012207031
3631.01607390435	820.450012207031
3632.89431087767	818.809997558594
3634.77202844629	817.484985351563
3636.64922680726	816.330017089844
3638.52590615754	815.179992675781
3640.40206669402	814.955017089844
3642.27770861344	814.650024414063
3644.15283211248	813.159973144531
3646.02743738771	812.525024414063
3647.90152463559	810.614990234375
3649.77509405251	810.114990234375
3651.64814583473	810.02001953125
3653.52068017842	807.929992675781
3655.39269727965	806.065002441406
3657.26419733442	805.090026855469
3659.13518053858	804.945007324219
3661.00564708793	804.27001953125
3662.87559717814	803.715026855469
3664.7450310048	802.119995117188
3666.61394876338	800.960021972656
3668.48235064928	800.809997558594
3670.35023685779	800.820007324219
3672.21760758409	799.760009765625
3674.08446302327	798.929992675781
3675.95080337033	798.575012207031
3677.81662882017	797.450012207031
3679.68193956758	795.955017089844
3681.54673580727	795.244995117188
3683.41101773383	793.755004882813
3685.27478554178	793.75
3687.13803942551	793.215026855469
3689.00077957934	791.719970703125
3690.86300619748	790.659973144531
3692.72471947405	790.875
3694.58591960306	790.445007324219
3696.44660677844	788.965026855469
3698.306781194	789.119995117188
3700.16644304348	788.005004882813
3702.02559252049	789.034973144531
3703.88422981859	788.505004882813
3705.74235513119	787.409973144531
3707.59996865164	786.690002441406
3709.45707057318	786.244995117188
3711.31366108895	785.695007324219
3713.16974039199	785.015014648438
3715.02530867527	785.200012207031
3716.88036613164	783.89501953125
3718.73491295385	783.27001953125
3720.58894933456	782.789978027344
3722.44247546634	782.780029296875
3724.29549154166	782.565002441406
3726.14799775289	781.679992675781
3727.9999942923	781.700012207031
3729.85148135209	781.080017089844
3731.70245912432	779.674987792969
3733.55292780098	780.289978027344
3735.40288757397	780.510009765625
3737.25233863509	779.64501953125
3739.10128117603	780.085021972656
3740.9497153884	780.015014648438
3742.7976414637	779.679992675781
3744.64505959335	778.739990234375
3746.49196996866	779.299987792969
3748.33837278086	779.219970703125
3750.18426822108	778.400024414063
3752.02965648033	778.049987792969
3753.87453774956	778.090026855469
3755.7189122196	778.099975585938
3757.5627800812	778.554992675781
3759.40614152501	778.900024414063
3761.24899674159	778.945007324219
3763.09134592138	778.554992675781
3764.93318925476	777.505004882813
3766.77452693199	777.77001953125
3768.61535914325	778.210021972656
3770.45568607861	778.515014648438
3772.29550792807	778.820007324219
3774.1348248815	777.219970703125
3775.9736371287	777.174987792969
3777.81194485938	776.969970703125
