32.6816976106991	718.890014648438
35.6535599501435	719.010009765625
38.6244374909659	718.635009765625
41.5943306947054	718.652465820313
44.5632400226282	718.669982910156
47.5311659356917	718.734985351563
50.4981088945929	718.580017089844
53.4640693597127	718.565002441406
56.4290477911676	718.530029296875
59.3930446487746	718.585021972656
62.356060392067	718.515014648438
65.3180954802906	718.510009765625
68.2791503724084	718.505004882813
71.2392255270922	718.505004882813
74.1983214027271	718.469970703125
77.1564384574159	718.515014648438
80.113577148983	718.505004882813
83.0697379349549	718.494995117188
86.0249212725722	718.484985351563
88.9791276188058	718.565002441406
91.9323574303255	718.739990234375
94.8846111635238	718.630004882813
97.8358892745121	718.710021972656
100.786192219114	718.739990234375
103.73552045287	718.825012207031
106.683874431037	718.85498046875
109.631254608583	718.780029296875
112.577661440203	718.705017089844
115.523095380307	719.034973144531
118.467556883015	719.440002441406
121.411046402175	719.859985351563
124.353564391344	720.755004882813
127.295111303796	722.385009765625
130.235687592532	725.075012207031
133.175293710265	729.900024414063
136.113930109434	738.775024414063
139.051597242185	753.080017089844
141.98829556039	773.424987792969
144.92402551564	799.765014648438
147.858787559244	830.85498046875
150.792582142239	864.710021972656
153.725409715372	896.734985351563
156.65727072911	925.869995117188
159.588165633643	949.969970703125
162.518094878884	965.955017089844
165.447058914469	979.284973144531
168.375058189747	984.184997558594
171.302093153792	989.455017089844
174.228164255401	990.289978027344
177.153271943091	989.315002441406
180.077416665101	990.174987792969
183.000598869394	991.429992675781
185.922819003656	993.164978027344
188.84407751529	996.914978027344
191.764374851424	999.919982910156
194.683711458919	1001.99499511719
197.60208778434	1005.29998779297
200.519504273992	1015.08001708984
203.435961373894	1024.89001464844
206.351459529801	1032.66003417969
209.265999187174	1041.59497070313
212.179580791207	1056.49499511719
215.092204786825	1073.36499023438
218.003871618673	1088.76000976563
220.914581731116	1106.40002441406
223.824335568247	1119.68005371094
226.733133573893	1129.64001464844
229.640976191593	1143.30505371094
232.547863864614	1158.06494140625
235.453797035961	1168.38500976563
238.358776148354	1169.68505859375
241.26280164424	1174.11999511719
244.1658739658	1175.79504394531
247.067993554929	1177.93505859375
249.969160853266	1176.18994140625
252.869376302162	1172.94995117188
255.768640342707	1168.98999023438
258.666953415705	1164.10498046875
261.564315961705	1161.79504394531
264.46072842097	1165.76000976563
267.356191233499	1162.52001953125
270.25070483901	1155.77001953125
273.144269676967	1156.11999511719
276.036886186551	1154.99499511719
278.928554806671	1152.6650390625
281.819275975966	1152.7099609375
284.709050132812	1148.94995117188
287.597877715306	1150.05004882813
290.485759161281	1148.56994628906
293.372694908298	1149.43505859375
296.258685393644	1148.14001464844
299.143731054352	1146.85998535156
302.027832327156	1146.49499511719
304.910989648557	1146.02502441406
307.79320345476	1143.98498535156
310.674474181717	1144.89501953125
313.554802265101	1142.26000976563
316.434188140326	1143.73999023438
319.312632242533	1142.669921875
322.190135006593	1141.59997558594
325.066696867117	1141.75500488281
327.942318258443	1138.15502929688
330.816999614641	1137.01000976563
333.690741369517	1136.375
336.56354395661	1135.92504882813
339.435407809193	1134.38000488281
342.306333360273	1132.84997558594
345.176321042591	1131.92504882813
348.045371288612	1128.07995605469
350.913484530551	1127
353.78066120035	1125.94995117188
356.64690172969	1123.45495605469
359.512206549972	1126.43994140625
362.376576092357	1125.05505371094
365.240010787716	1122.67504882813
368.102511066677	1121.2099609375
370.964077359587	1118.70495605469
373.82471009654	1122.5
376.684409707364	1121.5400390625
379.543176621612	1118.0849609375
382.401011268595	1114.67504882813
385.257914077343	1116.76501464844
388.113885476627	1121.02001953125
390.968925894961	1119.80004882813
393.823035760591	1122.51501464844
396.676215501503	1124.18005371094
399.528465545415	1131.07995605469
402.379786319791	1134.34997558594
405.230178251834	1136.46496582031
408.079641768472	1142.73999023438
410.928177296387	1144.26000976563
413.775785261992	1146.36999511719
416.622466091445	1149.84497070313
419.468220210631	1152
422.313048045182	1156.02001953125
425.156950020479	1160.46997070313
427.999926561623	1158.19494628906
430.841978093471	1158.73999023438
433.683105040613	1155.73999023438
436.523307827384	1154.3349609375
439.362586877851	1154.11999511719
442.200942615829	1150.9599609375
445.038375464876	1149.64501953125
447.874885848283	1148.91003417969
450.710474189089	1148.2099609375
453.54514091007	1146.59497070313
456.37888643375	1144.38000488281
459.211711182386	1144.517578125
462.043615577986	1144.65502929688
464.874600042297	1144.15502929688
467.704664996804	1142.71496582031
470.533810862741	1138.78002929688
473.36203806108	1138.34997558594
476.189347012547	1139.10498046875
479.015738137594	1136.85498046875
481.841211856432	1136.50500488281
484.665768589008	1134.625
487.489408755009	1139.33996582031
490.312132773878	1148.24499511719
493.133941064796	1148.13500976563
495.954834046683	1147.83251953125
498.77481213821	1147.53002929688
501.593875757797	1151.08996582031
504.412025323601	1152.94995117188
507.229261253524	1151.6474609375
510.045583965226	1150.34497070313
512.860993876093	1149.69494628906
515.675491403271	1149.92504882813
518.489076963649	1150.15502929688
521.301750973863	1149.93505859375
524.113513850293	1143.25
526.924366009065	1133.80004882813
529.734307866052	1133.9150390625
532.543339836881	1131.57995605469
535.35146233692	1129.11499023438
538.158675781281	1126.43505859375
540.964980584833	1124.48999023438
543.770377162182	1120.03002929688
546.574865927692	1119.08996582031
549.378447295465	1120.21496582031
552.181121679365	1117.56994628906
554.982889492993	1110.125
557.783751149701	1108.4599609375
560.583707062591	1107.0400390625
563.38275764452	1108.93005371094
566.180903308083	1108.70495605469
568.978144465633	1109.01000976563
571.774481529266	1111.63500976563
574.569914910839	1109.02001953125
577.364445021949	1104.73999023438
580.158072273946	1102.60998535156
582.950797077926	1103.55004882813
585.742619844752	1101.25500488281
588.533540985018	1099.39001464844
591.323560909078	1096.72998046875
594.112680027034	1093.84997558594
596.90089874875	1093
599.688217483828	1094.5
602.474636641629	1091.375
605.260156631263	1091.28002929688
608.044777861596	1090.27001953125
610.828500741241	1088.6650390625
613.611325678567	1090.0849609375
616.393253081697	1095.56494140625
619.174283358506	1093.25
621.954416916616	1093.47497558594
624.733654163414	1096.85498046875
627.511995506029	1097.0849609375
630.289441351351	1095.98999023438
633.065992106022	1095.27001953125
635.841648176434	1092.13500976563
638.616409968744	1088.60498046875
641.390277888847	1090.78002929688
644.163252342408	1093.375
646.93533373484	1095.84997558594
649.706522471307	1098.52001953125
652.47681895674	1099.06005859375
655.246223595811	1098.5
658.014736792957	1100.3125
660.782358952371	1102.125
663.549090477999	1098.34997558594
666.314931773542	1098.45751953125
669.079883242452	1098.56494140625
671.843945287955	1098.55004882813
674.607118313019	1098.06494140625
677.369402720366	1106.06994628906
680.130798912488	1115.43505859375
682.891307291627	1114.05505371094
685.650928259784	1116.19995117188
688.409662218708	1118.39501953125
691.167509569927	1117.88745117188
693.924470714705	1117.38000488281
696.680546054078	1117.76501464844
699.435735988832	1112.96997070313
702.190040919516	1106.01501464844
704.943461246442	1105.86499023438
707.695997369667	1105.97998046875
710.447649689022	1103.5849609375
713.198418604088	1102.78503417969
715.948304514206	1099.99499511719
718.697307818481	1098.48498535156
721.445428915779	1101.56494140625
724.192668204716	1102.95495605469
726.93902608368	1101.6025390625
729.684502950805	1100.25
732.429099204005	1099.28002929688
735.172815240936	1103.68505859375
737.915651459026	1103.43505859375
740.657608255463	1103.54760742188
743.398686027186	1103.66003417969
746.13888517091	1105.77001953125
748.878206083102	1106.375
751.616649159998	1108.48498535156
754.354214797584	1107.38500976563
757.09090339162	1111.18505859375
759.826715337622	1113.38000488281
762.561651030868	1111.93994140625
765.295710866406	1110.05004882813
768.028895239041	1106.69494628906
770.761204543336	1103.56005859375
773.492639173626	1098.64001464844
776.223199524006	1094.05004882813
778.952885988334	1092.46496582031
781.681698960235	1092.40502929688
784.40963883309	1090.97998046875
787.136706000052	1089.42004394531
789.862900854037	1089.44995117188
792.588223787721	1090.25
795.312675193549	1091.68005371094
798.036255463728	1092.61499023438
800.758964990228	1091.68505859375
803.480804164792	1089.47497558594
806.201773378919	1090.42004394531
808.921873023884	1093.90002441406
811.641103490712	1098.44995117188
814.359465170214	1102.59497070313
817.076958452946	1104.79504394531
819.793583729246	1109.86999511719
822.509341389214	1116.09497070313
825.224231822712	1121.40502929688
827.938255419375	1130.80004882813
830.651412568596	1137.32495117188
833.363703659544	1139.08996582031
836.075129081157	1144.125
838.785689222127	1148.94995117188
841.495384470928	1149.31994628906
844.204215215788	1151.79504394531
846.912181844721	1158.01501464844
849.619284745491	1162.48999023438
852.325524305638	1164.84997558594
855.030900912475	1169.2900390625
857.735414953079	1171.59997558594
860.439066814289	1170.8349609375
863.141856882725	1169.36499023438
865.843785544769	1166.17504882813
868.544853186571	1158.28503417969
871.245060194063	1153.25
873.944406952925	1152.02001953125
876.642893848625	1151.15002441406
879.340521266398	1151.33996582031
882.037289591241	1154.27001953125
884.733199207927	1158.72998046875
887.428250501001	1158.90502929688
890.122443854778	1157.69995117188
892.815779653335	1154.81994628906
895.508258280534	1158.01501464844
898.199880119997	1165.95495605469
900.890645555129	1168.65502929688
903.580554969094	1171.03002929688
906.269608744832	1170.22998046875
908.957807265056	1168.85498046875
911.645150912257	1171.39001464844
914.331640068689	1167.26501464844
917.017275116375	1165.54504394531
919.702056437128	1164.13500976563
922.385984412518	1165.65002441406
925.069059423886	1166.5
927.751281852366	1170.80505371094
930.432652078842	1176.94494628906
933.113170483983	1183.40002441406
935.79283744823	1189.31494140625
938.471653351806	1197
941.149618574686	1194.89001464844
943.826733496641	1197.40002441406
946.502998497206	1205.27502441406
949.178413955689	1203.72497558594
951.85298025118	1206.84497070313
954.526697762544	1206.03002929688
957.199566868403	1203.19995117188
959.87158794718	1206.98498535156
962.542761377054	1207.5400390625
965.213087535987	1205.8349609375
967.882566801719	1195.76000976563
970.551199551761	1193.54504394531
973.218986163399	1194.89001464844
975.885927013698	1191.01000976563
978.552022479501	1185.31994628906
981.217272937423	1179.51501464844
983.88167876386	1179.72497558594
986.545240334978	1181.125
989.207958026729	1184.74499511719
991.869832214835	1195.21496582031
994.530863274798	1202.7099609375
997.191051581895	1214.5849609375
999.850397511185	1239.9599609375
1002.50890143751	1273.85998535156
1005.16656373546	1306.45495605469
1007.82338477944	1326.90502929688
1010.47936494363	1333.72497558594
1013.13450460195	1324.73498535156
1015.78880412815	1301.15502929688
1018.44226389572	1264.64001464844
1021.09488427794	1232.76000976563
1023.74666564789	1216.47497558594
1026.3976083784	1206.29504394531
1029.04771284208	1199.42004394531
1031.69697941135	1200.40502929688
1034.34540845838	1206.93994140625
1036.99300035512	1215.75
1039.63975547333	1223.36499023438
1042.28567418452	1234.23498535156
1044.93075685998	1247.46496582031
1047.57500387081	1260.86499023438
1050.21841558786	1274.68994140625
1052.86099238177	1286.09497070313
1055.50273462297	1285.97497558594
1058.14364268167	1272.40502929688
1060.78371692784	1254.03503417969
1063.42295773126	1239.41003417969
1066.06136546148	1230.35998535156
1068.69894048781	1230.38000488281
1071.33568317939	1231.82495117188
1073.9715939051	1232.80505371094
1076.60667303362	1231.28503417969
1079.24092093341	1231.77502441406
1081.87433797271	1230.63500976563
1084.50692451954	1229.49499511719
1087.13868094172	1232.64001464844
1089.76960760684	1226.91003417969
1092.39970488226	1225.56005859375
1095.02897313516	1221.42504882813
1097.65741273246	1217.31494140625
1100.28502404089	1215.36499023438
1102.91180742697	1209.24499511719
1105.53776325698	1203.59497070313
1108.16289189701	1199.17004394531
1110.78719371291	1194.50500488281
1113.41066907033	1196.03002929688
1116.0333183347	1195.85498046875
1118.65514187124	1195.68005371094
1121.27614004495	1195.76501464844
1123.89631322061	1195.41003417969
1126.51566176279	1193.26501464844
1129.13418603585	1194.69995117188
1131.75188640394	1195.76501464844
1134.36876323098	1195.67004394531
1136.98481688069	1187.3349609375
1139.60004771655	1175.11499023438
1142.21445610187	1164.43005371094
1144.82804239972	1150.40502929688
1147.44080697295	1144.67004394531
1150.05275018421	1144.25500488281
1152.66387239593	1144.74499511719
1155.27417397034	1146.19494628906
1157.88365526943	1150.72998046875
1160.49231665502	1156.99499511719
1163.10015848867	1159.5849609375
1165.70718113176	1158.86999511719
1168.31338494544	1157.46496582031
1170.91877029067	1155.55505371094
1173.52333752817	1154.28002929688
1176.12708701847	1156.51501464844
1178.73001912187	1155.4599609375
1181.33213419848	1154.40502929688
1183.93343260819	1152.625
1186.53391471068	1150.78503417969
1189.13358086539	1148.13000488281
1191.73243143161	1144.44494628906
1194.33046676836	1142.26000976563
1196.92768723449	1140.2900390625
1199.52409318861	1145.03002929688
1202.11968498915	1152.92004394531
1204.7144629943	1157.76000976563
1207.30842756206	1163.39501953125
1209.90157905021	1169.66003417969
1212.49391781634	1176.93994140625
1215.08544421779	1177.18505859375
1217.67615861174	1176.20495605469
1220.26606135512	1174.66003417969
1222.85515280468	1174.35998535156
1225.44343331694	1171.43005371094
1228.03090324823	1172.39501953125
1230.61756295466	1173.67004394531
1233.20341279213	1179.375
1235.78845311634	1187.15502929688
1238.37268428278	1193.81005859375
1240.95610664673	1204.73498535156
1243.53872056325	1215.29504394531
1246.12052638722	1216.56005859375
1248.70152447329	1218.15502929688
1251.28171517591	1218.03002929688
1253.86109884934	1219.77502441406
1256.43967584759	1221.75500488281
1259.0174465245	1226.00500488281
1261.5944112337	1230.16003417969
1264.1705703286	1234.3349609375
1266.74592416241	1239.94494628906
1269.32047308814	1245.41003417969
1271.89421745858	1247.56994628906
1274.46715762633	1251.44494628906
1277.03929394377	1255.72497558594
1279.61062676308	1252.18005371094
1282.18115643624	1245.19995117188
1284.75088331502	1243.03002929688
1287.31980775098	1238.30505371094
1289.88793009548	1237.80505371094
1292.45525069969	1233.5849609375
1295.02176991454	1225.88500976563
1297.58748809078	1218.1650390625
1300.15240557897	1212.69494628906
1302.71652272942	1216.55004882813
1305.27983989229	1224.20495605469
1307.84235741749	1229.58996582031
1310.40407565475	1231.61999511719
1312.9649949536	1231.68994140625
1315.52511566335	1235.4150390625
1318.08443813311	1236.80505371094
1320.64296271181	1237.94494628906
1323.20068974815	1246.7900390625
1325.75761959063	1250.43505859375
1328.31375258756	1249.43505859375
1330.86908908704	1246.93005371094
1333.42362943696	1248.88000488281
1335.97737398503	1247.94494628906
1338.53032307874	1245.15002441406
1341.08247706537	1242.73999023438
1343.63383629202	1247.51000976563
1346.18440110558	1245.56494140625
1348.73417185274	1243.61999511719
1351.28314887997	1240.96997070313
1353.83133253357	1229.14501953125
1356.37872315961	1216.45495605469
1358.92532110398	1205.04504394531
1361.47112671237	1192.50500488281
1364.01614033024	1175.10498046875
1366.56036230288	1171.81005859375
1369.10379297537	1167.09497070313
1371.64643269258	1162.61499023438
1374.18828179921	1156.50500488281
1376.72934063972	1150.74499511719
1379.2696095584	1146.52001953125
1381.80908889932	1142.52502441406
1384.34777900637	1140.99499511719
1386.88568022323	1140.58996582031
1389.42279289337	1141.53503417969
1391.95911736009	1142.29504394531
1394.49465396645	1144.42004394531
1397.02940305537	1147.23498535156
1399.5633649695	1148.43505859375
1402.09654005135	1148.86999511719
1404.6289286432	1152.52001953125
1407.16053108714	1154.02001953125
1409.69134772507	1156.9150390625
1412.22137889868	1157.5400390625
1414.75062494947	1161.18005371094
1417.27908621874	1162.65502929688
1419.80676304759	1164.48999023438
1422.33365577692	1168.09497070313
1424.85976474744	1169.68505859375
1427.38509029967	1170.48498535156
1429.90963277392	1172.73498535156
1432.4333925103	1173.46997070313
1434.95636984873	1179.00500488281
1437.47856512894	1188.02502441406
1439.99997869045	1202.53503417969
1442.5206108726	1212.41003417969
1445.04046201452	1229.98999023438
1447.55953245515	1249.125
1450.07782253323	1269.26000976563
1452.59533258731	1272.46337890625
1455.11206295574	1275.66662597656
1457.62801397668	1278.86999511719
1460.14318598809	1277.96496582031
1462.65757932774	1270.1650390625
1465.1711943332	1258.79504394531
1467.68403134184	1246.63000488281
1470.19609069085	1227.72497558594
1472.70737271721	1211.0849609375
1475.21787775772	1195.67004394531
1477.72760614897	1172.69995117188
1480.23655822738	1152.13500976563
1482.74473432914	1131.06494140625
1485.25213479029	1113
1487.75875994664	1094.77001953125
1490.26461013382	1083.04504394531
1492.76968568726	1073.02001953125
1495.27398694222	1068.0849609375
1497.77751423374	1065.22998046875
1500.28026789667	1064.10498046875
1502.78224826569	1061.71496582031
1505.28345567526	1058.5
1507.78389045967	1058.49499511719
1510.28355295299	1055.92004394531
1512.78244348913	1055.89001464844
1515.28056240178	1055.85998535156
1517.77791002445	1055.76000976563
1520.27448669047	1055.98498535156
1522.77029273296	1056.32495117188
1525.26532848486	1056.6650390625
1527.75959427889	1054.61999511719
1530.25309044764	1054.85998535156
1532.74581732344	1055.09997558594
1535.23777523847	1054.47497558594
1537.72896452471	1055.38745117188
1540.21938551394	1056.30004882813
1542.70903853778	1058.05505371094
1545.19792392761	1062.10498046875
1547.68604201466	1064.88500976563
1550.17339312997	1068.42504882813
1552.65997760434	1071.66003417969
1555.14579576845	1071.25
1557.63084795275	1075.82995605469
1560.11513448749	1080.30505371094
1562.59865570276	1078.705078125
1565.08141192845	1077.10498046875
1567.56340349426	1075.65002441406
1570.04463072969	1073.38500976563
1572.52509396406	1073.35498046875
1575.00479352652	1072.95495605469
1577.48372974599	1074.76000976563
1579.96190295124	1080.17004394531
1582.43931347083	1081.64001464844
1584.91596163314	1085.32995605469
1587.39184776636	1089.09497070313
1589.86697219849	1092.26000976563
1592.34133525734	1095.67504882813
1594.81493727054	1095.92504882813
1597.28777856553	1100.15502929688
1599.75985946955	1104.03002929688
1602.23118030968	1108.38500976563
1604.70174141278	1115.03503417969
1607.17154310555	1125.32995605469
1609.64058571449	1130.43505859375
1612.10886956591	1137.72998046875
1614.57639498595	1139.875
1617.04316230054	1141.69995117188
1619.50917183543	1140.73999023438
1621.97442391621	1136.31494140625
1624.43891886825	1134.23999023438
1626.90265701674	1128.97998046875
1629.36563868671	1126.31494140625
1631.82786420296	1124.23999023438
1634.28933389016	1124.625
1636.75004807274	1123.64001464844
1639.21000707498	1132.82995605469
1641.66921122097	1140.44995117188
1644.12766083459	1144.17504882813
1646.58535623956	1155.21496582031
1649.04229775941	1162.69494628906
1651.4984857175	1173.31994628906
1653.95392043697	1184.98498535156
1656.40860224079	1196.46997070313
1658.86253145177	1205.34997558594
1661.3157083925	1213.19494628906
1663.76813338542	1215.65002441406
1666.21980675275	1216.48498535156
1668.67072881656	1212.89001464844
1671.1208998987	1202.6650390625
1673.57032032089	1194.125
1676.0189904046	1186.66003417969
1678.46691047118	1178.73999023438
1680.91408084174	1170.32495117188
1683.36050183726	1157.27502441406
1685.8061737785	1145.10998535156
1688.25109698605	1124.48999023438
1690.69527178032	1109.56494140625
1693.13869848153	1101.63000488281
1695.58137740972	1090.90002441406
1698.02330888476	1076.88500976563
1700.46449322631	1064.36499023438
1702.90493075388	1055.18994140625
1705.34462178678	1047.89501953125
1707.78356664414	1039.77502441406
1710.22176564492	1032.63500976563
1712.65921910787	1028.02001953125
1715.0959273516	1024.05505371094
1717.53189069449	1019.14501953125
1719.9671094548	1015.08001708984
1722.40158395054	1013.98498535156
1724.8353144996	1012.60998535156
1727.26830141965	1013.08502197266
1729.70054502819	1012.49499511719
1732.13204564255	1013.28497314453
1734.56280357987	1009.94500732422
1736.99281915711	1008.84997558594
1739.42209269106	1008.83831787109
1741.85062449831	1008.82666015625
1744.27841489529	1008.81500244141
1746.70546419823	1007.71997070313
1749.13177272321	1007.26501464844
1751.5573407861	1007.45001220703
1753.98216870262	1006.875
1756.40625678828	1005.66998291016
1758.82960535844	1006.15502929688
1761.25221472825	1006.80499267578
1763.67408521271	1004.06500244141
1766.09521712663	1004.05749511719
1768.51561078464	1004.04998779297
1770.93526650119	1004.28497314453
1773.35418459056	1003.56500244141
1775.77236536684	1003.76000976563
1778.18980914396	1003.85998535156
1780.60651623565	1003.43499755859
1783.02248695548	1004.40997314453
1785.43772161684	1006.38000488281
1787.85222053292	1005.71002197266
1790.26598401677	1001.95001220703
1792.67901238123	1000.84002685547
1795.09130593899	999.924987792969
1797.50286500254	1001.875
1799.9136898842	1001.10498046875
1802.32378089613	999.549987792969
1804.73313835028	997.755004882813
1807.14176255846	1000.07000732422
1809.54965383228	1000.45501708984
1811.95681248317	999.789978027344
1814.36323882242	998.119995117188
1816.76893316109	995.989990234375
1819.17389581011	997.580017089844
1821.57812708021	996.525024414063
1823.98162728196	996.517517089844
1826.38439672573	996.510009765625
1828.78643572174	995.974975585938
1831.18774458003	995.405029296875
1833.58832361045	997.294982910156
1835.98817312269	995.744995117188
1838.38729342625	992.179992675781
1840.78568483048	991.755004882813
1843.18334764454	991.599975585938
1845.58028217741	993.049987792969
1847.9764887379	992.429992675781
1850.37196763465	994.755004882813
1852.76671917613	996.039978027344
1855.16074367062	994.840026855469
1857.55404142624	994.405029296875
1859.94661275094	992.434997558594
1862.33845795247	991.885009765625
1864.72957733844	990.260009765625
1867.11997121627	989.940002441406
1869.5096398932	989.679992675781
1871.89858367631	990.369995117188
1874.28680287251	988.994995117188
1876.67429778851	988.135009765625
1879.06106873089	990.47998046875
1881.44711600601	990.200012207031
1883.8324399201	990.474975585938
1886.21704077919	989.155029296875
1888.60091888915	988.885009765625
1890.98407455567	988.090026855469
1893.36650808428	991.52001953125
1895.74821978033	991.460021972656
1898.12920994899	991.109985351563
1900.50947889527	990.815002441406
1902.88902692401	989.164978027344
1905.26785433986	989.715026855469
1907.64596144734	990.815002441406
1910.02334855075	991.974975585938
1912.40001595424	991.969970703125
1914.7759639618	991.119995117188
1917.15119287724	989.659973144531
1919.52570300419	990.539978027344
1921.89949464611	990.059997558594
1924.27256810632	990.609985351563
1926.64492368793	990.039978027344
1929.0165616939	991.375
1931.38748242701	990.760009765625
1933.75768618989	991.539978027344
1936.12717328497	992.45751953125
1938.49594401455	993.375
1940.86399868071	990.914978027344
1943.23133758541	987.130004882813
1945.5979610304	987.994995117188
1947.96386931729	987.429992675781
1950.32906274751	987.344970703125
1952.69354162232	987.260009765625
1955.0573062428	986.705017089844
1957.42035690989	986.39501953125
1959.78269392434	989.325012207031
1962.14431758673	991.315002441406
1964.50522819748	989.932495117188
1966.86542605684	988.549987792969
1969.22491146488	987.684997558594
1971.58368472153	986.510009765625
1973.94174612654	986.005004882813
1976.29909597945	986.45751953125
1978.65573457971	986.909973144531
1981.01166222654	985.710021972656
1983.36687921902	987.830017089844
1985.72138585606	989.130004882813
1988.07518243639	989.130004882813
1990.42826925859	986.5
1992.78064662106	985.25
1995.13231482205	985.837524414063
1997.48327415961	986.424987792969
1999.83352493167	985.195007324219
2002.18306743594	987.284973144531
2004.53190197002	986.825012207031
2006.8800288313	986.804992675781
2009.22744831703	984.140014648438
2011.57416072427	983.570007324219
2013.92016634993	982.244995117188
2016.26546549076	983.505004882813
2018.61005844332	984.294982910156
2020.95394550404	983.47998046875
2023.29712696915	983.184997558594
2025.63960313474	983.054992675781
2027.98137429672	982.664978027344
2030.32244075083	982.635009765625
2032.66280279266	980.219970703125
2035.00246071763	983.10498046875
2037.34141482099	983.784973144531
2039.67966539784	985.195007324219
2042.01721274309	984.150024414063
2044.35405715151	984.390014648438
2046.69019891769	983.455017089844
2049.02563833606	983.905029296875
2051.3603757009	982.549987792969
2053.6944113063	982.109985351563
2056.0277454462	982.087524414063
2058.36037841439	982.065002441406
2060.69231050446	982.125
2063.02354200988	983.719970703125
2065.35407322392	983.385009765625
2067.68390443971	983.914978027344
2070.01303595021	984.181640625
2072.3414680482	984.448364257813
2074.66920102633	984.715026855469
2076.99623517706	982.859985351563
2079.32257079271	982.39501953125
2081.6482081654	981.809997558594
2083.97314758713	983.794982910156
2086.29738934971	986.10498046875
2088.62093374481	985.755004882813
2090.94378106391	985.489990234375
2093.26593159835	984.755004882813
2095.5873856393	983.989990234375
2097.90814347777	983.114990234375
2100.2282054046	984.409973144531
2102.54757171048	984.815002441406
2104.86624268594	984.765014648438
2107.18421862133	982.880004882813
2109.50149980686	984.570007324219
2111.81808653257	987.950012207031
2114.13397908834	986.625
2116.44917776388	986.35498046875
2118.76368284875	987.164978027344
2121.07749463235	987.974975585938
2123.39061340391	987.130004882813
2125.70303945252	987.252502441406
2128.01477306707	987.375
2130.32581453634	987.934997558594
2132.63616414891	988.885009765625
2134.94582219322	985.984985351563
2137.25478895754	984.585021972656
2139.56306472999	986.880004882813
2141.87064979851	986.280029296875
2144.17754445092	985.484985351563
2146.48374897484	986.679992675781
2148.78926365774	986.890014648438
2151.09408878695	986.234985351563
2153.39822464963	985.544982910156
2155.70167153277	986.02001953125
2158.00442972321	985.612548828125
2160.30649950763	985.205017089844
2162.60788117256	985.505004882813
2164.90857500436	985.359985351563
2167.20858128923	985.304992675781
2169.50790031323	985.059997558594
2171.80653236223	987.075012207031
2174.10447772198	987.094970703125
2176.40173667804	987.114990234375
2178.69830951582	985.190002441406
2180.99419652058	982.674987792969
2183.28939797743	982.39501953125
2185.5839141713	983.684997558594
2187.87774538698	983.592529296875
2190.17089190908	983.5
2192.46335402209	982.784973144531
2194.75513201032	983.862487792969
2197.04622615791	984.940002441406
2199.33663674886	982.869995117188
2201.62636406702	979.919982910156
2203.91540839606	983.515014648438
2206.20377001952	984.619995117188
2208.49144922077	983.059997558594
2210.77844628302	982.265014648438
2213.06476148933	982.554992675781
2215.3503951226	982.630004882813
2217.63534746557	982.755004882813
2219.91961880085	981.664978027344
2222.20320941085	979.169982910156
2224.48611957785	979.090026855469
2226.76834958399	979.795043945313
2229.04989971122	980.5
2231.33077024136	979.804992675781
2233.61096145607	979.539978027344
2235.89047363683	978.900024414063
2238.169307065	978.525024414063
2240.44746202178	977.320007324219
2242.72493878819	978.695007324219
2245.00173764511	982.775024414063
2247.27785887327	982.734985351563
2249.55330275324	981.409973144531
2251.82806956545	980.39501953125
2254.10215959014	978.885009765625
2256.37557310744	980
2258.64831039729	981.554992675781
2260.92037173949	982.489990234375
2263.19175741368	983.1875
2265.46246769938	983.885009765625
2267.7325028759	983.10498046875
2270.00186322243	981.299987792969
2272.270549018	983.719970703125
2274.5385605415	982.909973144531
2276.80589807165	983.539978027344
2279.07256188702	982.609985351563
2281.33855226601	981.835021972656
2283.60386948691	982.484985351563
2285.86851382782	981.715026855469
2288.1324855667	982.08251953125
2290.39578498136	982.450012207031
2292.65841234945	982.130004882813
2294.92036794847	982.960021972656
2297.18165205578	983.955017089844
2299.44226494856	983.294982910156
2301.70220690387	984.445007324219
2303.96147819859	984.039978027344
2306.22007910947	981.484985351563
2308.47800991309	981.234985351563
2310.73527088589	981.054992675781
2312.99186230416	980.705017089844
2315.24778444403	983.025024414063
2317.50303758149	986.130004882813
2319.75762199235	986.125
2322.01153795231	987.22998046875
2324.26478573689	985.724975585938
2326.51736562147	984.525024414063
2328.76927788127	983.60498046875
2331.02052279137	983.25
2333.2711006267	983.789978027344
2335.52101166203	983.859985351563
2337.77025617198	982.625
2340.01883443103	981.719970703125
2342.2667467135	980.155029296875
2344.51399329356	982.265014648438
2346.76057444525	981.150024414063
2349.00649044241	980.034973144531
2351.2517415588	980.284973144531
2353.49632806796	980.585021972656
2355.74025024334	981.135009765625
2357.98350835819	978.799987792969
2360.22610268566	980.955017089844
2362.4680334987	981.232543945313
2364.70930107016	981.510009765625
2366.94990567269	979.789978027344
2369.18984757884	979.775024414063
2371.42912706098	980.119995117188
2373.66774439134	977.635009765625
2375.90569984199	978.255004882813
2378.14299368488	978.195007324219
2380.37962619179	978.135009765625
2382.61559763435	977.840026855469
2384.85090828405	979.650024414063
2387.08555841222	981.219970703125
2389.31954829006	981.690002441406
2391.55287818861	981.690002441406
2393.78554837877	980.10498046875
2396.01755913128	979.849975585938
2398.24891071673	977.080017089844
2400.47960340558	977.034973144531
2402.70963746814	977.14501953125
2404.93901317456	977.255004882813
2407.16773079485	980.64501953125
2409.39579059887	983.494995117188
2411.62319285633	980.544982910156
2413.84993783681	978.875
2416.07602580971	976.469970703125
2418.30145704432	977.034973144531
2420.52623180977	978.205017089844
2422.75035037503	981.674987792969
2424.97381300893	980.825012207031
2427.19661998017	979.869995117188
2429.41877155729	980.669982910156
2431.64026800867	980.414978027344
2433.86110960257	981.065002441406
2436.08129660709	980.460021972656
2438.30082929019	979.75
2440.51970791967	979.135009765625
2442.73793276321	979.159973144531
2444.95550408832	980.789978027344
2447.17242216237	981.075012207031
2449.38868725259	981.099975585938
2451.60429962607	978.960021972656
2453.81925954975	977.059997558594
2456.03356729041	976.369995117188
2458.2472231147	976.655029296875
2460.46022728913	977.619995117188
2462.67258008005	978.044982910156
2464.88428175368	979.909973144531
2467.09533257608	979.5
2469.30573281318	980.780029296875
2471.51548273076	979.625
2473.72458259445	975.760009765625
2475.93303266974	977.130004882813
2478.14083322198	978.934997558594
2480.34798451637	979.164978027344
2482.55448681797	981.119995117188
2484.76034039169	981.159973144531
2486.96554550231	980.684997558594
2489.17010241445	979.650024414063
2491.37401139259	980.085021972656
2493.57727270109	979.39501953125
2495.77988660412	980.169982910156
2497.98185336574	982.405029296875
2500.18317324987	983.205017089844
2502.38384652028	980.97998046875
2504.58387344058	978.650024414063
2506.78325427425	978.85498046875
2508.98198928465	977.224975585938
2511.18007873495	976.534973144531
2513.37752288821	979.260009765625
2515.57432200735	977.969970703125
2517.77047635514	978.375
2519.96598619419	978.234985351563
2522.16085178699	980.424987792969
2524.35507339589	983.580017089844
2526.54865128308	983.025024414063
2528.74158571062	981.150024414063
2530.93387694042	977.260009765625
2533.12552523427	975.599975585938
2535.31653085379	977.174987792969
2537.50689406046	978.585021972656
2539.69661511566	979.505004882813
2541.88569428057	980.385009765625
2544.07413181627	981.585021972656
2546.26192798368	980.994995117188
2548.44908304359	978.294982910156
2550.63559725664	976.005004882813
2552.82147088333	976.219970703125
2555.00670418402	977.080017089844
2557.19129741894	978.482543945313
2559.37525084817	979.885009765625
2561.55856473164	977.494995117188
2563.74123932917	978.924987792969
2565.92327490039	979.609985351563
2568.10467170484	977.864990234375
2570.28543000189	979.275024414063
2572.46555005079	978.609985351563
2574.64503211063	980.484985351563
2576.82387644036	980.669982910156
2579.00208329882	980.099975585938
2581.17965294468	979.294982910156
2583.35658563648	979.109985351563
2585.53288163263	979.184997558594
2587.70854119137	978.205017089844
2589.88356457084	977.330017089844
2592.05795202902	975.969970703125
2594.23170382376	976.960021972656
2596.40482021275	976.284973144531
2598.57730145356	977.549987792969
2600.74914780363	977.460021972656
2602.92035952023	979.434997558594
2605.09093686053	979.049987792969
2607.26088008153	974.914978027344
2609.4301894401	975.674987792969
2611.59886519299	979.135009765625
2613.76690759678	979.484985351563
2615.93431690793	980.080017089844
2618.10109338277	980.945007324219
2620.26723727748	982.195007324219
2622.4327488481	983.414978027344
2624.59762835054	981.664978027344
2626.76187604057	979.489990234375
2628.92549217382	980.739990234375
2631.08847700579	982.429992675781
2633.25083079182	982.359985351563
2635.41255378715	983.419982910156
2637.57364624684	984.47998046875
2639.73410842586	983.789978027344
2641.893940579	982.215026855469
2644.05314296094	982.309997558594
2646.21171582621	983.405029296875
2648.36965942921	984.5
2650.5269740242	983.89501953125
2652.6836598653	986.489990234375
2654.83971720651	986.262451171875
2656.99514630167	986.034973144531
2659.1499474045	984.695007324219
2661.30412076857	984.549987792969
2663.45766664734	983.284973144531
2665.61058529411	985.75
2667.76287696204	985.659973144531
2669.91454190418	987.205017089844
2672.06558037342	988.625
2674.21599262253	989.400024414063
2676.36577890413	989.674987792969
2678.51493947072	989.494995117188
2680.66347457466	987.25
2682.81138446816	988.179992675781
2684.95866940332	990.359985351563
2687.10532963209	989.679992675781
2689.25136540628	989.585021972656
2691.39677697757	989.320007324219
2693.54156459752	987.734985351563
2695.68572851753	986.784973144531
2697.82926898888	988.010009765625
2699.97218626272	988.655029296875
2702.11448059006	986.219970703125
2704.25615222175	988.440002441406
2706.39720140856	992.630004882813
2708.53762840109	991.875
2710.67743344979	993.440002441406
2712.81661680503	995.380004882813
2714.95517871698	996.155029296875
2717.09311943574	995.789978027344
2719.23043921123	999.72998046875
2721.36713829325	999.429992675781
2723.50321693148	1000.32000732422
2725.63867537545	1002.52001953125
2727.77351387456	1005.34002685547
2729.90773267809	1005.2900390625
2732.04133203516	1005.23999023438
2734.17431219478	1003.27502441406
2736.30667340581	1003.39501953125
2738.438415917	1003.47998046875
2740.56953997695	1003.56500244141
2742.70004583414	1003.17498779297
2744.82993373688	1002.63000488281
2746.9592039334	1001.07000732422
2749.08785667177	999.484985351563
2751.21589219993	1000.90502929688
2753.34331076568	1000.22998046875
2755.4701126167	999.554992675781
2757.59629800054	998.289978027344
2759.7218671646	998.455017089844
2761.84682035617	998.780029296875
2763.9711578224	997.465026855469
2766.0948798103	995.739990234375
2768.21798656676	994.85498046875
2770.34047833852	996.169982910156
2772.46235537222	995.585021972656
2774.58361791434	994.655029296875
2776.70426621124	995.859985351563
2778.82430050915	996.875
2780.94372105416	994.890014648438
2783.06252809224	996.150024414063
2785.18072186922	995.349975585938
2787.29830263081	992.650024414063
2789.41527062257	993.114990234375
2791.53162608996	992.39501953125
2793.64736927828	992.10498046875
2795.76250043271	992.41748046875
2797.8770197983	992.72998046875
2799.99092761997	992.619995117188
2802.10422414252	993.445007324219
2804.21690961059	993.380004882813
2806.32898426873	996.440002441406
2808.44044836132	995.590026855469
2810.55130213264	997.784973144531
2812.66154582682	999.14501953125
2814.77117968788	1001.47998046875
2816.8802039597	1003.45501708984
2818.98861888601	1007.05499267578
2821.09642471046	1008.63500976563
2823.20362167653	1010.21997070313
2825.31021002756	1014.73498535156
2827.41619000682	1015.74499511719
2829.52156185738	1018.83001708984
2831.62632582224	1022.67498779297
2833.73048214422	1026.20495605469
2835.83403106606	1031.18505859375
2837.93697283033	1032.93505859375
2840.03930767951	1035.42504882813
2842.1410358559	1041.56494140625
2844.24215760173	1049.23498535156
2846.34267315905	1059.22998046875
2848.44258276982	1073.06005859375
2850.54188667585	1083.66003417969
2852.64058511883	1098.83996582031
2854.73867834032	1115.03503417969
2856.83616658175	1129.33996582031
2858.93305008443	1147.59997558594
2861.02932908952	1163.15502929688
2863.12500383809	1178.43994140625
2865.22007457104	1198.80505371094
2867.31454152918	1224.65002441406
2869.40840495316	1248.84997558594
2871.50166508353	1279.08996582031
2873.59432216069	1312
2875.68637642493	1334.88500976563
2877.77782811641	1351.01000976563
2879.86867747515	1364.98999023438
2881.95892474105	1378.13500976563
2884.0485701539	1380.78002929688
2886.13761395333	1375.0849609375
2888.22605637886	1381.94995117188
2890.3138976699	1380.24499511719
2892.40113806571	1390.36999511719
2894.48777780544	1401.42504882813
2896.57381712808	1410.95495605469
2898.65925627254	1428.01501464844
2900.74409547758	1449.59997558594
2902.82833498183	1451.81494140625
2904.9119750238	1451.20495605469
2906.99501584188	1463.42504882813
2909.07745767432	1483.56994628906
2911.15930075925	1499.74499511719
2913.24054533469	1527.06994628906
2915.3211916385	1550.18505859375
2917.40123990846	1575.0849609375
2919.48069038217	1602.82495117188
2921.55954329716	1631.98498535156
2923.63779889079	1657.22998046875
2925.71545740033	1685.88000488281
2927.79251906289	1701.65002441406
2929.86898411548	1724.52001953125
2931.94485279498	1729.64001464844
2934.02012533815	1734.81494140625
2936.0948019816	1753.33996582031
2938.16888296184	1747.85998535156
2940.24236851525	1742.38000488281
2942.31525887809	1735.09997558594
2944.38755428648	1721.82495117188
2946.45925497643	1707.18505859375
2948.53036118382	1676.10498046875
2950.6008731444	1642.56005859375
2952.67079109381	1614.25500488281
2954.74011526755	1583.93994140625
2956.80884590101	1552.59997558594
2958.87698322944	1542.98498535156
2960.94452748799	1536.90502929688
2963.01147891167	1517.63000488281
2965.07783773535	1493.93005371094
2967.14360419382	1471.14501953125
2969.2087785217	1459.31494140625
2971.27336095352	1458.48498535156
2973.33735172366	1441.97998046875
2975.40075106641	1422.01501464844
2977.46355921591	1404.23999023438
2979.52577640618	1388.625
2981.58740287112	1376.69494628906
2983.64843884452	1369.15002441406
2985.70888456003	1355.69494628906
2987.76874025117	1344.31994628906
2989.82800615137	1326.16003417969
2991.88668249391	1302.75500488281
2993.94476951194	1282.31994628906
2996.00226743852	1263.61999511719
2998.05917650657	1243.31494140625
3000.11549694887	1225.13500976563
3002.17122899812	1213.75500488281
3004.22637288685	1201.42004394531
3006.2809288475	1184.53002929688
3008.33489711238	1166.19494628906
3010.38827791368	1149.14001464844
3012.44107148345	1140.13500976563
3014.49327805366	1130.5849609375
3016.5448978561	1118.07495117188
3018.59593112249	1105.68005371094
3020.64637808441	1100.19995117188
3022.6962389733	1091.43005371094
3024.74551402051	1084.90502929688
3026.79420345725	1082.59997558594
3028.84230751461	1075.96997070313
3030.88982642357	1072.4150390625
3032.93676041497	1069.51000976563
3034.98310971955	1067.69494628906
3037.02887456791	1069.31994628906
3039.07405519054	1072.48999023438
3041.11865181781	1073.91003417969
3043.16266467996	1075.89001464844
3045.20609400713	1076.75
3047.24894002932	1077.45495605469
3049.2912029764	1080.05505371094
3051.33288307815	1081.28503417969
3053.37398056421	1084.43994140625
3055.41449566411	1090.05505371094
3057.45442860725	1098.54504394531
3059.49377962291	1107.13500976563
3061.53254894026	1114.125
3063.57073678834	1115.57495117188
3065.60834339607	1115.93505859375
3067.64536899227	1115.67004394531
3069.68181380561	1115.43994140625
3071.71767806467	1109.375
3073.75296199788	1104.92504882813
3075.78766583357	1094.1650390625
3077.82178979997	1084.40002441406
3079.85533412513	1078.31005859375
3081.88829903705	1071.15002441406
3083.92068476356	1065.24499511719
3085.95249153241	1060.02502441406
3087.98371957119	1055.34997558594
3090.01436910741	1051.02502441406
3092.04444036844	1045.0849609375
3094.07393358152	1042.40002441406
3096.10284897381	1039.81494140625
3098.13118677232	1038.66003417969
3100.15894720395	1038.60998535156
3102.18613049548	1034.53002929688
3104.21273687357	1033.0400390625
3106.23876656477	1032.65002441406
3108.2642197955	1033.39001464844
3110.28909679208	1032.02001953125
3112.31339778069	1028.7900390625
3114.33712298741	1027.26501464844
3116.36027263819	1029.73999023438
3118.38284695887	1028.03002929688
3120.40484617516	1029.86499023438
3122.42627051268	1030.49499511719
3124.4471201969	1030.92004394531
3126.46739545319	1035.41003417969
3128.4870965068	1037.07495117188
3130.50622358287	1035.1650390625
3132.5247769064	1031.97497558594
3134.54275670229	1033.78002929688
3136.56016319534	1035.14501953125
3138.57699661019	1035.9599609375
3140.59325717139	1036.47497558594
3142.60894510338	1037.98498535156
3144.62406063047	1034.69494628906
3146.63860397686	1033.47497558594
3148.65257536662	1033.96997070313
3150.66597502371	1034.88000488281
3152.67880317199	1037.44494628906
3154.69106003518	1039.03002929688
3156.70274583691	1038.375
3158.71386080065	1039.9599609375
3160.72440514981	1042.78002929688
3162.73437910763	1045.85998535156
3164.74378289728	1046.32995605469
3166.75261674179	1046.32995605469
3168.76088086407	1046.32995605469
3170.76857548692	1048.56994628906
3172.77570083303	1050.66003417969
3174.78225712498	1049.73754882813
3176.78824458521	1048.81494140625
3178.79366343607	1049.31994628906
3180.79851389977	1051.40502929688
3182.80279619844	1053.86999511719
3184.80651055405	1054.60998535156
3186.80965718849	1056.5
3188.81223632353	1059.63500976563
3190.81424818081	1059.36254882813
3192.81569298186	1059.08996582031
3194.8165709481	1057.25
3196.81688230084	1058.32495117188
3198.81662726126	1062.49499511719
3200.81580605044	1065.875
3202.81441888933	1067.35498046875
3204.81246599879	1066.3349609375
3206.80994759954	1068.22998046875
3208.80686391219	1073.47998046875
3210.80321515726	1072.69995117188
3212.79900155512	1074.00500488281
3214.79422332605	1074.29504394531
3216.78888069021	1074.24499511719
3218.78297386765	1077.32495117188
3220.77650307828	1077.97998046875
3222.76946854195	1085.08996582031
3224.76187047834	1088.5400390625
3226.75370910705	1089.86499023438
3228.74498464755	1088.51501464844
3230.73569731921	1093.48999023438
3232.72584734127	1092.75500488281
3234.71543493287	1091.82995605469
3236.70446031304	1089.75500488281
3238.69292370068	1090.09997558594
3240.68082531459	1091.64001464844
3242.66816537345	1095.67504882813
3244.65494409583	1099.80505371094
3246.6411617002	1104.90002441406
3248.62681840488	1107.24499511719
3250.61191442812	1106.23999023438
3252.59644998804	1105.3349609375
3254.58042530263	1102.06494140625
3256.56384058979	1100.53503417969
3258.54669606731	1102.53503417969
3260.52899195285	1105.19494628906
3262.51072846396	1106.51000976563
3264.4919058181	1107.05505371094
3266.47252423259	1111.43505859375
3268.45258392464	1114.11999511719
3270.43208511138	1115.39501953125
3272.41102800978	1120.67004394531
3274.38941283675	1121.40002441406
3276.36723980904	1124.57495117188
3278.34450914332	1127.92004394531
3280.32122105613	1130.7900390625
3282.29737576392	1134.40502929688
3284.272973483	1133.86999511719
3286.24801442958	1134.06494140625
3288.22249881978	1134.26000976563
3290.19642686957	1134.45495605469
3292.16979879485	1135.14501953125
3294.14261481136	1136.99499511719
3296.11487513478	1139.73498535156
3298.08657998065	1141.9150390625
3300.0577295644	1140.21496582031
3302.02832410136	1136.30004882813
3303.99836380673	1133.34997558594
3305.96784889563	1132.32995605469
3307.93677958303	1130.42004394531
3309.90515608383	1129.53503417969
3311.87297861278	1127.04504394531
3313.84024738456	1132.44995117188
3315.80696261371	1133.34497070313
3317.77312451466	1132.77502441406
3319.73873330175	1130.48498535156
3321.70378918919	1126.6650390625
3323.66829239109	1123.21997070313
3325.63224312145	1125.4150390625
3327.59564159416	1126.28503417969
3329.55848802299	1125.63745117188
3331.52078262162	1124.98999023438
3333.4825256036	1122.94494628906
3335.44371718237	1122.97998046875
3337.40435757128	1121.875
3339.36444698356	1120.9599609375
3341.32398563232	1117.85998535156
3343.28297373058	1116.78503417969
3345.24141149124	1116.97998046875
3347.19929912709	1116.93664550781
3349.15663685081	1116.89331054688
3351.11342487497	1116.84997558594
3353.06966341204	1114.59497070313
3355.02535267437	1113.32995605469
3356.98049287421	1114.90502929688
3358.9350842237	1117.44995117188
3360.88912693486	1116.47497558594
3362.84262121962	1120.52502441406
3364.79556728978	1122.92004394531
3366.74796535705	1121.7900390625
3368.69981563302	1117.11499023438
3370.65111832917	1117.98498535156
3372.60187365689	1112.61499023438
3374.55208182744	1109.97497558594
3376.50174305198	1109.78503417969
3378.45085754157	1110.63000488281
3380.39942550714	1112.10498046875
3382.34744715954	1113.31494140625
3384.29492270949	1114.52502441406
3386.24185236761	1110.52001953125
3388.18823634442	1104.86499023438
3390.13407485031	1105.64001464844
3392.07936809559	1110.5
3394.02411629045	1112.73498535156
3395.96831964496	1108.61499023438
3397.91197836911	1100.23999023438
3399.85509267275	1096.65002441406
3401.79766276564	1093.64501953125
3403.73968885745	1097.67504882813
3405.68117115771	1101.57995605469
3407.62210987586	1101.03002929688
3409.56250522123	1098.36499023438
3411.50235740305	1099.59497070313
3413.44166663043	1098.875
3415.38043311238	1098.15502929688
3417.3186570578	1097.80004882813
3419.2563386755	1093.4599609375
3421.19347817415	1091.96496582031
3423.13007576235	1094.68249511719
3425.06613164857	1097.40002441406
3427.00164604118	1091.78503417969
3428.93661914844	1086.5
3430.87105117852	1082.77001953125
3432.80494233945	1091.31494140625
3434.73829283919	1094.38000488281
3436.67110288558	1091.49499511719
3438.60337268634	1092.73999023438
3440.53510244911	1091.43994140625
3442.4662923814	1088.14001464844
3444.39694269064	1087.28002929688
3446.32705358412	1083.57495117188
3448.25662526905	1079.125
3450.18565795254	1080.89501953125
3452.11415184156	1081.26000976563
3454.04210714302	1081.23999023438
3455.96952406369	1080.74499511719
3457.89640281024	1078.68505859375
3459.82274358924	1081.28002929688
3461.74854660717	1079.4599609375
3463.67381207038	1073.47497558594
3465.59854018513	1072.53002929688
3467.52273115756	1070.0400390625
3469.44638519373	1070.27001953125
3471.36950249956	1065.8349609375
3473.29208328091	1058.17504882813
3475.21412774349	1053.75500488281
3477.13563609293	1055.15502929688
3479.05660853476	1055.11999511719
3480.97704527438	1050.36499023438
3482.89694651712	1049.63500976563
3484.81631246818	1050.85498046875
3486.73514333266	1048.92004394531
3488.65343931557	1047.78002929688
3490.57120062179	1047.375
3492.48842745612	1043.17004394531
3494.40512002324	1037.31994628906
3496.32127852773	1034.09997558594
3498.23690317408	1033.10498046875
3500.15199416666	1029.89001464844
3502.06655170974	1029.43005371094
3503.98057600749	1033.35498046875
3505.89406726396	1030.875
3507.80702568312	1026.19494628906
3509.71945146883	1023.73498535156
3511.63134482483	1019.75
3513.54270595478	1014.73999023438
3515.45353506222	1012.95501708984
3517.3638323506	1011.69500732422
3519.27359802324	1011.48999023438
3521.1828322834	1008.69000244141
3523.09153533419	1008.38500976563
3524.99970737866	1005.16497802734
3526.90734861972	999.239990234375
3528.81445926021	998.799987792969
3530.72103950283	998.484985351563
3532.62708955022	997.599975585938
3534.53260960488	993.340026855469
3536.43759986923	987.684997558594
3538.34206054558	983.489990234375
3540.24599183613	982.559997558594
3542.149393943	986.5
3544.05226706817	983.784973144531
3545.95461141357	979.630004882813
3547.85642718097	976.369995117188
3549.75771457208	972.005004882813
3551.6584737885	972.289978027344
3553.55870503171	972.005004882813
3555.4584085031	969.700012207031
3557.35758440396	966.075012207031
3559.25623293548	963.140014648438
3561.15435429874	959.794982910156
3563.05194869473	957.705017089844
3564.94901632432	959.114990234375
3566.84555738829	959.030029296875
3568.74157208732	957.744995117188
3570.63706062199	956.400024414063
3572.53202319277	956.039978027344
3574.42646000003	953.590026855469
3576.32037124406	950.039978027344
3578.213757125	952.265014648438
3580.10661784295	950.525024414063
3581.99895359786	947.869995117188
3583.8907645896	944.849975585938
3585.78205101794	945.065002441406
3587.67281308254	946.465026855469
3589.56305098297	945.859985351563
3591.4527649187	945.929992675781
3593.34195508907	944.25
3595.23062169338	942.965026855469
3597.11876493075	943.200012207031
3599.00638500027	941.200012207031
3600.89348210089	937.539978027344
3602.78005643148	934.89501953125
3604.66610819078	933.47998046875
3606.55163757747	934.150024414063
3608.4366447901	933.924987792969
3610.32113002713	930.820007324219
3612.20509348693	929.554992675781
3614.08853536774	927.799987792969
3615.97145586773	926.375
3617.85385518497	927.114990234375
3619.7357335174	926.190002441406
3621.61709106289	924.554992675781
3623.4979280192	922.215026855469
3625.37824458399	919.015014648438
3627.25804095482	917.289978027344
3629.13731732915	918.484985351563
3631.01607390435	918.302490234375
3632.89431087767	918.119995117188
3634.77202844629	917.864990234375
3636.64922680726	914.859985351563
3638.52590615754	913.525024414063
3640.40206669402	913.409973144531
3642.27770861344	913.940002441406
3644.15283211248	913.955017089844
3646.02743738771	911.989990234375
3647.90152463559	909.265014648438
3649.77509405251	908.960021972656
3651.64814583473	907.549987792969
3653.52068017842	905.684997558594
3655.39269727965	903.559997558594
3657.26419733442	902.255004882813
3659.13518053858	901.309997558594
3661.00564708793	902.200012207031
3662.87559717814	901.135009765625
3664.7450310048	899.684997558594
3666.61394876338	898.304992675781
3668.48235064928	898.780029296875
3670.35023685779	898.744995117188
3672.21760758409	896.844970703125
3674.08446302327	896.544982910156
3675.95080337033	895.890014648438
3677.81662882017	895.39501953125
3679.68193956758	894.784973144531
3681.54673580727	894.429992675781
3683.41101773383	892.669982910156
3685.27478554178	890.97998046875
3687.13803942551	889.005004882813
3689.00077957934	888.695007324219
3690.86300619748	888.304992675781
3692.72471947405	888.059997558594
3694.58591960306	887.679992675781
3696.44660677844	887.575012207031
3698.306781194	887.159973144531
3700.16644304348	885.914978027344
3702.02559252049	885.255004882813
3703.88422981859	884.640014648438
3705.74235513119	883.989990234375
3707.59996865164	881.984985351563
3709.45707057318	880.450012207031
3711.31366108895	880.467529296875
3713.16974039199	880.484985351563
3715.02530867527	880.044982910156
3716.88036613164	879.744995117188
3718.73491295385	877.955017089844
3720.58894933456	877.239990234375
3722.44247546634	877.755004882813
3724.29549154166	876.35498046875
3726.14799775289	874.715026855469
3727.9999942923	874.695007324219
3729.85148135209	872.934997558594
3731.70245912432	873.474975585938
3733.55292780098	873.304992675781
3735.40288757397	873.559997558594
3737.25233863509	871.539978027344
3739.10128117603	871.599975585938
3740.9497153884	871.820007324219
3742.7976414637	871.455017089844
3744.64505959335	870.630004882813
3746.49196996866	870.72998046875
3748.33837278086	870.844970703125
3750.18426822108	870.960021972656
3752.02965648033	870.304992675781
3753.87453774956	869.244995117188
3755.7189122196	869.039978027344
3757.5627800812	871.945007324219
3759.40614152501	871.169982910156
3761.24899674159	871.669982910156
3763.09134592138	869.835021972656
3764.93318925476	870.260009765625
3766.77452693199	869.799987792969
3768.61535914325	870.809997558594
3770.45568607861	870.820007324219
3772.29550792807	870.594970703125
3774.1348248815	869.224975585938
3775.9736371287	867.984985351563
3777.81194485938	866.299987792969
