32.6816976106991	718.465026855469
35.6535599501435	718.465026855469
38.6244374909659	718.465026855469
41.5943306947054	718.224975585938
44.5632400226282	718.080017089844
47.5311659356917	717.934997558594
50.4981088945929	717.97998046875
53.4640693597127	717.864990234375
56.4290477911676	717.815002441406
59.3930446487746	717.844970703125
62.356060392067	717.900024414063
65.3180954802906	717.77001953125
68.2791503724084	717.869995117188
71.2392255270922	717.950012207031
74.1983214027271	717.875
77.1564384574159	717.840026855469
80.113577148983	717.914978027344
83.0697379349549	717.77001953125
86.0249212725722	717.7900390625
88.9791276188058	717.809997558594
91.9323574303255	717.875
94.8846111635238	717.859985351563
97.8358892745121	717.955017089844
100.786192219114	717.929992675781
103.73552045287	718.135009765625
106.683874431037	718.109985351563
109.631254608583	718.1875
112.577661440203	718.265014648438
115.523095380307	718.190002441406
118.467556883015	718.465026855469
121.411046402175	718.820007324219
124.353564391344	719.549987792969
127.295111303796	720.52001953125
130.235687592532	722.625
133.175293710265	725.840026855469
136.113930109434	732.075012207031
139.051597242185	741.934997558594
141.98829556039	756.224975585938
144.92402551564	775.679992675781
147.858787559244	799.239990234375
150.792582142239	824.359985351563
153.725409715372	847.950012207031
156.65727072911	870.159973144531
159.588165633643	888.565002441406
162.518094878884	902.169982910156
165.447058914469	912.184997558594
168.375058189747	918.215026855469
171.302093153792	919.775024414063
174.228164255401	918.875
177.153271943091	917.974975585938
180.077416665101	917.289978027344
183.000598869394	918.674987792969
185.922819003656	921.02001953125
188.84407751529	923.549987792969
191.764374851424	923.695007324219
194.683711458919	922.924987792969
197.60208778434	925.14501953125
200.519504273992	931.799987792969
203.435961373894	937.195007324219
206.351459529801	944.52001953125
209.265999187174	950.440002441406
212.179580791207	958.989990234375
215.092204786825	971.60498046875
218.003871618673	985.60498046875
220.914581731116	999.174987792969
223.824335568247	1006.19000244141
226.733133573893	1015.71002197266
229.640976191593	1025.79504394531
232.547863864614	1035.5849609375
235.453797035961	1044.7900390625
238.358776148354	1049.15002441406
241.26280164424	1048.71997070313
244.1658739658	1049.31005859375
247.067993554929	1053.64501953125
249.969160853266	1054.39001464844
252.869376302162	1055.2900390625
255.768640342707	1054.73999023438
258.666953415705	1048.84997558594
261.564315961705	1046.25500488281
264.46072842097	1047.17004394531
267.356191233499	1042.35998535156
270.25070483901	1039.81994628906
273.144269676967	1039.71496582031
276.036886186551	1038.17004394531
278.928554806671	1038.47497558594
281.819275975966	1034.75500488281
284.709050132812	1031.97497558594
287.597877715306	1032.74499511719
290.485759161281	1032.67004394531
293.372694908298	1033.46997070313
296.258685393644	1031.57995605469
299.143731054352	1029.26501464844
302.027832327156	1027.76501464844
304.910989648557	1028.0849609375
307.79320345476	1025.80004882813
310.674474181717	1025.28002929688
313.554802265101	1025.85754394531
316.434188140326	1026.43505859375
319.312632242533	1026.67004394531
322.190135006593	1025.7099609375
325.066696867117	1024.30004882813
327.942318258443	1022.88500976563
330.816999614641	1022.83502197266
333.690741369517	1021.26000976563
336.56354395661	1020.34002685547
339.435407809193	1019.30999755859
342.306333360273	1017.78002929688
345.176321042591	1016.38000488281
348.045371288612	1012.52502441406
350.913484530551	1010.52502441406
353.78066120035	1008.40502929688
356.64690172969	1008.02001953125
359.512206549972	1009.17749023438
362.376576092357	1010.33502197266
365.240010787716	1008.28002929688
368.102511066677	1006.09002685547
370.964077359587	1003.11999511719
373.82471009654	1007.13500976563
376.684409707364	1008.125
379.543176621612	1005.93499755859
382.401011268595	1004.96502685547
385.257914077343	1004.34002685547
388.113885476627	1007.31500244141
390.968925894961	1007.875
393.823035760591	1008.28002929688
396.676215501503	1008.33001708984
399.528465545415	1010.84997558594
402.379786319791	1015.97497558594
405.230178251834	1016.88000488281
408.079641768472	1022.90997314453
410.928177296387	1028.35998535156
413.775785261992	1030.80505371094
416.622466091445	1030.09997558594
419.468220210631	1032.80004882813
422.313048045182	1031.77502441406
425.156950020479	1035.96997070313
427.999926561623	1036.59997558594
430.841978093471	1036.86499023438
433.683105040613	1035.30505371094
436.523307827384	1032.8349609375
439.362586877851	1032
442.200942615829	1031.43005371094
445.038375464876	1029.94995117188
447.874885848283	1029.90502929688
450.710474189089	1028.80505371094
453.54514091007	1029.09497070313
456.37888643375	1025.81494140625
459.211711182386	1023.93499755859
462.043615577986	1024.52001953125
464.874600042297	1025.88000488281
467.704664996804	1021.96002197266
470.533810862741	1023.27502441406
473.36203806108	1023.80499267578
476.189347012547	1019.30499267578
479.015738137594	1019.90002441406
481.841211856432	1020.09002685547
484.665768589008	1020.28002929688
487.489408755009	1021.91998291016
490.312132773878	1026.80505371094
493.133941064796	1028.68505859375
495.954834046683	1032.09497070313
498.77481213821	1031.61499023438
501.593875757797	1032.25500488281
504.412025323601	1037.02502441406
507.229261253524	1036.21997070313
510.045583965226	1034.63500976563
512.860993876093	1034.73754882813
515.675491403271	1034.83996582031
518.489076963649	1034.01000976563
521.301750973863	1033.19995117188
524.113513850293	1028.79504394531
526.924366009065	1020.28997802734
529.734307866052	1019.85998535156
532.543339836881	1018.71502685547
535.35146233692	1016.42999267578
538.158675781281	1013.03997802734
540.964980584833	1012.39501953125
543.770377162182	1010.89501953125
546.574865927692	1009.40997314453
549.378447295465	1007.96997070313
552.181121679365	1005.86999511719
554.982889492993	1002.14001464844
557.783751149701	1000.46502685547
560.583707062591	999.510009765625
563.38275764452	999.902465820313
566.180903308083	1000.29498291016
568.978144465633	999.744995117188
571.774481529266	1000.96997070313
574.569914910839	998.525024414063
577.364445021949	995
580.158072273946	992
582.950797077926	992.140014648438
585.742619844752	990.450012207031
588.533540985018	990.184997558594
591.323560909078	989.375
594.112680027034	986.784973144531
596.90089874875	985.460021972656
599.688217483828	986.929992675781
602.474636641629	985.869995117188
605.260156631263	983.599975585938
608.044777861596	983.515014648438
610.828500741241	981.505004882813
613.611325678567	983.070007324219
616.393253081697	986.559997558594
619.174283358506	984.594970703125
621.954416916616	986.034973144531
624.733654163414	986.585021972656
627.511995506029	987.252502441406
630.289441351351	987.919982910156
633.065992106022	984.265014648438
635.841648176434	980.489990234375
638.616409968744	980.344970703125
641.390277888847	980.934997558594
644.163252342408	983.780029296875
646.93533373484	986.080017089844
649.706522471307	988.369995117188
652.47681895674	989.75
655.246223595811	990.195007324219
658.014736792957	990.030029296875
660.782358952371	988.320007324219
663.549090477999	988.325012207031
666.314931773542	988.369995117188
669.079883242452	988.309997558594
671.843945287955	987.840026855469
674.607118313019	989.174987792969
677.369402720366	993.380004882813
680.130798912488	992.547485351563
682.891307291627	991.715026855469
685.650928259784	989.325012207031
688.409662218708	988.794982910156
691.167509569927	989.099975585938
693.924470714705	987.75
696.680546054078	988.984985351563
699.435735988832	988.469970703125
702.190040919516	987.955017089844
704.943461246442	989.409973144531
707.695997369667	993.590026855469
710.447649689022	993.359985351563
713.198418604088	992.950012207031
715.948304514206	991.234985351563
718.697307818481	990.260009765625
721.445428915779	990.630004882813
724.192668204716	993.815002441406
726.93902608368	996.744995117188
729.684502950805	994.765014648438
732.429099204005	994.554992675781
735.172815240936	995.919982910156
737.915651459026	997.799987792969
740.657608255463	998.60498046875
743.398686027186	996.830017089844
746.13888517091	998.875
748.878206083102	1003.19000244141
751.616649159998	1002.48999023438
754.354214797584	1004.50500488281
757.09090339162	1005.45001220703
759.826715337622	1005.61749267578
762.561651030868	1005.78497314453
765.295710866406	1005.42999267578
768.028895239041	1001.51000976563
770.761204543336	998.090026855469
773.492639173626	994.710021972656
776.223199524006	990.14501953125
778.952885988334	989.52001953125
781.681698960235	986.614990234375
784.40963883309	985.255004882813
787.136706000052	982.655029296875
789.862900854037	983.950012207031
792.588223787721	987.039978027344
795.312675193549	987.905029296875
798.036255463728	986.965026855469
800.758964990228	985.825012207031
803.480804164792	984.169982910156
806.201773378919	984.580017089844
808.921873023884	989.630004882813
811.641103490712	993.200012207031
814.359465170214	997.234985351563
817.076958452946	1000.36499023438
819.793583729246	1005.82501220703
822.509341389214	1008.84497070313
825.224231822712	1015.28497314453
827.938255419375	1025.94995117188
830.651412568596	1031.92004394531
833.363703659544	1036.07995605469
836.075129081157	1038.30505371094
838.785689222127	1041.04504394531
841.495384470928	1044.21496582031
844.204215215788	1044.48498535156
846.912181844721	1049.03503417969
849.619284745491	1054.21997070313
852.325524305638	1056.85998535156
855.030900912475	1059.49499511719
857.735414953079	1063.36999511719
860.439066814289	1063.22497558594
863.141856882725	1063.55505371094
865.843785544769	1062.02502441406
868.544853186571	1054.80004882813
871.245060194063	1048.92504882813
873.944406952925	1046.05004882813
876.642893848625	1045.625
879.340521266398	1045.375
882.037289591241	1048.57995605469
884.733199207927	1050.44995117188
887.428250501001	1055.13000488281
890.122443854778	1056.13000488281
892.815779653335	1053.875
895.508258280534	1054.61999511719
898.199880119997	1060.51000976563
900.890645555129	1064.36499023438
903.580554969094	1067.00500488281
906.269608744832	1066.59497070313
908.957807265056	1066.55505371094
911.645150912257	1070.51000976563
914.331640068689	1066.93505859375
917.017275116375	1062.125
919.702056437128	1063.25
922.385984412518	1062.69995117188
925.069059423886	1062.47998046875
927.751281852366	1067.57995605469
930.432652078842	1075.58996582031
933.113170483983	1080.43994140625
935.79283744823	1085.8349609375
938.471653351806	1092.63000488281
941.149618574686	1093.01000976563
943.826733496641	1093.71997070313
946.502998497206	1103.53503417969
949.178413955689	1101.0849609375
951.85298025118	1101.63500976563
954.526697762544	1102.18493652344
957.199566868403	1102.73498535156
959.87158794718	1101
962.542761377054	1103.23999023438
965.213087535987	1101.54504394531
967.882566801719	1094.83996582031
970.551199551761	1090.53002929688
973.218986163399	1087.6650390625
975.885927013698	1085.44494628906
978.552022479501	1080.18994140625
981.217272937423	1075.26501464844
983.88167876386	1072.31994628906
986.545240334978	1074.30505371094
989.207958026729	1077.81494140625
991.869832214835	1090.28002929688
994.530863274798	1096.02001953125
997.191051581895	1107.20495605469
999.850397511185	1128.21496582031
1002.50890143751	1161.56994628906
1005.16656373546	1194.99499511719
1007.82338477944	1215.9599609375
1010.47936494363	1224.7900390625
1013.13450460195	1219.84997558594
1015.78880412815	1190.68505859375
1018.44226389572	1153.92504882813
1021.09488427794	1121.82995605469
1023.74666564789	1103.14001464844
1026.3976083784	1094.56494140625
1029.04771284208	1089.61999511719
1031.69697941135	1086.34997558594
1034.34540845838	1087.7900390625
1036.99300035512	1094.13500976563
1039.63975547333	1098.19494628906
1042.28567418452	1096.68994140625
1044.93075685998	1093.89001464844
1047.57500387081	1088.15502929688
1050.21841558786	1085.07495117188
1052.86099238177	1086.17004394531
1055.50273462297	1091.65002441406
1058.14364268167	1092.43994140625
1060.78371692784	1092.92504882813
1063.42295773126	1092.53002929688
1066.06136546148	1094.32495117188
1068.69894048781	1100.32495117188
1071.33568317939	1105.47998046875
1073.9715939051	1108.19995117188
1076.60667303362	1109.34997558594
1079.24092093341	1110.88500976563
1081.87433797271	1111.3349609375
1084.50692451954	1111.78503417969
1087.13868094172	1109.59497070313
1089.76960760684	1109.63000488281
1092.39970488226	1107.20495605469
1095.02897313516	1103.89001464844
1097.65741273246	1105.60498046875
1100.28502404089	1107.22998046875
1102.91180742697	1100.65502929688
1105.53776325698	1097.00500488281
1108.16289189701	1093.13000488281
1110.78719371291	1089.93505859375
1113.41066907033	1090.94995117188
1116.0333183347	1090.01000976563
1118.65514187124	1090.57995605469
1121.27614004495	1091.68505859375
1123.89631322061	1094.90002441406
1126.51566176279	1094.07495117188
1129.13418603585	1093.48498535156
1131.75188640394	1094.97497558594
1134.36876323098	1093.17004394531
1136.98481688069	1087.625
1139.60004771655	1078.0849609375
1142.21445610187	1064.25500488281
1144.82804239972	1051.69995117188
1147.44080697295	1046.56994628906
1150.05275018421	1042.4599609375
1152.66387239593	1043.16003417969
1155.27417397034	1046.51501464844
1157.88365526943	1050.19494628906
1160.49231665502	1057.56005859375
1163.10015848867	1058.84497070313
1165.70718113176	1060.41003417969
1168.31338494544	1059.83996582031
1170.91877029067	1059.9150390625
1173.52333752817	1060.56494140625
1176.12708701847	1060.86999511719
1178.73001912187	1061.17504882813
1181.33213419848	1060.14001464844
1183.93343260819	1056.56994628906
1186.53391471068	1055.64001464844
1189.13358086539	1052.43994140625
1191.73243143161	1049.27001953125
1194.33046676836	1046.0849609375
1196.92768723449	1042.39501953125
1199.52409318861	1045.53002929688
1202.11968498915	1054.70495605469
1204.7144629943	1061.56994628906
1207.30842756206	1066.96496582031
1209.90157905021	1075.375
1212.49391781634	1084.06994628906
1215.08544421779	1085.86499023438
1217.67615861174	1083.77001953125
1220.26606135512	1082.72497558594
1222.85515280468	1080.01501464844
1225.44343331694	1077.06994628906
1228.03090324823	1076.24499511719
1230.61756295466	1080.45495605469
1233.20341279213	1087.14001464844
1235.78845311634	1093.43005371094
1238.37268428278	1101.78002929688
1240.95610664673	1111.42004394531
1243.53872056325	1119.26000976563
1246.12052638722	1122.48999023438
1248.70152447329	1124.31494140625
1251.28171517591	1123.625
1253.86109884934	1120.21496582031
1256.43967584759	1124.41003417969
1259.0174465245	1122.55505371094
1261.5944112337	1123.84997558594
1264.1705703286	1125.97497558594
1266.74592416241	1132.14501953125
1269.32047308814	1135.68005371094
1271.89421745858	1137.14501953125
1274.46715762633	1137.25500488281
1277.03929394377	1138.36999511719
1279.61062676308	1139.48498535156
1282.18115643624	1135.69494628906
1284.75088331502	1132.31494140625
1287.31980775098	1131.46496582031
1289.88793009548	1133.94506835938
1292.45525069969	1136.42504882813
1295.02176991454	1132.2099609375
1297.58748809078	1124.06494140625
1300.15240557897	1122.63500976563
1302.71652272942	1124.02502441406
1305.27983989229	1131.93505859375
1307.84235741749	1140.06005859375
1310.40407565475	1142.72998046875
1312.9649949536	1142.28503417969
1315.52511566335	1150.32995605469
1318.08443813311	1155.5849609375
1320.64296271181	1155.67004394531
1323.20068974815	1162.77001953125
1325.75761959063	1168.89501953125
1328.31375258756	1170.42004394531
1330.86908908704	1169.46496582031
1333.42362943696	1165.85498046875
1335.97737398503	1166.43994140625
1338.53032307874	1162.94494628906
1341.08247706537	1161.21997070313
1343.63383629202	1165.56005859375
1346.18440110558	1169.18505859375
1348.73417185274	1166.44995117188
1351.28314887997	1160.93994140625
1353.83133253357	1152.46997070313
1356.37872315961	1137.30505371094
1358.92532110398	1123.19995117188
1361.47112671237	1110.68505859375
1364.01614033024	1092.31494140625
1366.56036230288	1084.10998535156
1369.10379297537	1080.52502441406
1371.64643269258	1074.50500488281
1374.18828179921	1066.23999023438
1376.72934063972	1061.01000976563
1379.2696095584	1055.73498535156
1381.80908889932	1052.52502441406
1384.34777900637	1050.51501464844
1386.88568022323	1053.32495117188
1389.42279289337	1052.44995117188
1391.95911736009	1051.57495117188
1394.49465396645	1051.2900390625
1397.02940305537	1056.36999511719
1399.5633649695	1059.4599609375
1402.09654005135	1062.17004394531
1404.6289286432	1066.31005859375
1407.16053108714	1068.5400390625
1409.69134772507	1066.9599609375
1412.22137889868	1066.79504394531
1414.75062494947	1071.69494628906
1417.27908621874	1072.77502441406
1419.80676304759	1076.625
1422.33365577692	1080.10498046875
1424.85976474744	1081.23999023438
1427.38509029967	1081.01501464844
1429.90963277392	1082.29504394531
1432.4333925103	1084.54504394531
1434.95636984873	1091.09997558594
1437.47856512894	1100.5849609375
1439.99997869045	1116.16003417969
1442.5206108726	1132.10498046875
1445.04046201452	1150.26501464844
1447.55953245515	1174.00500488281
1450.07782253323	1198.2900390625
1452.59533258731	1201.07836914063
1455.11206295574	1203.86669921875
1457.62801397668	1206.65502929688
1460.14318598809	1206.14001464844
1462.65757932774	1200.05004882813
1465.1711943332	1185.88500976563
1467.68403134184	1166.90002441406
1470.19609069085	1150.18505859375
1472.70737271721	1131.11999511719
1475.21787775772	1114.98498535156
1477.72760614897	1092.98999023438
1480.23655822738	1070.43994140625
1482.74473432914	1046.81005859375
1485.25213479029	1026.4150390625
1487.75875994664	1008.80499267578
1490.26461013382	996.260009765625
1492.76968568726	988.815002441406
1495.27398694222	979.5
1497.77751423374	974.869995117188
1500.28026789667	974.580017089844
1502.78224826569	972.900024414063
1505.28345567526	969.484985351563
1507.78389045967	967.109985351563
1510.28355295299	966.724975585938
1512.78244348913	966.409973144531
1515.28056240178	965.505004882813
1517.77791002445	964.784973144531
1520.27448669047	965.570007324219
1522.77029273296	965.635009765625
1525.26532848486	965.700012207031
1527.75959427889	966.484985351563
1530.25309044764	964.715026855469
1532.74581732344	967.125
1535.23777523847	966.330017089844
1537.72896452471	968.224975585938
1540.21938551394	968.794982910156
1542.70903853778	968.880004882813
1545.19792392761	970.619995117188
1547.68604201466	975.159973144531
1550.17339312997	981.664978027344
1552.65997760434	983.72998046875
1555.14579576845	986.919982910156
1557.63084795275	992.840026855469
1560.11513448749	994.530029296875
1562.59865570276	995.070007324219
1565.08141192845	994.474975585938
1567.56340349426	991.460021972656
1570.04463072969	988.169982910156
1572.52509396406	986.039978027344
1575.00479352652	987.760009765625
1577.48372974599	988.755004882813
1579.96190295124	991.375
1582.43931347083	995.400024414063
1584.91596163314	999.469970703125
1587.39184776636	1003.55499267578
1589.86697219849	1007.47998046875
1592.34133525734	1009.65502929688
1594.81493727054	1010.46997070313
1597.28777856553	1013.96997070313
1599.75985946955	1017.76000976563
1602.23118030968	1023.41998291016
1604.70174141278	1031.55004882813
1607.17154310555	1045.14501953125
1609.64058571449	1054.56994628906
1612.10886956591	1058.56494140625
1614.57639498595	1060.07995605469
1617.04316230054	1060.89990234375
1619.50917183543	1061.71997070313
1621.97442391621	1059.50500488281
1624.43891886825	1054.67504882813
1626.90265701674	1049.56005859375
1629.36563868671	1046.13000488281
1631.82786420296	1045.47998046875
1634.28933389016	1044.16003417969
1636.75004807274	1048.91003417969
1639.21000707498	1058
1641.66921122097	1066.75
1644.12766083459	1076.38000488281
1646.58535623956	1088.22998046875
1649.04229775941	1100.33996582031
1651.4984857175	1113.42504882813
1653.95392043697	1127.16003417969
1656.40860224079	1142.02502441406
1658.86253145177	1156.56994628906
1661.3157083925	1166.0849609375
1663.76813338542	1169.6650390625
1666.21980675275	1168.60998535156
1668.67072881656	1166.03002929688
1671.1208998987	1158.14001464844
1673.57032032089	1146.875
1676.0189904046	1136.68505859375
1678.46691047118	1126.10998535156
1680.91408084174	1113.67504882813
1683.36050183726	1098.19494628906
1685.8061737785	1083.07495117188
1688.25109698605	1061.58996582031
1690.69527178032	1043.52502441406
1693.13869848153	1032.7099609375
1695.58137740972	1021.06500244141
1698.02330888476	1004.31500244141
1700.46449322631	988.869995117188
1702.90493075388	976.844970703125
1705.34462178678	966.340026855469
1707.78356664414	957.369995117188
1710.22176564492	949.929992675781
1712.65921910787	942.64501953125
1715.0959273516	939.690002441406
1717.53189069449	934.164978027344
1719.9671094548	930.27001953125
1722.40158395054	928.320007324219
1724.8353144996	926.030029296875
1727.26830141965	925.789978027344
1729.70054502819	925.02001953125
1732.13204564255	924.724975585938
1734.56280357987	922.869995117188
1736.99281915711	921.419982910156
1739.42209269106	921.130004882813
1741.85062449831	921.098327636719
1744.27841489529	921.066650390625
1746.70546419823	921.034973144531
1749.13177272321	920.580017089844
1751.5573407861	919.900024414063
1753.98216870262	919.859985351563
1756.40625678828	917.89501953125
1758.82960535844	917.025024414063
1761.25221472825	916.590026855469
1763.67408521271	914.85498046875
1766.09521712663	914.965026855469
1768.51561078464	916.284973144531
1770.93526650119	916.284973144531
1773.35418459056	913.60498046875
1775.77236536684	913.85498046875
1778.18980914396	914.224975585938
1780.60651623565	915.419982910156
1783.02248695548	915.320007324219
1785.43772161684	915.549987792969
1787.85222053292	915.364990234375
1790.26598401677	913.409973144531
1792.67901238123	911.619995117188
1795.09130593899	911.234985351563
1797.50286500254	912.510009765625
1799.9136898842	912.575012207031
1802.32378089613	912.130004882813
1804.73313835028	911.005004882813
1807.14176255846	910.929992675781
1809.54965383228	909.380004882813
1811.95681248317	909.239990234375
1814.36323882242	909.25
1816.76893316109	908.424987792969
1819.17389581011	907.994995117188
1821.57812708021	908.64501953125
1823.98162728196	908.094970703125
1826.38439672573	908.14501953125
1828.78643572174	908.195007324219
1831.18774458003	907.695007324219
1833.58832361045	907.984985351563
1835.98817312269	908.02001953125
1838.38729342625	906.419982910156
1840.78568483048	903.559997558594
1843.18334764454	905.195007324219
1845.58028217741	905.719970703125
1847.9764887379	905.119995117188
1850.37196763465	906.450012207031
1852.76671917613	906.247497558594
1855.16074367062	906.044982910156
1857.55404142624	906.169982910156
1859.94661275094	904.859985351563
1862.33845795247	904.534973144531
1864.72957733844	904.080017089844
1867.11997121627	903.174987792969
1869.5096398932	904.059997558594
1871.89858367631	903.60498046875
1874.28680287251	903.150024414063
1876.67429778851	903.039978027344
1879.06106873089	902.928344726563
1881.44711600601	902.816650390625
1883.8324399201	902.705017089844
1886.21704077919	902.625
1888.60091888915	902.109985351563
1890.98407455567	901.400024414063
1893.36650808428	902.489990234375
1895.74821978033	903.265014648438
1898.12920994899	902.335021972656
1900.50947889527	902.909973144531
1902.88902692401	901.52001953125
1905.26785433986	902.474975585938
1907.64596144734	904.47998046875
1910.02334855075	904.669982910156
1912.40001595424	903.85498046875
1914.7759639618	902.994995117188
1917.15119287724	901.409973144531
1919.52570300419	902.469970703125
1921.89949464611	903.02001953125
1924.27256810632	903.900024414063
1926.64492368793	904.914978027344
1929.0165616939	903.974975585938
1931.38748242701	902.390014648438
1933.75768618989	902.409973144531
1936.12717328497	903.565002441406
1938.49594401455	904.065002441406
1940.86399868071	904.565002441406
1943.23133758541	902.924987792969
1945.5979610304	901.460021972656
1947.96386931729	900.780029296875
1950.32906274751	902.239990234375
1952.69354162232	902.655029296875
1955.0573062428	902.534973144531
1957.42035690989	900.780029296875
1959.78269392434	902.919982910156
1962.14431758673	904.27001953125
1964.50522819748	904.599975585938
1966.86542605684	902.239990234375
1969.22491146488	900.25
1971.58368472153	898.965026855469
1973.94174612654	901.619995117188
1976.29909597945	903.734985351563
1978.65573457971	902.85498046875
1981.01166222654	901.974975585938
1983.36687921902	902.059997558594
1985.72138585606	903.065002441406
1988.07518243639	904.070007324219
1990.42826925859	902.445007324219
1992.78064662106	900.234985351563
1995.13231482205	901.534973144531
1997.48327415961	901.880004882813
1999.83352493167	901.419982910156
2002.18306743594	901.592529296875
2004.53190197002	901.765014648438
2006.8800288313	901.234985351563
2009.22744831703	900.494995117188
2011.57416072427	900.369995117188
2013.92016634993	899.184997558594
2016.26546549076	899.159973144531
2018.61005844332	899.875
2020.95394550404	900.02001953125
2023.29712696915	900.030029296875
2025.63960313474	899.304992675781
2027.98137429672	898.789978027344
2030.32244075083	898.940002441406
2032.66280279266	899.640014648438
2035.00246071763	899.534973144531
2037.34141482099	900.260009765625
2039.67966539784	901.380004882813
2042.01721274309	901.650024414063
2044.35405715151	901.359985351563
2046.69019891769	900.784973144531
2049.02563833606	899.789978027344
2051.3603757009	899.059997558594
2053.6944113063	900.549987792969
2056.0277454462	900.359985351563
2058.36037841439	900.705017089844
2060.69231050446	899.325012207031
2063.02354200988	900.659973144531
2065.35407322392	900.60498046875
2067.68390443971	901.284973144531
2070.01303595021	901.551635742188
2072.3414680482	901.818359375
2074.66920102633	902.085021972656
2076.99623517706	901.434997558594
2079.32257079271	900.265014648438
2081.6482081654	900.590026855469
2083.97314758713	900.275024414063
2086.29738934971	902.200012207031
2088.62093374481	902.830017089844
2090.94378106391	903.247497558594
2093.26593159835	903.664978027344
2095.5873856393	901.994995117188
2097.90814347777	901.489990234375
2100.2282054046	902.22998046875
2102.54757171048	901.840026855469
2104.86624268594	901.859985351563
2107.18421862133	901.880004882813
2109.50149980686	902.400024414063
2111.81808653257	904.150024414063
2114.13397908834	903.72998046875
2116.44917776388	903.719970703125
2118.76368284875	905.635009765625
2121.07749463235	904.900024414063
2123.39061340391	905.010009765625
2125.70303945252	904.655029296875
2128.01477306707	905.359985351563
2130.32581453634	906.239990234375
2132.63616414891	906.080017089844
2134.94582219322	904
2137.25478895754	905.090026855469
2139.56306472999	904.585021972656
2141.87064979851	905.039978027344
2144.17754445092	903.994995117188
2146.48374897484	904.375
2148.78926365774	904.534973144531
2151.09408878695	904.065002441406
2153.39822464963	903.590026855469
2155.70167153277	904.015014648438
2158.00442972321	904.155029296875
2160.30649950763	903.625
2162.60788117256	903.960021972656
2164.90857500436	903.054992675781
2167.20858128923	904.059997558594
2169.50790031323	905.494995117188
2171.80653236223	905.219970703125
2174.10447772198	905.39501953125
2176.40173667804	904.635009765625
2178.69830951582	903.715026855469
2180.99419652058	902.054992675781
2183.28939797743	902.594970703125
2185.5839141713	902.400024414063
2187.87774538698	902.242553710938
2190.17089190908	902.085021972656
2192.46335402209	903.465026855469
2194.75513201032	903.719970703125
2197.04622615791	903.10498046875
2199.33663674886	902.914978027344
2201.62636406702	901.880004882813
2203.91540839606	902.775024414063
2206.20377001952	903.135009765625
2208.49144922077	902.794982910156
2210.77844628302	900.864990234375
2213.06476148933	901.260009765625
2215.3503951226	901.717529296875
2217.63534746557	902.174987792969
2219.91961880085	900.715026855469
2222.20320941085	898.869995117188
2224.48611957785	899.39501953125
2226.76834958399	899.5400390625
2229.04989971122	899.684997558594
2231.33077024136	899.419982910156
2233.61096145607	899.760009765625
2235.89047363683	899.700012207031
2238.169307065	898.684997558594
2240.44746202178	898.755004882813
2242.72493878819	899.10498046875
2245.00173764511	900.969970703125
2247.27785887327	901.219970703125
2249.55330275324	901.619995117188
2251.82806956545	900.200012207031
2254.10215959014	898.799987792969
2256.37557310744	899.169982910156
2258.64831039729	899.859985351563
2260.92037173949	901.835021972656
2263.19175741368	904.140014648438
2265.46246769938	903.232543945313
2267.7325028759	902.325012207031
2270.00186322243	902.25
2272.270549018	900.684997558594
2274.5385605415	901.010009765625
2276.80589807165	901.335021972656
2279.07256188702	901.539978027344
2281.33855226601	902.169982910156
2283.60386948691	900.234985351563
2285.86851382782	900.75
2288.1324855667	901.705017089844
2290.39578498136	902.599975585938
2292.65841234945	902.099975585938
2294.92036794847	901.460021972656
2297.18165205578	901.482543945313
2299.44226494856	901.505004882813
2301.70220690387	903.864990234375
2303.96147819859	902.632507324219
2306.22007910947	901.400024414063
2308.47800991309	901.965026855469
2310.73527088589	901.35498046875
2312.99186230416	900.02001953125
2315.24778444403	903.400024414063
2317.50303758149	904.309997558594
2319.75762199235	904.974975585938
2322.01153795231	905.815002441406
2324.26478573689	905.880004882813
2326.51736562147	904.044982910156
2328.76927788127	902.695007324219
2331.02052279137	904.239990234375
2333.2711006267	904.590026855469
2335.52101166203	904.724975585938
2337.77025617198	903.594970703125
2340.01883443103	901.304992675781
2342.2667467135	901.900024414063
2344.51399329356	901.594970703125
2346.76057444525	901.789978027344
2349.00649044241	900.390014648438
2351.2517415588	900.739990234375
2353.49632806796	900.205017089844
2355.74025024334	900.180053710938
2357.98350835819	900.155029296875
2360.22610268566	900.200012207031
2362.4680334987	900.383361816406
2364.70930107016	900.566650390625
2366.94990567269	900.75
2369.18984757884	900.159973144531
2371.42912706098	898.75
2373.66774439134	898.784973144531
2375.90569984199	899.140014648438
2378.14299368488	899.25
2380.37962619179	899.359985351563
2382.61559763435	898.724975585938
2384.85090828405	900.190002441406
2387.08555841222	899.97998046875
2389.31954829006	899.914978027344
2391.55287818861	899.849975585938
2393.78554837877	899.784973144531
2396.01755913128	899.544982910156
2398.24891071673	897.929992675781
2400.47960340558	898.005004882813
2402.70963746814	899.890014648438
2404.93901317456	899.280029296875
2407.16773079485	901.559997558594
2409.39579059887	902.455017089844
2411.62319285633	901.114990234375
2413.84993783681	899.864990234375
2416.07602580971	899.385009765625
2418.30145704432	898.989990234375
2420.52623180977	900.575012207031
2422.75035037503	901.710021972656
2424.97381300893	901.840026855469
2427.19661998017	900.929992675781
2429.41877155729	899.875
2431.64026800867	900.1650390625
2433.86110960257	900.455017089844
2436.08129660709	900.075012207031
2438.30082929019	900.219970703125
2440.51970791967	901.164978027344
2442.73793276321	901.684997558594
2444.95550408832	901.747497558594
2447.17242216237	901.809997558594
2449.38868725259	901.474975585938
2451.60429962607	900.330017089844
2453.81925954975	899.005004882813
2456.03356729041	898.72998046875
2458.2472231147	899.164978027344
2460.46022728913	899.069946289063
2462.67258008005	898.974975585938
2464.88428175368	899.219970703125
2467.09533257608	900.239990234375
2469.30573281318	900.885009765625
2471.51548273076	900.070007324219
2473.72458259445	899.255004882813
2475.93303266974	899.525024414063
2478.14083322198	900.580017089844
2480.34798451637	902.114990234375
2482.55448681797	901.364990234375
2484.76034039169	902.525024414063
2486.96554550231	901.955017089844
2489.17010241445	900.414978027344
2491.37401139259	901.405029296875
2493.57727270109	902.039978027344
2495.77988660412	902.869995117188
2497.98185336574	904.364990234375
2500.18317324987	904.340026855469
2502.38384652028	903.215026855469
2504.58387344058	901.570007324219
2506.78325427425	902.60498046875
2508.98198928465	901.14501953125
2511.18007873495	899.664978027344
2513.37752288821	900.679992675781
2515.57432200735	901.27001953125
2517.77047635514	901.64501953125
2519.96598619419	901.734985351563
2522.16085178699	901.825012207031
2524.35507339589	905.015014648438
2526.54865128308	904.799987792969
2528.74158571062	904.465026855469
2530.93387694042	902.099975585938
2533.12552523427	899.440002441406
2535.31653085379	901.75
2537.50689406046	902.674987792969
2539.69661511566	904.789978027344
2541.88569428057	904.950012207031
2544.07413181627	905.594970703125
2546.26192798368	906.239990234375
2548.44908304359	903.289978027344
2550.63559725664	902.544982910156
2552.82147088333	901.929992675781
2555.00670418402	904.070007324219
2557.19129741894	905.635009765625
2559.37525084817	905.039978027344
2561.55856473164	904.190002441406
2563.74123932917	905.179992675781
2565.92327490039	905.10498046875
2568.10467170484	903.784973144531
2570.28543000189	905.114990234375
2572.46555005079	905.530029296875
2574.64503211063	907.075012207031
2576.82387644036	907.664978027344
2579.00208329882	907.449951171875
2581.17965294468	907.234985351563
2583.35658563648	906.419982910156
2585.53288163263	906.400024414063
2587.70854119137	906.380004882813
2589.88356457084	906.450012207031
2592.05795202902	905.554992675781
2594.23170382376	906.034973144531
2596.40482021275	904.835021972656
2598.57730145356	907.200012207031
2600.74914780363	907.544982910156
2602.92035952023	907.662475585938
2605.09093686053	907.780029296875
2607.26088008153	907.190002441406
2609.4301894401	907.255004882813
2611.59886519299	909.320007324219
2613.76690759678	909.609985351563
2615.93431690793	911.544982910156
2618.10109338277	914.030029296875
2620.26723727748	913.47998046875
2622.4327488481	913.472534179688
2624.59762835054	913.465026855469
2626.76187604057	913.239990234375
2628.92549217382	913.234985351563
2631.08847700579	915.260009765625
2633.25083079182	915.5
2635.41255378715	915.734985351563
2637.57364624684	917.989990234375
2639.73410842586	917.455017089844
2641.893940579	917.25
2644.05314296094	916.875
2646.21171582621	917.807495117188
2648.36965942921	918.739990234375
2650.5269740242	917.820007324219
2652.6836598653	918.130004882813
2654.83971720651	919.125
2656.99514630167	920.119995117188
2659.1499474045	918.695007324219
2661.30412076857	919.974975585938
2663.45766664734	918.190002441406
2665.61058529411	919.469970703125
2667.76287696204	920.289978027344
2669.91454190418	921.25
2672.06558037342	921.955017089844
2674.21599262253	924.760009765625
2676.36577890413	923.950012207031
2678.51493947072	924.059997558594
2680.66347457466	923.065002441406
2682.81138446816	923.114990234375
2684.95866940332	925.760009765625
2687.10532963209	926.010009765625
2689.25136540628	926.025024414063
2691.39677697757	926.039978027344
2693.54156459752	926
2695.68572851753	924.890014648438
2697.82926898888	925.914978027344
2699.97218626272	927.10498046875
2702.11448059006	926.755004882813
2704.25615222175	929.265014648438
2706.39720140856	931.934997558594
2708.53762840109	933.025024414063
2710.67743344979	933.869995117188
2712.81661680503	935.539978027344
2714.95517871698	936.219970703125
2717.09311943574	937.565002441406
2719.23043921123	942.205017089844
2721.36713829325	945.174987792969
2723.50321693148	946.114990234375
2725.63867537545	951.205017089844
2727.77351387456	954.434997558594
2729.90773267809	955.400024414063
2732.04133203516	955.242553710938
2734.17431219478	955.085021972656
2736.30667340581	954.559997558594
2738.438415917	954.619995117188
2740.56953997695	953
2742.70004583414	951.984985351563
2744.82993373688	952.794982910156
2746.9592039334	952.849975585938
2749.08785667177	950.619995117188
2751.21589219993	948.804992675781
2753.34331076568	950.440002441406
2755.4701126167	948.114990234375
2757.59629800054	945.97998046875
2759.7218671646	946.10498046875
2761.84682035617	945.059997558594
2763.9711578224	943.789978027344
2766.0948798103	943.164978027344
2768.21798656676	943.210021972656
2770.34047833852	943.554992675781
2772.46235537222	944.260009765625
2774.58361791434	943.700012207031
2776.70426621124	942.780029296875
2778.82430050915	942.99755859375
2780.94372105416	943.215026855469
2783.06252809224	943.135009765625
2785.18072186922	942.234985351563
2787.29830263081	940.260009765625
2789.41527062257	937.799987792969
2791.53162608996	936.155029296875
2793.64736927828	936.559997558594
2795.76250043271	937.684997558594
2797.8770197983	938.10498046875
2799.99092761997	937.85498046875
2802.10422414252	936.349975585938
2804.21690961059	938.349975585938
2806.32898426873	941.940002441406
2808.44044836132	943.909973144531
2810.55130213264	944.780029296875
2812.66154582682	946.679992675781
2814.77117968788	948.544982910156
2816.8802039597	950.400024414063
2818.98861888601	954.205017089844
2821.09642471046	959.090026855469
2823.20362167653	962.10498046875
2825.31021002756	967.130004882813
2827.41619000682	970.705017089844
2829.52156185738	977.494995117188
2831.62632582224	983.315002441406
2833.73048214422	989.815002441406
2835.83403106606	999.335021972656
2837.93697283033	1003.30499267578
2840.03930767951	1009
2842.1410358559	1018.84497070313
2844.24215760173	1030.05004882813
2846.34267315905	1048.13500976563
2848.44258276982	1070.56994628906
2850.54188667585	1093.82495117188
2852.64058511883	1120.25500488281
2854.73867834032	1147.1650390625
2856.83616658175	1173.01501464844
2858.93305008443	1197.81005859375
2861.02932908952	1224.32495117188
2863.12500383809	1257.51000976563
2865.22007457104	1293.7099609375
2867.31454152918	1340.04504394531
2869.40840495316	1383.89501953125
2871.50166508353	1434.11499023438
2873.59432216069	1481.92504882813
2875.68637642493	1524.46997070313
2877.77782811641	1555.70495605469
2879.86867747515	1578.15502929688
2881.95892474105	1599.34997558594
2884.0485701539	1606.78002929688
2886.13761395333	1603.84997558594
2888.22605637886	1608.35498046875
2890.3138976699	1606.13000488281
2892.40113806571	1615.34997558594
2894.48777780544	1639.71496582031
2896.57381712808	1652.72497558594
2898.65925627254	1686.45495605469
2900.74409547758	1721.85498046875
2902.82833498183	1730.32995605469
2904.9119750238	1732.63000488281
2906.99501584188	1759.02502441406
2909.07745767432	1785.52502441406
2911.15930075925	1813.66003417969
2913.24054533469	1861.71997070313
2915.3211916385	1908.41003417969
2917.40123990846	1947.34497070313
2919.48069038217	2002.40502929688
2921.55954329716	2062.69995117188
2923.63779889079	2099.0400390625
2925.71545740033	2145.18994140625
2927.79251906289	2188.43505859375
2929.86898411548	2228.98510742188
2931.94485279498	2243.1201171875
2934.02012533815	2247.72998046875
2936.0948019816	2275.7548828125
2938.16888296184	2269.93994140625
2940.24236851525	2264.125
2942.31525887809	2247.8798828125
2944.38755428648	2225.18994140625
2946.45925497643	2200.14990234375
2948.53036118382	2149.71997070313
2950.6008731444	2091.38500976563
2952.67079109381	2034.70495605469
2954.74011526755	1967.88500976563
2956.80884590101	1904.51000976563
2958.87698322944	1879.7900390625
2960.94452748799	1879
2963.01147891167	1853.07495117188
2965.07783773535	1821.53002929688
2967.14360419382	1785.56994628906
2969.2087785217	1760.30004882813
2971.27336095352	1744.13000488281
2973.33735172366	1730.56994628906
2975.40075106641	1705.23999023438
2977.46355921591	1670.4599609375
2979.52577640618	1637.875
2981.58740287112	1614.30004882813
2983.64843884452	1598.65002441406
2985.70888456003	1573.84497070313
2987.76874025117	1551.52001953125
2989.82800615137	1520.65502929688
2991.88668249391	1486.38000488281
2993.94476951194	1452.36999511719
2996.00226743852	1420.19494628906
2998.05917650657	1384.61999511719
3000.11549694887	1351.27001953125
3002.17122899812	1328.9599609375
3004.22637288685	1301.1650390625
3006.2809288475	1267.47497558594
3008.33489711238	1236.40002441406
3010.38827791368	1210.17004394531
3012.44107148345	1194.11999511719
3014.49327805366	1179.15002441406
3016.5448978561	1155.14001464844
3018.59593112249	1134.27001953125
3020.64637808441	1119.55004882813
3022.6962389733	1106.60498046875
3024.74551402051	1094.61499023438
3026.79420345725	1087.9599609375
3028.84230751461	1079.31005859375
3030.88982642357	1070.28503417969
3032.93676041497	1067.14501953125
3034.98310971955	1061.18994140625
3037.02887456791	1063.93994140625
3039.07405519054	1067.93505859375
3041.11865181781	1072.2099609375
3043.16266467996	1077.01000976563
3045.20609400713	1079.80505371094
3047.24894002932	1080.125
3049.2912029764	1083.76000976563
3051.33288307815	1086.16003417969
3053.37398056421	1093.71997070313
3055.41449566411	1105.34497070313
3057.45442860725	1117.82995605469
3059.49377962291	1135.51501464844
3061.53254894026	1148.06994628906
3063.57073678834	1151.78002929688
3065.60834339607	1153.15002441406
3067.64536899227	1151.59997558594
3069.68181380561	1147.75500488281
3071.71767806467	1140.8349609375
3073.75296199788	1129.56005859375
3075.78766583357	1112.61999511719
3077.82178979997	1095.02502441406
3079.85533412513	1081.11499023438
3081.88829903705	1069.875
3083.92068476356	1057.09497070313
3085.95249153241	1043.23498535156
3087.98371957119	1035.21997070313
3090.01436910741	1025.52502441406
3092.04444036844	1016.32501220703
3094.07393358152	1012.47998046875
3096.10284897381	1008.15997314453
3098.13118677232	1006.29998779297
3100.15894720395	1004.36499023438
3102.18613049548	1000.39501953125
3104.21273687357	997.030029296875
3106.23876656477	996.825012207031
3108.2642197955	997.284973144531
3110.28909679208	997.070007324219
3112.31339778069	993.494995117188
3114.33712298741	994.380004882813
3116.36027263819	993.900024414063
3118.38284695887	993.984985351563
3120.40484617516	996.275024414063
3122.42627051268	997.10498046875
3124.4471201969	996.994995117188
3126.46739545319	999.940002441406
3128.4870965068	1001.51745605469
3130.50622358287	1003.09497070313
3132.5247769064	999.215026855469
3134.54275670229	1001.59002685547
3136.56016319534	1003.34002685547
3138.57699661019	1004.53997802734
3140.59325717139	1006.64001464844
3142.60894510338	1006.31500244141
3144.62406063047	1005.25
3146.63860397686	1001.88000488281
3148.65257536662	1002.80499267578
3150.66597502371	1004.16998291016
3152.67880317199	1004.24499511719
3154.69106003518	1008.03997802734
3156.70274583691	1010.44000244141
3158.71386080065	1010.63000488281
3160.72440514981	1015.61999511719
3162.73437910763	1017.16497802734
3164.74378289728	1018.63500976563
3166.75261674179	1019.57501220703
3168.76088086407	1021.19000244141
3170.76857548692	1025.44995117188
3172.77570083303	1028.31005859375
3174.78225712498	1029.07495117188
3176.78824458521	1029.30505371094
3178.79366343607	1029.06494140625
3180.79851389977	1030.66003417969
3182.80279619844	1033.44995117188
3184.80651055405	1037.51000976563
3186.80965718849	1042.78503417969
3188.81223632353	1045.93005371094
3190.81424818081	1048.94494628906
3192.81569298186	1047.232421875
3194.8165709481	1045.52001953125
3196.81688230084	1047.64001464844
3198.81662726126	1054.30004882813
3200.81580605044	1059.73498535156
3202.81441888933	1063.65502929688
3204.81246599879	1064.27502441406
3206.80994759954	1066.32495117188
3208.80686391219	1070.5400390625
3210.80321515726	1075.375
3212.79900155512	1076.75
3214.79422332605	1080.46997070313
3216.78888069021	1082.6650390625
3218.78297386765	1084.11999511719
3220.77650307828	1087.2099609375
3222.76946854195	1092.63500976563
3224.76187047834	1098.52502441406
3226.75370910705	1104.07495117188
3228.74498464755	1101.59997558594
3230.73569731921	1103.91003417969
3232.72584734127	1105.68994140625
3234.71543493287	1106.15502929688
3236.70446031304	1106.61499023438
3238.69292370068	1110.39501953125
3240.68082531459	1113.28002929688
3242.66816537345	1116.96997070313
3244.65494409583	1123.17004394531
3246.6411617002	1131.53503417969
3248.62681840488	1135.34997558594
3250.61191442812	1132.86499023438
3252.59644998804	1134.89001464844
3254.58042530263	1134.16003417969
3256.56384058979	1134.66003417969
3258.54669606731	1137.96997070313
3260.52899195285	1141.35998535156
3262.51072846396	1147.27001953125
3264.4919058181	1149
3266.47252423259	1152.73999023438
3268.45258392464	1155.9599609375
3270.43208511138	1163.27502441406
3272.41102800978	1170.48999023438
3274.38941283675	1176.24499511719
3276.36723980904	1178.09497070313
3278.34450914332	1182.95495605469
3280.32122105613	1188.05505371094
3282.29737576392	1198.24499511719
3284.272973483	1200.47497558594
3286.24801442958	1204.125
3288.22249881978	1204.39501953125
3290.19642686957	1207.05004882813
3292.16979879485	1208.96997070313
3294.14261481136	1209.52001953125
3296.11487513478	1212.58996582031
3298.08657998065	1215.26000976563
3300.0577295644	1213.64501953125
3302.02832410136	1206.14501953125
3303.99836380673	1204.88500976563
3305.96784889563	1208.56494140625
3307.93677958303	1208.73999023438
3309.90515608383	1208.65002441406
3311.87297861278	1202.95495605469
3313.84024738456	1202.93994140625
3315.80696261371	1206.28503417969
3317.77312451466	1210.09497070313
3319.73873330175	1204.92004394531
3321.70378918919	1196.76000976563
3323.66829239109	1193.01000976563
3325.63224312145	1194.19995117188
3327.59564159416	1198.45495605469
3329.55848802299	1198.76745605469
3331.52078262162	1199.07995605469
3333.4825256036	1193.7099609375
3335.44371718237	1192.89501953125
3337.40435757128	1192.85498046875
3339.36444698356	1190.22998046875
3341.32398563232	1189.35498046875
3343.28297373058	1186.81494140625
3345.24141149124	1187.51000976563
3347.19929912709	1189.49243164063
3349.15663685081	1191.47497558594
3351.11342487497	1184.42504882813
3353.06966341204	1180.00500488281
3355.02535267437	1177.77001953125
3356.98049287421	1180.2900390625
3358.9350842237	1184.43994140625
3360.88912693486	1184.10498046875
3362.84262121962	1187.69494628906
3364.79556728978	1187.63659667969
3366.74796535705	1187.57836914063
3368.69981563302	1187.52001953125
3370.65111832917	1184.11499023438
3372.60187365689	1180.18005371094
3374.55208182744	1180.88500976563
3376.50174305198	1180.05505371094
3378.45085754157	1178.38000488281
3380.39942550714	1177.30505371094
3382.34744715954	1180.14501953125
3384.29492270949	1180.78002929688
3386.24185236761	1176.19494628906
3388.18823634442	1169.30004882813
3390.13407485031	1168.13500976563
3392.07936809559	1172.49499511719
3394.02411629045	1174.90502929688
3395.96831964496	1171.44494628906
3397.91197836911	1162.69995117188
3399.85509267275	1152.89501953125
3401.79766276564	1151.53002929688
3403.73968885745	1157.2900390625
3405.68117115771	1163.5849609375
3407.62210987586	1165.55505371094
3409.56250522123	1160.92004394531
3411.50235740305	1162.93994140625
3413.44166663043	1162.44494628906
3415.38043311238	1156.75
3417.3186570578	1153.75
3419.2563386755	1150.80004882813
3421.19347817415	1148.84497070313
3423.13007576235	1151.48498535156
3425.06613164857	1154.125
3427.00164604118	1150.07995605469
3428.93661914844	1143.77502441406
3430.87105117852	1141.78002929688
3432.80494233945	1143.67504882813
3434.73829283919	1145.705078125
3436.67110288558	1147.73498535156
3438.60337268634	1145.0400390625
3440.53510244911	1149.19494628906
3442.4662923814	1144.25500488281
3444.39694269064	1140.48498535156
3446.32705358412	1139.31994628906
3448.25662526905	1137.9599609375
3450.18565795254	1138.13500976563
3452.11415184156	1135.99499511719
3454.04210714302	1134.83996582031
3455.96952406369	1132.31494140625
3457.89640281024	1131.06494140625
3459.82274358924	1133.0849609375
3461.74854660717	1130.83996582031
3463.67381207038	1124.26000976563
3465.59854018513	1120.31494140625
3467.52273115756	1117.81494140625
3469.44638519373	1115.77001953125
3471.36950249956	1113.39001464844
3473.29208328091	1106.02001953125
3475.21412774349	1099.51501464844
3477.13563609293	1099.9150390625
3479.05660853476	1095.15502929688
3480.97704527438	1090.7099609375
3482.89694651712	1088.125
3484.81631246818	1088.27001953125
3486.73514333266	1084.625
3488.65343931557	1082.18005371094
3490.57120062179	1081.4599609375
3492.48842745612	1079.59997558594
3494.40512002324	1074.18005371094
3496.32127852773	1067.02001953125
3498.23690317408	1064.97497558594
3500.15199416666	1059.17004394531
3502.06655170974	1056.26000976563
3503.98057600749	1056.76501464844
3505.89406726396	1053.59497070313
3507.80702568312	1048.46496582031
3509.71945146883	1042.375
3511.63134482483	1037.7099609375
3513.54270595478	1031.65002441406
3515.45353506222	1029.41003417969
3517.3638323506	1027.74499511719
3519.27359802324	1024.0400390625
3521.1828322834	1017.96502685547
3523.09153533419	1019.10498046875
3524.99970737866	1016.90502929688
3526.90734861972	1011.11999511719
3528.81445926021	1005.63500976563
3530.72103950283	1005.83502197266
3532.62708955022	1004.31500244141
3534.53260960488	999.114990234375
3536.43759986923	992.994995117188
3538.34206054558	985.844970703125
3540.24599183613	981.679992675781
3542.149393943	983.164978027344
3544.05226706817	981.474975585938
3545.95461141357	972.679992675781
3547.85642718097	969.359985351563
3549.75771457208	964.655029296875
3551.6584737885	962.25
3553.55870503171	963.205017089844
3555.4584085031	961.034973144531
3557.35758440396	957.205017089844
3559.25623293548	953.130004882813
3561.15435429874	948.900024414063
3563.05194869473	945.304992675781
3564.94901632432	944.400024414063
3566.84555738829	944.510009765625
3568.74157208732	940.820007324219
3570.63706062199	937.179992675781
3572.53202319277	936.294982910156
3574.42646000003	936.099975585938
3576.32037124406	932.159973144531
3578.213757125	930.5
3580.10661784295	928.89501953125
3581.99895359786	924.739990234375
3583.8907645896	920.849975585938
3585.78205101794	919.340026855469
3587.67281308254	920.655029296875
3589.56305098297	919.275024414063
3591.4527649187	916.369995117188
3593.34195508907	915.794982910156
3595.23062169338	913.864990234375
3597.11876493075	912.155029296875
3599.00638500027	909.794982910156
3600.89348210089	905.35498046875
3602.78005643148	904.049987792969
3604.66610819078	901.460021972656
3606.55163757747	901.349975585938
3608.4366447901	899.700012207031
3610.32113002713	896.364990234375
3612.20509348693	894.859985351563
3614.08853536774	892.640014648438
3615.97145586773	890.515014648438
3617.85385518497	889.075012207031
3619.7357335174	888.359985351563
3621.61709106289	885.39501953125
3623.4979280192	881.945007324219
3625.37824458399	879.60498046875
3627.25804095482	879.510009765625
3629.13731732915	879.210021972656
3631.01607390435	878.840026855469
3632.89431087767	875.715026855469
3634.77202844629	872.945007324219
3636.64922680726	872.205017089844
3638.52590615754	870.424987792969
3640.40206669402	868.340026855469
3642.27770861344	868.635009765625
3644.15283211248	867.539978027344
3646.02743738771	866.869995117188
3647.90152463559	862.690002441406
3649.77509405251	862.950012207031
3651.64814583473	861.275024414063
3653.52068017842	858.27001953125
3655.39269727965	855.695007324219
3657.26419733442	853.484985351563
3659.13518053858	851.780029296875
3661.00564708793	851.934997558594
3662.87559717814	851.094970703125
3664.7450310048	849.940002441406
3666.61394876338	848.544982910156
3668.48235064928	847.364990234375
3670.35023685779	847.39501953125
3672.21760758409	844.97998046875
3674.08446302327	843.460021972656
3675.95080337033	844.025024414063
3677.81662882017	841.989990234375
3679.68193956758	840.344970703125
3681.54673580727	839.914978027344
3683.41101773383	837.849975585938
3685.27478554178	835.419982910156
3687.13803942551	835.044982910156
3689.00077957934	833.64501953125
3690.86300619748	833.130004882813
3692.72471947405	832.405029296875
3694.58591960306	830.825012207031
3696.44660677844	830.47998046875
3698.306781194	828.625
3700.16644304348	827.265014648438
3702.02559252049	828.049987792969
3703.88422981859	828.080017089844
3705.74235513119	827.070007324219
3707.59996865164	824.724975585938
3709.45707057318	822.794982910156
3711.31366108895	822.872497558594
3713.16974039199	822.950012207031
3715.02530867527	822.125
3716.88036613164	821.72998046875
3718.73491295385	821.489990234375
3720.58894933456	820.924987792969
3722.44247546634	820.349975585938
3724.29549154166	819.405029296875
3726.14799775289	818.77001953125
3727.9999942923	817.505004882813
3729.85148135209	817.059997558594
3731.70245912432	815.809997558594
3733.55292780098	816.005004882813
3735.40288757397	816.25
3737.25233863509	815.315002441406
3739.10128117603	814.585021972656
3740.9497153884	814.622497558594
3742.7976414637	814.659973144531
3744.64505959335	814.554992675781
3746.49196996866	814.484985351563
3748.33837278086	815.335021972656
3750.18426822108	815.450012207031
3752.02965648033	813.489990234375
3753.87453774956	812.530029296875
3755.7189122196	812.664978027344
3757.5627800812	812.755004882813
3759.40614152501	813.465026855469
3761.24899674159	813.342529296875
3763.09134592138	813.219970703125
3764.93318925476	812.580017089844
3766.77452693199	812.445007324219
3768.61535914325	813.484985351563
3770.45568607861	813.820007324219
3772.29550792807	813.469970703125
3774.1348248815	812.244995117188
3775.9736371287	811.174987792969
3777.81194485938	811.114990234375
