32.6816976106991	718.085021972656
35.6535599501435	717.974975585938
38.6244374909659	717.719970703125
41.5943306947054	717.789978027344
44.5632400226282	717.359985351563
47.5311659356917	717.359985351563
50.4981088945929	717.260009765625
53.4640693597127	717.255004882813
56.4290477911676	717.335021972656
59.3930446487746	717.25
62.356060392067	717.164978027344
65.3180954802906	717.239990234375
68.2791503724084	717.224975585938
71.2392255270922	717.214965820313
74.1983214027271	717.205017089844
77.1564384574159	717.284973144531
80.113577148983	717.25
83.0697379349549	717.174987792969
86.0249212725722	717.135009765625
88.9791276188058	717.289978027344
91.9323574303255	717.419982910156
94.8846111635238	717.265014648438
97.8358892745121	717.385009765625
100.786192219114	717.280029296875
103.73552045287	717.369995117188
106.683874431037	717.27001953125
109.631254608583	717.315002441406
112.577661440203	717.359985351563
115.523095380307	717.239990234375
118.467556883015	717.460021972656
121.411046402175	717.630004882813
124.353564391344	718.135009765625
127.295111303796	718.789978027344
130.235687592532	720.005004882813
133.175293710265	721.635009765625
136.113930109434	725.169982910156
139.051597242185	730.14501953125
141.98829556039	738.640014648438
144.92402551564	748.275024414063
147.858787559244	760.690002441406
150.792582142239	773.10498046875
153.725409715372	785.52001953125
156.65727072911	797.219970703125
159.588165633643	805.724975585938
162.518094878884	812.465026855469
165.447058914469	816.909973144531
168.375058189747	819.030029296875
171.302093153792	820.585021972656
174.228164255401	821.140014648438
177.153271943091	819.809997558594
180.077416665101	820.950012207031
183.000598869394	822.284973144531
185.922819003656	822.5
188.84407751529	823.994995117188
191.764374851424	826.534973144531
194.683711458919	827.119995117188
197.60208778434	828.409973144531
200.519504273992	831.940002441406
203.435961373894	836.974975585938
206.351459529801	841.409973144531
209.265999187174	844.724975585938
212.179580791207	850.719970703125
215.092204786825	858.599975585938
218.003871618673	865.960021972656
220.914581731116	873.859985351563
223.824335568247	878.909973144531
226.733133573893	884.450012207031
229.640976191593	891.200012207031
232.547863864614	897.599975585938
235.453797035961	902.080017089844
238.358776148354	905.130004882813
241.26280164424	906.434997558594
244.1658739658	909.614990234375
247.067993554929	911.469970703125
249.969160853266	912.02001953125
252.869376302162	911.380004882813
255.768640342707	910.265014648438
258.666953415705	909.984985351563
261.564315961705	909.599975585938
264.46072842097	910.025024414063
267.356191233499	907.890014648438
270.25070483901	907.190002441406
273.144269676967	909.294982910156
276.036886186551	910.075012207031
278.928554806671	910.830017089844
281.819275975966	908.109985351563
284.709050132812	906.835021972656
287.597877715306	907.224975585938
290.485759161281	908.034973144531
293.372694908298	908.140014648438
296.258685393644	907.739990234375
299.143731054352	908.914978027344
302.027832327156	908.799987792969
304.910989648557	908.340026855469
307.79320345476	908.599975585938
310.674474181717	906.710021972656
313.554802265101	909.190002441406
316.434188140326	908.734985351563
319.312632242533	909.705017089844
322.190135006593	909.440002441406
325.066696867117	908.114990234375
327.942318258443	907.530029296875
330.816999614641	907.795043945313
333.690741369517	908.059997558594
336.56354395661	907.97998046875
339.435407809193	907.859985351563
342.306333360273	908.690002441406
345.176321042591	907.325012207031
348.045371288612	904.919982910156
350.913484530551	905.429992675781
353.78066120035	904.034973144531
356.64690172969	904.52001953125
359.512206549972	904.844970703125
362.376576092357	903.989990234375
365.240010787716	901.859985351563
368.102511066677	904.984985351563
370.964077359587	903.409973144531
373.82471009654	906.150024414063
376.684409707364	904.805053710938
379.543176621612	903.460021972656
382.401011268595	901.85498046875
385.257914077343	903.159973144531
388.113885476627	904.864990234375
390.968925894961	906.72998046875
393.823035760591	905.224975585938
396.676215501503	905.799987792969
399.528465545415	910.669982910156
402.379786319791	912.5
405.230178251834	914.424987792969
408.079641768472	917.960021972656
410.928177296387	918.590026855469
413.775785261992	918.739990234375
416.622466091445	920.109985351563
419.468220210631	921.179992675781
422.313048045182	923.27001953125
425.156950020479	923.820007324219
427.999926561623	922.244995117188
430.841978093471	922.914978027344
433.683105040613	922.257446289063
436.523307827384	921.599975585938
439.362586877851	921.690002441406
442.200942615829	919.75
445.038375464876	920.530029296875
447.874885848283	920.984985351563
450.710474189089	920.244995117188
453.54514091007	919.47998046875
456.37888643375	916.960021972656
459.211711182386	916.969970703125
462.043615577986	916.976623535156
464.874600042297	916.983337402344
467.704664996804	916.989990234375
470.533810862741	916.085021972656
473.36203806108	914.315002441406
476.189347012547	912.780029296875
479.015738137594	913.909973144531
481.841211856432	911.940002441406
484.665768589008	910.289978027344
487.489408755009	913.640014648438
490.312132773878	916.760009765625
493.133941064796	918.924987792969
495.954834046683	917.777465820313
498.77481213821	916.630004882813
501.593875757797	917.085021972656
504.412025323601	917.505004882813
507.229261253524	913.684997558594
510.045583965226	911.390014648438
512.860993876093	909.909973144531
515.675491403271	907.955017089844
518.489076963649	906.744995117188
521.301750973863	905.835021972656
524.113513850293	901.844970703125
526.924366009065	899.739990234375
529.734307866052	897.984985351563
532.543339836881	896.400024414063
535.35146233692	895.989990234375
538.158675781281	894.320007324219
540.964980584833	891.89501953125
543.770377162182	890.965026855469
546.574865927692	889.909973144531
549.378447295465	888.715026855469
552.181121679365	887.414978027344
554.982889492993	884.909973144531
557.783751149701	884.719970703125
560.583707062591	883.789978027344
563.38275764452	884.14501953125
566.180903308083	883.510009765625
568.978144465633	883.27001953125
571.774481529266	882
574.569914910839	880.825012207031
577.364445021949	880.5
580.158072273946	879.674987792969
582.950797077926	880.289978027344
585.742619844752	878.909973144531
588.533540985018	878.330017089844
591.323560909078	877.530029296875
594.112680027034	875.484985351563
596.90089874875	876.484985351563
599.688217483828	875.577514648438
602.474636641629	874.669982910156
605.260156631263	874.864990234375
608.044777861596	874.964965820313
610.828500741241	875.065002441406
613.611325678567	875.900024414063
616.393253081697	875.862548828125
619.174283358506	875.825012207031
621.954416916616	876.440002441406
624.733654163414	877.405029296875
627.511995506029	876.234985351563
630.289441351351	874.434997558594
633.065992106022	873.465026855469
635.841648176434	871.534973144531
638.616409968744	871.515014648438
641.390277888847	872.659973144531
644.163252342408	874.109985351563
646.93533373484	874.594970703125
649.706522471307	875.875
652.47681895674	875.712524414063
655.246223595811	875.549987792969
658.014736792957	875.445007324219
660.782358952371	876.030029296875
663.549090477999	876.174987792969
666.314931773542	874.255004882813
669.079883242452	874.427490234375
671.843945287955	874.599975585938
674.607118313019	874.47998046875
677.369402720366	877.255004882813
680.130798912488	879.590026855469
682.891307291627	877.440002441406
685.650928259784	875.919982910156
688.409662218708	876.244995117188
691.167509569927	876.549987792969
693.924470714705	875.455017089844
696.680546054078	875.380004882813
699.435735988832	875.304992675781
702.190040919516	874.64501953125
704.943461246442	875.940002441406
707.695997369667	877.450012207031
710.447649689022	877.280029296875
713.198418604088	877.630004882813
715.948304514206	877.335021972656
718.697307818481	877
721.445428915779	877.609985351563
724.192668204716	879.320007324219
726.93902608368	878.837524414063
729.684502950805	878.35498046875
732.429099204005	877.989990234375
735.172815240936	880.184997558594
737.915651459026	881.52001953125
740.657608255463	880.27001953125
743.398686027186	879.809997558594
746.13888517091	880.835021972656
748.878206083102	882.719970703125
751.616649159998	882.880004882813
754.354214797584	883.460021972656
757.09090339162	884.875
759.826715337622	886.984985351563
762.561651030868	886.539978027344
765.295710866406	886.159973144531
768.028895239041	884.674987792969
770.761204543336	883.059997558594
773.492639173626	881.390014648438
776.223199524006	879.429992675781
778.952885988334	879.974975585938
781.681698960235	878.349975585938
784.40963883309	877.260009765625
787.136706000052	876.534973144531
789.862900854037	877.659973144531
792.588223787721	878.239990234375
795.312675193549	878.760009765625
798.036255463728	879.075012207031
800.758964990228	879.640014648438
803.480804164792	878.085021972656
806.201773378919	879.025024414063
808.921873023884	881.135009765625
811.641103490712	882.760009765625
814.359465170214	885.799987792969
817.076958452946	887.804992675781
819.793583729246	888.405029296875
822.509341389214	892.034973144531
825.224231822712	895.335021972656
827.938255419375	897.344970703125
830.651412568596	899.989990234375
833.363703659544	901.950012207031
836.075129081157	903.909973144531
838.785689222127	907.255004882813
841.495384470928	907.885009765625
844.204215215788	908.27001953125
846.912181844721	909.695007324219
849.619284745491	911.065002441406
852.325524305638	913.320007324219
855.030900912475	915.429992675781
857.735414953079	914.690002441406
860.439066814289	913.950012207031
863.141856882725	913.799987792969
865.843785544769	911.130004882813
868.544853186571	909.690002441406
871.245060194063	906.599975585938
873.944406952925	905.989990234375
876.642893848625	906.130004882813
879.340521266398	905.525024414063
882.037289591241	907.195007324219
884.733199207927	909.445007324219
887.428250501001	910.994995117188
890.122443854778	909.544982910156
892.815779653335	908.679992675781
895.508258280534	911.169982910156
898.199880119997	913.945007324219
900.890645555129	913.97998046875
903.580554969094	914.304992675781
906.269608744832	914.630004882813
908.957807265056	913.484985351563
911.645150912257	914.974975585938
914.331640068689	913.734985351563
917.017275116375	911.734985351563
919.702056437128	911.390014648438
922.385984412518	911.315002441406
925.069059423886	911.880004882813
927.751281852366	913.64501953125
930.432652078842	915.599975585938
933.113170483983	918.484985351563
935.79283744823	922.195007324219
938.471653351806	924.059997558594
941.149618574686	925.210021972656
943.826733496641	924.580017089844
946.502998497206	924.97998046875
949.178413955689	925.380004882813
951.85298025118	927.429992675781
954.526697762544	927.059997558594
957.199566868403	928.955017089844
959.87158794718	928.445007324219
962.542761377054	928.159973144531
965.213087535987	926.094970703125
967.882566801719	922.849975585938
970.551199551761	922.174987792969
973.218986163399	922.909973144531
975.885927013698	921.195007324219
978.552022479501	919.255004882813
981.217272937423	916.47998046875
983.88167876386	917.905029296875
986.545240334978	918.005004882813
989.207958026729	921.890014648438
991.869832214835	926.405029296875
994.530863274798	931.075012207031
997.191051581895	938.164978027344
999.850397511185	949.719970703125
1002.50890143751	966.109985351563
1005.16656373546	982.570007324219
1007.82338477944	994.994995117188
1010.47936494363	996.489990234375
1013.13450460195	991.77001953125
1015.78880412815	978.440002441406
1018.44226389572	961.705017089844
1021.09488427794	946.065002441406
1023.74666564789	937.905029296875
1026.3976083784	932.27001953125
1029.04771284208	930.14501953125
1031.69697941135	931.174987792969
1034.34540845838	933.825012207031
1036.99300035512	934
1039.63975547333	935.469970703125
1042.28567418452	934.5
1044.93075685998	932.445007324219
1047.57500387081	931.315002441406
1050.21841558786	932.369995117188
1052.86099238177	932.775024414063
1055.50273462297	933.489990234375
1058.14364268167	934.585021972656
1060.78371692784	936.174987792969
1063.42295773126	939.684997558594
1066.06136546148	942.515014648438
1068.69894048781	945.025024414063
1071.33568317939	946.840026855469
1073.9715939051	946.034973144531
1076.60667303362	947.184997558594
1079.24092093341	944.705017089844
1081.87433797271	942.859985351563
1084.50692451954	941.22998046875
1087.13868094172	940.135009765625
1089.76960760684	939.75
1092.39970488226	938.974975585938
1095.02897313516	935.780029296875
1097.65741273246	936.114990234375
1100.28502404089	934.715026855469
1102.91180742697	931.155029296875
1105.53776325698	931.039978027344
1108.16289189701	930.375
1110.78719371291	930.164978027344
1113.41066907033	932.315002441406
1116.0333183347	931.825012207031
1118.65514187124	932.359985351563
1121.27614004495	931.630004882813
1123.89631322061	931.265014648438
1126.51566176279	931.580017089844
1129.13418603585	933.924987792969
1131.75188640394	933.260009765625
1134.36876323098	933.780029296875
1136.98481688069	929.445007324219
1139.60004771655	926.174987792969
1142.21445610187	920.715026855469
1144.82804239972	914.429992675781
1147.44080697295	911.39501953125
1150.05275018421	909.609985351563
1152.66387239593	908.77001953125
1155.27417397034	910.635009765625
1157.88365526943	913.539978027344
1160.49231665502	916.280029296875
1163.10015848867	916.409973144531
1165.70718113176	916.237487792969
1168.31338494544	916.065002441406
1170.91877029067	915.609985351563
1173.52333752817	916.265014648438
1176.12708701847	915.955017089844
1178.73001912187	915.940002441406
1181.33213419848	914.875
1183.93343260819	912.585021972656
1186.53391471068	910.559997558594
1189.13358086539	909.489990234375
1191.73243143161	909.450012207031
1194.33046676836	908.340026855469
1196.92768723449	907.905029296875
1199.52409318861	911.010009765625
1202.11968498915	914.364990234375
1204.7144629943	917.099975585938
1207.30842756206	920.169982910156
1209.90157905021	923.619995117188
1212.49391781634	926.205017089844
1215.08544421779	926.809997558594
1217.67615861174	926.585021972656
1220.26606135512	925.635009765625
1222.85515280468	924.02001953125
1225.44343331694	923.869995117188
1228.03090324823	924.905029296875
1230.61756295466	927.039978027344
1233.20341279213	929.400024414063
1235.78845311634	932.849975585938
1238.37268428278	938.255004882813
1240.95610664673	943.174987792969
1243.53872056325	947.515014648438
1246.12052638722	948.52001953125
1248.70152447329	947.47998046875
1251.28171517591	944.460021972656
1253.86109884934	947.39501953125
1256.43967584759	947.544982910156
1259.0174465245	949.335021972656
1261.5944112337	949.424987792969
1264.1705703286	949.662475585938
1266.74592416241	949.900024414063
1269.32047308814	952.525024414063
1271.89421745858	954.594970703125
1274.46715762633	954.703308105469
1277.03929394377	954.811645507813
1279.61062676308	954.919982910156
1282.18115643624	953.380004882813
1284.75088331502	953.164978027344
1287.31980775098	951.849975585938
1289.88793009548	953.945007324219
1292.45525069969	952.469970703125
1295.02176991454	948.010009765625
1297.58748809078	944.190002441406
1300.15240557897	943.614990234375
1302.71652272942	944.744995117188
1305.27983989229	948.299987792969
1307.84235741749	952.10498046875
1310.40407565475	953.77001953125
1312.9649949536	956.14501953125
1315.52511566335	959.174987792969
1318.08443813311	961.054992675781
1320.64296271181	962.669982910156
1323.20068974815	963.919982910156
1325.75761959063	963.844970703125
1328.31375258756	963.88330078125
1330.86908908704	963.921691894531
1333.42362943696	963.960021972656
1335.97737398503	963.265014648438
1338.53032307874	962.885009765625
1341.08247706537	965.049987792969
1343.63383629202	966.049987792969
1346.18440110558	965.419982910156
1348.73417185274	964.804992675781
1351.28314887997	961.255004882813
1353.83133253357	957.5
1356.37872315961	951.469970703125
1358.92532110398	945.010009765625
1361.47112671237	939.010009765625
1364.01614033024	932.299987792969
1366.56036230288	929.075012207031
1369.10379297537	927.260009765625
1371.64643269258	925.710021972656
1374.18828179921	922.52001953125
1376.72934063972	918.859985351563
1379.2696095584	916.414978027344
1381.80908889932	915.909973144531
1384.34777900637	914.315002441406
1386.88568022323	915.534973144531
1389.42279289337	914.97998046875
1391.95911736009	915.640014648438
1394.49465396645	914.455017089844
1397.02940305537	918.299987792969
1399.5633649695	919.820007324219
1402.09654005135	920.255004882813
1404.6289286432	921.684997558594
1407.16053108714	922.674987792969
1409.69134772507	923.760009765625
1412.22137889868	924.684997558594
1414.75062494947	924.260009765625
1417.27908621874	924.52001953125
1419.80676304759	924.390014648438
1422.33365577692	926.10498046875
1424.85976474744	927.565002441406
1427.38509029967	928.445007324219
1429.90963277392	929.875
1432.4333925103	929.960021972656
1434.95636984873	933.39501953125
1437.47856512894	937.510009765625
1439.99997869045	944.450012207031
1442.5206108726	953.169982910156
1445.04046201452	963.859985351563
1447.55953245515	974.690002441406
1450.07782253323	985.215026855469
1452.59533258731	985.9150390625
1455.11206295574	986.614990234375
1457.62801397668	987.315002441406
1460.14318598809	989.369995117188
1462.65757932774	984.049987792969
1465.1711943332	978.039978027344
1467.68403134184	970.27001953125
1470.19609069085	960.885009765625
1472.70737271721	952.429992675781
1475.21787775772	944.200012207031
1477.72760614897	932.64501953125
1480.23655822738	920.054992675781
1482.74473432914	908.619995117188
1485.25213479029	899.530029296875
1487.75875994664	891.119995117188
1490.26461013382	885.190002441406
1492.76968568726	881.799987792969
1495.27398694222	879.344970703125
1497.77751423374	876.445007324219
1500.28026789667	875.265014648438
1502.78224826569	873.820007324219
1505.28345567526	873.429992675781
1507.78389045967	873.940002441406
1510.28355295299	873.205017089844
1512.78244348913	872.14501953125
1515.28056240178	871.590026855469
1517.77791002445	872.099975585938
1520.27448669047	873.205017089844
1522.77029273296	873.275024414063
1525.26532848486	872.835021972656
1527.75959427889	872.025024414063
1530.25309044764	871.52001953125
1532.74581732344	871.955017089844
1535.23777523847	872.22998046875
1537.72896452471	873.469970703125
1540.21938551394	873.739990234375
1542.70903853778	874.739990234375
1545.19792392761	875.640014648438
1547.68604201466	879.155029296875
1550.17339312997	879.934997558594
1552.65997760434	881.489990234375
1555.14579576845	882.195007324219
1557.63084795275	885.22998046875
1560.11513448749	888.35498046875
1562.59865570276	887.099975585938
1565.08141192845	886.934997558594
1567.56340349426	885.215026855469
1570.04463072969	883.380004882813
1572.52509396406	881.469970703125
1575.00479352652	883.674987792969
1577.48372974599	883.655029296875
1579.96190295124	884.945007324219
1582.43931347083	885.659973144531
1584.91596163314	887.710021972656
1587.39184776636	890.565002441406
1589.86697219849	891.39501953125
1592.34133525734	892.205017089844
1594.81493727054	893.025024414063
1597.28777856553	896.049987792969
1599.75985946955	899.299987792969
1602.23118030968	899.705017089844
1604.70174141278	903.880004882813
1607.17154310555	909.760009765625
1609.64058571449	915.505004882813
1612.10886956591	917.650024414063
1614.57639498595	918.525024414063
1617.04316230054	918.955017089844
1619.50917183543	919.385009765625
1621.97442391621	917.260009765625
1624.43891886825	914.484985351563
1626.90265701674	912.934997558594
1629.36563868671	909.484985351563
1631.82786420296	909.164978027344
1634.28933389016	908.184997558594
1636.75004807274	909.349975585938
1639.21000707498	914.309997558594
1641.66921122097	918.559997558594
1644.12766083459	922.710021972656
1646.58535623956	928.934997558594
1649.04229775941	936.390014648438
1651.4984857175	940.72998046875
1653.95392043697	946.419982910156
1656.40860224079	954.534973144531
1658.86253145177	962.789978027344
1661.3157083925	967.859985351563
1663.76813338542	970.534973144531
1666.21980675275	969.570007324219
1668.67072881656	967.554992675781
1671.1208998987	964.159973144531
1673.57032032089	960.875
1676.0189904046	956.664978027344
1678.46691047118	952
1680.91408084174	946.35498046875
1683.36050183726	938.530029296875
1685.8061737785	931.825012207031
1688.25109698605	920.005004882813
1690.69527178032	913.065002441406
1693.13869848153	906.234985351563
1695.58137740972	899.554992675781
1698.02330888476	890.869995117188
1700.46449322631	883.460021972656
1702.90493075388	878.304992675781
1705.34462178678	871.575012207031
1707.78356664414	868.585021972656
1710.22176564492	864.315002441406
1712.65921910787	861.140014648438
1715.0959273516	858.140014648438
1717.53189069449	855.864990234375
1719.9671094548	852.835021972656
1722.40158395054	852.224975585938
1724.8353144996	851.575012207031
1727.26830141965	851.630004882813
1729.70054502819	851.684997558594
1732.13204564255	851.140014648438
1734.56280357987	849.640014648438
1736.99281915711	849.10498046875
1739.42209269106	850.510009765625
1741.85062449831	850.424987792969
1744.27841489529	850.065002441406
1746.70546419823	848.52001953125
1749.13177272321	847.705017089844
1751.5573407861	848.60498046875
1753.98216870262	848.419982910156
1756.40625678828	848.119995117188
1758.82960535844	847.789978027344
1761.25221472825	848.744995117188
1763.67408521271	847.359985351563
1766.09521712663	848.450012207031
1768.51561078464	848.450012207031
1770.93526650119	847.659973144531
1773.35418459056	846.455017089844
1775.77236536684	846.155029296875
1778.18980914396	846.755004882813
1780.60651623565	846.789978027344
1783.02248695548	847.789978027344
1785.43772161684	847.940002441406
1787.85222053292	847.424987792969
1790.26598401677	846.234985351563
1792.67901238123	846.049987792969
1795.09130593899	846.599975585938
1797.50286500254	846.22998046875
1799.9136898842	845.169982910156
1802.32378089613	844.309997558594
1804.73313835028	845.015014648438
1807.14176255846	844.585021972656
1809.54965383228	844.6650390625
1811.95681248317	844.744995117188
1814.36323882242	844.539978027344
1816.76893316109	843.575012207031
1819.17389581011	843.659973144531
1821.57812708021	843.570007324219
1823.98162728196	843.64501953125
1826.38439672573	844.049987792969
1828.78643572174	843.719970703125
1831.18774458003	842.864990234375
1833.58832361045	844.494995117188
1835.98817312269	843.450012207031
1838.38729342625	840.974975585938
1840.78568483048	840.849975585938
1843.18334764454	842.25
1845.58028217741	841.789978027344
1847.9764887379	841.994995117188
1850.37196763465	843.929992675781
1852.76671917613	843.280029296875
1855.16074367062	843.35498046875
1857.55404142624	843.734985351563
1859.94661275094	842.044982910156
1862.33845795247	841.664978027344
1864.72957733844	839.924987792969
1867.11997121627	840.330017089844
1869.5096398932	840.614990234375
1871.89858367631	841.364990234375
1874.28680287251	841.47998046875
1876.67429778851	841.809997558594
1879.06106873089	841.655029296875
1881.44711600601	841.809997558594
1883.8324399201	840.455017089844
1886.21704077919	840.494995117188
1888.60091888915	840.030029296875
1890.98407455567	840.525024414063
1893.36650808428	841.02001953125
1895.74821978033	840.575012207031
1898.12920994899	841.22998046875
1900.50947889527	840.554992675781
1902.88902692401	839.880004882813
1905.26785433986	840.539978027344
1907.64596144734	841.325012207031
1910.02334855075	841.309997558594
1912.40001595424	841.494995117188
1914.7759639618	841.044982910156
1917.15119287724	840.190002441406
1919.52570300419	839.690002441406
1921.89949464611	840.955017089844
1924.27256810632	842.390014648438
1926.64492368793	842.474975585938
1929.0165616939	842.219970703125
1931.38748242701	842.150024414063
1933.75768618989	842.218322753906
1936.12717328497	842.286682128906
1938.49594401455	842.35498046875
1940.86399868071	842.239990234375
1943.23133758541	840.554992675781
1945.5979610304	841.445007324219
1947.96386931729	842.015014648438
1950.32906274751	840.705017089844
1952.69354162232	841.674987792969
1955.0573062428	841.362487792969
1957.42035690989	841.049987792969
1959.78269392434	841.054992675781
1962.14431758673	840.998352050781
1964.50522819748	840.941650390625
1966.86542605684	840.885009765625
1969.22491146488	840.469970703125
1971.58368472153	840.525024414063
1973.94174612654	841.109985351563
1976.29909597945	841.299987792969
1978.65573457971	840.984985351563
1981.01166222654	841.219970703125
1983.36687921902	841.594970703125
1985.72138585606	841.577514648438
1988.07518243639	841.559997558594
1990.42826925859	841.070007324219
1992.78064662106	841.164978027344
1995.13231482205	841.659973144531
1997.48327415961	839.869995117188
1999.83352493167	840.484985351563
2002.18306743594	840.679992675781
2004.53190197002	840.7099609375
2006.8800288313	840.739990234375
2009.22744831703	840.674987792969
2011.57416072427	839.525024414063
2013.92016634993	839.390014648438
2016.26546549076	839.97998046875
2018.61005844332	840.309997558594
2020.95394550404	839.784973144531
2023.29712696915	840.414978027344
2025.63960313474	840.650024414063
2027.98137429672	838.47998046875
2030.32244075083	838.89501953125
2032.66280279266	839.155029296875
2035.00246071763	839.570007324219
2037.34141482099	840.794982910156
2039.67966539784	841.335021972656
2042.01721274309	840.89501953125
2044.35405715151	840.989990234375
2046.69019891769	839.349975585938
2049.02563833606	840.255004882813
2051.3603757009	840.215026855469
2053.6944113063	840.284973144531
2056.0277454462	840.212524414063
2058.36037841439	840.140014648438
2060.69231050446	840.72998046875
2063.02354200988	840.885009765625
2065.35407322392	839.77001953125
2067.68390443971	840.744995117188
2070.01303595021	841.39501953125
2072.3414680482	842.200012207031
2074.66920102633	840.960021972656
2076.99623517706	838.969970703125
2079.32257079271	840.27001953125
2081.6482081654	839.974975585938
2083.97314758713	840.75
2086.29738934971	841.640014648438
2088.62093374481	842.919982910156
2090.94378106391	842.494995117188
2093.26593159835	842.570007324219
2095.5873856393	841.224975585938
2097.90814347777	840.210021972656
2100.2282054046	840.619995117188
2102.54757171048	841.890014648438
2104.86624268594	841.934997558594
2107.18421862133	842.090026855469
2109.50149980686	841.400024414063
2111.81808653257	843.405029296875
2114.13397908834	842.844970703125
2116.44917776388	842.494995117188
2118.76368284875	843.405029296875
2121.07749463235	843.275024414063
2123.39061340391	843.335021972656
2125.70303945252	842.934997558594
2128.01477306707	842.72998046875
2130.32581453634	843.679992675781
2132.63616414891	844.059997558594
2134.94582219322	843.789978027344
2137.25478895754	843.094970703125
2139.56306472999	843.132446289063
2141.87064979851	843.169982910156
2144.17754445092	843.419982910156
2146.48374897484	843.609985351563
2148.78926365774	844.700012207031
2151.09408878695	844.239990234375
2153.39822464963	844.994995117188
2155.70167153277	844.219970703125
2158.00442972321	843.030029296875
2160.30649950763	843.005004882813
2162.60788117256	842.60498046875
2164.90857500436	842.77001953125
2167.20858128923	842.900024414063
2169.50790031323	842.594970703125
2171.80653236223	843.710021972656
2174.10447772198	843.859985351563
2176.40173667804	843.695007324219
2178.69830951582	843.530029296875
2180.99419652058	843.125
2183.28939797743	842.609985351563
2185.5839141713	842.534973144531
2187.87774538698	842.724975585938
2190.17089190908	842.164978027344
2192.46335402209	842.494995117188
2194.75513201032	842.622497558594
2197.04622615791	842.75
2199.33663674886	841.460021972656
2201.62636406702	840.210021972656
2203.91540839606	841.809997558594
2206.20377001952	842.955017089844
2208.49144922077	843.174987792969
2210.77844628302	841.955017089844
2213.06476148933	842.130004882813
2215.3503951226	842.304992675781
2217.63534746557	841.809997558594
2219.91961880085	841
2222.20320941085	839.710021972656
2224.48611957785	841.234985351563
2226.76834958399	840.984985351563
2229.04989971122	841.460021972656
2231.33077024136	840.275024414063
2233.61096145607	840.234985351563
2235.89047363683	840.369995117188
2238.169307065	840.505004882813
2240.44746202178	840.210021972656
2242.72493878819	840.760009765625
2245.00173764511	841.914978027344
2247.27785887327	841.809997558594
2249.55330275324	841.97998046875
2251.82806956545	840.659973144531
2254.10215959014	840.830017089844
2256.37557310744	840.739990234375
2258.64831039729	841.005004882813
2260.92037173949	842.465026855469
2263.19175741368	843.684997558594
2265.46246769938	842.3525390625
2267.7325028759	841.02001953125
2270.00186322243	842.22998046875
2272.270549018	842.679992675781
2274.5385605415	843.275024414063
2276.80589807165	843.39501953125
2279.07256188702	843.965026855469
2281.33855226601	843.844970703125
2283.60386948691	842.315002441406
2285.86851382782	842.164978027344
2288.1324855667	842.044982910156
2290.39578498136	842.570007324219
2292.65841234945	842.60498046875
2294.92036794847	842.674987792969
2297.18165205578	842.744995117188
2299.44226494856	843.119995117188
2301.70220690387	842.780029296875
2303.96147819859	842.871704101563
2306.22007910947	842.963317871094
2308.47800991309	843.054992675781
2310.73527088589	842.820007324219
2312.99186230416	842.335021972656
2315.24778444403	844.109985351563
2317.50303758149	844.534973144531
2319.75762199235	844.385009765625
2322.01153795231	844.351684570313
2324.26478573689	844.318298339844
2326.51736562147	844.284973144531
2328.76927788127	844.159973144531
2331.02052279137	844.549987792969
2333.2711006267	844.674987792969
2335.52101166203	844.799987792969
2337.77025617198	844.924987792969
2340.01883443103	844.219970703125
2342.2667467135	843.155029296875
2344.51399329356	843.554992675781
2346.76057444525	843.570007324219
2349.00649044241	842.450012207031
2351.2517415588	843
2353.49632806796	842.880004882813
2355.74025024334	842.945007324219
2357.98350835819	842.364990234375
2360.22610268566	842.60498046875
2362.4680334987	842.344970703125
2364.70930107016	842.085021972656
2366.94990567269	842.455017089844
2369.18984757884	842.690002441406
2371.42912706098	841.914978027344
2373.66774439134	841.094970703125
2375.90569984199	841.719970703125
2378.14299368488	841.614990234375
2380.37962619179	841.510009765625
2382.61559763435	841.599975585938
2384.85090828405	843.090026855469
2387.08555841222	844.255004882813
2389.31954829006	843.660034179688
2391.55287818861	843.065002441406
2393.78554837877	843.015014648438
2396.01755913128	841.724975585938
2398.24891071673	840.669982910156
2400.47960340558	842.784973144531
2402.70963746814	841.885009765625
2404.93901317456	842.025024414063
2407.16773079485	843.705017089844
2409.39579059887	843.839965820313
2411.62319285633	843.974975585938
2413.84993783681	842.965026855469
2416.07602580971	840.835021972656
2418.30145704432	841.39501953125
2420.52623180977	842.760009765625
2422.75035037503	844.155029296875
2424.97381300893	844.674987792969
2427.19661998017	843.905029296875
2429.41877155729	843.789978027344
2431.64026800867	844.35498046875
2433.86110960257	843.265014648438
2436.08129660709	842.945007324219
2438.30082929019	843.309997558594
2440.51970791967	843.919982910156
2442.73793276321	842.625
2444.95550408832	843.434997558594
2447.17242216237	843.109985351563
2449.38868725259	843.265014648438
2451.60429962607	843.419982910156
2453.81925954975	843.080017089844
2456.03356729041	842.690002441406
2458.2472231147	842.775024414063
2460.46022728913	842.215026855469
2462.67258008005	842.880004882813
2464.88428175368	843.202514648438
2467.09533257608	843.525024414063
2469.30573281318	843.840026855469
2471.51548273076	843.409973144531
2473.72458259445	842.27001953125
2475.93303266974	842.034973144531
2478.14083322198	843.02001953125
2480.34798451637	845.030029296875
2482.55448681797	844.940002441406
2484.76034039169	844.39501953125
2486.96554550231	844.539978027344
2489.17010241445	843.804992675781
2491.37401139259	843.924987792969
2493.57727270109	844.150024414063
2495.77988660412	844.710021972656
2497.98185336574	845.525024414063
2500.18317324987	845.515014648438
2502.38384652028	843.684997558594
2504.58387344058	843.445007324219
2506.78325427425	843.744995117188
2508.98198928465	843.125
2511.18007873495	844.085021972656
2513.37752288821	844.515014648438
2515.57432200735	844.005004882813
2517.77047635514	845.065002441406
2519.96598619419	844.965026855469
2522.16085178699	845.780029296875
2524.35507339589	846.674987792969
2526.54865128308	845.974975585938
2528.74158571062	844.650024414063
2530.93387694042	842.97998046875
2533.12552523427	842.599975585938
2535.31653085379	845.184997558594
2537.50689406046	845.734985351563
2539.69661511566	845.385009765625
2541.88569428057	844.859985351563
2544.07413181627	845.864990234375
2546.26192798368	845.3349609375
2548.44908304359	844.804992675781
2550.63559725664	844.940002441406
2552.82147088333	845.765014648438
2555.00670418402	845.614990234375
2557.19129741894	845.58251953125
2559.37525084817	845.549987792969
2561.55856473164	845.400024414063
2563.74123932917	845.75
2565.92327490039	846.099975585938
2568.10467170484	846.695007324219
2570.28543000189	846.434997558594
2572.46555005079	845.859985351563
2574.64503211063	846.224975585938
2576.82387644036	847.380004882813
2579.00208329882	847.655029296875
2581.17965294468	848.054992675781
2583.35658563648	846.934997558594
2585.53288163263	847.695007324219
2587.70854119137	846.864990234375
2589.88356457084	845.715026855469
2592.05795202902	844.700012207031
2594.23170382376	845.075012207031
2596.40482021275	846.205017089844
2598.57730145356	846.565002441406
2600.74914780363	847.794982910156
2602.92035952023	847.405029296875
2605.09093686053	847.015014648438
2607.26088008153	846.575012207031
2609.4301894401	847.094970703125
2611.59886519299	848.914978027344
2613.76690759678	849.159973144531
2615.93431690793	849.719970703125
2618.10109338277	850.419982910156
2620.26723727748	850.784973144531
2622.4327488481	850.510009765625
2624.59762835054	850.234985351563
2626.76187604057	850.034973144531
2628.92549217382	851.164978027344
2631.08847700579	851.945007324219
2633.25083079182	851.739990234375
2635.41255378715	853.349975585938
2637.57364624684	853.012451171875
2639.73410842586	852.674987792969
2641.893940579	851.75
2644.05314296094	852.219970703125
2646.21171582621	853.414978027344
2648.36965942921	854.065002441406
2650.5269740242	852.945007324219
2652.6836598653	854.559997558594
2654.83971720651	855.034973144531
2656.99514630167	853.960021972656
2659.1499474045	854.320007324219
2661.30412076857	854.919982910156
2663.45766664734	854.890014648438
2665.61058529411	855.010009765625
2667.76287696204	856.184997558594
2669.91454190418	857.135009765625
2672.06558037342	857.35498046875
2674.21599262253	857.299987792969
2676.36577890413	857.244995117188
2678.51493947072	858.380004882813
2680.66347457466	857.640014648438
2682.81138446816	858.10498046875
2684.95866940332	859.27001953125
2687.10532963209	859.280029296875
2689.25136540628	859.60498046875
2691.39677697757	858.255004882813
2693.54156459752	857.690002441406
2695.68572851753	857.864990234375
2697.82926898888	859.780029296875
2699.97218626272	860.190002441406
2702.11448059006	859.969970703125
2704.25615222175	860.994995117188
2706.39720140856	862.919982910156
2708.53762840109	864
2710.67743344979	865.309997558594
2712.81661680503	865.414978027344
2714.95517871698	867.059997558594
2717.09311943574	867.919982910156
2719.23043921123	871
2721.36713829325	871.335021972656
2723.50321693148	871.554992675781
2725.63867537545	874.094970703125
2727.77351387456	876.530029296875
2729.90773267809	877.465026855469
2732.04133203516	876.612548828125
2734.17431219478	875.760009765625
2736.30667340581	875.349975585938
2738.438415917	875.625
2740.56953997695	874.585021972656
2742.70004583414	874.809997558594
2744.82993373688	875.900024414063
2746.9592039334	874.39501953125
2749.08785667177	872.445007324219
2751.21589219993	872.715026855469
2753.34331076568	872.410034179688
2755.4701126167	872.10498046875
2757.59629800054	871.169982910156
2759.7218671646	869.25
2761.84682035617	869.844970703125
2763.9711578224	870.299987792969
2766.0948798103	869.210021972656
2768.21798656676	868.159973144531
2770.34047833852	870.005004882813
2772.46235537222	869.565002441406
2774.58361791434	869.125
2776.70426621124	869.065002441406
2778.82430050915	868.844970703125
2780.94372105416	868.460021972656
2783.06252809224	869.510009765625
2785.18072186922	869.424987792969
2787.29830263081	867.094970703125
2789.41527062257	866.044982910156
2791.53162608996	866.674987792969
2793.64736927828	866.934997558594
2795.76250043271	867.369995117188
2797.8770197983	867.804992675781
2799.99092761997	866.984985351563
2802.10422414252	867.804992675781
2804.21690961059	868.659973144531
2806.32898426873	868.909973144531
2808.44044836132	870.109985351563
2810.55130213264	871.744995117188
2812.66154582682	873.849975585938
2814.77117968788	875.424987792969
2816.8802039597	875.97998046875
2818.98861888601	878.275024414063
2821.09642471046	881.075012207031
2823.20362167653	883.744995117188
2825.31021002756	887.02001953125
2827.41619000682	890.14501953125
2829.52156185738	892.530029296875
2831.62632582224	895.114990234375
2833.73048214422	898.674987792969
2835.83403106606	902.489990234375
2837.93697283033	906.5
2840.03930767951	909.299987792969
2842.1410358559	917.534973144531
2844.24215760173	926.125
2846.34267315905	938.835021972656
2848.44258276982	949.840026855469
2850.54188667585	961.380004882813
2852.64058511883	977.164978027344
2854.73867834032	995.025024414063
2856.83616658175	1008.86999511719
2858.93305008443	1026.26501464844
2861.02932908952	1042.79504394531
2863.12500383809	1059.02502441406
2865.22007457104	1080.98498535156
2867.31454152918	1107.30004882813
2869.40840495316	1130.17004394531
2871.50166508353	1159.42004394531
2873.59432216069	1190.70495605469
2875.68637642493	1215.42004394531
2877.77782811641	1228.9599609375
2879.86867747515	1240.43005371094
2881.95892474105	1252.7900390625
2884.0485701539	1258
2886.13761395333	1260.51501464844
2888.22605637886	1261.57495117188
2890.3138976699	1261.27502441406
2892.40113806571	1268.6650390625
2894.48777780544	1281.05004882813
2896.57381712808	1292.76000976563
2898.65925627254	1311.86499023438
2900.74409547758	1323.90002441406
2902.82833498183	1323.97497558594
2904.9119750238	1332.01000976563
2906.99501584188	1346.86999511719
2909.07745767432	1364.32495117188
2911.15930075925	1383.43994140625
2913.24054533469	1408.79504394531
2915.3211916385	1430.7900390625
2917.40123990846	1449.38000488281
2919.48069038217	1481.80004882813
2921.55954329716	1511.43505859375
2923.63779889079	1532.94494628906
2925.71545740033	1559.3349609375
2927.79251906289	1581.93505859375
2929.86898411548	1598.75500488281
2931.94485279498	1607.85498046875
2934.02012533815	1623.28503417969
2936.0948019816	1623.26501464844
2938.16888296184	1623.24499511719
2940.24236851525	1623.22497558594
2942.31525887809	1618.69494628906
2944.38755428648	1604.59997558594
2946.45925497643	1588.39001464844
2948.53036118382	1553.56494140625
2950.6008731444	1519.58996582031
2952.67079109381	1485.22497558594
2954.74011526755	1452.32995605469
2956.80884590101	1423.90002441406
2958.87698322944	1410.85998535156
2960.94452748799	1408.18005371094
2963.01147891167	1395.23999023438
2965.07783773535	1376.74499511719
2967.14360419382	1361.50500488281
2969.2087785217	1345.55505371094
2971.27336095352	1331.85498046875
2973.33735172366	1319.65002441406
2975.40075106641	1307.65002441406
2977.46355921591	1287.60998535156
2979.52577640618	1265.71997070313
2981.58740287112	1256.07995605469
2983.64843884452	1247.15502929688
2985.70888456003	1234.8349609375
2987.76874025117	1219.9599609375
2989.82800615137	1199.63000488281
2991.88668249391	1180.43005371094
2993.94476951194	1163.18005371094
2996.00226743852	1145.32495117188
2998.05917650657	1123.43994140625
3000.11549694887	1105.46496582031
3002.17122899812	1088.46997070313
3004.22637288685	1071.29504394531
3006.2809288475	1055.41003417969
3008.33489711238	1038.78002929688
3010.38827791368	1021.38500976563
3012.44107148345	1012.82501220703
3014.49327805366	1002.09997558594
3016.5448978561	989.830017089844
3018.59593112249	980.359985351563
3020.64637808441	973.224975585938
3022.6962389733	964.284973144531
3024.74551402051	959.054992675781
3026.79420345725	954.905029296875
3028.84230751461	950.224975585938
3030.88982642357	945.10498046875
3032.93676041497	943.27001953125
3034.98310971955	942.284973144531
3037.02887456791	943.239990234375
3039.07405519054	944.255004882813
3041.11865181781	946.200012207031
3043.16266467996	947.875
3045.20609400713	950.034973144531
3047.24894002932	951.599975585938
3049.2912029764	954.739990234375
3051.33288307815	956.489990234375
3053.37398056421	959.625
3055.41449566411	963.489990234375
3057.45442860725	971.150024414063
3059.49377962291	979.784973144531
3061.53254894026	989.734985351563
3063.57073678834	994.75
3065.60834339607	995.75
3067.64536899227	993.945007324219
3069.68181380561	991.340026855469
3071.71767806467	985.210021972656
3073.75296199788	975.390014648438
3075.78766583357	964.414978027344
3077.82178979997	957.315002441406
3079.85533412513	950.530029296875
3081.88829903705	944.89501953125
3083.92068476356	938.039978027344
3085.95249153241	929.960021972656
3087.98371957119	925.630004882813
3090.01436910741	920.015014648438
3092.04444036844	915.780029296875
3094.07393358152	913.835021972656
3096.10284897381	911.715026855469
3098.13118677232	909.525024414063
3100.15894720395	909.955017089844
3102.18613049548	907.840026855469
3104.21273687357	906.494995117188
3106.23876656477	904.744995117188
3108.2642197955	905.465026855469
3110.28909679208	904.9775390625
3112.31339778069	904.489990234375
3114.33712298741	903.344970703125
3116.36027263819	904.515014648438
3118.38284695887	904.544982910156
3120.40484617516	905.164978027344
3122.42627051268	905.929992675781
3124.4471201969	906.934997558594
3126.46739545319	908.109985351563
3128.4870965068	908.260009765625
3130.50622358287	908.409973144531
3132.5247769064	907.409973144531
3134.54275670229	908.869995117188
3136.56016319534	911.669982910156
3138.57699661019	911.765014648438
3140.59325717139	912.005004882813
3142.60894510338	911.280029296875
3144.62406063047	910.859985351563
3146.63860397686	907.684997558594
3148.65257536662	909.905029296875
3150.66597502371	910.965026855469
3152.67880317199	910.710021972656
3154.69106003518	913.47998046875
3156.70274583691	913.960021972656
3158.71386080065	914.184997558594
3160.72440514981	916.609985351563
3162.73437910763	919.919982910156
3164.74378289728	920.984985351563
3166.75261674179	921.109985351563
3168.76088086407	922.809997558594
3170.76857548692	923.530029296875
3172.77570083303	927.565002441406
3174.78225712498	927.919982910156
3176.78824458521	926.715026855469
3178.79366343607	927.844970703125
3180.79851389977	929.059997558594
3182.80279619844	930.880004882813
3184.80651055405	932.804992675781
3186.80965718849	933.460021972656
3188.81223632353	935.835021972656
3190.81424818081	938.635009765625
3192.81569298186	939.799987792969
3194.8165709481	939.890014648438
3196.81688230084	940.974975585938
3198.81662726126	944.739990234375
3200.81580605044	946.52001953125
3202.81441888933	947.825012207031
3204.81246599879	947.455017089844
3206.80994759954	949.60498046875
3208.80686391219	952.64501953125
3210.80321515726	954.960021972656
3212.79900155512	955.505004882813
3214.79422332605	959.090026855469
3216.78888069021	959.239990234375
3218.78297386765	961.619995117188
3220.77650307828	963.89501953125
3222.76946854195	967.010009765625
3224.76187047834	967.820007324219
3226.75370910705	970.239990234375
3228.74498464755	972.849975585938
3230.73569731921	976.400024414063
3232.72584734127	976.844970703125
3234.71543493287	975.419982910156
3236.70446031304	975.859985351563
3238.69292370068	977.609985351563
3240.68082531459	978.705017089844
3242.66816537345	980.465026855469
3244.65494409583	984.02001953125
3246.6411617002	987.140014648438
3248.62681840488	990.239990234375
3250.61191442812	991.525024414063
3252.59644998804	991.909973144531
3254.58042530263	990.224975585938
3256.56384058979	992.099975585938
3258.54669606731	995.114990234375
3260.52899195285	998.804992675781
3262.51072846396	999.445007324219
3264.4919058181	999.765014648438
3266.47252423259	1003.82000732422
3268.45258392464	1006.53497314453
3270.43208511138	1010.34497070313
3272.41102800978	1011.92999267578
3274.38941283675	1015.36999511719
3276.36723980904	1018.34002685547
3278.34450914332	1020.43499755859
3280.32122105613	1026.13000488281
3282.29737576392	1030.48999023438
3284.272973483	1030.05004882813
3286.24801442958	1030.99499511719
3288.22249881978	1032.84997558594
3290.19642686957	1031.67504882813
3292.16979879485	1032.3349609375
3294.14261481136	1034.08996582031
3296.11487513478	1038.9599609375
3298.08657998065	1039.23498535156
3300.0577295644	1035.78503417969
3302.02832410136	1031.68994140625
3303.99836380673	1031.30249023438
3305.96784889563	1030.9150390625
3307.93677958303	1030.16003417969
3309.90515608383	1030.03002929688
3311.87297861278	1032.07995605469
3313.84024738456	1035.69494628906
3315.80696261371	1033.89501953125
3317.77312451466	1032.93994140625
3319.73873330175	1028.47497558594
3321.70378918919	1023.67999267578
3323.66829239109	1021.59497070313
3325.63224312145	1023.79998779297
3327.59564159416	1025.30505371094
3329.55848802299	1025.9599609375
3331.52078262162	1026.61499023438
3333.4825256036	1024.67504882813
3335.44371718237	1024.47998046875
3337.40435757128	1024.28503417969
3339.36444698356	1023.58502197266
3341.32398563232	1020.58502197266
3343.28297373058	1018.89001464844
3345.24141149124	1020.78497314453
3347.19929912709	1020.66748046875
3349.15663685081	1020.54998779297
3351.11342487497	1018.40502929688
3353.06966341204	1018.78497314453
3355.02535267437	1017.28997802734
3356.98049287421	1017.20501708984
3358.9350842237	1018.21997070313
3360.88912693486	1019.96002197266
3362.84262121962	1022.70501708984
3364.79556728978	1025.05505371094
3366.74796535705	1022.32501220703
3368.69981563302	1019.51501464844
3370.65111832917	1015.91998291016
3372.60187365689	1014.27001953125
3374.55208182744	1017.53497314453
3376.50174305198	1018.07000732422
3378.45085754157	1013.64501953125
3380.39942550714	1016.22497558594
3382.34744715954	1018.67999267578
3384.29492270949	1015.53497314453
3386.24185236761	1011.04998779297
3388.18823634442	1009.02001953125
3390.13407485031	1009.74499511719
3392.07936809559	1012.0400390625
3394.02411629045	1014.33502197266
3395.96831964496	1010.58001708984
3397.91197836911	1005.01000976563
3399.85509267275	1002.98999023438
3401.79766276564	1001.22998046875
3403.73968885745	1001.50500488281
3405.68117115771	1002.90502929688
3407.62210987586	1003.56005859375
3409.56250522123	1004.21502685547
3411.50235740305	1001.99499511719
3413.44166663043	999.755004882813
3415.38043311238	998.840026855469
3417.3186570578	998.820007324219
3419.2563386755	997.585021972656
3421.19347817415	998.755004882813
3423.13007576235	999.049987792969
3425.06613164857	999.344970703125
3427.00164604118	997.284973144531
3428.93661914844	994.510009765625
3430.87105117852	995.570007324219
3432.80494233945	995.220031738281
3434.73829283919	994.869995117188
3436.67110288558	994.52001953125
3438.60337268634	994.460021972656
3440.53510244911	993.065002441406
3442.4662923814	991.085021972656
3444.39694269064	988.924987792969
3446.32705358412	985.89501953125
3448.25662526905	984.820007324219
3450.18565795254	986.400024414063
3452.11415184156	986.412475585938
3454.04210714302	986.424987792969
3455.96952406369	986.494995117188
3457.89640281024	985.719970703125
3459.82274358924	986.684997558594
3461.74854660717	983.135009765625
3463.67381207038	980.195007324219
3465.59854018513	979.169982910156
3467.52273115756	978.955017089844
3469.44638519373	975.200012207031
3471.36950249956	969.570007324219
3473.29208328091	965.315002441406
3475.21412774349	963.700012207031
3477.13563609293	963.010009765625
3479.05660853476	958.875
3480.97704527438	958.140014648438
3482.89694651712	957.215026855469
3484.81631246818	957.304992675781
3486.73514333266	956.22998046875
3488.65343931557	954.344970703125
3490.57120062179	954.960021972656
3492.48842745612	950.039978027344
3494.40512002324	946.320007324219
3496.32127852773	942.914978027344
3498.23690317408	942.635009765625
3500.15199416666	941.684997558594
3502.06655170974	940.309997558594
3503.98057600749	939.440002441406
3505.89406726396	935.869995117188
3507.80702568312	932.349975585938
3509.71945146883	930.294982910156
3511.63134482483	926.304992675781
3513.54270595478	922.465026855469
3515.45353506222	922.304992675781
3517.3638323506	920.840026855469
3519.27359802324	920.455017089844
3521.1828322834	918.60498046875
3523.09153533419	917.205017089844
3524.99970737866	914.309997558594
3526.90734861972	910.335021972656
3528.81445926021	908.294982910156
3530.72103950283	908.099975585938
3532.62708955022	906.864990234375
3534.53260960488	902.424987792969
3536.43759986923	897.909973144531
3538.34206054558	894.465026855469
3540.24599183613	893.275024414063
3542.149393943	892.469970703125
3544.05226706817	890.034973144531
3545.95461141357	888.539978027344
3547.85642718097	887.594970703125
3549.75771457208	884.275024414063
3551.6584737885	882.679992675781
3553.55870503171	880.64501953125
3555.4584085031	879.559997558594
3557.35758440396	875.755004882813
3559.25623293548	875.89501953125
3561.15435429874	873.010009765625
3563.05194869473	871.150024414063
3564.94901632432	870.684997558594
3566.84555738829	869.590026855469
3568.74157208732	867.239990234375
3570.63706062199	866.320007324219
3572.53202319277	866.64501953125
3574.42646000003	865.890014648438
3576.32037124406	863.414978027344
3578.213757125	862.534973144531
3580.10661784295	862.22998046875
3581.99895359786	859.64501953125
3583.8907645896	856.690002441406
3585.78205101794	855.619995117188
3587.67281308254	856.150024414063
3589.56305098297	855.094970703125
3591.4527649187	852.830017089844
3593.34195508907	852.25
3595.23062169338	851.840026855469
3597.11876493075	851.809997558594
3599.00638500027	849.22998046875
3600.89348210089	846.424987792969
3602.78005643148	844.52001953125
3604.66610819078	844.744995117188
3606.55163757747	844.35498046875
3608.4366447901	842.650024414063
3610.32113002713	841.109985351563
3612.20509348693	840.549987792969
3614.08853536774	838.210021972656
3615.97145586773	837.505004882813
3617.85385518497	837.200012207031
3619.7357335174	835.780029296875
3621.61709106289	834.375
3623.4979280192	832.664978027344
3625.37824458399	829.815002441406
3627.25804095482	830.215026855469
3629.13731732915	830.825012207031
3631.01607390435	829.255004882813
3632.89431087767	827.244995117188
3634.77202844629	826.099975585938
3636.64922680726	824.844970703125
3638.52590615754	824.765014648438
3640.40206669402	823.905029296875
3642.27770861344	823.505004882813
3644.15283211248	822.97998046875
3646.02743738771	820.875
3647.90152463559	819.669982910156
3649.77509405251	819.690002441406
3651.64814583473	818.890014648438
3653.52068017842	818.52001953125
3655.39269727965	821.849975585938
3657.26419733442	817.289978027344
3659.13518053858	814.85498046875
3661.00564708793	813.619995117188
3662.87559717814	812.429992675781
3664.7450310048	811.224975585938
3666.61394876338	810.900024414063
3668.48235064928	810.840026855469
3670.35023685779	810.424987792969
3672.21760758409	809.900024414063
3674.08446302327	808.489990234375
3675.95080337033	808.280029296875
3677.81662882017	806.349975585938
3679.68193956758	806.325012207031
3681.54673580727	805.445007324219
3683.41101773383	803.659973144531
3685.27478554178	803.989990234375
3687.13803942551	803.054992675781
3689.00077957934	801.025024414063
3690.86300619748	800.775024414063
3692.72471947405	800.869995117188
3694.58591960306	799.830017089844
3696.44660677844	799.299987792969
3698.306781194	798.594970703125
3700.16644304348	798.419982910156
3702.02559252049	798.684997558594
3703.88422981859	798.960021972656
3705.74235513119	796.809997558594
3707.59996865164	796.070007324219
3709.45707057318	795.515014648438
3711.31366108895	795.10498046875
3713.16974039199	794.559997558594
3715.02530867527	794.575012207031
3716.88036613164	794.315002441406
3718.73491295385	793.119995117188
3720.58894933456	793.575012207031
3722.44247546634	793.164978027344
3724.29549154166	792.195007324219
3726.14799775289	791.705017089844
3727.9999942923	790.840026855469
3729.85148135209	790.315002441406
3731.70245912432	789.525024414063
3733.55292780098	790.090026855469
3735.40288757397	789.724975585938
3737.25233863509	789.359985351563
3739.10128117603	789.385009765625
3740.9497153884	789.544982910156
3742.7976414637	788.940002441406
3744.64505959335	787.974975585938
3746.49196996866	788.135009765625
3748.33837278086	788.237548828125
3750.18426822108	788.340026855469
3752.02965648033	787.955017089844
3753.87453774956	787.710021972656
3755.7189122196	787.815002441406
3757.5627800812	788.065002441406
3759.40614152501	788.885009765625
3761.24899674159	788.835021972656
3763.09134592138	788.614990234375
3764.93318925476	787.284973144531
3766.77452693199	788.030029296875
3768.61535914325	788.10498046875
3770.45568607861	787.635009765625
3772.29550792807	788.005004882813
3774.1348248815	786.640014648438
3775.9736371287	786.289978027344
3777.81194485938	786.700012207031
