32.6816976106991	718.150024414063
35.6535599501435	718.150024414063
38.6244374909659	718.169982910156
41.5943306947054	718.075012207031
44.5632400226282	717.965026855469
47.5311659356917	717.914978027344
50.4981088945929	717.885009765625
53.4640693597127	717.864990234375
56.4290477911676	717.914978027344
59.3930446487746	717.844970703125
62.356060392067	717.609985351563
65.3180954802906	717.799987792969
68.2791503724084	717.679992675781
71.2392255270922	717.820007324219
74.1983214027271	717.505004882813
77.1564384574159	717.554992675781
80.113577148983	717.60498046875
83.0697379349549	717.64501953125
86.0249212725722	717.695007324219
88.9791276188058	717.719970703125
91.9323574303255	717.712524414063
94.8846111635238	717.705017089844
97.8358892745121	717.89501953125
100.786192219114	717.835021972656
103.73552045287	717.849975585938
106.683874431037	717.864990234375
109.631254608583	718.119995117188
112.577661440203	718.114990234375
115.523095380307	718.284973144531
118.467556883015	718.849975585938
121.411046402175	719.405029296875
124.353564391344	720.065002441406
127.295111303796	721.835021972656
130.235687592532	724.960021972656
133.175293710265	729.940002441406
136.113930109434	738.179992675781
139.051597242185	752.900024414063
141.98829556039	773.705017089844
144.92402551564	800.52001953125
147.858787559244	832.64501953125
150.792582142239	865.375
153.725409715372	897.715026855469
156.65727072911	923.625
159.588165633643	944.52001953125
162.518094878884	958.25
165.447058914469	968.784973144531
168.375058189747	974.119995117188
171.302093153792	975.77001953125
174.228164255401	973.804992675781
177.153271943091	970.080017089844
180.077416665101	969.549987792969
183.000598869394	968.179992675781
185.922819003656	967.35498046875
188.84407751529	968.325012207031
191.764374851424	972.650024414063
194.683711458919	973.960021972656
197.60208778434	974.349975585938
200.519504273992	977.085021972656
203.435961373894	984.35498046875
206.351459529801	992.35498046875
209.265999187174	998.030029296875
212.179580791207	1012.73498535156
215.092204786825	1028.19494628906
218.003871618673	1043.21496582031
220.914581731116	1058.71997070313
223.824335568247	1068.46496582031
226.733133573893	1077.18505859375
229.640976191593	1086.57495117188
232.547863864614	1096.75
235.453797035961	1104.19494628906
238.358776148354	1105.11499023438
241.26280164424	1109.0400390625
244.1658739658	1112.2900390625
247.067993554929	1111.07995605469
249.969160853266	1106.99499511719
252.869376302162	1103.73498535156
255.768640342707	1099.02001953125
258.666953415705	1094.14001464844
261.564315961705	1092.29504394531
264.46072842097	1090.84497070313
267.356191233499	1083.65002441406
270.25070483901	1077.85498046875
273.144269676967	1078.46997070313
276.036886186551	1079.16003417969
278.928554806671	1078.71997070313
281.819275975966	1071.52502441406
284.709050132812	1070.13000488281
287.597877715306	1071.42504882813
290.485759161281	1068.6650390625
293.372694908298	1068.19494628906
296.258685393644	1063.51000976563
299.143731054352	1059.94995117188
302.027832327156	1057.30505371094
304.910989648557	1055.53503417969
307.79320345476	1057.31994628906
310.674474181717	1058.68005371094
313.554802265101	1058.25
316.434188140326	1054.78002929688
319.312632242533	1056.72998046875
322.190135006593	1056.07995605469
325.066696867117	1053.02001953125
327.942318258443	1051.29504394531
330.816999614641	1050.40502929688
333.690741369517	1046.75
336.56354395661	1046.44995117188
339.435407809193	1045.11999511719
342.306333360273	1043.32995605469
345.176321042591	1040.8349609375
348.045371288612	1037.07495117188
350.913484530551	1033.77502441406
353.78066120035	1032.66003417969
356.64690172969	1031.13500976563
359.512206549972	1031.70495605469
362.376576092357	1027.65502929688
365.240010787716	1025.60498046875
368.102511066677	1025.30004882813
370.964077359587	1025.54504394531
373.82471009654	1026.32995605469
376.684409707364	1026.07995605469
379.543176621612	1022.80999755859
382.401011268595	1018.44000244141
385.257914077343	1021.17498779297
388.113885476627	1023.66998291016
390.968925894961	1026.04504394531
393.823035760591	1024.67004394531
396.676215501503	1026.67004394531
399.528465545415	1033.10498046875
402.379786319791	1037.84497070313
405.230178251834	1043.56994628906
408.079641768472	1049.98498535156
410.928177296387	1054.06005859375
413.775785261992	1055.67004394531
416.622466091445	1058.0849609375
419.468220210631	1059.38000488281
422.313048045182	1061.17004394531
425.156950020479	1064.82995605469
427.999926561623	1063.35498046875
430.841978093471	1063.52001953125
433.683105040613	1062.35498046875
436.523307827384	1060.5
439.362586877851	1057.52001953125
442.200942615829	1053.61999511719
445.038375464876	1053.11999511719
447.874885848283	1053.02502441406
450.710474189089	1051.73999023438
453.54514091007	1050.51501464844
456.37888643375	1048.33996582031
459.211711182386	1046.26000976563
462.043615577986	1044.625
464.874600042297	1044.61499023438
467.704664996804	1042.58996582031
470.533810862741	1042.75
473.36203806108	1038.48498535156
476.189347012547	1035.41003417969
479.015738137594	1035.61999511719
481.841211856432	1032.43994140625
484.665768589008	1031.99499511719
487.489408755009	1036.71496582031
490.312132773878	1046.63000488281
493.133941064796	1050.13500976563
495.954834046683	1050.53503417969
498.77481213821	1050.10998535156
501.593875757797	1050.05493164063
504.412025323601	1050
507.229261253524	1049.94494628906
510.045583965226	1048.1650390625
512.860993876093	1047.89501953125
515.675491403271	1048.205078125
518.489076963649	1048.51501464844
521.301750973863	1046.84497070313
524.113513850293	1042.08996582031
526.924366009065	1036.47998046875
529.734307866052	1035.73498535156
532.543339836881	1032.51000976563
535.35146233692	1030.75500488281
538.158675781281	1025.09997558594
540.964980584833	1020.19000244141
543.770377162182	1015.63500976563
546.574865927692	1012.86499023438
549.378447295465	1013.61999511719
552.181121679365	1009.67999267578
554.982889492993	1003.20501708984
557.783751149701	1000.82000732422
560.583707062591	1000.20501708984
563.38275764452	999.239990234375
566.180903308083	997.469970703125
568.978144465633	996.815002441406
571.774481529266	996.77001953125
574.569914910839	993.215026855469
577.364445021949	990.789978027344
580.158072273946	990.070007324219
582.950797077926	986.784973144531
585.742619844752	983.804992675781
588.533540985018	980.530029296875
591.323560909078	978.869995117188
594.112680027034	979.294982910156
596.90089874875	981.820007324219
599.688217483828	978.484985351563
602.474636641629	975.044982910156
605.260156631263	971.630004882813
608.044777861596	971.820007324219
610.828500741241	971.659973144531
613.611325678567	973.25
616.393253081697	976.174987792969
619.174283358506	975.85498046875
621.954416916616	980.664978027344
624.733654163414	982.200012207031
627.511995506029	980.195007324219
630.289441351351	978.460021972656
633.065992106022	974.679992675781
635.841648176434	970.02001953125
638.616409968744	967.89501953125
641.390277888847	969.474975585938
644.163252342408	973.885009765625
646.93533373484	977.775024414063
649.706522471307	980.364990234375
652.47681895674	981.539978027344
655.246223595811	980.614990234375
658.014736792957	978.10498046875
660.782358952371	980.205017089844
663.549090477999	978.934997558594
666.314931773542	977.664978027344
669.079883242452	977.289978027344
671.843945287955	975.424987792969
674.607118313019	975.97998046875
677.369402720366	976.458312988281
680.130798912488	976.936645507813
682.891307291627	977.414978027344
685.650928259784	974.489990234375
688.409662218708	974.094970703125
691.167509569927	975.364990234375
693.924470714705	973.655029296875
696.680546054078	972.815002441406
699.435735988832	973.117492675781
702.190040919516	973.419982910156
704.943461246442	974.289978027344
707.695997369667	976.75
710.447649689022	976.565002441406
713.198418604088	975.544982910156
715.948304514206	975.625
718.697307818481	977.164978027344
721.445428915779	979.099975585938
724.192668204716	981.265014648438
726.93902608368	980.425048828125
729.684502950805	979.585021972656
732.429099204005	976.864990234375
735.172815240936	980.424987792969
737.915651459026	982.544982910156
740.657608255463	982.320007324219
743.398686027186	982.614990234375
746.13888517091	985.059997558594
748.878206083102	988.570007324219
751.616649159998	990.695007324219
754.354214797584	990.309997558594
757.09090339162	992.625
759.826715337622	996.335021972656
762.561651030868	998.434997558594
765.295710866406	996.940002441406
768.028895239041	991.630004882813
770.761204543336	987.289978027344
773.492639173626	984.015014648438
776.223199524006	978.244995117188
778.952885988334	974.909973144531
781.681698960235	972.630004882813
784.40963883309	969.090026855469
787.136706000052	967.950012207031
789.862900854037	966.715026855469
792.588223787721	968.294982910156
795.312675193549	969.429992675781
798.036255463728	969.489990234375
800.758964990228	969.242492675781
803.480804164792	968.994995117188
806.201773378919	970.440002441406
808.921873023884	974.010009765625
811.641103490712	979.465026855469
814.359465170214	987.434997558594
817.076958452946	990.419982910156
819.793583729246	996.02001953125
822.509341389214	1005.00500488281
825.224231822712	1013.40502929688
827.938255419375	1022.86499023438
830.651412568596	1029.58996582031
833.363703659544	1034.89501953125
836.075129081157	1038.71997070313
838.785689222127	1043.90002441406
841.495384470928	1046.5
844.204215215788	1049.56994628906
846.912181844721	1054.67004394531
849.619284745491	1059.5400390625
852.325524305638	1065.41003417969
855.030900912475	1071.56994628906
857.735414953079	1073.22497558594
860.439066814289	1073.78002929688
863.141856882725	1071.6650390625
865.843785544769	1065.95495605469
868.544853186571	1056.73999023438
871.245060194063	1051.89001464844
873.944406952925	1047.31005859375
876.642893848625	1047.01501464844
879.340521266398	1049.15002441406
882.037289591241	1051.60498046875
884.733199207927	1056.88000488281
887.428250501001	1057.76501464844
890.122443854778	1057.830078125
892.815779653335	1057.89501953125
895.508258280534	1059.3349609375
898.199880119997	1066.13500976563
900.890645555129	1070.98999023438
903.580554969094	1075.70495605469
906.269608744832	1074.25500488281
908.957807265056	1071.43505859375
911.645150912257	1073.01501464844
914.331640068689	1068.78002929688
917.017275116375	1065.06494140625
919.702056437128	1067.1650390625
922.385984412518	1067.24499511719
925.069059423886	1068.9150390625
927.751281852366	1073.96496582031
930.432652078842	1080.60998535156
933.113170483983	1086.05004882813
935.79283744823	1094.6650390625
938.471653351806	1100.05505371094
941.149618574686	1102.93005371094
943.826733496641	1101.625
946.502998497206	1111.25500488281
949.178413955689	1106.95495605469
951.85298025118	1109.16003417969
954.526697762544	1108.44995117188
957.199566868403	1108.86999511719
959.87158794718	1107.83996582031
962.542761377054	1108.30004882813
965.213087535987	1103.40002441406
967.882566801719	1096.35498046875
970.551199551761	1093.03503417969
973.218986163399	1091.18994140625
975.885927013698	1087.76000976563
978.552022479501	1084.0400390625
981.217272937423	1077.64501953125
983.88167876386	1077.43994140625
986.545240334978	1084.08996582031
989.207958026729	1089.9599609375
991.869832214835	1101.11999511719
994.530863274798	1114.35998535156
997.191051581895	1133.2900390625
999.850397511185	1164.63000488281
1002.50890143751	1208.81994628906
1005.16656373546	1250.18005371094
1007.82338477944	1277.43505859375
1010.47936494363	1285.18994140625
1013.13450460195	1269.39001464844
1015.78880412815	1230.10998535156
1018.44226389572	1185.48999023438
1021.09488427794	1144.38500976563
1023.74666564789	1121.5
1026.3976083784	1110.10498046875
1029.04771284208	1104.01000976563
1031.69697941135	1102.69995117188
1034.34540845838	1108.32495117188
1036.99300035512	1111.02001953125
1039.63975547333	1113.83996582031
1042.28567418452	1113.47998046875
1044.93075685998	1107.67004394531
1047.57500387081	1102.02502441406
1050.21841558786	1102.17504882813
1052.86099238177	1106.0849609375
1055.50273462297	1107.97998046875
1058.14364268167	1110.89001464844
1060.78371692784	1117.70495605469
1063.42295773126	1121.82995605469
1066.06136546148	1131.2099609375
1068.69894048781	1139.68005371094
1071.33568317939	1144.2900390625
1073.9715939051	1145.26501464844
1076.60667303362	1142.48498535156
1079.24092093341	1138.46496582031
1081.87433797271	1134.79504394531
1084.50692451954	1123.85498046875
1087.13868094172	1122.19995117188
1089.76960760684	1118.18005371094
1092.39970488226	1118.56005859375
1095.02897313516	1116.32495117188
1097.65741273246	1112.76501464844
1100.28502404089	1109.06005859375
1102.91180742697	1107.11999511719
1105.53776325698	1107.50500488281
1108.16289189701	1107.5400390625
1110.78719371291	1103.82995605469
1113.41066907033	1105.84497070313
1116.0333183347	1108.47998046875
1118.65514187124	1110.42004394531
1121.27614004495	1110.40002441406
1123.89631322061	1109.53002929688
1126.51566176279	1111.39501953125
1129.13418603585	1113.10498046875
1131.75188640394	1114.07495117188
1134.36876323098	1111.09497070313
1136.98481688069	1102.13500976563
1139.60004771655	1091.26000976563
1142.21445610187	1073.9150390625
1144.82804239972	1059.99499511719
1147.44080697295	1049.31005859375
1150.05275018421	1045.26000976563
1152.66387239593	1045.81494140625
1155.27417397034	1049.57495117188
1157.88365526943	1052.95495605469
1160.49231665502	1057.8349609375
1163.10015848867	1062.52502441406
1165.70718113176	1060.31750488281
1168.31338494544	1058.10998535156
1170.91877029067	1056.61999511719
1173.52333752817	1060.07995605469
1176.12708701847	1060.69494628906
1178.73001912187	1058.68994140625
1181.33213419848	1056.47998046875
1183.93343260819	1056.22998046875
1186.53391471068	1052.48999023438
1189.13358086539	1049.63000488281
1191.73243143161	1042.79504394531
1194.33046676836	1041.57495117188
1196.92768723449	1040.81005859375
1199.52409318861	1046.15502929688
1202.11968498915	1056.33996582031
1204.7144629943	1063.89501953125
1207.30842756206	1074.90502929688
1209.90157905021	1084.17004394531
1212.49391781634	1093.125
1215.08544421779	1093.4150390625
1217.67615861174	1092.15002441406
1220.26606135512	1088.64501953125
1222.85515280468	1083.82995605469
1225.44343331694	1079.98498535156
1228.03090324823	1082.42004394531
1230.61756295466	1090.00500488281
1233.20341279213	1095.10498046875
1235.78845311634	1102.21496582031
1238.37268428278	1118.5400390625
1240.95610664673	1129.1650390625
1243.53872056325	1136.96997070313
1246.12052638722	1142.93994140625
1248.70152447329	1144.23498535156
1251.28171517591	1144
1253.86109884934	1144.98999023438
1256.43967584759	1142.32495117188
1259.0174465245	1143.21496582031
1261.5944112337	1146.05505371094
1264.1705703286	1146.69494628906
1266.74592416241	1152.53002929688
1269.32047308814	1155.43994140625
1271.89421745858	1157.65002441406
1274.46715762633	1163.77001953125
1277.03929394377	1161.7099609375
1279.61062676308	1159.65002441406
1282.18115643624	1157.31494140625
1284.75088331502	1157.99499511719
1287.31980775098	1152.34497070313
1289.88793009548	1154.81005859375
1292.45525069969	1155.9150390625
1295.02176991454	1147.07995605469
1297.58748809078	1138.46496582031
1300.15240557897	1137.71496582031
1302.71652272942	1143.41003417969
1305.27983989229	1149.90502929688
1307.84235741749	1159.30004882813
1310.40407565475	1166.08996582031
1312.9649949536	1173.68505859375
1315.52511566335	1179.76000976563
1318.08443813311	1181.75500488281
1320.64296271181	1185.81494140625
1323.20068974815	1193.53503417969
1325.75761959063	1192.13000488281
1328.31375258756	1191.53002929688
1330.86908908704	1193.29504394531
1333.42362943696	1193.98498535156
1335.97737398503	1192.57495117188
1338.53032307874	1192.97998046875
1341.08247706537	1194.33251953125
1343.63383629202	1195.68505859375
1346.18440110558	1193.82995605469
1348.73417185274	1188.03503417969
1351.28314887997	1183.40502929688
1353.83133253357	1164.54504394531
1356.37872315961	1148.77001953125
1358.92532110398	1137.1650390625
1361.47112671237	1121.60998535156
1364.01614033024	1105.49499511719
1366.56036230288	1101.64501953125
1369.10379297537	1093.68005371094
1371.64643269258	1083.93505859375
1374.18828179921	1075.02502441406
1376.72934063972	1065.11999511719
1379.2696095584	1058.95495605469
1381.80908889932	1057.76501464844
1384.34777900637	1056.14001464844
1386.88568022323	1057.19995117188
1389.42279289337	1053.22998046875
1391.95911736009	1054.32995605469
1394.49465396645	1055.52001953125
1397.02940305537	1058.86499023438
1399.5633649695	1064.75500488281
1402.09654005135	1065.74499511719
1404.6289286432	1070.84497070313
1407.16053108714	1074.70495605469
1409.69134772507	1076.67004394531
1412.22137889868	1077.21496582031
1414.75062494947	1079.76501464844
1417.27908621874	1080.6650390625
1419.80676304759	1081.92504882813
1422.33365577692	1083.32995605469
1424.85976474744	1087.9599609375
1427.38509029967	1090.15002441406
1429.90963277392	1094.26501464844
1432.4333925103	1097.72998046875
1434.95636984873	1105.2099609375
1437.47856512894	1120.01000976563
1439.99997869045	1137.88500976563
1442.5206108726	1155.84997558594
1445.04046201452	1179.07495117188
1447.55953245515	1203.10998535156
1450.07782253323	1230.47998046875
1452.59533258731	1234.53833007813
1455.11206295574	1238.5966796875
1457.62801397668	1242.65502929688
1460.14318598809	1242.68505859375
1462.65757932774	1229.47998046875
1465.1711943332	1210.98999023438
1467.68403134184	1193.39001464844
1470.19609069085	1169.7900390625
1472.70737271721	1148.55505371094
1475.21787775772	1123.02502441406
1477.72760614897	1093.83996582031
1480.23655822738	1063.56494140625
1482.74473432914	1036.58996582031
1485.25213479029	1010.85498046875
1487.75875994664	991.215026855469
1490.26461013382	976.724975585938
1492.76968568726	967.169982910156
1495.27398694222	957.799987792969
1497.77751423374	951.859985351563
1500.28026789667	947.054992675781
1502.78224826569	945.195007324219
1505.28345567526	942.669982910156
1507.78389045967	941.114990234375
1510.28355295299	938.650024414063
1512.78244348913	936.465026855469
1515.28056240178	936.099975585938
1517.77791002445	937.164978027344
1520.27448669047	937.544982910156
1522.77029273296	937.227478027344
1525.26532848486	936.909973144531
1527.75959427889	936.85498046875
1530.25309044764	937.097534179688
1532.74581732344	937.340026855469
1535.23777523847	936.744995117188
1537.72896452471	938.594970703125
1540.21938551394	939.109985351563
1542.70903853778	940.335021972656
1545.19792392761	944.734985351563
1547.68604201466	952.030029296875
1550.17339312997	958.474975585938
1552.65997760434	961.934997558594
1555.14579576845	963.489990234375
1557.63084795275	970.070007324219
1560.11513448749	972.590026855469
1562.59865570276	971.015014648438
1565.08141192845	969.880004882813
1567.56340349426	966.784973144531
1570.04463072969	964.179992675781
1572.52509396406	962.140014648438
1575.00479352652	963.885009765625
1577.48372974599	967.125
1579.96190295124	969.190002441406
1582.43931347083	971.224975585938
1584.91596163314	977.635009765625
1587.39184776636	982.10498046875
1589.86697219849	985.390014648438
1592.34133525734	987.929992675781
1594.81493727054	990.159973144531
1597.28777856553	992.580017089844
1599.75985946955	997.325012207031
1602.23118030968	1004.92498779297
1604.70174141278	1016.79998779297
1607.17154310555	1029.71496582031
1609.64058571449	1040.46997070313
1612.10886956591	1047.375
1614.57639498595	1051.06994628906
1617.04316230054	1050.84997558594
1619.50917183543	1050.63000488281
1621.97442391621	1046.60498046875
1624.43891886825	1039.79504394531
1626.90265701674	1033.03503417969
1629.36563868671	1028.92504882813
1631.82786420296	1030.00500488281
1634.28933389016	1028.46997070313
1636.75004807274	1037.60998535156
1639.21000707498	1048.06005859375
1641.66921122097	1057.38500976563
1644.12766083459	1069.57995605469
1646.58535623956	1083.38000488281
1649.04229775941	1100.08996582031
1651.4984857175	1113.78503417969
1653.95392043697	1130.375
1656.40860224079	1149.05004882813
1658.86253145177	1166.15502929688
1661.3157083925	1178.83996582031
1663.76813338542	1182.48498535156
1666.21980675275	1182.28503417969
1668.67072881656	1175.68005371094
1671.1208998987	1165.76501464844
1673.57032032089	1157.3349609375
1676.0189904046	1145.54504394531
1678.46691047118	1127.375
1680.91408084174	1110.60998535156
1683.36050183726	1096.19995117188
1685.8061737785	1076.43505859375
1688.25109698605	1054.03503417969
1690.69527178032	1034.29504394531
1693.13869848153	1019.02001953125
1695.58137740972	1002.72497558594
1698.02330888476	981.75
1700.46449322631	965.284973144531
1702.90493075388	950.174987792969
1705.34462178678	937.255004882813
1707.78356664414	927.679992675781
1710.22176564492	917.284973144531
1712.65921910787	909.294982910156
1715.0959273516	904.364990234375
1717.53189069449	900.369995117188
1719.9671094548	893.945007324219
1722.40158395054	890.875
1724.8353144996	889.309997558594
1727.26830141965	887.434997558594
1729.70054502819	887.094970703125
1732.13204564255	886.375
1734.56280357987	885.239990234375
1736.99281915711	883.684997558594
1739.42209269106	883.505004882813
1741.85062449831	883.575012207031
1744.27841489529	882.64501953125
1746.70546419823	880.429992675781
1749.13177272321	879.815002441406
1751.5573407861	879.940002441406
1753.98216870262	878.784973144531
1756.40625678828	878.914978027344
1758.82960535844	878.169982910156
1761.25221472825	878.094970703125
1763.67408521271	877.385009765625
1766.09521712663	876.349975585938
1768.51561078464	876.864990234375
1770.93526650119	875.820007324219
1773.35418459056	874.775024414063
1775.77236536684	874.960021972656
1778.18980914396	873.385009765625
1780.60651623565	874.309997558594
1783.02248695548	874.72998046875
1785.43772161684	875.359985351563
1787.85222053292	874.89501953125
1790.26598401677	872.724975585938
1792.67901238123	872.390014648438
1795.09130593899	871.594970703125
1797.50286500254	871.597473144531
1799.9136898842	871.599975585938
1802.32378089613	870.974975585938
1804.73313835028	870.015014648438
1807.14176255846	870.724975585938
1809.54965383228	870.590026855469
1811.95681248317	871.025024414063
1814.36323882242	870.789978027344
1816.76893316109	868.755004882813
1819.17389581011	868.304992675781
1821.57812708021	868.557495117188
1823.98162728196	868.809997558594
1826.38439672573	868.72998046875
1828.78643572174	868.679992675781
1831.18774458003	868.280029296875
1833.58832361045	868.635009765625
1835.98817312269	867.340026855469
1838.38729342625	865.320007324219
1840.78568483048	864.390014648438
1843.18334764454	863.965026855469
1845.58028217741	865.099975585938
1847.9764887379	866.609985351563
1850.37196763465	867.575012207031
1852.76671917613	867.330017089844
1855.16074367062	867.085021972656
1857.55404142624	867.700012207031
1859.94661275094	865.684997558594
1862.33845795247	864.820007324219
1864.72957733844	865.52001953125
1867.11997121627	864.75
1869.5096398932	863.77001953125
1871.89858367631	864.35498046875
1874.28680287251	864.97998046875
1876.67429778851	865.544982910156
1879.06106873089	865.179992675781
1881.44711600601	864.52001953125
1883.8324399201	864.469970703125
1886.21704077919	864.419982910156
1888.60091888915	864.205017089844
1890.98407455567	863.955017089844
1893.36650808428	865.349975585938
1895.74821978033	864.984985351563
1898.12920994899	865.700012207031
1900.50947889527	864.424987792969
1902.88902692401	863.164978027344
1905.26785433986	863.775024414063
1907.64596144734	864.195007324219
1910.02334855075	864.184997558594
1912.40001595424	863.905029296875
1914.7759639618	864.460021972656
1917.15119287724	862.369995117188
1919.52570300419	863.609985351563
1921.89949464611	864.090026855469
1924.27256810632	864.409973144531
1926.64492368793	864.625
1929.0165616939	865.335021972656
1931.38748242701	865.434997558594
1933.75768618989	865.484985351563
1936.12717328497	865.494995117188
1938.49594401455	865.505004882813
1940.86399868071	865.515014648438
1943.23133758541	864.890014648438
1945.5979610304	864.75
1947.96386931729	864.02001953125
1950.32906274751	864.505004882813
1952.69354162232	863.77001953125
1955.0573062428	863.174987792969
1957.42035690989	862.739990234375
1959.78269392434	864.919982910156
1962.14431758673	864.489990234375
1964.50522819748	865.409973144531
1966.86542605684	864.244995117188
1969.22491146488	863.135009765625
1971.58368472153	862.085021972656
1973.94174612654	863.155029296875
1976.29909597945	863.85498046875
1978.65573457971	863.695007324219
1981.01166222654	863.135009765625
1983.36687921902	864.179992675781
1985.72138585606	864.525024414063
1988.07518243639	863.784973144531
1990.42826925859	864.085021972656
1992.78064662106	864.039978027344
1995.13231482205	863.679992675781
1997.48327415961	862.784973144531
1999.83352493167	862.419982910156
2002.18306743594	863.585021972656
2004.53190197002	863.594970703125
2006.8800288313	863.484985351563
2009.22744831703	863.260009765625
2011.57416072427	863.315002441406
2013.92016634993	862.344970703125
2016.26546549076	862.635009765625
2018.61005844332	862.179992675781
2020.95394550404	862.844970703125
2023.29712696915	862.755004882813
2025.63960313474	863.505004882813
2027.98137429672	862.5
2030.32244075083	861
2032.66280279266	861.289978027344
2035.00246071763	862.849975585938
2037.34141482099	863.515014648438
2039.67966539784	863.780029296875
2042.01721274309	863.717529296875
2044.35405715151	863.655029296875
2046.69019891769	862.434997558594
2049.02563833606	861.984985351563
2051.3603757009	862.244995117188
2053.6944113063	863.580017089844
2056.0277454462	863.295043945313
2058.36037841439	863.010009765625
2060.69231050446	862.994995117188
2063.02354200988	863.349975585938
2065.35407322392	863.184997558594
2067.68390443971	864.10498046875
2070.01303595021	865.674987792969
2072.3414680482	864.775024414063
2074.66920102633	865.049987792969
2076.99623517706	863.090026855469
2079.32257079271	862.515014648438
2081.6482081654	862.460021972656
2083.97314758713	864.429992675781
2086.29738934971	866.034973144531
2088.62093374481	866.955017089844
2090.94378106391	865.989990234375
2093.26593159835	866.280029296875
2095.5873856393	865.039978027344
2097.90814347777	863.544982910156
2100.2282054046	863.625
2102.54757171048	866.065002441406
2104.86624268594	866.364990234375
2107.18421862133	865.760009765625
2109.50149980686	865.934997558594
2111.81808653257	866.609985351563
2114.13397908834	867.284973144531
2116.44917776388	866.299987792969
2118.76368284875	867.844970703125
2121.07749463235	868.02001953125
2123.39061340391	868.210021972656
2125.70303945252	868.445007324219
2128.01477306707	868.559997558594
2130.32581453634	867.679992675781
2132.63616414891	868.525024414063
2134.94582219322	868.424987792969
2137.25478895754	867.059997558594
2139.56306472999	867.815002441406
2141.87064979851	867.344970703125
2144.17754445092	866.875
2146.48374897484	867.125
2148.78926365774	867.494995117188
2151.09408878695	867.660034179688
2153.39822464963	867.825012207031
2155.70167153277	868.825012207031
2158.00442972321	867.544982910156
2160.30649950763	866.559997558594
2162.60788117256	866.614990234375
2164.90857500436	867.155029296875
2167.20858128923	867.265014648438
2169.50790031323	867.534973144531
2171.80653236223	867.712524414063
2174.10447772198	867.890014648438
2176.40173667804	867.155029296875
2178.69830951582	867.359985351563
2180.99419652058	866.010009765625
2183.28939797743	866.070007324219
2185.5839141713	867.065002441406
2187.87774538698	867.575012207031
2190.17089190908	867.25
2192.46335402209	867.205017089844
2194.75513201032	867.47998046875
2197.04622615791	867.369995117188
2199.33663674886	865.835021972656
2201.62636406702	864.005004882813
2203.91540839606	866.659973144531
2206.20377001952	867.205017089844
2208.49144922077	867.140014648438
2210.77844628302	866.85498046875
2213.06476148933	866.140014648438
2215.3503951226	866.52001953125
2217.63534746557	865.380004882813
2219.91961880085	865.455017089844
2222.20320941085	864.390014648438
2224.48611957785	864.465026855469
2226.76834958399	864.974975585938
2229.04989971122	865.484985351563
2231.33077024136	863.674987792969
2233.61096145607	864.609985351563
2235.89047363683	864.099975585938
2238.169307065	864.097473144531
2240.44746202178	864.094970703125
2242.72493878819	864.804992675781
2245.00173764511	865.289978027344
2247.27785887327	866.169982910156
2249.55330275324	865.89501953125
2251.82806956545	865.664978027344
2254.10215959014	864.635009765625
2256.37557310744	865.22998046875
2258.64831039729	864.469970703125
2260.92037173949	865.585021972656
2263.19175741368	865.369995117188
2265.46246769938	865.155029296875
2267.7325028759	864.940002441406
2270.00186322243	865.445007324219
2272.270549018	865.974975585938
2274.5385605415	866.510009765625
2276.80589807165	866.830017089844
2279.07256188702	866.85498046875
2281.33855226601	867.289978027344
2283.60386948691	866.025024414063
2285.86851382782	864.455017089844
2288.1324855667	865.049987792969
2290.39578498136	865.14501953125
2292.65841234945	865.414978027344
2294.92036794847	866.039978027344
2297.18165205578	866.664978027344
2299.44226494856	865.409973144531
2301.70220690387	867
2303.96147819859	866.325012207031
2306.22007910947	866.510009765625
2308.47800991309	866.094970703125
2310.73527088589	865.945007324219
2312.99186230416	865.864990234375
2315.24778444403	867.619995117188
2317.50303758149	869
2319.75762199235	869.005004882813
2322.01153795231	868.989990234375
2324.26478573689	868.570007324219
2326.51736562147	866.780029296875
2328.76927788127	867.599975585938
2331.02052279137	867.465026855469
2333.2711006267	868.239990234375
2335.52101166203	869.015014648438
2337.77025617198	867.195007324219
2340.01883443103	865.859985351563
2342.2667467135	866.924987792969
2344.51399329356	866.492492675781
2346.76057444525	866.059997558594
2349.00649044241	865.804992675781
2351.2517415588	865.940002441406
2353.49632806796	866.359985351563
2355.74025024334	865.659973144531
2357.98350835819	864.960021972656
2360.22610268566	865.695007324219
2362.4680334987	865.505004882813
2364.70930107016	865.315002441406
2366.94990567269	865.549987792969
2369.18984757884	865.364990234375
2371.42912706098	864.405029296875
2373.66774439134	864.195007324219
2375.90569984199	865.375
2378.14299368488	865.469970703125
2380.37962619179	865.424987792969
2382.61559763435	864.14501953125
2384.85090828405	865.815002441406
2387.08555841222	866.60498046875
2389.31954829006	866.924987792969
2391.55287818861	867.39501953125
2393.78554837877	865.64501953125
2396.01755913128	864.369995117188
2398.24891071673	863.585021972656
2400.47960340558	864.489990234375
2402.70963746814	865.965026855469
2404.93901317456	866.299987792969
2407.16773079485	866.358337402344
2409.39579059887	866.416625976563
2411.62319285633	866.474975585938
2413.84993783681	865.674987792969
2416.07602580971	863.905029296875
2418.30145704432	864.030029296875
2420.52623180977	864.400024414063
2422.75035037503	867.169982910156
2424.97381300893	867.22998046875
2427.19661998017	867.094970703125
2429.41877155729	866.780029296875
2431.64026800867	866.460021972656
2433.86110960257	864.710021972656
2436.08129660709	865.989990234375
2438.30082929019	866.609985351563
2440.51970791967	866.092529296875
2442.73793276321	865.575012207031
2444.95550408832	866.255004882813
2447.17242216237	867.27001953125
2449.38868725259	867.114990234375
2451.60429962607	867.054992675781
2453.81925954975	865.775024414063
2456.03356729041	865.640014648438
2458.2472231147	865.505004882813
2460.46022728913	865.35498046875
2462.67258008005	866.405029296875
2464.88428175368	867.340026855469
2467.09533257608	866.609985351563
2469.30573281318	867.494995117188
2471.51548273076	866.705017089844
2473.72458259445	865.049987792969
2475.93303266974	866.135009765625
2478.14083322198	865.890014648438
2480.34798451637	868.330017089844
2482.55448681797	869.705017089844
2484.76034039169	869.549987792969
2486.96554550231	869.465026855469
2489.17010241445	867.575012207031
2491.37401139259	867.195007324219
2493.57727270109	868.155029296875
2495.77988660412	869.544982910156
2497.98185336574	869.294982910156
2500.18317324987	869.14501953125
2502.38384652028	868.994995117188
2504.58387344058	868.719970703125
2506.78325427425	868.159973144531
2508.98198928465	867.465026855469
2511.18007873495	868.445007324219
2513.37752288821	869.044982910156
2515.57432200735	869.844970703125
2517.77047635514	870.034973144531
2519.96598619419	871.284973144531
2522.16085178699	870.674987792969
2524.35507339589	870.72998046875
2526.54865128308	870.784973144531
2528.74158571062	870.359985351563
2530.93387694042	868.5
2533.12552523427	867.880004882813
2535.31653085379	870.125
2537.50689406046	872.034973144531
2539.69661511566	871.405029296875
2541.88569428057	872.080017089844
2544.07413181627	871.559997558594
2546.26192798368	871.804992675781
2548.44908304359	870.140014648438
2550.63559725664	869.39501953125
2552.82147088333	870.489990234375
2555.00670418402	872.284973144531
2557.19129741894	873.309997558594
2559.37525084817	873.890014648438
2561.55856473164	872.075012207031
2563.74123932917	873.60498046875
2565.92327490039	873.179992675781
2568.10467170484	871.684997558594
2570.28543000189	872.885009765625
2572.46555005079	874.625
2574.64503211063	874.590026855469
2576.82387644036	876.125
2579.00208329882	876.789978027344
2581.17965294468	875.799987792969
2583.35658563648	874.5
2585.53288163263	874.545043945313
2587.70854119137	874.590026855469
2589.88356457084	874.14501953125
2592.05795202902	873.72998046875
2594.23170382376	874.890014648438
2596.40482021275	874.849975585938
2598.57730145356	876.190002441406
2600.74914780363	877.215026855469
2602.92035952023	877.10498046875
2605.09093686053	874.909973144531
2607.26088008153	873.719970703125
2609.4301894401	876.570007324219
2611.59886519299	878.575012207031
2613.76690759678	879.825012207031
2615.93431690793	881.390014648438
2618.10109338277	882.494995117188
2620.26723727748	884.210021972656
2622.4327488481	883.864990234375
2624.59762835054	883.565002441406
2626.76187604057	883.659973144531
2628.92549217382	883.640014648438
2631.08847700579	884.400024414063
2633.25083079182	885.054992675781
2635.41255378715	886.005004882813
2637.57364624684	885.710021972656
2639.73410842586	885.859985351563
2641.893940579	885.364990234375
2644.05314296094	886.429992675781
2646.21171582621	888.260009765625
2648.36965942921	887.265014648438
2650.5269740242	887.919982910156
2652.6836598653	888.390014648438
2654.83971720651	888.505004882813
2656.99514630167	888.619995117188
2659.1499474045	888.734985351563
2661.30412076857	888.744995117188
2663.45766664734	888.575012207031
2665.61058529411	890.474975585938
2667.76287696204	890.450012207031
2669.91454190418	891.419982910156
2672.06558037342	893.284973144531
2674.21599262253	894.179992675781
2676.36577890413	894.419982910156
2678.51493947072	894.315002441406
2680.66347457466	895.205017089844
2682.81138446816	895.049987792969
2684.95866940332	896.775024414063
2687.10532963209	897.094970703125
2689.25136540628	897.02001953125
2691.39677697757	896.945007324219
2693.54156459752	896.945007324219
2695.68572851753	896.984985351563
2697.82926898888	897.590026855469
2699.97218626272	898.840026855469
2702.11448059006	899.625
2704.25615222175	900.734985351563
2706.39720140856	904.159973144531
2708.53762840109	904.900024414063
2710.67743344979	907.655029296875
2712.81661680503	908.695007324219
2714.95517871698	909.530029296875
2717.09311943574	913.184997558594
2719.23043921123	918.505004882813
2721.36713829325	919.690002441406
2723.50321693148	922.974975585938
2725.63867537545	925.695007324219
2727.77351387456	928.289978027344
2729.90773267809	929.619995117188
2732.04133203516	929.445007324219
2734.17431219478	927.955017089844
2736.30667340581	925.965026855469
2738.438415917	925.919982910156
2740.56953997695	923.859985351563
2742.70004583414	925.315002441406
2744.82993373688	923.927490234375
2746.9592039334	922.539978027344
2749.08785667177	922.567504882813
2751.21589219993	922.594970703125
2753.34331076568	922.150024414063
2755.4701126167	920.309997558594
2757.59629800054	919.419982910156
2759.7218671646	918.945007324219
2761.84682035617	918.335021972656
2763.9711578224	915.275024414063
2766.0948798103	914.065002441406
2768.21798656676	914.224975585938
2770.34047833852	914.325012207031
2772.46235537222	914.424987792969
2774.58361791434	914.525024414063
2776.70426621124	914.315002441406
2778.82430050915	914.420043945313
2780.94372105416	914.525024414063
2783.06252809224	914.705017089844
2785.18072186922	914.184997558594
2787.29830263081	911.734985351563
2789.41527062257	910.849975585938
2791.53162608996	910.025024414063
2793.64736927828	910.010009765625
2795.76250043271	909.700012207031
2797.8770197983	911.315002441406
2799.99092761997	911.10498046875
2802.10422414252	912.349975585938
2804.21690961059	913.034973144531
2806.32898426873	915.640014648438
2808.44044836132	918.210021972656
2810.55130213264	919.934997558594
2812.66154582682	921.880004882813
2814.77117968788	923.780029296875
2816.8802039597	924.914978027344
2818.98861888601	929.224975585938
2821.09642471046	933.385009765625
2823.20362167653	938.414978027344
2825.31021002756	944.414978027344
2827.41619000682	950.14501953125
2829.52156185738	956.364990234375
2831.62632582224	960.974975585938
2833.73048214422	965.169982910156
2835.83403106606	973.195007324219
2837.93697283033	980.585021972656
2840.03930767951	987.054992675781
2842.1410358559	996.14501953125
2844.24215760173	1013.90002441406
2846.34267315905	1033.69995117188
2848.44258276982	1051.69995117188
2850.54188667585	1072.81005859375
2852.64058511883	1102.02502441406
2854.73867834032	1135.44995117188
2856.83616658175	1162.52502441406
2858.93305008443	1191.20495605469
2861.02932908952	1214.4599609375
2863.12500383809	1239.11999511719
2865.22007457104	1277.3349609375
2867.31454152918	1323.47497558594
2869.40840495316	1369.05004882813
2871.50166508353	1422.10998535156
2873.59432216069	1471.59497070313
2875.68637642493	1513.82495117188
2877.77782811641	1537.36999511719
2879.86867747515	1554.53002929688
2881.95892474105	1570.51000976563
2884.0485701539	1574.03503417969
2886.13761395333	1576.9150390625
2888.22605637886	1576.90502929688
2890.3138976699	1576.89501953125
2892.40113806571	1593.28002929688
2894.48777780544	1616.17504882813
2896.57381712808	1631.93994140625
2898.65925627254	1662.38500976563
2900.74409547758	1686.54504394531
2902.82833498183	1688.31005859375
2904.9119750238	1698.43005371094
2906.99501584188	1726.49499511719
2909.07745767432	1752.76000976563
2911.15930075925	1782.91003417969
2913.24054533469	1831.55505371094
2915.3211916385	1867.4150390625
2917.40123990846	1898.66003417969
2919.48069038217	1955.875
2921.55954329716	2003.30505371094
2923.63779889079	2040.59497070313
2925.71545740033	2090.27490234375
2927.79251906289	2118.22998046875
2929.86898411548	2145.68505859375
2931.94485279498	2158.96997070313
2934.02012533815	2168.73510742188
2936.0948019816	2171.1884765625
2938.16888296184	2173.6416015625
2940.24236851525	2176.09497070313
2942.31525887809	2164.26000976563
2944.38755428648	2142.78002929688
2946.45925497643	2119.419921875
2948.53036118382	2069.4599609375
2950.6008731444	1999.84997558594
2952.67079109381	1934.80004882813
2954.74011526755	1891.47497558594
2956.80884590101	1844.82995605469
2958.87698322944	1813.44995117188
2960.94452748799	1813.08996582031
2963.01147891167	1795.86499023438
2965.07783773535	1759.16003417969
2967.14360419382	1717.34497070313
2969.2087785217	1688.35998535156
2971.27336095352	1671.51000976563
2973.33735172366	1646.70495605469
2975.40075106641	1619.84497070313
2977.46355921591	1595.56994628906
2979.52577640618	1570.75
2981.58740287112	1547.58996582031
2983.64843884452	1529.18994140625
2985.70888456003	1509.48999023438
2987.76874025117	1488.25500488281
2989.82800615137	1455.38500976563
2991.88668249391	1417.03002929688
2993.94476951194	1386.48498535156
2996.00226743852	1357.1650390625
2998.05917650657	1319.41003417969
3000.11549694887	1285.99499511719
3002.17122899812	1262.54504394531
3004.22637288685	1239.66003417969
3006.2809288475	1214.31005859375
3008.33489711238	1186.01501464844
3010.38827791368	1160.53002929688
3012.44107148345	1143.68005371094
3014.49327805366	1124.42004394531
3016.5448978561	1106.85998535156
3018.59593112249	1091.28503417969
3020.64637808441	1079.85498046875
3022.6962389733	1067.84997558594
3024.74551402051	1057.51501464844
3026.79420345725	1050.4150390625
3028.84230751461	1042.36999511719
3030.88982642357	1032.68505859375
3032.93676041497	1029.10498046875
3034.98310971955	1029.25500488281
3037.02887456791	1032.7900390625
3039.07405519054	1034.80505371094
3041.11865181781	1037.93994140625
3043.16266467996	1039.31994628906
3045.20609400713	1042.79504394531
3047.24894002932	1044.96997070313
3049.2912029764	1047.09997558594
3051.33288307815	1050.09997558594
3053.37398056421	1058.2900390625
3055.41449566411	1065.04504394531
3057.45442860725	1072.79504394531
3059.49377962291	1087.4599609375
3061.53254894026	1099.50500488281
3063.57073678834	1105.92004394531
3065.60834339607	1109.03002929688
3067.64536899227	1109.86999511719
3069.68181380561	1109.52502441406
3071.71767806467	1097.27001953125
3073.75296199788	1083.3349609375
3075.78766583357	1065.13500976563
3077.82178979997	1049.21496582031
3079.85533412513	1038.06494140625
3081.88829903705	1027.85498046875
3083.92068476356	1016.94500732422
3085.95249153241	1005.66998291016
3087.98371957119	997.684997558594
3090.01436910741	992.010009765625
3092.04444036844	984.315002441406
3094.07393358152	982.565002441406
3096.10284897381	977.594970703125
3098.13118677232	975.809997558594
3100.15894720395	972.169982910156
3102.18613049548	969.659973144531
3104.21273687357	969.505004882813
3106.23876656477	967.344970703125
3108.2642197955	965.030029296875
3110.28909679208	965.655029296875
3112.31339778069	966.280029296875
3114.33712298741	966.275024414063
3116.36027263819	967.64501953125
3118.38284695887	967.825012207031
3120.40484617516	968.112548828125
3122.42627051268	968.400024414063
3124.4471201969	967.719970703125
3126.46739545319	971.585021972656
3128.4870965068	976.460021972656
3130.50622358287	974.547485351563
3132.5247769064	972.635009765625
3134.54275670229	973.085021972656
3136.56016319534	976.554992675781
3138.57699661019	976.900024414063
3140.59325717139	977.765014648438
3142.60894510338	977.539978027344
3144.62406063047	974.169982910156
3146.63860397686	974.219970703125
3148.65257536662	975.515014648438
3150.66597502371	977.585021972656
3152.67880317199	976.695007324219
3154.69106003518	979.609985351563
3156.70274583691	980.460021972656
3158.71386080065	982.085021972656
3160.72440514981	986.054992675781
3162.73437910763	990.054992675781
3164.74378289728	989.835021972656
3166.75261674179	990.414978027344
3168.76088086407	992.765014648438
3170.76857548692	997.440002441406
3172.77570083303	1001.34002685547
3174.78225712498	1000.96002197266
3176.78824458521	997.599975585938
3178.79366343607	1001.10498046875
3180.79851389977	1004.65002441406
3182.80279619844	1006.27001953125
3184.80651055405	1009
3186.80965718849	1012.71002197266
3188.81223632353	1016.42498779297
3190.81424818081	1021.20001220703
3192.81569298186	1022.70501708984
3194.8165709481	1021.72998046875
3196.81688230084	1022.20501708984
3198.81662726126	1026.7099609375
3200.81580605044	1027.4150390625
3202.81441888933	1030.06994628906
3204.81246599879	1031.15502929688
3206.80994759954	1034.4599609375
3208.80686391219	1039.81494140625
3210.80321515726	1040.84997558594
3212.79900155512	1041.65502929688
3214.79422332605	1044.68505859375
3216.78888069021	1047.8349609375
3218.78297386765	1050.40002441406
3220.77650307828	1054.43005371094
3222.76946854195	1062.02001953125
3224.76187047834	1067.0849609375
3226.75370910705	1068.11499023438
3228.74498464755	1068.78002929688
3230.73569731921	1073.06494140625
3232.72584734127	1072.9599609375
3234.71543493287	1070.94494628906
3236.70446031304	1072.35498046875
3238.69292370068	1073.97998046875
3240.68082531459	1076.01501464844
3242.66816537345	1079.79504394531
3244.65494409583	1084.2900390625
3246.6411617002	1089.9150390625
3248.62681840488	1093.69995117188
3250.61191442812	1096.81994628906
3252.59644998804	1095.06005859375
3254.58042530263	1093.30004882813
3256.56384058979	1094.83996582031
3258.54669606731	1098.93994140625
3260.52899195285	1104.98498535156
3262.51072846396	1106.99499511719
3264.4919058181	1107.42004394531
3266.47252423259	1111.44995117188
3268.45258392464	1112.97497558594
3270.43208511138	1119.0400390625
3272.41102800978	1124.06005859375
3274.38941283675	1127.23498535156
3276.36723980904	1135.64001464844
3278.34450914332	1138.42004394531
3280.32122105613	1144.40502929688
3282.29737576392	1149.41003417969
3284.272973483	1151.5849609375
3286.24801442958	1154.07995605469
3288.22249881978	1156.01501464844
3290.19642686957	1155.14001464844
3292.16979879485	1154.63000488281
3294.14261481136	1155.81005859375
3296.11487513478	1156.02502441406
3298.08657998065	1156.87744140625
3300.0577295644	1157.72998046875
3302.02832410136	1152.30004882813
3303.99836380673	1152.15502929688
3305.96784889563	1152.01000976563
3307.93677958303	1151.76501464844
3309.90515608383	1147.02001953125
3311.87297861278	1150.2099609375
3313.84024738456	1155.68005371094
3315.80696261371	1155.65002441406
3317.77312451466	1159.83996582031
3319.73873330175	1153.23498535156
3321.70378918919	1142.99499511719
3323.66829239109	1137.26000976563
3325.63224312145	1136.35998535156
3327.59564159416	1142.70495605469
3329.55848802299	1146.375
3331.52078262162	1142.28503417969
3333.4825256036	1139.31494140625
3335.44371718237	1143.06005859375
3337.40435757128	1142.01000976563
3339.36444698356	1142.36999511719
3341.32398563232	1141.32495117188
3343.28297373058	1133.72998046875
3345.24141149124	1132.4150390625
3347.19929912709	1135.75500488281
3349.15663685081	1136.92504882813
3351.11342487497	1130.13000488281
3353.06966341204	1127.20495605469
3355.02535267437	1125.32495117188
3356.98049287421	1128.06994628906
3358.9350842237	1129.21496582031
3360.88912693486	1130.28503417969
3362.84262121962	1134.88500976563
3364.79556728978	1138.2099609375
3366.74796535705	1137.25
3368.69981563302	1135.75
3370.65111832917	1130.72998046875
3372.60187365689	1125.01501464844
3374.55208182744	1127.11999511719
3376.50174305198	1125.22497558594
3378.45085754157	1123.32995605469
3380.39942550714	1123.71496582031
3382.34744715954	1126.31994628906
3384.29492270949	1124.31994628906
3386.24185236761	1119.59997558594
3388.18823634442	1113.18994140625
3390.13407485031	1113.31494140625
3392.07936809559	1116.92993164063
3394.02411629045	1120.54504394531
3395.96831964496	1116.24499511719
3397.91197836911	1107.2099609375
3399.85509267275	1102.36499023438
3401.79766276564	1098.86499023438
3403.73968885745	1102.49499511719
3405.68117115771	1108.67004394531
3407.62210987586	1108.16003417969
3409.56250522123	1107.03503417969
3411.50235740305	1103.76501464844
3413.44166663043	1104.22497558594
3415.38043311238	1100.64501953125
3417.3186570578	1098.73999023438
3419.2563386755	1095.99499511719
3421.19347817415	1093.90502929688
3423.13007576235	1094.07507324219
3425.06613164857	1094.24499511719
3427.00164604118	1094.4150390625
3428.93661914844	1092.71997070313
3430.87105117852	1093.36999511719
3432.80494233945	1094.98999023438
3434.73829283919	1094.2900390625
3436.67110288558	1089.42004394531
3438.60337268634	1089.23999023438
3440.53510244911	1091.97998046875
3442.4662923814	1086.5849609375
3444.39694269064	1079.80505371094
3446.32705358412	1075.23498535156
3448.25662526905	1076.81005859375
3450.18565795254	1079.94494628906
3452.11415184156	1078.82495117188
3454.04210714302	1077.70495605469
3455.96952406369	1076.43005371094
3457.89640281024	1077.15002441406
3459.82274358924	1079.89001464844
3461.74854660717	1074.13000488281
3463.67381207038	1068.11999511719
3465.59854018513	1069.13500976563
3467.52273115756	1065.81005859375
3469.44638519373	1060.89501953125
3471.36950249956	1055.46496582031
3473.29208328091	1049.00500488281
3475.21412774349	1044.53002929688
3477.13563609293	1042.89501953125
3479.05660853476	1039.96496582031
3480.97704527438	1037.4599609375
3482.89694651712	1038.11499023438
3484.81631246818	1036.90002441406
3486.73514333266	1034.66003417969
3488.65343931557	1030.6650390625
3490.57120062179	1029.79504394531
3492.48842745612	1024.75
3494.40512002324	1018.35998535156
3496.32127852773	1014.32501220703
3498.23690317408	1010.88500976563
3500.15199416666	1007.75500488281
3502.06655170974	1008.64001464844
3503.98057600749	1008.59997558594
3505.89406726396	1003.28002929688
3507.80702568312	999.419982910156
3509.71945146883	993.265014648438
3511.63134482483	988.419982910156
3513.54270595478	985.294982910156
3515.45353506222	985.330017089844
3517.3638323506	983.215026855469
3519.27359802324	980.880004882813
3521.1828322834	979.739990234375
3523.09153533419	978.674987792969
3524.99970737866	974.469970703125
3526.90734861972	968.765014648438
3528.81445926021	966.400024414063
3530.72103950283	965.169982910156
3532.62708955022	960.950012207031
3534.53260960488	953.710021972656
3536.43759986923	949.174987792969
3538.34206054558	944.515014648438
3540.24599183613	941.659973144531
3542.149393943	941.434997558594
3544.05226706817	939.465026855469
3545.95461141357	935.820007324219
3547.85642718097	932.859985351563
3549.75771457208	928.724975585938
3551.6584737885	928.530029296875
3553.55870503171	927.580017089844
3555.4584085031	924.465026855469
3557.35758440396	920.070007324219
3559.25623293548	917.284973144531
3561.15435429874	914.059997558594
3563.05194869473	910.544982910156
3564.94901632432	909.77001953125
3566.84555738829	909.679992675781
3568.74157208732	905.010009765625
3570.63706062199	903.099975585938
3572.53202319277	903.349975585938
3574.42646000003	903.130004882813
3576.32037124406	901.114990234375
3578.213757125	899.190002441406
3580.10661784295	898.075012207031
3581.99895359786	893.619995117188
3583.8907645896	891.27001953125
3585.78205101794	888.919982910156
3587.67281308254	888.60498046875
3589.56305098297	886.659973144531
3591.4527649187	886.695007324219
3593.34195508907	884.789978027344
3595.23062169338	883.239990234375
3597.11876493075	882.309997558594
3599.00638500027	880.150024414063
3600.89348210089	876.155029296875
3602.78005643148	873.900024414063
3604.66610819078	874.369995117188
3606.55163757747	873.614990234375
3608.4366447901	869.640014648438
3610.32113002713	868.390014648438
3612.20509348693	866.530029296875
3614.08853536774	865.539978027344
3615.97145586773	863.780029296875
3617.85385518497	863.130004882813
3619.7357335174	861.929992675781
3621.61709106289	859.85498046875
3623.4979280192	857.820007324219
3625.37824458399	855.614990234375
3627.25804095482	853.445007324219
3629.13731732915	854.015014648438
3631.01607390435	854.075012207031
3632.89431087767	851.609985351563
3634.77202844629	849.159973144531
3636.64922680726	847.034973144531
3638.52590615754	845.429992675781
3640.40206669402	846.625
3642.27770861344	845.070007324219
3644.15283211248	843.440002441406
3646.02743738771	842.335021972656
3647.90152463559	840.114990234375
3649.77509405251	839
3651.64814583473	838.330017089844
3653.52068017842	835.380004882813
3655.39269727965	833.244995117188
3657.26419733442	832.440002441406
3659.13518053858	832.159973144531
3661.00564708793	831.125
3662.87559717814	830.669982910156
3664.7450310048	828.539978027344
3666.61394876338	826.965026855469
3668.48235064928	826.35498046875
3670.35023685779	827.330017089844
3672.21760758409	825.664978027344
3674.08446302327	824.950012207031
3675.95080337033	823.659973144531
3677.81662882017	821.934997558594
3679.68193956758	821.239990234375
3681.54673580727	819.35498046875
3683.41101773383	817.619995117188
3685.27478554178	817.034973144531
3687.13803942551	816.614990234375
3689.00077957934	815.869995117188
3690.86300619748	814.700012207031
3692.72471947405	813.994995117188
3694.58591960306	814.280029296875
3696.44660677844	813.164978027344
3698.306781194	812.10498046875
3700.16644304348	811.450012207031
3702.02559252049	811.109985351563
3703.88422981859	811.375
3705.74235513119	809.825012207031
3707.59996865164	807.135009765625
3709.45707057318	806.859985351563
3711.31366108895	806.914978027344
3713.16974039199	806.25
3715.02530867527	805.614990234375
3716.88036613164	805.184997558594
3718.73491295385	804.510009765625
3720.58894933456	804.299987792969
3722.44247546634	803.960021972656
3724.29549154166	802.969970703125
3726.14799775289	802.164978027344
3727.9999942923	801.950012207031
3729.85148135209	801.659973144531
3731.70245912432	800.059997558594
3733.55292780098	799.695007324219
3735.40288757397	799.74169921875
3737.25233863509	799.788330078125
3739.10128117603	799.835021972656
3740.9497153884	799.544982910156
3742.7976414637	798.054992675781
3744.64505959335	798.344970703125
3746.49196996866	798.530029296875
3748.33837278086	798.010009765625
3750.18426822108	798.474975585938
3752.02965648033	797.474975585938
3753.87453774956	797.369995117188
3755.7189122196	796.465026855469
3757.5627800812	798.015014648438
3759.40614152501	797.905029296875
3761.24899674159	798.349975585938
3763.09134592138	797.97998046875
3764.93318925476	797.609985351563
3766.77452693199	797.684997558594
3768.61535914325	797.380004882813
3770.45568607861	797.375
3772.29550792807	797.369995117188
3774.1348248815	796.539978027344
3775.9736371287	796.140014648438
3777.81194485938	795.544982910156
